t,xpos,ypos,vx,vy
0.0,0.0,14.761833814179626,10.229624894528733,48.0271074605793
0.02002002002002002,0.20479729518576043,15.723337467044077,10.229624894528733,47.8269072603791
0.04004004004004004,0.40959459037152085,16.680833107892507,10.229624894528733,47.6267070601789
0.06006006006006006,0.6143918855572813,17.634320736724916,10.229624894528733,47.4265068599787
0.08008008008008008,0.8191891807430417,18.583800353541307,10.229624894528733,47.2263066597785
0.10010010010010009,1.0239864759288022,19.529271958341678,10.229624894528733,47.0261064595783
0.12012012012012012,1.2287837711145626,20.47073555112603,10.229624894528733,46.8259062593781
0.14014014014014015,1.433581066300323,21.40819113189436,10.229624894528733,46.6257060591779
0.16016016016016016,1.6383783614860834,22.34163870064667,10.229624894528733,46.4255058589777
0.18018018018018017,1.8431756566718438,23.27107825738296,10.229624894528733,46.2253056587775
0.20020020020020018,2.0479729518576044,24.19650980210323,10.229624894528733,46.0251054585773
0.22022022022022023,2.252770247043365,25.11793333480748,10.229624894528733,45.8249052583771
0.24024024024024024,2.457567542229125,26.03534885549571,10.229624894528733,45.6247050581769
0.2602602602602603,2.6623648374148856,26.94875636416792,10.229624894528733,45.4245048579767
0.2802802802802803,2.867162132600646,27.85815586082411,10.229624894528733,45.2243046577765
0.3003003003003003,3.0719594277864064,28.76354734546428,10.229624894528733,45.0241044575763
0.3203203203203203,3.276756722972167,29.66493081808843,10.229624894528733,44.8239042573761
0.3403403403403404,3.481554018157927,30.56230627869656,10.229624894528733,44.6237040571759
0.36036036036036034,3.6863513133436876,31.45567372728867,10.229624894528733,44.4235038569757
0.3803803803803804,3.891148608529448,32.34503316386476,10.229624894528733,44.2233036567755
0.40040040040040037,4.095945903715209,33.23038458842483,10.229624894528733,44.0231034565753
0.42042042042042044,4.300743198900969,34.11172800096888,10.229624894528733,43.8229032563751
0.44044044044044045,4.50554049408673,34.989063401496914,10.229624894528733,43.6227030561749
0.4604604604604605,4.71033778927249,35.862390790008924,10.229624894528733,43.4225028559747
0.4804804804804805,4.91513508445825,36.73171016650491,10.229624894528733,43.2223026557745
0.5005005005005005,5.119932379644011,37.59702153098488,10.229624894528733,43.0221024555743
0.5205205205205206,5.324729674829771,38.45832488344883,10.229624894528733,42.8219022553741
0.5405405405405406,5.529526970015532,39.31562022389676,10.229624894528733,42.6217020551739
0.5605605605605606,5.734324265201292,40.16890755232867,10.229624894528733,42.4215018549737
0.5805805805805806,5.939121560387052,41.01818686874456,10.229624894528733,42.2213016547735
0.6006006006006006,6.143918855572813,41.86345817314443,10.229624894528733,42.0211014545733
0.6206206206206206,6.348716150758573,42.70472146552828,10.229624894528733,41.8209012543731
0.6406406406406406,6.553513445944334,43.54197674589611,10.229624894528733,41.6207010541729
0.6606606606606606,6.758310741130094,44.37522401424792,10.229624894528733,41.4205008539727
0.6806806806806808,6.963108036315854,45.20446327058371,10.229624894528733,41.2203006537725
0.7007007007007007,7.167905331501615,46.029694514903476,10.229624894528733,41.0201004535723
0.7207207207207207,7.372702626687375,46.85091774720723,10.229624894528733,40.8199002533721
0.7407407407407407,7.577499921873136,47.668132967494955,10.229624894528733,40.6197000531719
0.7607607607607608,7.782297217058896,48.48134017576667,10.229624894528733,40.4194998529717
0.7807807807807808,7.987094512244656,49.29053937202236,10.229624894528733,40.2192996527715
0.8008008008008007,8.191891807430418,50.095730556262026,10.229624894528733,40.0190994525713
0.8208208208208208,8.396689102616179,50.89691372848568,10.229624894528733,39.8188992523711
0.8408408408408409,8.60148639780194,51.69408888869331,10.229624894528733,39.618699052170896
0.8608608608608609,8.806283692987702,52.487256036884915,10.229624894528733,39.418498851970696
0.8808808808808809,9.011080988173463,53.276415173060506,10.229624894528733,39.218298651770496
0.9009009009009008,9.215878283359224,54.061566297220075,10.229624894528733,39.018098451570296
0.920920920920921,9.420675578544985,54.84270940936362,10.229624894528733,38.817898251370096
0.9409409409409409,9.625472873730747,55.61984450949115,10.229624894528733,38.617698051169896
0.960960960960961,9.830270168916508,56.39297159760266,10.229624894528733,38.417497850969696
0.980980980980981,10.03506746410227,57.16209067369815,10.229624894528733,38.217297650769495
1.001001001001001,10.23986475928803,57.92720173777762,10.229624894528733,38.017097450569295
1.021021021021021,10.444662054473792,58.68830478984107,10.229624894528733,37.816897250369095
1.0410410410410411,10.649459349659553,59.4453998298885,10.229624894528733,37.616697050168895
1.0610610610610611,10.854256644845314,60.19848685791991,10.229624894528733,37.416496849968695
1.0810810810810811,11.059053940031076,60.9475658739353,10.229624894528733,37.216296649768495
1.1011011011011012,11.263851235216837,61.69263687793467,10.229624894528733,37.016096449568295
1.1211211211211212,11.468648530402598,62.433699869918016,10.229624894528733,36.815896249368095
1.1411411411411412,11.67344582558836,63.17075484988534,10.229624894528733,36.615696049167894
1.1611611611611612,11.87824312077412,63.90380181783665,10.229624894528733,36.415495848967694
1.1811811811811812,12.083040415959882,64.63284077377195,10.229624894528733,36.215295648767494
1.2012012012012012,12.287837711145643,65.35787171769121,10.229624894528733,36.015095448567294
1.2212212212212212,12.492635006331405,66.07889464959446,10.229624894528733,35.814895248367094
1.2412412412412412,12.697432301517166,66.7959095694817,10.229624894528733,35.614695048166894
1.2612612612612613,12.902229596702927,67.5089164773529,10.229624894528733,35.414494847966694
1.2812812812812813,13.107026891888689,68.21791537320809,10.229624894528733,35.21429464776649
1.3013013013013013,13.31182418707445,68.92290625704726,10.229624894528733,35.01409444756629
1.3213213213213213,13.516621482260211,69.6238891288704,10.229624894528733,34.81389424736609
1.3413413413413413,13.721418777445972,70.32086398867753,10.229624894528733,34.61369404716589
1.3613613613613615,13.926216072631734,71.01383083646864,10.229624894528733,34.41349384696569
1.3813813813813813,14.131013367817495,71.70278967224372,10.229624894528733,34.21329364676549
1.4014014014014013,14.335810663003256,72.38774049600279,10.229624894528733,34.01309344656529
1.4214214214214214,14.540607958189018,73.06868330774584,10.229624894528733,33.81289324636509
1.4414414414414414,14.745405253374779,73.74561810747288,10.229624894528733,33.61269304616489
1.4614614614614616,14.95020254856054,74.41854489518389,10.229624894528733,33.41249284596469
1.4814814814814814,15.154999843746301,75.08746367087888,10.229624894528733,33.21229264576449
1.5015015015015014,15.359797138932063,75.75237443455785,10.229624894528733,33.01209244556429
1.5215215215215216,15.564594434117824,76.4132771862208,10.229624894528733,32.81189224536409
1.5415415415415414,15.769391729303585,77.07017192586773,10.229624894528733,32.61169204516389
1.5615615615615617,15.974189024489347,77.72305865349864,10.229624894528733,32.41149184496369
1.5815815815815815,16.178986319675108,78.37193736911352,10.229624894528733,32.21129164476349
1.6016016016016015,16.383783614860867,79.0168080727124,10.229624894528733,32.01109144456329
1.6216216216216217,16.588580910046627,79.65767076429525,10.229624894528733,31.81089124436309
1.6416416416416415,16.793378205232386,80.29452544386207,10.229624894528733,31.61069104416289
1.6616616616616617,16.998175500418146,80.92737211141288,10.229624894528733,31.41049084396269
1.6816816816816818,17.202972795603905,81.55621076694767,10.229624894528733,31.21029064376249
1.7017017017017015,17.407770090789665,82.18104141046643,10.229624894528733,31.01009044356229
1.7217217217217218,17.612567385975424,82.80186404196918,10.229624894528733,30.80989024336209
1.7417417417417416,17.817364681161184,83.41867866145591,10.229624894528733,30.60969004316189
1.7617617617617618,18.022161976346943,84.03148526892662,10.229624894528733,30.40948984296169
1.7817817817817818,18.226959271532703,84.6402838643813,10.229624894528733,30.20928964276149
1.8018018018018016,18.431756566718462,85.24507444781997,10.229624894528733,30.00908944256129
1.8218218218218218,18.636553861904222,85.84585701924263,10.229624894528733,29.80888924236109
1.841841841841842,18.84135115708998,86.44263157864926,10.229624894528733,29.60868904216089
1.8618618618618619,19.04614845227574,87.03539812603987,10.229624894528733,29.40848884196069
1.8818818818818819,19.2509457474615,87.62415666141446,10.229624894528733,29.20828864176049
1.9019019019019017,19.45574304264726,88.20890718477303,10.229624894528733,29.00808844156029
1.921921921921922,19.66054033783302,88.78964969611557,10.229624894528733,28.80788824136009
1.9419419419419421,19.86533763301878,89.36638419544211,10.229624894528733,28.60768804115989
1.961961961961962,20.07013492820454,89.93911068275261,10.229624894528733,28.40748784095969
1.981981981981982,20.274932223390298,90.5078291580471,10.229624894528733,28.20728764075949
2.002002002002002,20.479729518576058,91.07253962132557,10.229624894528733,28.00708744055929
2.022022022022022,20.684526813761817,91.63324207258802,10.229624894528733,27.80688724035909
2.042042042042042,20.889324108947577,92.18993651183445,10.229624894528733,27.60668704015889
2.0620620620620618,21.094121404133336,92.74262293906486,10.229624894528733,27.40648683995869
2.0820820820820822,21.298918699319096,93.29130135427924,10.229624894528733,27.20628663975849
2.1021021021021022,21.503715994504855,93.83597175747761,10.229624894528733,27.00608643955829
2.1221221221221223,21.708513289690615,94.37663414865996,10.229624894528733,26.805886239358088
2.1421421421421423,21.913310584876374,94.91328852782628,10.229624894528733,26.605686039157888
2.1621621621621623,22.118107880062134,95.44593489497659,10.229624894528733,26.405485838957688
2.1821821821821823,22.322905175247893,95.97457325011088,10.229624894528733,26.205285638757488
2.2022022022022023,22.527702470433653,96.49920359322914,10.229624894528733,26.005085438557288
2.2222222222222223,22.732499765619412,97.01982592433139,10.229624894528733,25.804885238357087
2.2422422422422423,22.93729706080517,97.53644024341762,10.229624894528733,25.604685038156887
2.2622622622622623,23.14209435599093,98.04904655048783,10.229624894528733,25.404484837956687
2.2822822822822824,23.34689165117669,98.55764484554201,10.229624894528733,25.204284637756487
2.3023023023023024,23.55168894636245,99.06223512858018,10.229624894528733,25.004084437556287
2.3223223223223224,23.75648624154821,99.56281739960234,10.229624894528733,24.803884237356087
2.3423423423423424,23.96128353673397,100.05939165860846,10.229624894528733,24.603684037155887
2.3623623623623624,24.16608083191973,100.55195790559857,10.229624894528733,24.403483836955687
2.3823823823823824,24.370878127105488,101.04051614057266,10.229624894528733,24.203283636755486
2.4024024024024024,24.575675422291248,101.52506636353073,10.229624894528733,24.003083436555286
2.4224224224224224,24.780472717477007,102.00560857447277,10.229624894528733,23.802883236355086
2.4424424424424425,24.985270012662767,102.4821427733988,10.229624894528733,23.602683036154886
2.4624624624624625,25.190067307848526,102.95466896030881,10.229624894528733,23.402482835954686
2.4824824824824825,25.394864603034286,103.4231871352028,10.229624894528733,23.202282635754486
2.5025025025025025,25.599661898220045,103.88769729808077,10.229624894528733,23.002082435554286
2.5225225225225225,25.804459193405805,104.34819944894271,10.229624894528733,22.801882235354086
2.5425425425425425,26.009256488591564,104.80469358778863,10.229624894528733,22.601682035153885
2.5625625625625625,26.214053783777324,105.25717971461854,10.229624894528733,22.401481834953685
2.5825825825825826,26.418851078963083,105.70565782943243,10.229624894528733,22.201281634753485
2.6026026026026026,26.623648374148843,106.15012793223029,10.229624894528733,22.001081434553285
2.6226226226226226,26.828445669334602,106.59059002301214,10.229624894528733,21.800881234353085
2.6426426426426426,27.033242964520362,107.02704410177797,10.229624894528733,21.600681034152885
2.6626626626626626,27.23804025970612,107.45949016852778,10.229624894528733,21.400480833952685
2.6826826826826826,27.44283755489188,107.88792822326157,10.229624894528733,21.200280633752485
2.7027027027027026,27.64763485007764,108.31235826597934,10.229624894528733,21.000080433552284
2.722722722722723,27.8524321452634,108.73278029668109,10.229624894528733,20.799880233352084
2.7427427427427427,28.05722944044916,109.14919431536681,10.229624894528733,20.599680033151884
2.7627627627627627,28.26202673563492,109.56160032203653,10.229624894528733,20.399479832951684
2.7827827827827827,28.46682403082068,109.96999831669021,10.229624894528733,20.199279632751484
2.8028028028028027,28.671621326006438,110.37438829932788,10.229624894528733,19.999079432551284
2.822822822822823,28.876418621192197,110.77477026994953,10.229624894528733,19.798879232351084
2.8428428428428427,29.081215916377957,111.17114422855515,10.229624894528733,19.598679032150883
2.8628628628628627,29.286013211563716,111.56351017514476,10.229624894528733,19.398478831950683
2.8828828828828827,29.490810506749476,111.95186810971835,10.229624894528733,19.198278631750483
2.9029029029029028,29.695607801935235,112.33621803227591,10.229624894528733,18.998078431550283
2.922922922922923,29.900405097120995,112.71655994281745,10.229624894528733,18.797878231350083
2.942942942942943,30.105202392306754,113.09289384134298,10.229624894528733,18.597678031149883
2.962962962962963,30.309999687492514,113.46521972785249,10.229624894528733,18.397477830949683
2.982982982982983,30.514796982678273,113.83353760234597,10.229624894528733,18.197277630749483
3.003003003003003,30.719594277864033,114.19784746482344,10.229624894528733,17.997077430549282
3.0230230230230233,30.924391573049792,114.5581493152849,10.229624894528733,17.796877230349082
3.0430430430430433,31.129188868235552,114.91444315373032,10.229624894528733,17.596677030148882
3.063063063063063,31.33398616342131,115.26672898015973,10.229624894528733,17.396476829948682
3.083083083083083,31.53878345860707,115.61500679457312,10.229624894528733,17.196276629748482
3.103103103103103,31.74358075379283,115.95927659697048,10.229624894528733,16.996076429548282
3.1231231231231233,31.94837804897859,116.29953838735183,10.229624894528733,16.79587622934808
3.1431431431431434,32.15317534416435,116.63579216571716,10.229624894528733,16.59567602914788
3.163163163163163,32.357972639350116,116.96803793206647,10.229624894528733,16.39547582894768
3.183183183183183,32.56276993453588,117.29627568639975,10.229624894528733,16.19527562874748
3.203203203203203,32.76756722972164,117.62050542871702,10.229624894528733,15.995075428547281
3.2232232232232234,32.972364524907405,117.94072715901827,10.229624894528733,15.794875228347081
3.2432432432432434,33.17716182009317,118.25694087730349,10.229624894528733,15.594675028146881
3.263263263263263,33.38195911527893,118.5691465835727,10.229624894528733,15.39447482794668
3.283283283283283,33.586756410464695,118.87734427782588,10.229624894528733,15.19427462774648
3.303303303303303,33.79155370565046,119.18153396006305,10.229624894528733,14.99407442754628
3.3233233233233235,33.99635100083622,119.4817156302842,10.229624894528733,14.79387422734608
3.3433433433433435,34.201148296021984,119.77788928848932,10.229624894528733,14.59367402714588
3.3633633633633635,34.40594559120775,120.07005493467842,10.229624894528733,14.39347382694568
3.383383383383383,34.61074288639351,120.35821256885151,10.229624894528733,14.19327362674548
3.403403403403403,34.81554018157927,120.64236219100859,10.229624894528733,13.99307342654528
3.4234234234234235,35.020337476765036,120.92250380114963,10.229624894528733,13.79287322634508
3.4434434434434436,35.2251347719508,121.19863739927466,10.229624894528733,13.59267302614488
3.4634634634634636,35.42993206713656,121.47076298538367,10.229624894528733,13.39247282594468
3.483483483483483,35.634729362322325,121.73888055947666,10.229624894528733,13.19227262574448
3.503503503503503,35.83952665750809,122.00299012155362,10.229624894528733,12.99207242554428
3.5235235235235236,36.04432395269385,122.26309167161457,10.229624894528733,12.791872225344079
3.5435435435435436,36.249121247879614,122.5191852096595,10.229624894528733,12.591672025143879
3.5635635635635636,36.45391854306538,122.7712707356884,10.229624894528733,12.391471824943679
3.583583583583583,36.65871583825114,123.0193482497013,10.229624894528733,12.191271624743479
3.603603603603603,36.8635131334369,123.26341775169816,10.229624894528733,11.991071424543279
3.6236236236236237,37.06831042862267,123.503479241679,10.229624894528733,11.790871224343078
3.6436436436436437,37.27310772380843,123.73953271964383,10.229624894528733,11.590671024142878
3.6636636636636637,37.47790501899419,123.97157818559263,10.229624894528733,11.390470823942678
3.683683683683684,37.682702314179956,124.19961563952542,10.229624894528733,11.190270623742478
3.7037037037037033,37.88749960936572,124.42364508144219,10.229624894528733,10.990070423542278
3.7237237237237237,38.09229690455148,124.64366651134293,10.229624894528733,10.789870223342078
3.7437437437437437,38.297094199737245,124.85967992922765,10.229624894528733,10.589670023141878
3.7637637637637638,38.50189149492301,125.07168533509636,10.229624894528733,10.389469822941678
3.783783783783784,38.70668879010877,125.27968272894904,10.229624894528733,10.189269622741477
3.8038038038038033,38.911486085294534,125.4836721107857,10.229624894528733,9.989069422541277
3.823823823823824,39.1162833804803,125.68365348060635,10.229624894528733,9.788869222341077
3.843843843843844,39.32108067566606,125.87962683841099,10.229624894528733,9.588669022140877
3.863863863863864,39.52587797085182,126.07159218419959,10.229624894528733,9.388468821940677
3.8838838838838843,39.730675266037586,126.25954951797218,10.229624894528733,9.188268621740477
3.9039039039039034,39.93547256122335,126.44349883972875,10.229624894528733,8.988068421540277
3.923923923923924,40.14026985640911,126.62344014946929,10.229624894528733,8.787868221340077
3.943943943943944,40.345067151594876,126.79937344719382,10.229624894528733,8.587668021139876
3.963963963963964,40.54986444678064,126.97129873290233,10.229624894528733,8.387467820939676
3.9839839839839843,40.7546617419664,127.13921600659481,10.229624894528733,8.187267620739476
4.004004004004004,40.959459037152165,127.30312526827127,10.229624894528733,7.987067420539276
4.0240240240240235,41.16425633233793,127.46302651793172,10.229624894528733,7.786867220339076
4.044044044044044,41.36905362752369,127.61891975557614,10.229624894528733,7.586667020138876
4.064064064064064,41.573850922709454,127.77080498120455,10.229624894528733,7.386466819938676
4.084084084084084,41.77864821789522,127.91868219481694,10.229624894528733,7.1862666197384755
4.104104104104104,41.98344551308098,128.0625513964133,10.229624894528733,6.986066419538275
4.1241241241241235,42.18824280826674,128.20241258599367,10.229624894528733,6.785866219338075
4.1441441441441444,42.393040103452506,128.33826576355798,10.229624894528733,6.585666019137875
4.1641641641641645,42.59783739863827,128.47011092910628,10.229624894528733,6.385465818937675
4.1841841841841845,42.80263469382403,128.59794808263857,10.229624894528733,6.185265618737475
4.2042042042042045,43.007431989009795,128.72177722415483,10.229624894528733,5.985065418537275
4.2242242242242245,43.21222928419556,128.8415983536551,10.229624894528733,5.784865218337075
4.2442442442442445,43.41702657938132,128.95741147113932,10.229624894528733,5.584665018136874
4.2642642642642645,43.621823874567085,129.06921657660752,10.229624894528733,5.384464817936674
4.2842842842842845,43.82662116975285,129.1770136700597,10.229624894528733,5.184264617736474
4.3043043043043046,44.03141846493861,129.28080275149586,10.229624894528733,4.984064417536274
4.324324324324325,44.236215760124374,129.380583820916,10.229624894528733,4.783864217336074
4.344344344344345,44.44101305531014,129.47635687832013,10.229624894528733,4.583664017135874
4.364364364364365,44.6458103504959,129.56812192370825,10.229624894528733,4.383463816935674
4.384384384384385,44.85060764568166,129.65587895708035,10.229624894528733,4.1832636167354735
4.404404404404405,45.055404940867426,129.7396279784364,10.229624894528733,3.9830634165352734
4.424424424424425,45.26020223605319,129.81936898777644,10.229624894528733,3.7828632163350733
4.444444444444445,45.46499953123895,129.89510198510047,10.229624894528733,3.582663016134873
4.464464464464465,45.669796826424715,129.96682697040848,10.229624894528733,3.382462815934673
4.484484484484485,45.87459412161048,130.03454394370047,10.229624894528733,3.182262615734473
4.504504504504505,46.07939141679624,130.09825290497645,10.229624894528733,2.9820624155342728
4.524524524524525,46.284188711982004,130.15795385423638,10.229624894528733,2.7818622153340726
4.544544544544545,46.48898600716777,130.2136467914803,10.229624894528733,2.5816620151338725
4.564564564564565,46.69378330235353,130.2653317167082,10.229624894528733,2.3814618149336724
4.584584584584585,46.89858059753929,130.3130086299201,10.229624894528733,2.1812616147334722
4.604604604604605,47.10337789272506,130.35667753111596,10.229624894528733,1.9810614145332721
4.624624624624625,47.30817518791082,130.39633842029582,10.229624894528733,1.780861214333072
4.644644644644645,47.51297248309658,130.43199129745963,10.229624894528733,1.5806610141328719
4.664664664664665,47.717769778282346,130.46363616260743,10.229624894528733,1.3804608139326717
4.684684684684685,47.92256707346811,130.4912730157392,10.229624894528733,1.1802606137324716
4.704704704704705,48.12736436865387,130.51490185685498,10.229624894528733,0.9800604135322715
4.724724724724725,48.332161663839635,130.53452268595473,10.229624894528733,0.7798602133320713
4.744744744744745,48.5369589590254,130.55013550303846,10.229624894528733,0.5796600131318712
4.764764764764765,48.74175625421116,130.56174030810618,10.229624894528733,0.379459812931671
4.784784784784785,48.946553549396924,130.56933710115786,10.229624894528733,0.17925961273147084
4.804804804804805,49.15135084458269,130.57292588219352,10.229624894528733,-0.020940587468729344
4.824824824824825,49.35614813976845,130.57250665121316,10.229624894528733,-0.22114078766892953
4.844844844844845,49.56094543495421,130.5680794082168,10.229624894528733,-0.4213409878691297
4.864864864864865,49.765742730139976,130.5596441532044,10.229624894528733,-0.6215411880693299
4.884884884884885,49.97054002532574,130.547200886176,10.229624894528733,-0.8217413882695301
4.904904904904905,50.1753373205115,130.53074960713155,10.229624894528733,-1.0219415884697303
4.924924924924925,50.380134615697266,130.5102903160711,10.229624894528733,-1.2221417886699304
4.944944944944945,50.58493191088303,130.48582301299462,10.229624894528733,-1.4223419888701305
4.964964964964965,50.78972920606879,130.45734769790212,10.229624894528733,-1.6225421890703307
4.984984984984985,50.994526501254555,130.4248643707936,10.229624894528733,-1.8227423892705308
5.005005005005005,51.19932379644032,130.3883730316691,10.229624894528733,-2.022942589470731
5.025025025025025,51.40412109162608,130.34787368052852,10.229624894528733,-2.223142789670931
5.045045045045045,51.608918386811844,130.30336631737194,10.229624894528733,-2.423342989871131
5.065065065065065,51.81371568199761,130.25485094219934,10.229624894528733,-2.6235431900713313
5.085085085085085,52.01851297718337,130.20232755501073,10.229624894528733,-2.8237433902715314
5.105105105105105,52.22331027236913,130.1457961558061,10.229624894528733,-3.0239435904717316
5.125125125125125,52.428107567554896,130.08525674458545,10.229624894528733,-3.2241437906719317
5.145145145145145,52.63290486274066,130.02070932134876,10.229624894528733,-3.424343990872132
5.165165165165165,52.83770215792642,129.95215388609606,10.229624894528733,-3.624544191072332
5.185185185185185,53.042499453112185,129.87959043882734,10.229624894528733,-3.824744391272532
5.205205205205205,53.24729674829795,129.8030189795426,10.229624894528733,-4.024944591472733
5.225225225225225,53.45209404348371,129.72243950824185,10.229624894528733,-4.225144791672933
5.245245245245245,53.656891338669475,129.63785202492508,10.229624894528733,-4.425344991873133
5.265265265265265,53.86168863385524,129.5492565295923,10.229624894528733,-4.625545192073333
5.285285285285285,54.066485929041,129.45665302224347,10.229624894528733,-4.825745392273533
5.305305305305305,54.271283224226764,129.36004150287863,10.229624894528733,-5.025945592473733
5.325325325325325,54.47608051941253,129.25942197149777,10.229624894528733,-5.226145792673933
5.345345345345346,54.68087781459829,129.1547944281009,10.229624894528733,-5.4263459928741336
5.365365365365365,54.88567510978405,129.046158872688,10.229624894528733,-5.626546193074334
5.385385385385385,55.090472404969816,128.9335153052591,10.229624894528733,-5.826746393274534
5.405405405405405,55.29526970015558,128.81686372581416,10.229624894528733,-6.026946593474734
5.425425425425425,55.50006699534134,128.6962041343532,10.229624894528733,-6.227146793674934
5.445445445445446,55.704864290527105,128.57153653087622,10.229624894528733,-6.427346993875134
5.465465465465465,55.90966158571287,128.44286091538322,10.229624894528733,-6.627547194075334
5.485485485485485,56.11445888089863,128.3101772878742,10.229624894528733,-6.8277473942755345
5.505505505505505,56.319256176084394,128.17348564834919,10.229624894528733,-7.027947594475735
5.525525525525525,56.52405347127016,128.03278599680812,10.229624894528733,-7.228147794675935
5.545545545545546,56.72885076645592,127.88807833325104,10.229624894528733,-7.428347994876135
5.565565565565565,56.933648061641684,127.73936265767794,10.229624894528733,-7.628548195076335
5.585585585585585,57.13844535682745,127.58663897008883,10.229624894528733,-7.828748395276535
5.605605605605605,57.34324265201321,127.4299072704837,10.229624894528733,-8.028948595476736
5.625625625625625,57.54803994719897,127.26916755886253,10.229624894528733,-8.229148795676936
5.645645645645646,57.752837242384736,127.10441983522536,10.229624894528733,-8.429348995877136
5.665665665665665,57.9576345375705,126.93566409957216,10.229624894528733,-8.629549196077337
5.685685685685685,58.16243183275626,126.76290035190294,10.229624894528733,-8.829749396277537
5.7057057057057055,58.367229127942025,126.5861285922177,10.229624894528733,-9.029949596477737
5.7257257257257255,58.57202642312779,126.40534882051645,10.229624894528733,-9.230149796677937
5.745745745745746,58.77682371831355,126.22056103679918,10.229624894528733,-9.430349996878137
5.7657657657657655,58.981621013499314,126.03176524106588,10.229624894528733,-9.630550197078337
5.7857857857857855,59.18641830868508,125.83896143331657,10.229624894528733,-9.830750397278537
5.8058058058058055,59.39121560387084,125.64214961355124,10.229624894528733,-10.030950597478737
5.8258258258258255,59.5960128990566,125.44132978176988,10.229624894528733,-10.231150797678938
5.845845845845846,59.800810194242366,125.2365019379725,10.229624894528733,-10.431350997879138
5.865865865865866,60.00560748942813,125.02766608215912,10.229624894528733,-10.631551198079338
5.885885885885886,60.21040478461389,124.8148222143297,10.229624894528733,-10.831751398279538
5.905905905905906,60.415202079799656,124.59797033448426,10.229624894528733,-11.031951598479738
5.925925925925926,60.61999937498542,124.37711044262281,10.229624894528733,-11.232151798679938
5.9459459459459465,60.82479667017118,124.15224253874533,10.229624894528733,-11.432351998880138
5.965965965965966,61.029593965356945,123.92336662285183,10.229624894528733,-11.632552199080338
5.9859859859859865,61.23439126054271,123.69048269494232,10.229624894528733,-11.832752399280539
6.006006006006006,61.43918855572847,123.45359075501678,10.229624894528733,-12.032952599480739
6.026026026026026,61.643985850914234,123.21269080307522,10.229624894528733,-12.233152799680939
6.046046046046047,61.8487831461,122.96778283911765,10.229624894528733,-12.433352999881139
6.066066066066066,62.05358044128576,122.71886686314404,10.229624894528733,-12.633553200081339
6.086086086086087,62.25837773647152,122.46594287515443,10.229624894528733,-12.83375340028154
6.106106106106106,62.463175031657286,122.20901087514879,10.229624894528733,-13.03395360048174
6.126126126126126,62.66797232684305,121.94807086312713,10.229624894528733,-13.23415380068194
6.146146146146147,62.87276962202881,121.68312283908945,10.229624894528733,-13.43435400088214
6.166166166166166,63.077566917214575,121.41416680303576,10.229624894528733,-13.63455420108234
6.186186186186187,63.28236421240034,121.14120275496605,10.229624894528733,-13.83475440128254
6.206206206206206,63.4871615075861,120.8642306948803,10.229624894528733,-14.03495460148274
6.226226226226226,63.691958802771865,120.58325062277855,10.229624894528733,-14.23515480168294
6.246246246246247,63.89675609795763,120.29826253866078,10.229624894528733,-14.43535500188314
6.266266266266266,64.10155339314339,120.00926644252698,10.229624894528733,-14.63555520208334
6.286286286286287,64.30635068832915,119.71626233437716,10.229624894528733,-14.83575540228354
6.306306306306306,64.5111479835149,119.41925021421133,10.229624894528733,-15.03595560248374
6.326326326326326,64.71594527870066,119.11823008202947,10.229624894528733,-15.23615580268394
6.346346346346347,64.92074257388641,118.8132019378316,10.229624894528733,-15.436356002884141
6.366366366366366,65.12553986907217,118.5041657816177,10.229624894528733,-15.636556203084341
6.386386386386387,65.33033716425793,118.19112161338778,10.229624894528733,-15.836756403284541
6.406406406406406,65.53513445944368,117.87406943314184,10.229624894528733,-16.036956603484743
6.426426426426426,65.73993175462944,117.55300924087989,10.229624894528733,-16.237156803684943
6.446446446446447,65.9447290498152,117.2279410366019,10.229624894528733,-16.437357003885143
6.466466466466466,66.14952634500095,116.8988648203079,10.229624894528733,-16.637557204085343
6.486486486486487,66.3543236401867,116.56578059199789,10.229624894528733,-16.837757404285544
6.506506506506506,66.55912093537246,116.22868835167185,10.229624894528733,-17.037957604485744
6.526526526526526,66.76391823055822,115.88758809932979,10.229624894528733,-17.238157804685944
6.546546546546547,66.96871552574397,115.54247983497172,10.229624894528733,-17.438358004886144
6.566566566566566,67.17351282092973,115.19336355859762,10.229624894528733,-17.638558205086344
6.586586586586587,67.37831011611549,114.8402392702075,10.229624894528733,-17.838758405286544
6.606606606606606,67.58310741130124,114.48310696980137,10.229624894528733,-18.038958605486744
6.626626626626627,67.787904706487,114.12196665737922,10.229624894528733,-18.239158805686944
6.646646646646647,67.99270200167275,113.75681833294104,10.229624894528733,-18.439359005887145
6.666666666666666,68.19749929685851,113.38766199648684,10.229624894528733,-18.639559206087345
6.686686686686687,68.40229659204427,113.01449764801663,10.229624894528733,-18.839759406287545
6.706706706706706,68.60709388723002,112.63732528753039,10.229624894528733,-19.039959606487745
6.726726726726727,68.81189118241578,112.25614491502813,10.229624894528733,-19.240159806687945
6.746746746746747,69.01668847760153,111.87095653050986,10.229624894528733,-19.440360006888145
6.766766766766766,69.22148577278729,111.48176013397556,10.229624894528733,-19.640560207088345
6.786786786786787,69.42628306797305,111.08855572542524,10.229624894528733,-19.840760407288546
6.806806806806806,69.6310803631588,110.6913433048589,10.229624894528733,-20.040960607488746
6.826826826826827,69.83587765834456,110.29012287227654,10.229624894528733,-20.241160807688946
6.846846846846847,70.04067495353031,109.88489442767816,10.229624894528733,-20.441361007889146
6.866866866866866,70.24547224871607,109.47565797106377,10.229624894528733,-20.641561208089346
6.886886886886887,70.45026954390183,109.06241350243334,10.229624894528733,-20.841761408289546
6.906906906906906,70.65506683908758,108.6451610217869,10.229624894528733,-21.041961608489746
6.926926926926927,70.85986413427334,108.22390052912445,10.229624894528733,-21.242161808689946
6.946946946946947,71.0646614294591,107.79863202444598,10.229624894528733,-21.442362008890147
6.966966966966966,71.26945872464485,107.36935550775148,10.229624894528733,-21.642562209090347
6.986986986986987,71.4742560198306,106.93607097904096,10.229624894528733,-21.842762409290547
7.007007007007006,71.67905331501636,106.49877843831443,10.229624894528733,-22.042962609490747
7.027027027027027,71.88385061020212,106.05747788557187,10.229624894528733,-22.243162809690947
7.047047047047047,72.08864790538787,105.6121693208133,10.229624894528733,-22.443363009891147
7.067067067067066,72.29344520057363,105.1628527440387,10.229624894528733,-22.643563210091347
7.087087087087087,72.49824249575938,104.70952815524808,10.229624894528733,-22.843763410291547
7.107107107107106,72.70303979094514,104.25219555444144,10.229624894528733,-23.043963610491748
7.127127127127127,72.9078370861309,103.79085494161879,10.229624894528733,-23.244163810691948
7.147147147147147,73.11263438131665,103.3255063167801,10.229624894528733,-23.444364010892148
7.167167167167166,73.31743167650241,102.85614967992541,10.229624894528733,-23.644564211092348
7.187187187187187,73.52222897168816,102.3827850310547,10.229624894528733,-23.844764411292548
7.207207207207206,73.72702626687392,101.90541237016795,10.229624894528733,-24.044964611492748
7.227227227227227,73.93182356205968,101.42403169726519,10.229624894528733,-24.24516481169295
7.247247247247247,74.13662085724543,100.93864301234642,10.229624894528733,-24.44536501189315
7.267267267267268,74.34141815243119,100.44924631541161,10.229624894528733,-24.64556521209335
7.287287287287287,74.54621544761694,99.9558416064608,10.229624894528733,-24.84576541229355
7.3073073073073065,74.7510127428027,99.45842888549396,10.229624894528733,-25.04596561249375
7.327327327327327,74.95581003798846,98.95700815251111,10.229624894528733,-25.24616581269395
7.347347347347347,75.16060733317421,98.45157940751223,10.229624894528733,-25.44636601289415
7.367367367367368,75.36540462835997,97.94214265049733,10.229624894528733,-25.64656621309435
7.387387387387387,75.57020192354572,97.42869788146642,10.229624894528733,-25.84676641329455
7.4074074074074066,75.77499921873148,96.91124510041948,10.229624894528733,-26.04696661349475
7.4274274274274275,75.97979651391724,96.38978430735652,10.229624894528733,-26.24716681369495
7.4474474474474475,76.18459380910299,95.86431550227755,10.229624894528733,-26.44736701389515
7.467467467467468,76.38939110428875,95.33483868518255,10.229624894528733,-26.64756721409535
7.4874874874874875,76.5941883994745,94.80135385607153,10.229624894528733,-26.84776741429555
7.507507507507507,76.79898569466026,94.2638610149445,10.229624894528733,-27.04796761449575
7.5275275275275275,77.00378298984602,93.72236016180143,10.229624894528733,-27.24816781469595
7.5475475475475475,77.20858028503177,93.17685129664235,10.229624894528733,-27.44836801489615
7.567567567567568,77.41337758021753,92.62733441946726,10.229624894528733,-27.64856821509635
7.587587587587588,77.61817487540328,92.07380953027614,10.229624894528733,-27.84876841529655
7.607607607607607,77.82297217058904,91.516276629069,10.229624894528733,-28.04896861549675
7.627627627627628,78.0277694657748,90.95473571584584,10.229624894528733,-28.24916881569695
7.647647647647648,78.23256676096055,90.38918679060666,10.229624894528733,-28.44936901589715
7.6676676676676685,78.43736405614631,89.81962985335146,10.229624894528733,-28.64956921609735
7.687687687687688,78.64216135133206,89.24606490408024,10.229624894528733,-28.84976941629755
7.707707707707707,78.84695864651782,88.668491942793,10.229624894528733,-29.04996961649775
7.727727727727728,79.05175594170358,88.08691096948974,10.229624894528733,-29.25016981669795
7.747747747747748,79.25655323688933,87.50132198417046,10.229624894528733,-29.45037001689815
7.767767767767769,79.46135053207509,86.91172498683517,10.229624894528733,-29.650570217098352
7.787787787787788,79.66614782726084,86.31811997748385,10.229624894528733,-29.850770417298552
7.807807807807807,79.8709451224466,85.72050695611651,10.229624894528733,-30.050970617498752
7.827827827827828,80.07574241763236,85.11888592273316,10.229624894528733,-30.251170817698952
7.847847847847848,80.28053971281811,84.51325687733377,10.229624894528733,-30.451371017899152
7.867867867867869,80.48533700800387,83.90361981991838,10.229624894528733,-30.651571218099352
7.887887887887888,80.69013430318962,83.28997475048696,10.229624894528733,-30.851771418299553
7.907907907907909,80.89493159837538,82.67232166903952,10.229624894528733,-31.051971618499753
7.927927927927928,81.09972889356114,82.05066057557606,10.229624894528733,-31.252171818699953
7.947947947947948,81.30452618874689,81.42499147009659,10.229624894528733,-31.452372018900153
7.967967967967969,81.50932348393265,80.79531435260108,10.229624894528733,-31.652572219100353
7.987987987987988,81.7141207791184,80.16162922308956,10.229624894528733,-31.852772419300553
8.008008008008009,81.91891807430416,79.52393608156203,10.229624894528733,-32.05297261950076
8.028028028028029,82.12371536948991,78.88223492801846,10.229624894528733,-32.25317281970096
8.048048048048047,82.32851266467567,78.23652576245888,10.229624894528733,-32.45337301990116
8.068068068068069,82.53330995986143,77.58680858488329,10.229624894528733,-32.65357322010136
8.088088088088089,82.73810725504718,76.93308339529166,10.229624894528733,-32.85377342030156
8.108108108108109,82.94290455023294,76.27535019368402,10.229624894528733,-33.05397362050176
8.128128128128129,83.1477018454187,75.61360898006036,10.229624894528733,-33.25417382070196
8.148148148148147,83.35249914060445,74.94785975442069,10.229624894528733,-33.45437402090216
8.168168168168169,83.5572964357902,74.27810251676499,10.229624894528733,-33.65457422110236
8.188188188188189,83.76209373097596,73.60433726709327,10.229624894528733,-33.85477442130256
8.208208208208209,83.96689102616172,72.92656400540554,10.229624894528733,-34.05497462150276
8.228228228228229,84.17168832134747,72.24478273170178,10.229624894528733,-34.25517482170296
8.248248248248247,84.37648561653323,71.558993445982,10.229624894528733,-34.45537502190316
8.268268268268269,84.58128291171899,70.8691961482462,10.229624894528733,-34.65557522210336
8.288288288288289,84.78608020690474,70.17539083849438,10.229624894528733,-34.85577542230356
8.308308308308309,84.9908775020905,69.47757751672654,10.229624894528733,-35.05597562250376
8.328328328328329,85.19567479727625,68.77575618294269,10.229624894528733,-35.25617582270396
8.348348348348347,85.40047209246201,68.0699268371428,10.229624894528733,-35.45637602290416
8.368368368368369,85.60526938764777,67.3600894793269,10.229624894528733,-35.65657622310436
8.388388388388389,85.81006668283352,66.64624410949499,10.229624894528733,-35.85677642330456
8.408408408408409,86.01486397801928,65.92839072764704,10.229624894528733,-36.05697662350476
8.428428428428429,86.21966127320503,65.20652933378308,10.229624894528733,-36.25717682370496
8.448448448448449,86.42445856839079,64.4806599279031,10.229624894528733,-36.45737702390516
8.468468468468469,86.62925586357655,63.750782510007106,10.229624894528733,-36.65757722410536
8.488488488488489,86.8340531587623,63.016897080095085,10.229624894528733,-36.85777742430556
8.508508508508509,87.03885045394806,62.27900363816705,10.229624894528733,-37.05797762450576
8.528528528528529,87.24364774913381,61.53710218422299,10.229624894528733,-37.25817782470596
8.548548548548549,87.44844504431957,60.791192718262906,10.229624894528733,-37.45837802490616
8.568568568568569,87.65324233950533,60.04127524028681,10.229624894528733,-37.65857822510636
8.588588588588589,87.85803963469108,59.28734975029469,10.229624894528733,-37.85877842530656
8.608608608608609,88.06283692987684,58.52941624828655,10.229624894528733,-38.05897862550676
8.62862862862863,88.2676342250626,57.76747473426239,10.229624894528733,-38.25917882570696
8.64864864864865,88.47243152024835,57.00152520822221,10.229624894528733,-38.45937902590716
8.66866866866867,88.6772288154341,56.231567670166015,10.229624894528733,-38.65957922610736
8.68868868868869,88.88202611061986,55.457602120093796,10.229624894528733,-38.85977942630756
8.70870870870871,89.08682340580562,54.679628558005554,10.229624894528733,-39.05997962650776
8.72872872872873,89.29162070099137,53.897646983901296,10.229624894528733,-39.26017982670796
8.74874874874875,89.49641799617713,53.111657397781016,10.229624894528733,-39.46038002690816
8.76876876876877,89.70121529136289,52.32165979964471,10.229624894528733,-39.66058022710836
8.78878878878879,89.90601258654864,51.527654189492395,10.229624894528733,-39.86078042730856
8.80880880880881,90.1108098817344,50.729640567324054,10.229624894528733,-40.06098062750876
8.82882882882883,90.31560717692015,49.9276189331397,10.229624894528733,-40.26118082770896
8.84884884884885,90.52040447210591,49.12158928693932,10.229624894528733,-40.46138102790916
8.86886886886887,90.72520176729167,48.31155162872292,10.229624894528733,-40.66158122810936
8.88888888888889,90.92999906247742,47.4975059584905,10.229624894528733,-40.86178142830956
8.90890890890891,91.13479635766318,46.67945227624206,10.229624894528733,-41.06198162850976
8.92892892892893,91.33959365284893,45.8573905819776,10.229624894528733,-41.26218182870996
8.94894894894895,91.54439094803469,45.03132087569712,10.229624894528733,-41.46238202891016
8.96896896896897,91.74918824322044,44.20124315740062,10.229624894528733,-41.66258222911036
8.98898898898899,91.9539855384062,43.3671574270881,10.229624894528733,-41.86278242931056
9.00900900900901,92.15878283359196,42.529063684759564,10.229624894528733,-42.06298262951076
9.02902902902903,92.36358012877771,41.686961930415,10.229624894528733,-42.26318282971096
9.04904904904905,92.56837742396347,40.840852164054425,10.229624894528733,-42.463383029911164
9.06906906906907,92.77317471914922,39.990734385677825,10.229624894528733,-42.663583230111364
9.08908908908909,92.97797201433498,39.1366085952852,10.229624894528733,-42.863783430311564
9.10910910910911,93.18276930952074,38.278474792876565,10.229624894528733,-43.063983630511764
9.12912912912913,93.38756660470649,37.416332978451905,10.229624894528733,-43.264183830711964
9.14914914914915,93.59236389989225,36.55018315201122,10.229624894528733,-43.464384030912164
9.16916916916917,93.797161195078,35.68002531355452,10.229624894528733,-43.664584231112364
9.18918918918919,94.00195849026376,34.8058594630818,10.229624894528733,-43.864784431312565
9.20920920920921,94.20675578544952,33.927685600593065,10.229624894528733,-44.064984631512765
9.22922922922923,94.41155308063527,33.045503726088306,10.229624894528733,-44.265184831712965
9.24924924924925,94.61635037582103,32.159313839567524,10.229624894528733,-44.465385031913165
9.26926926926927,94.82114767100678,31.269115941030723,10.229624894528733,-44.665585232113365
9.28928928928929,95.02594496619254,30.374910030477903,10.229624894528733,-44.865785432313565
9.30930930930931,95.2307422613783,29.476696107909063,10.229624894528733,-45.065985632513765
9.32932932932933,95.43553955656405,28.574474173324205,10.229624894528733,-45.266185832713965
9.34934934934935,95.64033685174981,27.668244226723324,10.229624894528733,-45.466386032914166
9.36936936936937,95.84513414693556,26.758006268106424,10.229624894528733,-45.666586233114366
9.38938938938939,96.04993144212132,25.843760297473505,10.229624894528733,-45.866786433314566
9.40940940940941,96.25472873730708,24.925506314824563,10.229624894528733,-46.066986633514766
9.42942942942943,96.45952603249283,24.003244320159602,10.229624894528733,-46.267186833714966
9.44944944944945,96.66432332767859,23.076974313478622,10.229624894528733,-46.467387033915166
9.46946946946947,96.86912062286434,22.146696294781623,10.229624894528733,-46.667587234115366
9.48948948948949,97.0739179180501,21.212410264068602,10.229624894528733,-46.86778743431557
9.50950950950951,97.27871521323586,20.27411622133956,10.229624894528733,-47.06798763451577
9.52952952952953,97.48351250842161,19.3318141665945,10.229624894528733,-47.26818783471597
9.54954954954955,97.68830980360737,18.385504099833422,10.229624894528733,-47.46838803491617
9.56956956956957,97.89310709879312,17.43518602105632,10.229624894528733,-47.66858823511637
9.58958958958959,98.09790439397888,16.4808599302632,10.229624894528733,-47.86878843531657
9.60960960960961,98.30270168916464,15.52252582745406,10.229624894528733,-48.06898863551677
9.62962962962963,98.50749898435039,14.5601837126289,10.229624894528733,-48.26918883571697
9.64964964964965,98.71229627953615,13.59383358578772,10.229624894528733,-48.46938903591717
9.66966966966967,98.9170935747219,12.62347544693052,10.229624894528733,-48.66958923611737
9.68968968968969,99.12189086990766,11.649109296057299,10.229624894528733,-48.86978943631757
9.70970970970971,99.32668816509342,10.670735133168058,10.229624894528733,-49.06998963651777
9.72972972972973,99.53148546027917,9.688352958262797,10.229624894528733,-49.27018983671797
9.74974974974975,99.73628275546493,8.701962771341517,10.229624894528733,-49.47039003691817
9.76976976976977,99.94108005065068,7.7115645724042166,10.229624894528733,-49.67059023711837
9.78978978978979,100.14587734583644,6.717158361450895,10.229624894528733,-49.87079043731857
9.80980980980981,100.3506746410222,5.718744138481554,10.229624894528733,-50.07099063751877
9.82982982982983,100.55547193620795,4.716321903496194,10.229624894528733,-50.27119083771897
9.84984984984985,100.7602692313937,3.709891656494813,10.229624894528733,-50.47139103791917
9.86986986986987,100.96506652657946,2.699453397477412,10.229624894528733,-50.67159123811937
9.88988988988989,101.16986382176522,1.6850071264439912,10.229624894528733,-50.87179143831957
9.90990990990991,101.37466111695097,0.6665528433945505,10.229624894528733,-51.07199163851977
9.92992992992993,101.57945841213673,-0.3559094516709105,10.229624894528733,-51.27219183871997
9.94994994994995,101.78425570732249,-1.3823797587523914,10.229624894528733,-51.47239203892017
9.96996996996997,101.98905300250824,-2.4128580778498923,10.229624894528733,-51.67259223912037
9.98998998998999,102.193850297694,-3.447344408963413,10.229624894528733,-51.87279243932057
10.01001001001001,102.39864759287975,-4.485838752092954,10.229624894528733,-52.07299263952077
10.03003003003003,102.60344488806551,-5.528341107238515,10.229624894528733,-52.27319283972097
10.05005005005005,102.80824218325127,-6.574851474400096,10.229624894528733,-52.47339303992117
10.07007007007007,103.01303947843702,-7.625369853577697,10.229624894528733,-52.67359324012137
10.09009009009009,103.21783677362278,-8.679896244771317,10.229624894528733,-52.87379344032157
10.11011011011011,103.42263406880853,-9.738430647980959,10.229624894528733,-53.07399364052177
10.13013013013013,103.62743136399429,-10.80097306320662,10.229624894528733,-53.27419384072197
10.15015015015015,103.83222865918005,-11.867523490448301,10.229624894528733,-53.47439404092217
10.17017017017017,104.0370259543658,-12.938081929706001,10.229624894528733,-53.67459424112237
10.19019019019019,104.24182324955156,-14.012648380979723,10.229624894528733,-53.87479444132257
10.21021021021021,104.44662054473731,-15.091222844269463,10.229624894528733,-54.07499464152277
10.23023023023023,104.65141783992307,-16.173805319575223,10.229624894528733,-54.27519484172297
10.25025025025025,104.85621513510883,-17.260395806897005,10.229624894528733,-54.47539504192317
10.27027027027027,105.06101243029458,-18.350994306234806,10.229624894528733,-54.67559524212337
10.29029029029029,105.26580972548034,-19.445600817588627,10.229624894528733,-54.87579544232357
10.31031031031031,105.4706070206661,-20.544215340958466,10.229624894528733,-55.07599564252377
10.33033033033033,105.67540431585185,-21.64683787634433,10.229624894528733,-55.27619584272397
10.35035035035035,105.8802016110376,-22.75346842374621,10.229624894528733,-55.47639604292417
10.37037037037037,106.08499890622336,-23.86410698316411,10.229624894528733,-55.67659624312437
10.39039039039039,106.28979620140912,-24.978753554598033,10.229624894528733,-55.87679644332457
10.41041041041041,106.49459349659487,-26.097408138047975,10.229624894528733,-56.07699664352477
10.43043043043043,106.69939079178063,-27.220070733513936,10.229624894528733,-56.27719684372497
10.45045045045045,106.90418808696639,-28.346741340995916,10.229624894528733,-56.47739704392517
10.47047047047047,107.10898538215214,-29.47741996049392,10.229624894528733,-56.67759724412537
10.49049049049049,107.3137826773379,-30.61210659200794,10.229624894528733,-56.87779744432557
10.51051051051051,107.51857997252365,-31.75080123553798,10.229624894528733,-57.07799764452577
10.53053053053053,107.72337726770941,-32.893503891084045,10.229624894528733,-57.27819784472597
10.55055055055055,107.92817456289517,-34.04021455864613,10.229624894528733,-57.47839804492617
10.57057057057057,108.13297185808092,-35.190933238224225,10.229624894528733,-57.67859824512637
10.59059059059059,108.33776915326668,-36.345659929818346,10.229624894528733,-57.878798445326574
10.61061061061061,108.54256644845243,-37.50439463342849,10.229624894528733,-58.078998645526774
10.63063063063063,108.74736374363819,-38.66713734905465,10.229624894528733,-58.279198845726974
10.65065065065065,108.95216103882395,-39.83388807669683,10.229624894528733,-58.479399045927174
10.67067067067067,109.1569583340097,-41.004646816355034,10.229624894528733,-58.679599246127374
10.690690690690692,109.36175562919546,-42.179413568029254,10.229624894528733,-58.879799446327574
10.71071071071071,109.56655292438121,-43.3581883317195,10.229624894528733,-59.079999646527774
10.73073073073073,109.77135021956697,-44.54097110742576,10.229624894528733,-59.280199846727974
10.75075075075075,109.97614751475272,-45.72776189514804,10.229624894528733,-59.480400046928175
10.77077077077077,110.18094480993848,-46.918560694886345,10.229624894528733,-59.680600247128375
10.790790790790792,110.38574210512424,-48.113367506640664,10.229624894528733,-59.880800447328575
10.81081081081081,110.59053940030999,-49.312182330411005,10.229624894528733,-60.081000647528775
10.83083083083083,110.79533669549575,-50.51500516619737,10.229624894528733,-60.281200847728975
10.85085085085085,111.0001339906815,-51.72183601399975,10.229624894528733,-60.481401047929175
10.87087087087087,111.20493128586726,-52.93267487381815,10.229624894528733,-60.681601248129375
10.890890890890892,111.40972858105302,-54.147521745652575,10.229624894528733,-60.881801448329576
10.91091091091091,111.61452587623877,-55.366376629503016,10.229624894528733,-61.082001648529776
10.93093093093093,111.81932317142453,-56.58923952536948,10.229624894528733,-61.282201848729976
10.95095095095095,112.02412046661028,-57.816110433251964,10.229624894528733,-61.482402048930176
10.97097097097097,112.22891776179604,-59.046989353150465,10.229624894528733,-61.682602249130376
10.990990990990992,112.4337150569818,-60.28187628506499,10.229624894528733,-61.882802449330576
11.01101101101101,112.63851235216755,-61.52077122899553,10.229624894528733,-62.083002649530776
11.03103103103103,112.84330964735331,-62.76367418494209,10.229624894528733,-62.283202849730976
11.05105105105105,113.04810694253906,-64.01058515290467,10.229624894528733,-62.48340304993118
11.07107107107107,113.25290423772482,-65.26150413288327,10.229624894528733,-62.68360325013138
11.091091091091092,113.45770153291058,-66.5164311248779,10.229624894528733,-62.88380345033158
11.11111111111111,113.66249882809633,-67.77536612888854,10.229624894528733,-63.08400365053178
11.13113113113113,113.86729612328209,-69.0383091449152,10.229624894528733,-63.28420385073198
11.15115115115115,114.07209341846784,-70.30526017295789,10.229624894528733,-63.48440405093218
11.17117117117117,114.2768907136536,-71.57621921301659,10.229624894528733,-63.68460425113238
11.191191191191193,114.48168800883936,-72.85118626509131,10.229624894528733,-63.88480445133258
11.21121121121121,114.68648530402511,-74.13016132918206,10.229624894528733,-64.08500465153278
11.23123123123123,114.89128259921087,-75.41314440528882,10.229624894528733,-64.28520485173298
11.25125125125125,115.09607989439662,-76.70013549341161,10.229624894528733,-64.48540505193318
11.27127127127127,115.30087718958238,-77.99113459355041,10.229624894528733,-64.68560525213339
11.291291291291293,115.50567448476814,-79.28614170570523,10.229624894528733,-64.88580545233359
11.31131131131131,115.71047177995389,-80.58515682987607,10.229624894528733,-65.08600565253379
11.33133133133133,115.91526907513965,-81.88817996606294,10.229624894528733,-65.28620585273399
11.35135135135135,116.1200663703254,-83.19521111426582,10.229624894528733,-65.48640605293419
11.37137137137137,116.32486366551116,-84.50625027448471,10.229624894528733,-65.68660625313439
11.391391391391393,116.52966096069692,-85.82129744671964,10.229624894528733,-65.88680645333459
11.411411411411411,116.73445825588267,-87.14035263097058,10.229624894528733,-66.08700665353479
11.431431431431431,116.93925555106843,-88.46341582723754,10.229624894528733,-66.28720685373499
11.451451451451451,117.14405284625418,-89.79048703552053,10.229624894528733,-66.48740705393519
11.471471471471471,117.34885014143994,-91.12156625581953,10.229624894528733,-66.68760725413539
11.491491491491493,117.5536474366257,-92.45665348813455,10.229624894528733,-66.88780745433559
11.511511511511511,117.75844473181145,-93.7957487324656,10.229624894528733,-67.08800765453579
11.531531531531531,117.96324202699721,-95.13885198881266,10.229624894528733,-67.28820785473599
11.551551551551551,118.16803932218296,-96.48596325717574,10.229624894528733,-67.48840805493619
11.571571571571571,118.37283661736872,-97.83708253755485,10.229624894528733,-67.68860825513639
11.591591591591593,118.57763391255448,-99.19220982994997,10.229624894528733,-67.88880845533659
11.611611611611611,118.78243120774023,-100.55134513436111,10.229624894528733,-68.08900865553679
11.631631631631631,118.98722850292599,-101.91448845078828,10.229624894528733,-68.28920885573699
11.651651651651651,119.19202579811174,-103.28163977923147,10.229624894528733,-68.48940905593719
11.671671671671671,119.3968230932975,-104.65279911969067,10.229624894528733,-68.68960925613739
11.691691691691693,119.60162038848325,-106.02796647216589,10.229624894528733,-68.88980945633759
11.711711711711711,119.80641768366901,-107.40714183665713,10.229624894528733,-69.09000965653779
11.731731731731731,120.01121497885477,-108.7903252131644,10.229624894528733,-69.29020985673799
11.751751751751751,120.21601227404052,-110.17751660168767,10.229624894528733,-69.49041005693819
11.771771771771771,120.42080956922628,-111.56871600222698,10.229624894528733,-69.69061025713839
11.791791791791793,120.62560686441203,-112.9639234147823,10.229624894528733,-69.89081045733859
11.811811811811811,120.83040415959779,-114.36313883935364,10.229624894528733,-70.09101065753879
11.831831831831831,121.03520145478355,-115.766362275941,10.229624894528733,-70.29121085773899
11.851851851851851,121.2399987499693,-117.17359372454439,10.229624894528733,-70.49141105793919
11.871871871871871,121.44479604515506,-118.58483318516379,10.229624894528733,-70.69161125813939
11.891891891891893,121.64959334034081,-120.00008065779922,10.229624894528733,-70.89181145833959
11.911911911911911,121.85439063552657,-121.41933614245066,10.229624894528733,-71.09201165853979
11.931931931931931,122.05918793071233,-122.84259963911812,10.229624894528733,-71.29221185873999
11.951951951951951,122.26398522589808,-124.26987114780161,10.229624894528733,-71.49241205894019
11.971971971971973,122.46878252108384,-125.70115066850111,10.229624894528733,-71.69261225914039
11.991991991991993,122.6735798162696,-127.13643820121663,10.229624894528733,-71.89281245934059
12.012012012012011,122.87837711145535,-128.57573374594818,10.229624894528733,-72.09301265954079
12.032032032032031,123.0831744066411,-130.01903730269575,10.229624894528733,-72.29321285974099
12.052052052052051,123.28797170182686,-131.46634887145933,10.229624894528733,-72.49341305994119
12.072072072072073,123.49276899701262,-132.91766845223893,10.229624894528733,-72.69361326014139
12.092092092092093,123.69756629219837,-134.37299604503454,10.229624894528733,-72.89381346034159
12.112112112112111,123.90236358738413,-135.8323316498462,10.229624894528733,-73.09401366054179
12.132132132132131,124.10716088256989,-137.29567526667387,10.229624894528733,-73.29421386074199
12.152152152152151,124.31195817775564,-138.76302689551756,10.229624894528733,-73.49441406094219
12.172172172172173,124.5167554729414,-140.23438653637726,10.229624894528733,-73.69461426114239
12.192192192192193,124.72155276812715,-141.70975418925298,10.229624894528733,-73.89481446134259
12.212212212212211,124.92635006331291,-143.1891298541447,10.229624894528733,-74.09501466154279
12.232232232232231,125.13114735849867,-144.67251353105246,10.229624894528733,-74.29521486174299
12.252252252252251,125.33594465368442,-146.15990521997625,10.229624894528733,-74.49541506194319
12.272272272272273,125.54074194887018,-147.65130492091606,10.229624894528733,-74.69561526214339
12.292292292292293,125.74553924405593,-149.14671263387189,10.229624894528733,-74.89581546234359
12.312312312312311,125.95033653924169,-150.64612835884373,10.229624894528733,-75.09601566254379
12.332332332332332,126.15513383442745,-152.14955209583158,10.229624894528733,-75.29621586274399
12.352352352352352,126.3599311296132,-153.65698384483545,10.229624894528733,-75.49641606294419
12.372372372372373,126.56472842479896,-155.16842360585537,10.229624894528733,-75.69661626314439
12.392392392392393,126.76952571998471,-156.6838713788913,10.229624894528733,-75.89681646334459
12.412412412412412,126.97432301517047,-158.20332716394324,10.229624894528733,-76.09701666354479
12.432432432432432,127.17912031035623,-159.7267909610112,10.229624894528733,-76.29721686374499
12.452452452452452,127.38391760554198,-161.25426277009518,10.229624894528733,-76.49741706394519
12.472472472472473,127.58871490072774,-162.78574259119517,10.229624894528733,-76.69761726414539
12.492492492492493,127.7935121959135,-164.3212304243112,10.229624894528733,-76.8978174643456
12.512512512512512,127.99830949109925,-165.86072626944326,10.229624894528733,-77.0980176645458
12.532532532532532,128.20310678628502,-167.40423012659133,10.229624894528733,-77.298217864746
12.552552552552552,128.40790408147078,-168.9517419957554,10.229624894528733,-77.4984180649462
12.572572572572573,128.61270137665653,-170.5032618769355,10.229624894528733,-77.6986182651464
12.592592592592593,128.8174986718423,-172.05878977013163,10.229624894528733,-77.8988184653466
12.612612612612612,129.02229596702804,-173.61832567534378,10.229624894528733,-78.0990186655468
12.632632632632632,129.2270932622138,-175.18186959257196,10.229624894528733,-78.299218865747
12.652652652652652,129.43189055739956,-176.74942152181615,10.229624894528733,-78.4994190659472
12.672672672672673,129.6366878525853,-178.32098146307635,10.229624894528733,-78.6996192661474
12.692692692692694,129.84148514777107,-179.89654941635257,10.229624894528733,-78.8998194663476
12.712712712712712,130.04628244295682,-181.4761253816448,10.229624894528733,-79.1000196665478
12.732732732732732,130.25107973814258,-183.05970935895306,10.229624894528733,-79.300219866748
12.752752752752752,130.45587703332833,-184.64730134827735,10.229624894528733,-79.5004200669482
12.772772772772774,130.6606743285141,-186.23890134961766,10.229624894528733,-79.7006202671484
12.792792792792794,130.86547162369985,-187.834509362974,10.229624894528733,-79.9008204673486
12.812812812812812,131.0702689188856,-189.43412538834633,10.229624894528733,-80.1010206675488
12.832832832832832,131.27506621407136,-191.0377494257347,10.229624894528733,-80.301220867749
12.852852852852852,131.47986350925711,-192.64538147513906,10.229624894528733,-80.5014210679492
12.872872872872874,131.68466080444287,-194.25702153655948,10.229624894528733,-80.7016212681494
12.892892892892894,131.88945809962863,-195.8726696099959,10.229624894528733,-80.9018214683496
12.912912912912912,132.09425539481438,-197.49232569544836,10.229624894528733,-81.1020216685498
12.932932932932932,132.29905269000014,-199.11598979291682,10.229624894528733,-81.30222186875
12.952952952952952,132.5038499851859,-200.7436619024013,10.229624894528733,-81.5024220689502
12.972972972972974,132.70864728037165,-202.3753420239018,10.229624894528733,-81.7026222691504
12.992992992992994,132.9134445755574,-204.01103015741833,10.229624894528733,-81.9028224693506
13.013013013013012,133.11824187074316,-205.6507263029509,10.229624894528733,-82.1030226695508
13.033033033033032,133.32303916592892,-207.29443046049946,10.229624894528733,-82.303222869751
13.053053053053052,133.52783646111467,-208.94214263006404,10.229624894528733,-82.5034230699512
13.073073073073074,133.73263375630043,-210.59386281164464,10.229624894528733,-82.7036232701514
13.093093093093094,133.9374310514862,-212.24959100524126,10.229624894528733,-82.9038234703516
13.113113113113112,134.14222834667194,-213.9093272108539,10.229624894528733,-83.1040236705518
13.133133133133132,134.3470256418577,-215.57307142848256,10.229624894528733,-83.304223870752
13.153153153153154,134.55182293704345,-217.24082365812725,10.229624894528733,-83.5044240709522
13.173173173173174,134.7566202322292,-218.91258389978796,10.229624894528733,-83.7046242711524
13.193193193193194,134.96141752741497,-220.58835215346468,10.229624894528733,-83.9048244713526
13.213213213213212,135.16621482260072,-222.26812841915742,10.229624894528733,-84.1050246715528
13.233233233233232,135.37101211778648,-223.95191269686617,10.229624894528733,-84.305224871753
13.253253253253254,135.57580941297223,-225.63970498659097,10.229624894528733,-84.5054250719532
13.273273273273274,135.780606708158,-227.33150528833178,10.229624894528733,-84.7056252721534
13.293293293293294,135.98540400334375,-229.0273136020886,10.229624894528733,-84.9058254723536
13.313313313313312,136.1902012985295,-230.72712992786145,10.229624894528733,-85.1060256725538
13.333333333333332,136.39499859371526,-232.4309542656503,10.229624894528733,-85.306225872754
13.353353353353354,136.599795888901,-234.1387866154552,10.229624894528733,-85.5064260729542
13.373373373373374,136.80459318408677,-235.8506269772761,10.229624894528733,-85.7066262731544
13.393393393393394,137.00939047927253,-237.56647535111304,10.229624894528733,-85.9068264733546
13.413413413413412,137.21418777445828,-239.286331736966,10.229624894528733,-86.1070266735548
13.433433433433432,137.41898506964404,-241.01019613483496,10.229624894528733,-86.307226873755
13.453453453453454,137.6237823648298,-242.73806854471994,10.229624894528733,-86.5074270739552
13.473473473473474,137.82857966001555,-244.46994896662093,10.229624894528733,-86.7076272741554
13.493493493493494,138.0333769552013,-246.20583740053794,10.229624894528733,-86.9078274743556
13.513513513513512,138.23817425038706,-247.945733846471,10.229624894528733,-87.1080276745558
13.533533533533532,138.44297154557282,-249.68963830442007,10.229624894528733,-87.308227874756
13.553553553553554,138.64776884075857,-251.43755077438516,10.229624894528733,-87.5084280749562
13.573573573573574,138.85256613594433,-253.18947125636626,10.229624894528733,-87.7086282751564
13.593593593593594,139.05736343113009,-254.94539975036338,10.229624894528733,-87.9088284753566
13.613613613613612,139.26216072631584,-256.70533625637654,10.229624894528733,-88.1090286755568
13.633633633633632,139.4669580215016,-258.4692807744057,10.229624894528733,-88.309228875757
13.653653653653654,139.67175531668735,-260.2372333044509,10.229624894528733,-88.5094290759572
13.673673673673674,139.8765526118731,-262.0091938465121,10.229624894528733,-88.7096292761574
13.693693693693694,140.08134990705886,-263.78516240058934,10.229624894528733,-88.9098294763576
13.713713713713712,140.28614720224462,-265.5651389666826,10.229624894528733,-89.1100296765578
13.733733733733732,140.49094449743038,-267.34912354479184,10.229624894528733,-89.310229876758
13.753753753753754,140.69574179261613,-269.1371161349171,10.229624894528733,-89.5104300769582
13.773773773773774,140.9005390878019,-270.9291167370584,10.229624894528733,-89.7106302771584
13.793793793793794,141.10533638298764,-272.7251253512157,10.229624894528733,-89.9108304773586
13.813813813813812,141.3101336781734,-274.525141977389,10.229624894528733,-90.1110306775588
13.833833833833832,141.51493097335916,-276.3291666155784,10.229624894528733,-90.311230877759
13.853853853853854,141.7197282685449,-278.1371992657838,10.229624894528733,-90.5114310779592
13.873873873873874,141.92452556373067,-279.9492399280052,10.229624894528733,-90.7116312781594
13.893893893893894,142.12932285891642,-281.76528860224266,10.229624894528733,-90.9118314783596
13.913913913913913,142.33412015410218,-283.5853452884961,10.229624894528733,-91.1120316785598
13.933933933933933,142.53891744928794,-285.4094099867656,10.229624894528733,-91.31223187876
13.953953953953954,142.7437147444737,-287.23748269705106,10.229624894528733,-91.5124320789602
13.973973973973974,142.94851203965945,-289.06956341935256,10.229624894528733,-91.7126322791604
13.993993993993994,143.1533093348452,-290.9056521536701,10.229624894528733,-91.9128324793606
14.014014014014013,143.35810663003096,-292.7457489000036,10.229624894528733,-92.1130326795608
14.034034034034033,143.56290392521672,-294.58985365835315,10.229624894528733,-92.313232879761
14.054054054054054,143.76770122040247,-296.4379664287187,10.229624894528733,-92.5134330799612
14.074074074074074,143.97249851558823,-298.29008721110034,10.229624894528733,-92.7136332801614
14.094094094094094,144.17729581077398,-300.146216005498,10.229624894528733,-92.9138334803616
14.114114114114113,144.38209310595974,-302.00635281191165,10.229624894528733,-93.1140336805618
14.134134134134133,144.5868904011455,-303.87049763034133,10.229624894528733,-93.314233880762
14.154154154154154,144.79168769633125,-305.738650460787,10.229624894528733,-93.5144340809622
14.174174174174174,144.996484991517,-307.61081130324874,10.229624894528733,-93.7146342811624
14.194194194194194,145.20128228670276,-309.48698015772646,10.229624894528733,-93.9148344813626
14.214214214214213,145.40607958188852,-311.3671570242202,10.229624894528733,-94.1150346815628
14.234234234234233,145.61087687707428,-313.25134190272996,10.229624894528733,-94.315234881763
14.254254254254255,145.81567417226003,-315.13953479325573,10.229624894528733,-94.5154350819632
14.274274274274275,146.0204714674458,-317.0317356957975,10.229624894528733,-94.7156352821634
14.294294294294295,146.22526876263154,-318.9279446103553,10.229624894528733,-94.9158354823636
14.314314314314313,146.4300660578173,-320.82816153692914,10.229624894528733,-95.1160356825638
14.334334334334333,146.63486335300306,-322.73238647551904,10.229624894528733,-95.316235882764
14.354354354354355,146.8396606481888,-324.64061942612494,10.229624894528733,-95.5164360829642
14.374374374374375,147.04445794337457,-326.55286038874686,10.229624894528733,-95.7166362831644
14.394394394394395,147.24925523856032,-328.4691093633848,10.229624894528733,-95.9168364833646
14.414414414414413,147.45405253374608,-330.38936635003876,10.229624894528733,-96.1170366835648
14.434434434434436,147.65884982893184,-332.3136313487087,10.229624894528733,-96.317236883765
14.454454454454455,147.8636471241176,-334.2419043593947,10.229624894528733,-96.5174370839652
14.474474474474475,148.06844441930335,-336.1741853820967,10.229624894528733,-96.7176372841654
14.494494494494495,148.2732417144891,-338.1104744168147,10.229624894528733,-96.9178374843656
14.514514514514513,148.47803900967486,-340.05077146354876,10.229624894528733,-97.1180376845658
14.534534534534536,148.68283630486061,-341.9950765222988,10.229624894528733,-97.318237884766
14.554554554554555,148.88763360004637,-343.94338959306486,10.229624894528733,-97.5184380849662
14.574574574574575,149.09243089523213,-345.895710675847,10.229624894528733,-97.7186382851664
14.594594594594595,149.29722819041788,-347.85203977064515,10.229624894528733,-97.9188384853666
14.614614614614613,149.50202548560364,-349.8123768774593,10.229624894528733,-98.1190386855668
14.634634634634637,149.7068227807894,-351.7767219962895,10.229624894528733,-98.319238885767
14.654654654654655,149.91162007597515,-353.7450751271357,10.229624894528733,-98.5194390859672
14.674674674674675,150.1164173711609,-355.7174362699979,10.229624894528733,-98.7196392861674
14.694694694694695,150.32121466634666,-357.69380542487613,10.229624894528733,-98.91983948636761
14.714714714714713,150.52601196153242,-359.6741825917704,10.229624894528733,-99.12003968656781
14.734734734734737,150.73080925671817,-361.65856777068063,10.229624894528733,-99.32023988676801
14.754754754754755,150.93560655190393,-363.6469609616069,10.229624894528733,-99.52044008696821
14.774774774774775,151.1404038470897,-365.6393621645492,10.229624894528733,-99.72064028716841
14.794794794794795,151.34520114227544,-367.6357713795075,10.229624894528733,-99.92084048736861
14.814814814814813,151.5499984374612,-369.6361886064818,10.229624894528733,-100.12104068756881
14.834834834834837,151.75479573264695,-371.6406138454722,10.229624894528733,-100.32124088776901
14.854854854854855,151.9595930278327,-373.6490470964786,10.229624894528733,-100.52144108796921
14.874874874874875,152.16439032301847,-375.66148835950105,10.229624894528733,-100.72164128816941
14.894894894894895,152.36918761820422,-377.6779376345395,10.229624894528733,-100.92184148836961
14.914914914914913,152.57398491338998,-379.69839492159394,10.229624894528733,-101.12204168856981
14.934934934934937,152.77878220857573,-381.7228602206644,10.229624894528733,-101.32224188877001
14.954954954954955,152.9835795037615,-383.7513335317509,10.229624894528733,-101.52244208897021
14.974974974974975,153.18837679894725,-385.7838148548534,10.229624894528733,-101.72264228917041
14.994994994994995,153.393174094133,-387.8203041899719,10.229624894528733,-101.92284248937061
15.015015015015013,153.59797138931876,-389.86080153710645,10.229624894528733,-102.12304268957081
15.035035035035037,153.8027686845045,-391.905306896257,10.229624894528733,-102.32324288977101
15.055055055055055,154.00756597969027,-393.95382026742357,10.229624894528733,-102.52344308997121
15.075075075075075,154.21236327487603,-396.00634165060615,10.229624894528733,-102.72364329017141
15.095095095095095,154.41716057006178,-398.0628710458048,10.229624894528733,-102.92384349037161
15.115115115115113,154.62195786524754,-400.12340845301947,10.229624894528733,-103.12404369057181
15.135135135135137,154.8267551604333,-402.18795387225015,10.229624894528733,-103.32424389077201
15.155155155155155,155.03155245561905,-404.25650730349685,10.229624894528733,-103.52444409097221
15.175175175175175,155.2363497508048,-406.32906874675956,10.229624894528733,-103.72464429117241
15.195195195195195,155.44114704599056,-408.4056382020383,10.229624894528733,-103.92484449137261
15.215215215215213,155.64594434117632,-410.48621566933303,10.229624894528733,-104.12504469157281
15.235235235235237,155.85074163636207,-412.5708011486438,10.229624894528733,-104.32524489177301
15.255255255255255,156.05553893154783,-414.65939463997057,10.229624894528733,-104.52544509197321
15.275275275275275,156.26033622673359,-416.75199614331336,10.229624894528733,-104.72564529217341
15.295295295295295,156.46513352191934,-418.84860565867217,10.229624894528733,-104.92584549237361
15.315315315315313,156.6699308171051,-420.949223186047,10.229624894528733,-105.12604569257381
15.335335335335337,156.87472811229085,-423.0538487254379,10.229624894528733,-105.32624589277401
15.355355355355355,157.0795254074766,-425.1624822768448,10.229624894528733,-105.52644609297421
15.375375375375375,157.28432270266237,-427.2751238402677,10.229624894528733,-105.72664629317441
15.395395395395395,157.48911999784812,-429.39177341570667,10.229624894528733,-105.92684649337461
15.415415415415413,157.69391729303388,-431.5124310031616,10.229624894528733,-106.12704669357481
15.435435435435437,157.89871458821963,-433.6370966026326,10.229624894528733,-106.32724689377501
15.455455455455455,158.1035118834054,-435.7657702141196,10.229624894528733,-106.52744709397521
15.475475475475475,158.30830917859114,-437.8984518376226,10.229624894528733,-106.72764729417541
15.495495495495495,158.5131064737769,-440.0351414731416,10.229624894528733,-106.92784749437561
15.515515515515514,158.71790376896266,-442.17583912067664,10.229624894528733,-107.12804769457581
15.535535535535537,158.9227010641484,-444.3205447802277,10.229624894528733,-107.32824789477601
15.555555555555555,159.12749835933417,-446.46925845179476,10.229624894528733,-107.52844809497621
15.575575575575575,159.33229565451992,-448.62198013537784,10.229624894528733,-107.72864829517641
15.595595595595595,159.53709294970568,-450.778709830977,10.229624894528733,-107.92884849537661
15.615615615615614,159.74189024489144,-452.93944753859216,10.229624894528733,-108.12904869557681
15.635635635635637,159.9466875400772,-455.10419325822335,10.229624894528733,-108.32924889577701
15.655655655655655,160.15148483526295,-457.27294698987055,10.229624894528733,-108.52944909597721
15.675675675675675,160.3562821304487,-459.44570873353376,10.229624894528733,-108.72964929617741
15.695695695695695,160.56107942563446,-461.622478489213,10.229624894528733,-108.92984949637761
15.715715715715717,160.76587672082022,-463.80325625690824,10.229624894528733,-109.13004969657781
15.735735735735737,160.97067401600597,-465.9880420366195,10.229624894528733,-109.33024989677801
15.755755755755755,161.17547131119173,-468.1768358283468,10.229624894528733,-109.53045009697821
15.775775775775776,161.38026860637748,-470.3696376320901,10.229624894528733,-109.73065029717841
15.795795795795796,161.58506590156324,-472.5664474478494,10.229624894528733,-109.93085049737861
15.815815815815817,161.789863196749,-474.7672652756247,10.229624894528733,-110.13105069757881
15.835835835835837,161.99466049193475,-476.97209111541605,10.229624894528733,-110.33125089777901
15.855855855855856,162.1994577871205,-479.18092496722346,10.229624894528733,-110.53145109797921
15.875875875875876,162.40425508230626,-481.3937668310469,10.229624894528733,-110.73165129817941
15.895895895895896,162.60905237749202,-483.61061670688633,10.229624894528733,-110.93185149837961
15.915915915915917,162.81384967267778,-485.8314745947418,10.229624894528733,-111.13205169857982
15.935935935935937,163.01864696786353,-488.05634049461327,10.229624894528733,-111.33225189878002
15.955955955955956,163.2234442630493,-490.28521440650076,10.229624894528733,-111.53245209898022
15.975975975975976,163.42824155823504,-492.51809633040426,10.229624894528733,-111.73265229918042
15.995995995995996,163.6330388534208,-494.7549862663238,10.229624894528733,-111.93285249938062
16.016016016016017,163.83783614860656,-496.9958842142593,10.229624894528733,-112.13305269958082
16.036036036036037,164.0426334437923,-499.2407901742109,10.229624894528733,-112.33325289978102
16.056056056056057,164.24743073897807,-501.48970414617844,10.229624894528733,-112.53345309998122
16.076076076076077,164.45222803416382,-503.742626130162,10.229624894528733,-112.73365330018142
16.096096096096094,164.65702532934958,-505.9995561261617,10.229624894528733,-112.93385350038162
16.116116116116117,164.86182262453534,-508.26049413417735,10.229624894528733,-113.13405370058182
16.136136136136138,165.0666199197211,-510.52544015420904,10.229624894528733,-113.33425390078202
16.156156156156158,165.27141721490685,-512.7943941862567,10.229624894528733,-113.53445410098222
16.176176176176178,165.4762145100926,-515.0673562303203,10.229624894528733,-113.73465430118242
16.196196196196194,165.68101180527836,-517.3443262864,10.229624894528733,-113.93485450138262
16.216216216216218,165.88580910046412,-519.6253043544957,10.229624894528733,-114.13505470158282
16.236236236236238,166.09060639564987,-521.9102904346075,10.229624894528733,-114.33525490178302
16.256256256256258,166.29540369083563,-524.1992845267354,10.229624894528733,-114.53545510198322
16.276276276276278,166.50020098602138,-526.4922866308792,10.229624894528733,-114.73565530218342
16.296296296296294,166.70499828120714,-528.7892967470391,10.229624894528733,-114.93585550238362
16.316316316316318,166.9097955763929,-531.090314875215,10.229624894528733,-115.13605570258382
16.336336336336338,167.11459287157865,-533.3953410154069,10.229624894528733,-115.33625590278402
16.356356356356358,167.3193901667644,-535.7043751676148,10.229624894528733,-115.53645610298422
16.376376376376378,167.52418746195016,-538.0174173318387,10.229624894528733,-115.73665630318442
16.396396396396394,167.72898475713592,-540.3344675080787,10.229624894528733,-115.93685650338462
16.416416416416418,167.93378205232167,-542.6555256963346,10.229624894528733,-116.13705670358482
16.436436436436438,168.13857934750743,-544.9805918966066,10.229624894528733,-116.33725690378502
16.456456456456458,168.3433766426932,-547.3096661088946,10.229624894528733,-116.53745710398522
16.476476476476478,168.54817393787894,-549.6427483331986,10.229624894528733,-116.73765730418542
16.496496496496494,168.7529712330647,-551.9798385695186,10.229624894528733,-116.93785750438562
16.516516516516518,168.95776852825045,-554.3209368178547,10.229624894528733,-117.13805770458582
16.536536536536538,169.1625658234362,-556.6660430782067,10.229624894528733,-117.33825790478602
16.556556556556558,169.36736311862197,-559.0151573505748,10.229624894528733,-117.53845810498622
16.576576576576578,169.57216041380772,-561.3682796349589,10.229624894528733,-117.73865830518642
16.596596596596594,169.77695770899348,-563.725409931359,10.229624894528733,-117.93885850538662
16.616616616616618,169.98175500417923,-566.0865482397751,10.229624894528733,-118.13905870558682
16.636636636636638,170.186552299365,-568.4516945602072,10.229624894528733,-118.33925890578702
16.656656656656658,170.39134959455075,-570.8208488926554,10.229624894528733,-118.53945910598722
16.676676676676678,170.5961468897365,-573.1940112371195,10.229624894528733,-118.73965930618742
16.696696696696694,170.80094418492226,-575.5711815935997,10.229624894528733,-118.93985950638762
16.716716716716718,171.00574148010801,-577.9523599620959,10.229624894528733,-119.14005970658782
16.736736736736738,171.21053877529377,-580.3375463426082,10.229624894528733,-119.34025990678802
16.756756756756758,171.41533607047953,-582.7267407351366,10.229624894528733,-119.54046010698822
16.776776776776778,171.62013336566528,-585.1199431396809,10.229624894528733,-119.74066030718842
16.796796796796794,171.82493066085104,-587.5171535562413,10.229624894528733,-119.94086050738862
16.816816816816818,172.0297279560368,-589.9183719848177,10.229624894528733,-120.14106070758882
16.836836836836838,172.23452525122255,-592.3235984254101,10.229624894528733,-120.34126090778902
16.856856856856858,172.4393225464083,-594.7328328780185,10.229624894528733,-120.54146110798922
16.876876876876878,172.64411984159406,-597.1460753426429,10.229624894528733,-120.74166130818942
16.896896896896898,172.84891713677982,-599.5633258192834,10.229624894528733,-120.94186150838962
16.916916916916918,173.05371443196557,-601.9845843079398,10.229624894528733,-121.14206170858982
16.936936936936938,173.25851172715133,-604.4098508086123,10.229624894528733,-121.34226190879002
16.956956956956958,173.46330902233709,-606.8391253213008,10.229624894528733,-121.54246210899022
16.976976976976978,173.66810631752284,-609.2724078460053,10.229624894528733,-121.74266230919042
16.996996996996998,173.8729036127086,-611.7096983827258,10.229624894528733,-121.94286250939062
17.017017017017018,174.07770090789435,-614.1509969314624,10.229624894528733,-122.14306270959082
17.037037037037038,174.2824982030801,-616.5963034922149,10.229624894528733,-122.34326290979102
17.057057057057058,174.48729549826587,-619.0456180649835,10.229624894528733,-122.54346310999122
17.077077077077078,174.69209279345162,-621.4989406497681,10.229624894528733,-122.74366331019142
17.097097097097098,174.89689008863738,-623.9562712465687,10.229624894528733,-122.94386351039162
17.117117117117118,175.10168738382313,-626.4176098553853,10.229624894528733,-123.14406371059182
17.137137137137138,175.3064846790089,-628.8829564762179,10.229624894528733,-123.34426391079202
17.157157157157158,175.51128197419465,-631.3523111090666,10.229624894528733,-123.54446411099222
17.177177177177178,175.7160792693804,-633.8256737539313,10.229624894528733,-123.74466431119242
17.197197197197198,175.92087656456616,-636.3030444108119,10.229624894528733,-123.94486451139262
17.217217217217218,176.1256738597519,-638.7844230797086,10.229624894528733,-124.14506471159282
17.237237237237238,176.33047115493767,-641.2698097606215,10.229624894528733,-124.34526491179302
17.25725725725726,176.53526845012343,-643.7592044535503,10.229624894528733,-124.54546511199322
17.27727727727728,176.74006574530918,-646.2526071584952,10.229624894528733,-124.74566531219342
17.2972972972973,176.94486304049494,-648.750017875456,10.229624894528733,-124.94586551239362
17.31731731731732,177.1496603356807,-651.2514366044329,10.229624894528733,-125.14606571259382
17.33733733733734,177.35445763086645,-653.7568633454258,10.229624894528733,-125.34626591279402
17.35735735735736,177.5592549260522,-656.2662980984347,10.229624894528733,-125.54646611299422
17.37737737737738,177.76405222123796,-658.7797408634597,10.229624894528733,-125.74666631319442
17.3973973973974,177.96884951642372,-661.2971916405006,10.229624894528733,-125.94686651339462
17.41741741741742,178.17364681160947,-663.8186504295576,10.229624894528733,-126.14706671359482
17.43743743743744,178.37844410679523,-666.3441172306306,10.229624894528733,-126.34726691379502
17.45745745745746,178.58324140198098,-668.8735920437196,10.229624894528733,-126.54746711399522
17.47747747747748,178.78803869716674,-671.4070748688246,10.229624894528733,-126.74766731419543
17.4974974974975,178.9928359923525,-673.9445657059456,10.229624894528733,-126.94786751439563
17.51751751751752,179.19763328753825,-676.4860645550826,10.229624894528733,-127.14806771459583
17.53753753753754,179.402430582724,-679.0315714162357,10.229624894528733,-127.34826791479603
17.55755755755756,179.60722787790976,-681.5810862894048,10.229624894528733,-127.54846811499623
17.57757757757758,179.81202517309552,-684.1346091745899,10.229624894528733,-127.74866831519643
17.5975975975976,180.01682246828128,-686.692140071791,10.229624894528733,-127.94886851539663
17.61761761761762,180.22161976346703,-689.2536789810081,10.229624894528733,-128.14906871559683
17.63763763763764,180.4264170586528,-691.8192259022412,10.229624894528733,-128.34926891579704
17.65765765765766,180.63121435383854,-694.3887808354904,10.229624894528733,-128.54946911599725
17.67767767767768,180.8360116490243,-696.9623437807555,10.229624894528733,-128.74966931619747
17.6976976976977,181.04080894421006,-699.5399147380367,10.229624894528733,-128.94986951639768
17.71771771771772,181.2456062393958,-702.1214937073339,10.229624894528733,-129.1500697165979
17.73773773773774,181.45040353458157,-704.7070806886472,10.229624894528733,-129.3502699167981
17.75775775775776,181.65520082976732,-707.2966756819766,10.229624894528733,-129.55047011699833
17.77777777777778,181.85999812495308,-709.8902786873219,10.229624894528733,-129.75067031719854
17.7977977977978,182.06479542013884,-712.4878897046833,10.229624894528733,-129.95087051739876
17.81781781781782,182.2695927153246,-715.0895087340607,10.229624894528733,-130.15107071759897
17.83783783783784,182.47439001051035,-717.6951357754541,10.229624894528733,-130.35127091779918
17.85785785785786,182.6791873056961,-720.3047708288635,10.229624894528733,-130.5514711179994
17.87787787787788,182.88398460088186,-722.918413894289,10.229624894528733,-130.7516713181996
17.8978978978979,183.08878189606762,-725.5360649717304,10.229624894528733,-130.95187151839983
17.91791791791792,183.29357919125337,-728.1577240611879,10.229624894528733,-131.15207171860004
17.93793793793794,183.49837648643913,-730.7833911626614,10.229624894528733,-131.35227191880026
17.95795795795796,183.70317378162488,-733.4130662761509,10.229624894528733,-131.55247211900047
17.97797797797798,183.90797107681064,-736.0467494016564,10.229624894528733,-131.75267231920068
17.997997997998,184.1127683719964,-738.6844405391779,10.229624894528733,-131.9528725194009
18.01801801801802,184.31756566718215,-741.3261396887154,10.229624894528733,-132.1530727196011
18.03803803803804,184.5223629623679,-743.971846850269,10.229624894528733,-132.35327291980133
18.05805805805806,184.72716025755366,-746.6215620238386,10.229624894528733,-132.55347312000154
18.07807807807808,184.93195755273942,-749.2752852094242,10.229624894528733,-132.75367332020176
18.0980980980981,185.13675484792518,-751.9330164070258,10.229624894528733,-132.95387352040197
18.11811811811812,185.34155214311093,-754.5947556166434,10.229624894528733,-133.15407372060218
18.13813813813814,185.5463494382967,-757.260502838277,10.229624894528733,-133.3542739208024
18.15815815815816,185.75114673348244,-759.9302580719267,10.229624894528733,-133.5544741210026
18.17817817817818,185.9559440286682,-762.6040213175924,10.229624894528733,-133.75467432120283
18.1981981981982,186.16074132385396,-765.281792575274,10.229624894528733,-133.95487452140304
18.21821821821822,186.3655386190397,-767.9635718449719,10.229624894528733,-134.15507472160326
18.23823823823824,186.57033591422547,-770.6493591266857,10.229624894528733,-134.35527492180347
18.25825825825826,186.77513320941122,-773.3391544204155,10.229624894528733,-134.55547512200368
18.27827827827828,186.97993050459698,-776.0329577261614,10.229624894528733,-134.7556753222039
18.2982982982983,187.18472779978273,-778.7307690439233,10.229624894528733,-134.9558755224041
18.31831831831832,187.3895250949685,-781.4325883737012,10.229624894528733,-135.15607572260433
18.33833833833834,187.59432239015425,-784.1384157154951,10.229624894528733,-135.35627592280454
18.35835835835836,187.79911968534,-786.848251069305,10.229624894528733,-135.55647612300476
18.37837837837838,188.00391698052576,-789.5620944351309,10.229624894528733,-135.75667632320497
18.3983983983984,188.20871427571151,-792.2799458129729,10.229624894528733,-135.95687652340519
18.41841841841842,188.41351157089727,-795.0018052028308,10.229624894528733,-136.1570767236054
18.43843843843844,188.61830886608303,-797.7276726047048,10.229624894528733,-136.3572769238056
18.45845845845846,188.82310616126878,-800.4575480185948,10.229624894528733,-136.55747712400583
18.47847847847848,189.02790345645454,-803.1914314445008,10.229624894528733,-136.75767732420604
18.4984984984985,189.2327007516403,-805.9293228824229,10.229624894528733,-136.95787752440626
18.51851851851852,189.43749804682605,-808.6712223323609,10.229624894528733,-137.15807772460647
18.53853853853854,189.6422953420118,-811.417129794315,10.229624894528733,-137.35827792480669
18.55855855855856,189.84709263719756,-814.167045268285,10.229624894528733,-137.5584781250069
18.57857857857858,190.05188993238332,-816.9209687542711,10.229624894528733,-137.75867832520711
18.5985985985986,190.25668722756907,-819.6789002522733,10.229624894528733,-137.95887852540733
18.61861861861862,190.46148452275483,-822.4408397622914,10.229624894528733,-138.15907872560754
18.63863863863864,190.6662818179406,-825.2067872843255,10.229624894528733,-138.35927892580776
18.65865865865866,190.87107911312634,-827.9767428183757,10.229624894528733,-138.55947912600797
18.67867867867868,191.0758764083121,-830.7507063644418,10.229624894528733,-138.7596793262082
18.6986986986987,191.28067370349785,-833.5286779225241,10.229624894528733,-138.9598795264084
18.71871871871872,191.4854709986836,-836.3106574926225,10.229624894528733,-139.16007972660861
18.73873873873874,191.69026829386937,-839.0966450747368,10.229624894528733,-139.36027992680883
18.75875875875876,191.89506558905512,-841.8866406688671,10.229624894528733,-139.56048012700904
18.77877877877878,192.09986288424088,-844.6806442750135,10.229624894528733,-139.76068032720926
18.7987987987988,192.30466017942663,-847.4786558931759,10.229624894528733,-139.96088052740947
18.81881881881882,192.5094574746124,-850.2806755233543,10.229624894528733,-140.1610807276097
18.83883883883884,192.71425476979815,-853.0867031655487,10.229624894528733,-140.3612809278099
18.85885885885886,192.9190520649839,-855.8967388197591,10.229624894528733,-140.56148112801012
18.87887887887888,193.12384936016966,-858.7107824859855,10.229624894528733,-140.76168132821033
18.8988988988989,193.3286466553554,-861.528834164228,10.229624894528733,-140.96188152841054
18.91891891891892,193.53344395054117,-864.3508938544865,10.229624894528733,-141.16208172861076
18.93893893893894,193.73824124572693,-867.176961556761,10.229624894528733,-141.36228192881097
18.95895895895896,193.94303854091268,-870.0070372710514,10.229624894528733,-141.5624821290112
18.97897897897898,194.14783583609844,-872.841120997358,10.229624894528733,-141.7626823292114
18.998998998999,194.3526331312842,-875.6792127356805,10.229624894528733,-141.96288252941162
19.01901901901902,194.55743042646995,-878.521312486019,10.229624894528733,-142.16308272961183
19.03903903903904,194.7622277216557,-881.3674202483736,10.229624894528733,-142.36328292981204
19.05905905905906,194.96702501684146,-884.2175360227442,10.229624894528733,-142.56348313001226
19.07907907907908,195.17182231202722,-887.0716598091308,10.229624894528733,-142.76368333021247
19.0990990990991,195.37661960721297,-889.9297916075334,10.229624894528733,-142.9638835304127
19.11911911911912,195.58141690239873,-892.791931417952,10.229624894528733,-143.1640837306129
19.13913913913914,195.78621419758448,-895.6580792403867,10.229624894528733,-143.36428393081312
19.15915915915916,195.99101149277024,-898.5282350748373,10.229624894528733,-143.56448413101333
19.17917917917918,196.195808787956,-901.4023989213041,10.229624894528733,-143.76468433121354
19.1991991991992,196.40060608314175,-904.2805707797869,10.229624894528733,-143.96488453141376
19.21921921921922,196.6054033783275,-907.1627506502857,10.229624894528733,-144.16508473161397
19.23923923923924,196.81020067351326,-910.0489385328005,10.229624894528733,-144.3652849318142
19.25925925925926,197.01499796869902,-912.9391344273314,10.229624894528733,-144.5654851320144
19.27927927927928,197.21979526388478,-915.8333383338783,10.229624894528733,-144.76568533221462
19.2992992992993,197.42459255907053,-918.7315502524411,10.229624894528733,-144.96588553241483
19.31931931931932,197.6293898542563,-921.63377018302,10.229624894528733,-145.16608573261504
19.33933933933934,197.83418714944204,-924.5399981256149,10.229624894528733,-145.36628593281526
19.35935935935936,198.0389844446278,-927.4502340802259,10.229624894528733,-145.56648613301547
19.37937937937938,198.24378173981356,-930.3644780468528,10.229624894528733,-145.7666863332157
19.3993993993994,198.4485790349993,-933.2827300254958,10.229624894528733,-145.9668865334159
19.41941941941942,198.65337633018507,-936.2049900161547,10.229624894528733,-146.16708673361612
19.43943943943944,198.85817362537082,-939.1312580188297,10.229624894528733,-146.36728693381633
19.45945945945946,199.06297092055658,-942.0615340335207,10.229624894528733,-146.56748713401655
19.47947947947948,199.26776821574234,-944.9958180602277,10.229624894528733,-146.76768733421676
19.4994994994995,199.4725655109281,-947.9341100989508,10.229624894528733,-146.96788753441697
19.51951951951952,199.67736280611385,-950.8764101496898,10.229624894528733,-147.1680877346172
19.53953953953954,199.8821601012996,-953.8227182124449,10.229624894528733,-147.3682879348174
19.55955955955956,200.08695739648536,-956.773034287216,10.229624894528733,-147.56848813501762
19.57957957957958,200.29175469167112,-959.7273583740031,10.229624894528733,-147.76868833521783
19.5995995995996,200.49655198685687,-962.6856904728062,10.229624894528733,-147.96888853541805
19.61961961961962,200.70134928204263,-965.6480305836253,10.229624894528733,-148.16908873561826
19.63963963963964,200.90614657722838,-968.6143787064606,10.229624894528733,-148.36928893581847
19.65965965965966,201.11094387241414,-971.5847348413118,10.229624894528733,-148.5694891360187
19.67967967967968,201.3157411675999,-974.5590989881791,10.229624894528733,-148.7696893362189
19.6996996996997,201.52053846278565,-977.5374711470624,10.229624894528733,-148.96988953641912
19.71971971971972,201.7253357579714,-980.5198513179618,10.229624894528733,-149.17008973661933
19.73973973973974,201.93013305315716,-983.5062395008771,10.229624894528733,-149.37028993681955
19.75975975975976,202.13493034834292,-986.4966356958084,10.229624894528733,-149.57049013701976
19.77977977977978,202.33972764352868,-989.4910399027558,10.229624894528733,-149.77069033721997
19.7997997997998,202.54452493871443,-992.4894521217192,10.229624894528733,-149.9708905374202
19.81981981981982,202.7493222339002,-995.4918723526986,10.229624894528733,-150.1710907376204
19.83983983983984,202.95411952908594,-998.498300595694,10.229624894528733,-150.37129093782062
19.85985985985986,203.1589168242717,-1001.5087368507054,10.229624894528733,-150.57149113802083
19.87987987987988,203.36371411945746,-1004.5231811177329,10.229624894528733,-150.77169133822105
19.8998998998999,203.5685114146432,-1007.5416333967763,10.229624894528733,-150.97189153842126
19.91991991991992,203.77330870982897,-1010.5640936878358,10.229624894528733,-151.17209173862148
19.93993993993994,203.97810600501472,-1013.5905619909113,10.229624894528733,-151.3722919388217
19.95995995995996,204.18290330020048,-1016.6210383060028,10.229624894528733,-151.5724921390219
19.97997997997998,204.38770059538624,-1019.6555226331103,10.229624894528733,-151.77269233922212
20.0,204.592497890572,-1022.6940149722338,10.229624894528733,-151.97289253942233
