t,xpos,ypos,vx,vy
0.0,0.0,14.729966450411903,1.6554395569201885,0.9318202473453738
0.02002002002002002,0.03314193307147525,14.748621510418817,1.6554395569201885,0.7316200471451737
0.04004004004004004,0.0662838661429505,14.763268558409711,1.6554395569201885,0.5314198469449736
0.06006006006006006,0.09942579921442574,14.773907594384585,1.6554395569201885,0.3312196467447734
0.08008008008008008,0.132567732285901,14.78053861834344,1.6554395569201885,0.1310194465445732
0.10010010010010009,0.16570966535737625,14.783161630286275,1.6554395569201885,-0.06918075365562698
0.12012012012012012,0.1988515984288515,14.78177663021309,1.6554395569201885,-0.26938095385582717
0.14014014014014015,0.23199353150032676,14.776383618123884,1.6554395569201885,-0.46958115405602735
0.16016016016016016,0.265135464571802,14.766982594018659,1.6554395569201885,-0.6697813542562275
0.18018018018018017,0.2982773976432772,14.753573557897413,1.6554395569201885,-0.8699815544564278
0.20020020020020018,0.33141933071475244,14.736156509760146,1.6554395569201885,-1.070181754656628
0.22022022022022023,0.36456126378622766,14.71473144960686,1.6554395569201885,-1.270381954856828
0.24024024024024024,0.3977031968577029,14.689298377437554,1.6554395569201885,-1.4705821550570282
0.2602602602602603,0.4308451299291781,14.659857293252228,1.6554395569201885,-1.6707823552572283
0.2802802802802803,0.46398706300065334,14.626408197050882,1.6554395569201885,-1.8709825554574284
0.3003003003003003,0.49712899607212857,14.588951088833516,1.6554395569201885,-2.0711827556576288
0.3203203203203203,0.5302709291436039,14.54748596860013,1.6554395569201885,-2.271382955857829
0.3403403403403404,0.5634128622150791,14.502012836350724,1.6554395569201885,-2.471583156058029
0.36036036036036034,0.5965547952865544,14.452531692085298,1.6554395569201885,-2.671783356258229
0.3803803803803804,0.6296967283580297,14.399042535803853,1.6554395569201885,-2.8719835564584293
0.40040040040040037,0.662838661429505,14.341545367506386,1.6554395569201885,-3.0721837566586294
0.42042042042042044,0.6959805945009803,14.2800401871929,1.6554395569201885,-3.2723839568588295
0.44044044044044045,0.7291225275724555,14.214526994863395,1.6554395569201885,-3.4725841570590297
0.4604604604604605,0.7622644606439308,14.14500579051787,1.6554395569201885,-3.67278435725923
0.4804804804804805,0.7954063937154061,14.071476574156323,1.6554395569201885,-3.87298455745943
0.5005005005005005,0.8285483267868814,13.993939345778756,1.6554395569201885,-4.0731847576596305
0.5205205205205206,0.8616902598583567,13.91239410538517,1.6554395569201885,-4.273384957859831
0.5405405405405406,0.894832192929832,13.826840852975563,1.6554395569201885,-4.473585158060031
0.5605605605605606,0.9279741260013072,13.737279588549937,1.6554395569201885,-4.673785358260231
0.5805805805805806,0.9611160590727825,13.64371031210829,1.6554395569201885,-4.873985558460431
0.6006006006006006,0.9942579921442578,13.546133023650624,1.6554395569201885,-5.074185758660631
0.6206206206206206,1.027399925215733,13.444547723176937,1.6554395569201885,-5.274385958860831
0.6406406406406406,1.0605418582872084,13.338954410687231,1.6554395569201885,-5.474586159061031
0.6606606606606606,1.0936837913586837,13.229353086181504,1.6554395569201885,-5.6747863592612315
0.6806806806806808,1.126825724430159,13.115743749659758,1.6554395569201885,-5.874986559461432
0.7007007007007007,1.1599676575016342,12.998126401121992,1.6554395569201885,-6.075186759661632
0.7207207207207207,1.1931095905731095,12.876501040568206,1.6554395569201885,-6.275386959861832
0.7407407407407407,1.2262515236445848,12.7508676679984,1.6554395569201885,-6.475587160062032
0.7607607607607608,1.25939345671606,12.621226283412573,1.6554395569201885,-6.675787360262232
0.7807807807807808,1.2925353897875353,12.487576886810727,1.6554395569201885,-6.875987560462432
0.8008008008008007,1.3256773228590106,12.349919478192861,1.6554395569201885,-7.076187760662632
0.8208208208208208,1.358819255930486,12.208254057558975,1.6554395569201885,-7.276387960862833
0.8408408408408409,1.3919611890019612,12.062580624909067,1.6554395569201885,-7.476588161063033
0.8608608608608609,1.4251031220734365,11.91289918024314,1.6554395569201885,-7.676788361263233
0.8808808808808809,1.4582450551449118,11.759209723561193,1.6554395569201885,-7.876988561463433
0.9009009009009008,1.491386988216387,11.601512254863227,1.6554395569201885,-8.077188761663633
0.920920920920921,1.5245289212878623,11.43980677414924,1.6554395569201885,-8.277388961863833
0.9409409409409409,1.5576708543593376,11.274093281419233,1.6554395569201885,-8.477589162064033
0.960960960960961,1.590812787430813,11.104371776673206,1.6554395569201885,-8.677789362264233
0.980980980980981,1.6239547205022882,10.93064225991116,1.6554395569201885,-8.877989562464434
1.001001001001001,1.6570966535737635,10.752904731133093,1.6554395569201885,-9.078189762664634
1.021021021021021,1.6902385866452387,10.571159190339007,1.6554395569201885,-9.278389962864834
1.0410410410410411,1.723380519716714,10.3854056375289,1.6554395569201885,-9.478590163065034
1.0610610610610611,1.7565224527881893,10.195644072702773,1.6554395569201885,-9.678790363265234
1.0810810810810811,1.7896643858596646,10.001874495860626,1.6554395569201885,-9.878990563465434
1.1011011011011012,1.8228063189311399,9.80409690700246,1.6554395569201885,-10.079190763665634
1.1211211211211212,1.8559482520026152,9.602311306128273,1.6554395569201885,-10.279390963865835
1.1411411411411412,1.8890901850740904,9.396517693238067,1.6554395569201885,-10.479591164066035
1.1611611611611612,1.9222321181455657,9.18671606833184,1.6554395569201885,-10.679791364266235
1.1811811811811812,1.955374051217041,8.972906431409593,1.6554395569201885,-10.879991564466435
1.2012012012012012,1.9885159842885163,8.755088782471326,1.6554395569201885,-11.080191764666635
1.2212212212212212,2.0216579173599913,8.533263121517038,1.6554395569201885,-11.280391964866835
1.2412412412412412,2.0547998504314666,8.307429448546731,1.6554395569201885,-11.480592165067035
1.2612612612612613,2.087941783502942,8.077587763560404,1.6554395569201885,-11.680792365267235
1.2812812812812813,2.121083716574417,7.843738066558057,1.6554395569201885,-11.880992565467436
1.3013013013013013,2.1542256496458925,7.60588035753969,1.6554395569201885,-12.081192765667636
1.3213213213213213,2.1873675827173678,7.364014636505303,1.6554395569201885,-12.281392965867836
1.3413413413413413,2.220509515788843,7.118140903454895,1.6554395569201885,-12.481593166068036
1.3613613613613615,2.2536514488603183,6.868259158388468,1.6554395569201885,-12.681793366268236
1.3813813813813813,2.2867933819317936,6.61436940130602,1.6554395569201885,-12.881993566468436
1.4014014014014013,2.319935315003269,6.356471632207553,1.6554395569201885,-13.082193766668636
1.4214214214214214,2.353077248074744,6.094565851093066,1.6554395569201885,-13.282393966868836
1.4414414414414414,2.3862191811462194,5.828652057962558,1.6554395569201885,-13.482594167069037
1.4614614614614616,2.4193611142176947,5.558730252816031,1.6554395569201885,-13.682794367269237
1.4814814814814814,2.45250304728917,5.284800435653484,1.6554395569201885,-13.882994567469437
1.5015015015015014,2.4856449803606453,5.006862606474916,1.6554395569201885,-14.083194767669637
1.5215215215215216,2.5187869134321206,4.724916765280329,1.6554395569201885,-14.283394967869837
1.5415415415415414,2.551928846503596,4.438962912069722,1.6554395569201885,-14.483595168070037
1.5615615615615617,2.585070779575071,4.149001046843095,1.6554395569201885,-14.683795368270237
1.5815815815815815,2.6182127126465464,3.8550311696004473,1.6554395569201885,-14.883995568470437
1.6016016016016015,2.6513546457180217,3.55705328034178,1.6554395569201885,-15.084195768670638
1.6216216216216217,2.684496578789497,3.2550673790670923,1.6554395569201885,-15.284395968870838
1.6416416416416415,2.7176385118609723,2.949073465776385,1.6554395569201885,-15.484596169071038
1.6616616616616617,2.7507804449324476,2.6390715404696574,1.6554395569201885,-15.684796369271238
1.6816816816816818,2.783922378003923,2.32506160314691,1.6554395569201885,-15.884996569471438
1.7017017017017015,2.817064311075398,2.0070436538081426,1.6554395569201885,-16.08519676967164
1.7217217217217218,2.8502062441468734,1.685017692453355,1.6554395569201885,-16.28539696987184
1.7417417417417416,2.8833481772183487,1.3589837190825476,1.6554395569201885,-16.48559717007204
1.7617617617617618,2.916490110289824,1.0289417336957198,1.6554395569201885,-16.68579737027224
1.7817817817817818,2.9496320433612992,0.6948917362928722,1.6554395569201885,-16.88599757047244
1.8018018018018016,2.9827739764327745,0.3568337268740045,1.6554395569201885,-17.08619777067264
1.8218218218218218,3.01591590950425,0.014767705439116818,1.6554395569201885,-17.28639797087284
1.841841841841842,3.049057842575725,-0.3313063280117909,1.6554395569201885,-17.48659817107304
1.8618618618618619,3.0821997756472004,-0.6813883734787186,1.6554395569201885,-17.68679837127324
1.8818818818818819,3.1153417087186757,-1.0354784309616663,1.6554395569201885,-17.88699857147344
1.9019019019019017,3.148483641790151,-1.393576500460634,1.6554395569201885,-18.08719877167364
1.921921921921922,3.1816255748616262,-1.7556825819756217,1.6554395569201885,-18.28739897187384
1.9419419419419421,3.2147675079331015,-2.1217966755066295,1.6554395569201885,-18.48759917207404
1.961961961961962,3.247909441004577,-2.4919187810536574,1.6554395569201885,-18.68779937227424
1.981981981981982,3.281051374076052,-2.866048898616705,1.6554395569201885,-18.887999572474442
2.002002002002002,3.3141933071475274,-3.244187028195773,1.6554395569201885,-19.088199772674642
2.022022022022022,3.3473352402190026,-3.6263331697908607,1.6554395569201885,-19.288399972874842
2.042042042042042,3.380477173290478,-4.0124873234019685,1.6554395569201885,-19.488600173075042
2.0620620620620618,3.413619106361953,-4.402649489029097,1.6554395569201885,-19.688800373275242
2.0820820820820822,3.4467610394334285,-4.796819666672245,1.6554395569201885,-19.889000573475442
2.1021021021021022,3.4799029725049038,-5.194997856331413,1.6554395569201885,-20.089200773675643
2.1221221221221223,3.513044905576379,-5.597184058006601,1.6554395569201885,-20.289400973875843
2.1421421421421423,3.5461868386478543,-6.003378271697809,1.6554395569201885,-20.489601174076043
2.1621621621621623,3.5793287717193296,-6.413580497405037,1.6554395569201885,-20.689801374276243
2.1821821821821823,3.612470704790805,-6.827790735128285,1.6554395569201885,-20.890001574476443
2.2022022022022023,3.64561263786228,-7.246008984867553,1.6554395569201885,-21.090201774676643
2.2222222222222223,3.6787545709337555,-7.6682352466228405,1.6554395569201885,-21.290401974876843
2.2422422422422423,3.7118965040052307,-8.09446952039415,1.6554395569201885,-21.490602175077044
2.2622622622622623,3.745038437076706,-8.524711806181477,1.6554395569201885,-21.690802375277244
2.2822822822822824,3.7781803701481813,-8.958962103984826,1.6554395569201885,-21.891002575477444
2.3023023023023024,3.8113223032196566,-9.397220413804193,1.6554395569201885,-22.091202775677644
2.3223223223223224,3.844464236291132,-9.839486735639582,1.6554395569201885,-22.291402975877844
2.3423423423423424,3.877606169362607,-10.28576106949099,1.6554395569201885,-22.491603176078044
2.3623623623623624,3.9107481024340824,-10.736043415358418,1.6554395569201885,-22.691803376278244
2.3823823823823824,3.9438900355055577,-11.190333773241866,1.6554395569201885,-22.892003576478444
2.4024024024024024,3.977031968577033,-11.648632143141334,1.6554395569201885,-23.092203776678645
2.4224224224224224,4.010173901648508,-12.110938525056822,1.6554395569201885,-23.292403976878845
2.4424424424424425,4.043315834719983,-12.57725291898833,1.6554395569201885,-23.492604177079045
2.4624624624624625,4.0764577677914575,-13.04757532493586,1.6554395569201885,-23.692804377279245
2.4824824824824825,4.109599700862932,-13.521905742899408,1.6554395569201885,-23.893004577479445
2.5025025025025025,4.142741633934407,-14.000244172878977,1.6554395569201885,-24.093204777679645
2.5225225225225225,4.175883567005882,-14.482590614874566,1.6554395569201885,-24.293404977879845
2.5425425425425425,4.209025500077357,-14.968945068886175,1.6554395569201885,-24.493605178080045
2.5625625625625625,4.242167433148832,-15.459307534913803,1.6554395569201885,-24.693805378280246
2.5825825825825826,4.2753093662203066,-15.953678012957452,1.6554395569201885,-24.894005578480446
2.6026026026026026,4.308451299291781,-16.452056503017122,1.6554395569201885,-25.094205778680646
2.6226226226226226,4.341593232363256,-16.95444300509281,1.6554395569201885,-25.294405978880846
2.6426426426426426,4.374735165434731,-17.46083751918452,1.6554395569201885,-25.494606179081046
2.6626626626626626,4.407877098506206,-17.971240045292248,1.6554395569201885,-25.694806379281246
2.6826826826826826,4.441019031577681,-18.485650583415996,1.6554395569201885,-25.895006579481446
2.7027027027027026,4.474160964649156,-19.004069133555763,1.6554395569201885,-26.095206779681646
2.722722722722723,4.50730289772063,-19.526495695711553,1.6554395569201885,-26.295406979881847
2.7427427427427427,4.540444830792105,-20.052930269883362,1.6554395569201885,-26.495607180082047
2.7627627627627627,4.57358676386358,-20.58337285607119,1.6554395569201885,-26.695807380282247
2.7827827827827827,4.606728696935055,-21.11782345427504,1.6554395569201885,-26.896007580482447
2.8028028028028027,4.63987063000653,-21.65628206449491,1.6554395569201885,-27.096207780682647
2.822822822822823,4.673012563078005,-22.1987486867308,1.6554395569201885,-27.296407980882847
2.8428428428428427,4.7061544961494794,-22.745223320982706,1.6554395569201885,-27.496608181083047
2.8628628628628627,4.739296429220954,-23.295705967250637,1.6554395569201885,-27.696808381283248
2.8828828828828827,4.772438362292429,-23.850196625534586,1.6554395569201885,-27.897008581483448
2.9029029029029028,4.805580295363904,-24.408695295834555,1.6554395569201885,-28.097208781683648
2.922922922922923,4.838722228435379,-24.971201978150543,1.6554395569201885,-28.297408981883848
2.942942942942943,4.871864161506854,-25.537716672482553,1.6554395569201885,-28.497609182084048
2.962962962962963,4.9050060945783285,-26.108239378830582,1.6554395569201885,-28.697809382284248
2.982982982982983,4.938148027649803,-26.68277009719463,1.6554395569201885,-28.89800958248445
3.003003003003003,4.971289960721278,-27.261308827574698,1.6554395569201885,-29.09820978268465
3.0230230230230233,5.004431893792753,-27.84385556997079,1.6554395569201885,-29.29840998288485
3.0430430430430433,5.037573826864228,-28.430410324382898,1.6554395569201885,-29.49861018308505
3.063063063063063,5.070715759935703,-29.020973090811026,1.6554395569201885,-29.69881038328525
3.083083083083083,5.1038576930071775,-29.615543869255173,1.6554395569201885,-29.89901058348545
3.103103103103103,5.136999626078652,-30.214122659715343,1.6554395569201885,-30.09921078368565
3.1231231231231233,5.170141559150127,-30.816709462191533,1.6554395569201885,-30.29941098388585
3.1431431431431434,5.203283492221602,-31.42330427668374,1.6554395569201885,-30.49961118408605
3.163163163163163,5.236425425293077,-32.03390710319197,1.6554395569201885,-30.69981138428625
3.183183183183183,5.269567358364552,-32.64851794171622,1.6554395569201885,-30.90001158448645
3.203203203203203,5.3027092914360265,-33.267136792256494,1.6554395569201885,-31.10021178468665
3.2232232232232234,5.335851224507501,-33.88976365481278,1.6554395569201885,-31.30041198488685
3.2432432432432434,5.368993157578976,-34.51639852938509,1.6554395569201885,-31.50061218508705
3.263263263263263,5.402135090650451,-35.14704141597342,1.6554395569201885,-31.70081238528725
3.283283283283283,5.435277023721926,-35.78169231457777,1.6554395569201885,-31.90101258548745
3.303303303303303,5.468418956793401,-36.42035122519814,1.6554395569201885,-32.10121278568765
3.3233233233233235,5.501560889864876,-37.063018147834526,1.6554395569201885,-32.30141298588785
3.3433433433433435,5.53470282293635,-37.709693082486936,1.6554395569201885,-32.50161318608805
3.3633633633633635,5.567844756007825,-38.36037602915537,1.6554395569201885,-32.70181338628825
3.383383383383383,5.6009866890793,-39.015066987839816,1.6554395569201885,-32.90201358648845
3.403403403403403,5.634128622150775,-39.67376595854029,1.6554395569201885,-33.10221378668865
3.4234234234234235,5.66727055522225,-40.33647294125677,1.6554395569201885,-33.30241398688885
3.4434434434434436,5.700412488293725,-41.00318793598928,1.6554395569201885,-33.50261418708905
3.4634634634634636,5.733554421365199,-41.67391094273781,1.6554395569201885,-33.70281438728925
3.483483483483483,5.766696354436674,-42.34864196150236,1.6554395569201885,-33.90301458748945
3.503503503503503,5.799838287508149,-43.02738099228293,1.6554395569201885,-34.10321478768965
3.5235235235235236,5.832980220579624,-43.71012803507952,1.6554395569201885,-34.30341498788985
3.5435435435435436,5.866122153651099,-44.39688308989213,1.6554395569201885,-34.50361518809005
3.5635635635635636,5.899264086722574,-45.08764615672076,1.6554395569201885,-34.70381538829025
3.583583583583583,5.9324060197940485,-45.78241723556541,1.6554395569201885,-34.90401558849045
3.603603603603603,5.965547952865523,-46.48119632642608,1.6554395569201885,-35.10421578869065
3.6236236236236237,5.998689885936998,-47.18398342930277,1.6554395569201885,-35.30441598889085
3.6436436436436437,6.031831819008473,-47.89077854419548,1.6554395569201885,-35.50461618909105
3.6636636636636637,6.064973752079948,-48.601581671104206,1.6554395569201885,-35.70481638929125
3.683683683683684,6.098115685151423,-49.31639281002896,1.6554395569201885,-35.90501658949145
3.7037037037037033,6.1312576182228975,-50.035211960969725,1.6554395569201885,-36.10521678969165
3.7237237237237237,6.164399551294372,-50.758039123926515,1.6554395569201885,-36.30541698989185
3.7437437437437437,6.197541484365847,-51.48487429889933,1.6554395569201885,-36.50561719009205
3.7637637637637638,6.230683417437322,-52.215717485888156,1.6554395569201885,-36.70581739029225
3.783783783783784,6.263825350508797,-52.95056868489301,1.6554395569201885,-36.90601759049245
3.8038038038038033,6.296967283580272,-53.68942789591388,1.6554395569201885,-37.106217790692654
3.823823823823824,6.3301092166517465,-54.43229511895077,1.6554395569201885,-37.306417990892854
3.843843843843844,6.363251149723221,-55.17917035400368,1.6554395569201885,-37.506618191093054
3.863863863863864,6.396393082794696,-55.93005360107261,1.6554395569201885,-37.706818391293254
3.8838838838838843,6.429535015866171,-56.68494486015756,1.6554395569201885,-37.907018591493454
3.9039039039039034,6.462676948937646,-57.44384413125853,1.6554395569201885,-38.107218791693654
3.923923923923924,6.495818882009121,-58.20675141437552,1.6554395569201885,-38.307418991893854
3.943943943943944,6.528960815080596,-58.97366670950853,1.6554395569201885,-38.507619192094054
3.963963963963964,6.56210274815207,-59.74459001665756,1.6554395569201885,-38.707819392294255
3.9839839839839843,6.595244681223545,-60.51952133582261,1.6554395569201885,-38.908019592494455
4.004004004004004,6.62838661429502,-61.29846066700368,1.6554395569201885,-39.108219792694655
4.0240240240240235,6.661528547366495,-62.08140801020077,1.6554395569201885,-39.308419992894855
4.044044044044044,6.69467048043797,-62.86836336541388,1.6554395569201885,-39.508620193095055
4.064064064064064,6.727812413509445,-63.65932673264301,1.6554395569201885,-39.708820393295255
4.084084084084084,6.760954346580919,-64.45429811188816,1.6554395569201885,-39.909020593495455
4.104104104104104,6.794096279652394,-65.25327750314933,1.6554395569201885,-40.109220793695656
4.1241241241241235,6.827238212723869,-66.05626490642652,1.6554395569201885,-40.309420993895856
4.1441441441441444,6.860380145795344,-66.86326032171974,1.6554395569201885,-40.509621194096056
4.1641641641641645,6.893522078866819,-67.67426374902897,1.6554395569201885,-40.709821394296256
4.1841841841841845,6.926664011938294,-68.48927518835421,1.6554395569201885,-40.910021594496456
4.2042042042042045,6.9598059450097685,-69.30829463969549,1.6554395569201885,-41.110221794696656
4.2242242242242245,6.992947878081243,-70.13132210305278,1.6554395569201885,-41.310421994896856
4.2442442442442445,7.026089811152718,-70.95835757842609,1.6554395569201885,-41.510622195097056
4.2642642642642645,7.059231744224193,-71.78940106581543,1.6554395569201885,-41.71082239529726
4.2842842842842845,7.092373677295668,-72.62445256522078,1.6554395569201885,-41.91102259549746
4.3043043043043046,7.125515610367143,-73.46351207664215,1.6554395569201885,-42.11122279569766
4.324324324324325,7.1586575434386175,-74.30657960007953,1.6554395569201885,-42.31142299589786
4.344344344344345,7.191799476510092,-75.15365513553294,1.6554395569201885,-42.51162319609806
4.364364364364365,7.224941409581567,-76.00473868300237,1.6554395569201885,-42.71182339629826
4.384384384384385,7.258083342653042,-76.85983024248782,1.6554395569201885,-42.91202359649846
4.404404404404405,7.291225275724517,-77.71892981398929,1.6554395569201885,-43.11222379669866
4.424424424424425,7.324367208795992,-78.58203739750678,1.6554395569201885,-43.31242399689886
4.444444444444445,7.3575091418674665,-79.44915299304029,1.6554395569201885,-43.51262419709906
4.464464464464465,7.390651074938941,-80.32027660058982,1.6554395569201885,-43.71282439729926
4.484484484484485,7.423793008010416,-81.19540822015537,1.6554395569201885,-43.91302459749946
4.504504504504505,7.456934941081891,-82.07454785173694,1.6554395569201885,-44.11322479769966
4.524524524524525,7.490076874153366,-82.95769549533453,1.6554395569201885,-44.31342499789986
4.544544544544545,7.523218807224841,-83.84485115094814,1.6554395569201885,-44.51362519810006
4.564564564564565,7.5563607402963155,-84.73601481857777,1.6554395569201885,-44.71382539830026
4.584584584584585,7.58950267336779,-85.63118649822343,1.6554395569201885,-44.91402559850046
4.604604604604605,7.622644606439265,-86.5303661898851,1.6554395569201885,-45.11422579870066
4.624624624624625,7.65578653951074,-87.43355389356279,1.6554395569201885,-45.31442599890086
4.644644644644645,7.688928472582215,-88.3407496092565,1.6554395569201885,-45.51462619910106
4.664664664664665,7.72207040565369,-89.25195333696624,1.6554395569201885,-45.71482639930126
4.684684684684685,7.755212338725165,-90.16716507669199,1.6554395569201885,-45.91502659950146
4.704704704704705,7.788354271796639,-91.08638482843375,1.6554395569201885,-46.11522679970166
4.724724724724725,7.821496204868114,-92.00961259219154,1.6554395569201885,-46.31542699990186
4.744744744744745,7.854638137939589,-92.93684836796535,1.6554395569201885,-46.51562720010206
4.764764764764765,7.887780071011064,-93.86809215575518,1.6554395569201885,-46.71582740030226
4.784784784784785,7.920922004082539,-94.80334395556103,1.6554395569201885,-46.91602760050246
4.804804804804805,7.954063937154014,-95.7426037673829,1.6554395569201885,-47.11622780070266
4.824824824824825,7.9872058702254884,-96.68587159122079,1.6554395569201885,-47.31642800090286
4.844844844844845,8.020347803296964,-97.6331474270747,1.6554395569201885,-47.51662820110306
4.864864864864865,8.053489736368439,-98.58443127494463,1.6554395569201885,-47.71682840130326
4.884884884884885,8.086631669439914,-99.53972313483058,1.6554395569201885,-47.91702860150346
4.904904904904905,8.119773602511389,-100.49902300673256,1.6554395569201885,-48.11722880170366
4.924924924924925,8.152915535582864,-101.46233089065055,1.6554395569201885,-48.31742900190386
4.944944944944945,8.186057468654338,-102.42964678658456,1.6554395569201885,-48.51762920210406
4.964964964964965,8.219199401725813,-103.40097069453459,1.6554395569201885,-48.71782940230426
4.984984984984985,8.252341334797288,-104.37630261450064,1.6554395569201885,-48.91802960250446
5.005005005005005,8.285483267868763,-105.35564254648271,1.6554395569201885,-49.11822980270466
5.025025025025025,8.318625200940238,-106.33899049048081,1.6554395569201885,-49.31843000290486
5.045045045045045,8.351767134011713,-107.32634644649492,1.6554395569201885,-49.51863020310506
5.065065065065065,8.384909067083187,-108.31771041452505,1.6554395569201885,-49.71883040330526
5.085085085085085,8.418051000154662,-109.31308239457121,1.6554395569201885,-49.91903060350546
5.105105105105105,8.451192933226137,-110.31246238663338,1.6554395569201885,-50.11923080370566
5.125125125125125,8.484334866297612,-111.31585039071157,1.6554395569201885,-50.31943100390586
5.145145145145145,8.517476799369087,-112.32324640680578,1.6554395569201885,-50.51963120410606
5.165165165165165,8.550618732440562,-113.33465043491601,1.6554395569201885,-50.71983140430626
5.185185185185185,8.583760665512036,-114.35006247504226,1.6554395569201885,-50.92003160450646
5.205205205205205,8.616902598583511,-115.36948252718453,1.6554395569201885,-51.12023180470666
5.225225225225225,8.650044531654986,-116.39291059134283,1.6554395569201885,-51.32043200490686
5.245245245245245,8.683186464726461,-117.42034666751714,1.6554395569201885,-51.52063220510706
5.265265265265265,8.716328397797936,-118.45179075570746,1.6554395569201885,-51.72083240530726
5.285285285285285,8.74947033086941,-119.48724285591382,1.6554395569201885,-51.92103260550746
5.305305305305305,8.782612263940885,-120.52670296813619,1.6554395569201885,-52.12123280570766
5.325325325325325,8.81575419701236,-121.57017109237458,1.6554395569201885,-52.32143300590786
5.345345345345346,8.848896130083835,-122.617647228629,1.6554395569201885,-52.52163320610806
5.365365365365365,8.88203806315531,-123.66913137689943,1.6554395569201885,-52.721833406308264
5.385385385385385,8.915179996226785,-124.72462353718588,1.6554395569201885,-52.922033606508464
5.405405405405405,8.94832192929826,-125.78412370948836,1.6554395569201885,-53.122233806708664
5.425425425425425,8.981463862369734,-126.84763189380685,1.6554395569201885,-53.322434006908864
5.445445445445446,9.01460579544121,-127.91514809014136,1.6554395569201885,-53.522634207109064
5.465465465465465,9.047747728512684,-128.9866722984919,1.6554395569201885,-53.722834407309264
5.485485485485485,9.080889661584159,-130.06220451885844,1.6554395569201885,-53.923034607509464
5.505505505505505,9.114031594655634,-131.14174475124102,1.6554395569201885,-54.123234807709665
5.525525525525525,9.147173527727109,-132.22529299563962,1.6554395569201885,-54.323435007909865
5.545545545545546,9.180315460798584,-133.31284925205424,1.6554395569201885,-54.523635208110065
5.565565565565565,9.213457393870058,-134.40441352048487,1.6554395569201885,-54.723835408310265
5.585585585585585,9.246599326941533,-135.4999858009315,1.6554395569201885,-54.924035608510465
5.605605605605605,9.279741260013008,-136.59956609339417,1.6554395569201885,-55.124235808710665
5.625625625625625,9.312883193084483,-137.70315439787288,1.6554395569201885,-55.324436008910865
5.645645645645646,9.346025126155958,-138.8107507143676,1.6554395569201885,-55.524636209111065
5.665665665665665,9.379167059227433,-139.92235504287834,1.6554395569201885,-55.724836409311266
5.685685685685685,9.412308992298907,-141.0379673834051,1.6554395569201885,-55.925036609511466
5.7057057057057055,9.445450925370382,-142.15758773594786,1.6554395569201885,-56.125236809711666
5.7257257257257255,9.478592858441857,-143.28121610050664,1.6554395569201885,-56.325437009911866
5.745745745745746,9.511734791513332,-144.40885247708144,1.6554395569201885,-56.525637210112066
5.7657657657657655,9.544876724584807,-145.54049686567228,1.6554395569201885,-56.725837410312266
5.7857857857857855,9.578018657656282,-146.67614926627914,1.6554395569201885,-56.926037610512466
5.8058058058058055,9.611160590727756,-147.815809678902,1.6554395569201885,-57.12623781071267
5.8258258258258255,9.644302523799231,-148.9594781035409,1.6554395569201885,-57.32643801091287
5.845845845845846,9.677444456870706,-150.1071545401958,1.6554395569201885,-57.52663821111307
5.865865865865866,9.710586389942181,-151.25883898886673,1.6554395569201885,-57.72683841131327
5.885885885885886,9.743728323013656,-152.4145314495537,1.6554395569201885,-57.92703861151347
5.905905905905906,9.77687025608513,-153.57423192225667,1.6554395569201885,-58.12723881171367
5.925925925925926,9.810012189156605,-154.73794040697567,1.6554395569201885,-58.32743901191387
5.9459459459459465,9.84315412222808,-155.90565690371068,1.6554395569201885,-58.52763921211407
5.965965965965966,9.876296055299555,-157.0773814124617,1.6554395569201885,-58.72783941231427
5.9859859859859865,9.90943798837103,-158.25311393322875,1.6554395569201885,-58.92803961251447
6.006006006006006,9.942579921442505,-159.43285446601183,1.6554395569201885,-59.12823981271467
6.026026026026026,9.97572185451398,-160.61660301081093,1.6554395569201885,-59.32844001291487
6.046046046046047,10.008863787585454,-161.80435956762605,1.6554395569201885,-59.52864021311507
6.066066066066066,10.04200572065693,-162.99612413645718,1.6554395569201885,-59.72884041331527
6.086086086086087,10.075147653728404,-164.19189671730433,1.6554395569201885,-59.92904061351547
6.106106106106106,10.108289586799879,-165.3916773101675,1.6554395569201885,-60.12924081371567
6.126126126126126,10.141431519871354,-166.59546591504667,1.6554395569201885,-60.32944101391587
6.146146146146147,10.174573452942829,-167.8032625319419,1.6554395569201885,-60.52964121411607
6.166166166166166,10.207715386014304,-169.01506716085314,1.6554395569201885,-60.72984141431627
6.186186186186187,10.240857319085778,-170.2308798017804,1.6554395569201885,-60.93004161451647
6.206206206206206,10.273999252157253,-171.45070045472366,1.6554395569201885,-61.13024181471667
6.226226226226226,10.307141185228728,-172.67452911968294,1.6554395569201885,-61.33044201491687
6.246246246246247,10.340283118300203,-173.90236579665824,1.6554395569201885,-61.53064221511707
6.266266266266266,10.373425051371678,-175.1342104856496,1.6554395569201885,-61.73084241531727
6.286286286286287,10.406566984443153,-176.37006318665695,1.6554395569201885,-61.93104261551747
6.306306306306306,10.439708917514627,-177.60992389968033,1.6554395569201885,-62.13124281571767
6.326326326326326,10.472850850586102,-178.85379262471972,1.6554395569201885,-62.33144301591787
6.346346346346347,10.505992783657577,-180.10166936177512,1.6554395569201885,-62.53164321611807
6.366366366366366,10.539134716729052,-181.35355411084655,1.6554395569201885,-62.73184341631827
6.386386386386387,10.572276649800527,-182.609446871934,1.6554395569201885,-62.93204361651847
6.406406406406406,10.605418582872002,-183.8693476450375,1.6554395569201885,-63.13224381671867
6.426426426426426,10.638560515943476,-185.133256430157,1.6554395569201885,-63.33244401691887
6.446446446446447,10.671702449014951,-186.4011732272925,1.6554395569201885,-63.53264421711907
6.466466466466466,10.704844382086426,-187.67309803644403,1.6554395569201885,-63.73284441731927
6.486486486486487,10.737986315157901,-188.94903085761158,1.6554395569201885,-63.93304461751947
6.506506506506506,10.771128248229376,-190.22897169079513,1.6554395569201885,-64.13324481771967
6.526526526526526,10.80427018130085,-191.51292053599474,1.6554395569201885,-64.33344501791987
6.546546546546547,10.837412114372325,-192.80087739321036,1.6554395569201885,-64.53364521812007
6.566566566566566,10.8705540474438,-194.092842262442,1.6554395569201885,-64.73384541832027
6.586586586586587,10.903695980515275,-195.38881514368964,1.6554395569201885,-64.93404561852047
6.606606606606606,10.93683791358675,-196.6887960369533,1.6554395569201885,-65.13424581872067
6.626626626626627,10.969979846658225,-197.992784942233,1.6554395569201885,-65.33444601892087
6.646646646646647,11.0031217797297,-199.3007818595287,1.6554395569201885,-65.53464621912107
6.666666666666666,11.036263712801174,-200.61278678884045,1.6554395569201885,-65.73484641932127
6.686686686686687,11.06940564587265,-201.9287997301682,1.6554395569201885,-65.93504661952147
6.706706706706706,11.102547578944124,-203.24882068351198,1.6554395569201885,-66.13524681972167
6.726726726726727,11.135689512015599,-204.57284964887177,1.6554395569201885,-66.33544701992187
6.746746746746747,11.168831445087074,-205.90088662624757,1.6554395569201885,-66.53564722012207
6.766766766766766,11.201973378158549,-207.23293161563942,1.6554395569201885,-66.73584742032227
6.786786786786787,11.235115311230023,-208.56898461704728,1.6554395569201885,-66.93604762052247
6.806806806806806,11.268257244301498,-209.90904563047116,1.6554395569201885,-67.13624782072267
6.826826826826827,11.301399177372973,-211.25311465591105,1.6554395569201885,-67.33644802092287
6.846846846846847,11.334541110444448,-212.60119169336696,1.6554395569201885,-67.53664822112307
6.866866866866866,11.367683043515923,-213.95327674283888,1.6554395569201885,-67.73684842132327
6.886886886886887,11.400824976587398,-215.30936980432682,1.6554395569201885,-67.93704862152347
6.906906906906906,11.433966909658873,-216.6694708778308,1.6554395569201885,-68.13724882172367
6.926926926926927,11.467108842730347,-218.0335799633508,1.6554395569201885,-68.33744902192387
6.946946946946947,11.500250775801822,-219.40169706088682,1.6554395569201885,-68.53764922212407
6.966966966966966,11.533392708873297,-220.77382217043885,1.6554395569201885,-68.73784942232427
6.986986986986987,11.566534641944772,-222.1499552920069,1.6554395569201885,-68.93804962252447
7.007007007007006,11.599676575016247,-223.53009642559095,1.6554395569201885,-69.13824982272467
7.027027027027027,11.632818508087722,-224.91424557119106,1.6554395569201885,-69.33845002292487
7.047047047047047,11.665960441159196,-226.30240272880718,1.6554395569201885,-69.53865022312507
7.067067067067066,11.699102374230671,-227.69456789843932,1.6554395569201885,-69.73885042332527
7.087087087087087,11.732244307302146,-229.09074108008747,1.6554395569201885,-69.93905062352547
7.107107107107106,11.765386240373621,-230.49092227375164,1.6554395569201885,-70.13925082372567
7.127127127127127,11.798528173445096,-231.89511147943182,1.6554395569201885,-70.33945102392588
7.147147147147147,11.83167010651657,-233.30330869712805,1.6554395569201885,-70.53965122412608
7.167167167167166,11.864812039588045,-234.7155139268403,1.6554395569201885,-70.73985142432628
7.187187187187187,11.89795397265952,-236.13172716856855,1.6554395569201885,-70.94005162452648
7.207207207207206,11.931095905730995,-237.55194842231282,1.6554395569201885,-71.14025182472668
7.227227227227227,11.96423783880247,-238.9761776880731,1.6554395569201885,-71.34045202492688
7.247247247247247,11.997379771873945,-240.4044149658494,1.6554395569201885,-71.54065222512708
7.267267267267268,12.03052170494542,-241.83666025564173,1.6554395569201885,-71.74085242532728
7.287287287287287,12.063663638016894,-243.2729135574501,1.6554395569201885,-71.94105262552748
7.3073073073073065,12.09680557108837,-244.71317487127448,1.6554395569201885,-72.14125282572768
7.327327327327327,12.129947504159844,-246.15744419711487,1.6554395569201885,-72.34145302592788
7.347347347347347,12.163089437231319,-247.60572153497128,1.6554395569201885,-72.54165322612808
7.367367367367368,12.196231370302794,-249.0580068848437,1.6554395569201885,-72.74185342632828
7.387387387387387,12.229373303374269,-250.51430024673215,1.6554395569201885,-72.94205362652848
7.4074074074074066,12.262515236445743,-251.97460162063663,1.6554395569201885,-73.14225382672868
7.4274274274274275,12.295657169517218,-253.43891100655713,1.6554395569201885,-73.34245402692888
7.4474474474474475,12.328799102588693,-254.90722840449365,1.6554395569201885,-73.54265422712908
7.467467467467468,12.361941035660168,-256.3795538144462,1.6554395569201885,-73.74285442732928
7.4874874874874875,12.395082968731643,-257.85588723641473,1.6554395569201885,-73.94305462752948
7.507507507507507,12.428224901803118,-259.3362286703993,1.6554395569201885,-74.14325482772968
7.5275275275275275,12.461366834874593,-260.8205781163999,1.6554395569201885,-74.34345502792988
7.5475475475475475,12.494508767946067,-262.30893557441647,1.6554395569201885,-74.54365522813008
7.567567567567568,12.527650701017542,-263.8013010444491,1.6554395569201885,-74.74385542833028
7.587587587587588,12.560792634089017,-265.29767452649776,1.6554395569201885,-74.94405562853048
7.607607607607607,12.593934567160492,-266.79805602056246,1.6554395569201885,-75.14425582873068
7.627627627627628,12.627076500231967,-268.30244552664317,1.6554395569201885,-75.34445602893088
7.647647647647648,12.660218433303442,-269.8108430447399,1.6554395569201885,-75.54465622913108
7.6676676676676685,12.693360366374916,-271.32324857485264,1.6554395569201885,-75.74485642933128
7.687687687687688,12.726502299446391,-272.8396621169814,1.6554395569201885,-75.94505662953148
7.707707707707707,12.759644232517866,-274.3600836711262,1.6554395569201885,-76.14525682973168
7.727727727727728,12.792786165589341,-275.88451323728697,1.6554395569201885,-76.34545702993188
7.747747747747748,12.825928098660816,-277.4129508154638,1.6554395569201885,-76.54565723013208
7.767767767767769,12.85907003173229,-278.9453964056566,1.6554395569201885,-76.74585743033228
7.787787787787788,12.892211964803765,-280.48185000786543,1.6554395569201885,-76.94605763053248
7.807807807807807,12.92535389787524,-282.0223116220903,1.6554395569201885,-77.14625783073268
7.827827827827828,12.958495830946715,-283.56678124833115,1.6554395569201885,-77.34645803093288
7.847847847847848,12.99163776401819,-285.1152588865881,1.6554395569201885,-77.54665823113308
7.867867867867869,13.024779697089665,-286.66774453686105,1.6554395569201885,-77.74685843133328
7.887887887887888,13.05792163016114,-288.22423819915,1.6554395569201885,-77.94705863153348
7.907907907907909,13.091063563232614,-289.784739873455,1.6554395569201885,-78.14725883173368
7.927927927927928,13.12420549630409,-291.349249559776,1.6554395569201885,-78.34745903193388
7.947947947947948,13.157347429375564,-292.91776725811303,1.6554395569201885,-78.54765923213408
7.967967967967969,13.190489362447039,-294.49029296846606,1.6554395569201885,-78.74785943233428
7.987987987987988,13.223631295518514,-296.0668266908351,1.6554395569201885,-78.94805963253448
8.008008008008009,13.256773228589989,-297.6473684252202,1.6554395569201885,-79.14825983273468
8.028028028028029,13.289915161661463,-299.23191817162126,1.6554395569201885,-79.34846003293488
8.048048048048047,13.323057094732938,-300.82047593003836,1.6554395569201885,-79.54866023313508
8.068068068068069,13.356199027804413,-302.41304170047147,1.6554395569201885,-79.74886043333528
8.088088088088089,13.389340960875888,-304.0096154829206,1.6554395569201885,-79.94906063353548
8.108108108108109,13.422482893947363,-305.6101972773858,1.6554395569201885,-80.14926083373568
8.128128128128129,13.455624827018838,-307.214787083867,1.6554395569201885,-80.34946103393588
8.148148148148147,13.488766760090313,-308.82338490236424,1.6554395569201885,-80.54966123413608
8.168168168168169,13.521908693161787,-310.4359907328775,1.6554395569201885,-80.74986143433628
8.188188188188189,13.555050626233262,-312.05260457540675,1.6554395569201885,-80.95006163453648
8.208208208208209,13.588192559304737,-313.673226429952,1.6554395569201885,-81.15026183473668
8.228228228228229,13.621334492376212,-315.2978562965133,1.6554395569201885,-81.35046203493688
8.248248248248247,13.654476425447687,-316.9264941750906,1.6554395569201885,-81.55066223513708
8.268268268268269,13.687618358519162,-318.55914006568395,1.6554395569201885,-81.75086243533728
8.288288288288289,13.720760291590636,-320.1957939682933,1.6554395569201885,-81.95106263553748
8.308308308308309,13.753902224662111,-321.83645588291864,1.6554395569201885,-82.15126283573768
8.328328328328329,13.787044157733586,-323.48112580956,1.6554395569201885,-82.35146303593788
8.348348348348347,13.82018609080506,-325.12980374821745,1.6554395569201885,-82.55166323613808
8.368368368368369,13.853328023876536,-326.7824896988909,1.6554395569201885,-82.75186343633828
8.388388388388389,13.88646995694801,-328.4391836615804,1.6554395569201885,-82.95206363653848
8.408408408408409,13.919611890019485,-330.0998856362859,1.6554395569201885,-83.15226383673868
8.428428428428429,13.95275382309096,-331.7645956230074,1.6554395569201885,-83.35246403693888
8.448448448448449,13.985895756162435,-333.4333136217449,1.6554395569201885,-83.55266423713908
8.468468468468469,14.01903768923391,-335.10603963249844,1.6554395569201885,-83.75286443733928
8.488488488488489,14.052179622305385,-336.782773655268,1.6554395569201885,-83.95306463753948
8.508508508508509,14.08532155537686,-338.46351569005355,1.6554395569201885,-84.15326483773968
8.528528528528529,14.118463488448334,-340.14826573685514,1.6554395569201885,-84.35346503793988
8.548548548548549,14.15160542151981,-341.83702379567274,1.6554395569201885,-84.55366523814008
8.568568568568569,14.184747354591284,-343.52978986650635,1.6554395569201885,-84.75386543834028
8.588588588588589,14.217889287662759,-345.226563949356,1.6554395569201885,-84.95406563854048
8.608608608608609,14.251031220734234,-346.9273460442217,1.6554395569201885,-85.15426583874068
8.62862862862863,14.284173153805709,-348.6321361511034,1.6554395569201885,-85.35446603894088
8.64864864864865,14.317315086877183,-350.3409342700011,1.6554395569201885,-85.55466623914108
8.66866866866867,14.350457019948658,-352.0537404009149,1.6554395569201885,-85.75486643934128
8.68868868868869,14.383598953020133,-353.77055454384464,1.6554395569201885,-85.95506663954149
8.70870870870871,14.416740886091608,-355.4913766987904,1.6554395569201885,-86.15526683974169
8.72872872872873,14.449882819163083,-357.2162068657522,1.6554395569201885,-86.35546703994189
8.74874874874875,14.483024752234558,-358.94504504473,1.6554395569201885,-86.55566724014209
8.76876876876877,14.516166685306032,-360.67789123572385,1.6554395569201885,-86.75586744034229
8.78878878878879,14.549308618377507,-362.4147454387337,1.6554395569201885,-86.95606764054249
8.80880880880881,14.582450551448982,-364.15560765375955,1.6554395569201885,-87.15626784074269
8.82882882882883,14.615592484520457,-365.9004778808014,1.6554395569201885,-87.35646804094289
8.84884884884885,14.648734417591932,-367.6493561198593,1.6554395569201885,-87.55666824114309
8.86886886886887,14.681876350663407,-369.40224237093327,1.6554395569201885,-87.75686844134329
8.88888888888889,14.715018283734882,-371.15913663402324,1.6554395569201885,-87.95706864154349
8.90890890890891,14.748160216806356,-372.92003890912923,1.6554395569201885,-88.15726884174369
8.92892892892893,14.781302149877831,-374.68494919625124,1.6554395569201885,-88.35746904194389
8.94894894894895,14.814444082949306,-376.45386749538926,1.6554395569201885,-88.55766924214409
8.96896896896897,14.84758601602078,-378.2267938065433,1.6554395569201885,-88.75786944234429
8.98898898898899,14.880727949092256,-380.00372812971335,1.6554395569201885,-88.95806964254449
9.00900900900901,14.91386988216373,-381.7846704648994,1.6554395569201885,-89.15826984274469
9.02902902902903,14.947011815235205,-383.5696208121015,1.6554395569201885,-89.35847004294489
9.04904904904905,14.98015374830668,-385.3585791713196,1.6554395569201885,-89.55867024314509
9.06906906906907,15.013295681378155,-387.1515455425537,1.6554395569201885,-89.75887044334529
9.08908908908909,15.04643761444963,-388.94851992580385,1.6554395569201885,-89.95907064354549
9.10910910910911,15.079579547521105,-390.74950232107005,1.6554395569201885,-90.15927084374569
9.12912912912913,15.11272148059258,-392.5544927283523,1.6554395569201885,-90.35947104394589
9.14914914914915,15.145863413664054,-394.3634911476505,1.6554395569201885,-90.55967124414609
9.16916916916917,15.17900534673553,-396.17649757896476,1.6554395569201885,-90.75987144434629
9.18918918918919,15.212147279807004,-397.993512022295,1.6554395569201885,-90.96007164454649
9.20920920920921,15.245289212878479,-399.8145344776413,1.6554395569201885,-91.16027184474669
9.22922922922923,15.278431145949954,-401.6395649450036,1.6554395569201885,-91.36047204494689
9.24924924924925,15.311573079021429,-403.4686034243819,1.6554395569201885,-91.56067224514709
9.26926926926927,15.344715012092903,-405.30164991577624,1.6554395569201885,-91.76087244534729
9.28928928928929,15.377856945164378,-407.1387044191866,1.6554395569201885,-91.96107264554749
9.30930930930931,15.410998878235853,-408.97976693461294,1.6554395569201885,-92.16127284574769
9.32932932932933,15.444140811307328,-410.8248374620553,1.6554395569201885,-92.36147304594789
9.34934934934935,15.477282744378803,-412.6739160015137,1.6554395569201885,-92.56167324614809
9.36936936936937,15.510424677450278,-414.52700255298817,1.6554395569201885,-92.76187344634829
9.38938938938939,15.543566610521752,-416.38409711647864,1.6554395569201885,-92.96207364654849
9.40940940940941,15.576708543593227,-418.24519969198514,1.6554395569201885,-93.16227384674869
9.42942942942943,15.609850476664702,-420.11031027950764,1.6554395569201885,-93.36247404694889
9.44944944944945,15.642992409736177,-421.97942887904617,1.6554395569201885,-93.56267424714909
9.46946946946947,15.676134342807652,-423.8525554906007,1.6554395569201885,-93.76287444734929
9.48948948948949,15.709276275879127,-425.72969011417126,1.6554395569201885,-93.96307464754949
9.50950950950951,15.742418208950602,-427.61083274975783,1.6554395569201885,-94.16327484774969
9.52952952952953,15.775560142022076,-429.4959833973604,1.6554395569201885,-94.36347504794989
9.54954954954955,15.808702075093551,-431.385142056979,1.6554395569201885,-94.56367524815009
9.56956956956957,15.841844008165026,-433.27830872861364,1.6554395569201885,-94.76387544835029
9.58958958958959,15.8749859412365,-435.17548341226427,1.6554395569201885,-94.96407564855049
9.60960960960961,15.908127874307976,-437.0766661079309,1.6554395569201885,-95.16427584875069
9.62962962962963,15.94126980737945,-438.98185681561364,1.6554395569201885,-95.36447604895089
9.64964964964965,15.974411740450925,-440.8910555353124,1.6554395569201885,-95.56467624915109
9.66966966966967,16.007553673522402,-442.8042622670271,1.6554395569201885,-95.76487644935129
9.68968968968969,16.04069560659388,-444.7214770107579,1.6554395569201885,-95.96507664955149
9.70970970970971,16.073837539665355,-446.6426997665047,1.6554395569201885,-96.16527684975169
9.72972972972973,16.106979472736832,-448.5679305342675,1.6554395569201885,-96.36547704995189
9.74974974974975,16.14012140580831,-450.4971693140463,1.6554395569201885,-96.56567725015209
9.76976976976977,16.173263338879785,-452.4304161058411,1.6554395569201885,-96.76587745035229
9.78978978978979,16.20640527195126,-454.36767090965196,1.6554395569201885,-96.96607765055249
9.80980980980981,16.23954720502274,-456.3089337254788,1.6554395569201885,-97.16627785075269
9.82982982982983,16.272689138094215,-458.2542045533217,1.6554395569201885,-97.36647805095289
9.84984984984985,16.30583107116569,-460.2034833931806,1.6554395569201885,-97.56667825115309
9.86986986986987,16.338973004237168,-462.15677024505555,1.6554395569201885,-97.76687845135329
9.88988988988989,16.372114937308645,-464.11406510894653,1.6554395569201885,-97.96707865155349
9.90990990990991,16.40525687038012,-466.07536798485353,1.6554395569201885,-98.1672788517537
9.92992992992993,16.438398803451598,-468.04067887277654,1.6554395569201885,-98.3674790519539
9.94994994994995,16.471540736523075,-470.00999777271556,1.6554395569201885,-98.5676792521541
9.96996996996997,16.50468266959455,-471.9833246846706,1.6554395569201885,-98.7678794523543
9.98998998998999,16.537824602666028,-473.96065960864166,1.6554395569201885,-98.9680796525545
10.01001001001001,16.570966535737504,-475.94200254462874,1.6554395569201885,-99.1682798527547
10.03003003003003,16.60410846880898,-477.9273534926318,1.6554395569201885,-99.3684800529549
10.05005005005005,16.637250401880458,-479.9167124526509,1.6554395569201885,-99.5686802531551
10.07007007007007,16.670392334951934,-481.91007942468605,1.6554395569201885,-99.7688804533553
10.09009009009009,16.70353426802341,-483.9074544087372,1.6554395569201885,-99.9690806535555
10.11011011011011,16.736676201094888,-485.90883740480433,1.6554395569201885,-100.1692808537557
10.13013013013013,16.769818134166364,-487.91422841288755,1.6554395569201885,-100.3694810539559
10.15015015015015,16.80296006723784,-489.9236274329868,1.6554395569201885,-100.5696812541561
10.17017017017017,16.836102000309317,-491.93703446510204,1.6554395569201885,-100.7698814543563
10.19019019019019,16.869243933380794,-493.9544495092333,1.6554395569201885,-100.9700816545565
10.21021021021021,16.90238586645227,-495.9758725653806,1.6554395569201885,-101.1702818547567
10.23023023023023,16.935527799523747,-498.0013036335439,1.6554395569201885,-101.3704820549569
10.25025025025025,16.968669732595224,-500.0307427137232,1.6554395569201885,-101.5706822551571
10.27027027027027,17.0018116656667,-502.06418980591855,1.6554395569201885,-101.7708824553573
10.29029029029029,17.034953598738177,-504.1016449101299,1.6554395569201885,-101.9710826555575
10.31031031031031,17.068095531809654,-506.14310802635725,1.6554395569201885,-102.1712828557577
10.33033033033033,17.10123746488113,-508.18857915460063,1.6554395569201885,-102.3714830559579
10.35035035035035,17.134379397952607,-510.23805829486,1.6554395569201885,-102.5716832561581
10.37037037037037,17.167521331024084,-512.2915454471355,1.6554395569201885,-102.7718834563583
10.39039039039039,17.20066326409556,-514.349040611427,1.6554395569201885,-102.9720836565585
10.41041041041041,17.233805197167037,-516.4105437877345,1.6554395569201885,-103.1722838567587
10.43043043043043,17.266947130238513,-518.476054976058,1.6554395569201885,-103.3724840569589
10.45045045045045,17.30008906330999,-520.5455741763975,1.6554395569201885,-103.5726842571591
10.47047047047047,17.333230996381467,-522.619101388753,1.6554395569201885,-103.7728844573593
10.49049049049049,17.366372929452943,-524.6966366131246,1.6554395569201885,-103.9730846575595
10.51051051051051,17.39951486252442,-526.7781798495122,1.6554395569201885,-104.1732848577597
10.53053053053053,17.432656795595896,-528.8637310979158,1.6554395569201885,-104.3734850579599
10.55055055055055,17.465798728667373,-530.9532903583354,1.6554395569201885,-104.5736852581601
10.57057057057057,17.49894066173885,-533.046857630771,1.6554395569201885,-104.7738854583603
10.59059059059059,17.532082594810326,-535.1444329152226,1.6554395569201885,-104.9740856585605
10.61061061061061,17.565224527881803,-537.2460162116903,1.6554395569201885,-105.1742858587607
10.63063063063063,17.59836646095328,-539.351607520174,1.6554395569201885,-105.3744860589609
10.65065065065065,17.631508394024756,-541.4612068406736,1.6554395569201885,-105.5746862591611
10.67067067067067,17.664650327096233,-543.5748141731893,1.6554395569201885,-105.7748864593613
10.690690690690692,17.69779226016771,-545.692429517721,1.6554395569201885,-105.9750866595615
10.71071071071071,17.730934193239186,-547.8140528742688,1.6554395569201885,-106.1752868597617
10.73073073073073,17.764076126310663,-549.9396842428325,1.6554395569201885,-106.3754870599619
10.75075075075075,17.79721805938214,-552.0693236234124,1.6554395569201885,-106.5756872601621
10.77077077077077,17.830359992453616,-554.2029710160083,1.6554395569201885,-106.7758874603623
10.790790790790792,17.863501925525092,-556.3406264206202,1.6554395569201885,-106.9760876605625
10.81081081081081,17.89664385859657,-558.4822898372481,1.6554395569201885,-107.1762878607627
10.83083083083083,17.929785791668046,-560.627961265892,1.6554395569201885,-107.3764880609629
10.85085085085085,17.962927724739522,-562.777640706552,1.6554395569201885,-107.5766882611631
10.87087087087087,17.996069657811,-564.931328159228,1.6554395569201885,-107.7768884613633
10.890890890890892,18.029211590882475,-567.08902362392,1.6554395569201885,-107.9770886615635
10.91091091091091,18.062353523953952,-569.250727100628,1.6554395569201885,-108.1772888617637
10.93093093093093,18.09549545702543,-571.416438589352,1.6554395569201885,-108.3774890619639
10.95095095095095,18.128637390096905,-573.586158090092,1.6554395569201885,-108.5776892621641
10.97097097097097,18.161779323168382,-575.759885602848,1.6554395569201885,-108.7778894623643
10.990990990990992,18.19492125623986,-577.9376211276201,1.6554395569201885,-108.9780896625645
11.01101101101101,18.228063189311335,-580.1193646644082,1.6554395569201885,-109.1782898627647
11.03103103103103,18.261205122382812,-582.3051162132123,1.6554395569201885,-109.3784900629649
11.05105105105105,18.29434705545429,-584.4948757740324,1.6554395569201885,-109.5786902631651
11.07107107107107,18.327488988525765,-586.6886433468685,1.6554395569201885,-109.7788904633653
11.091091091091092,18.36063092159724,-588.8864189317206,1.6554395569201885,-109.9790906635655
11.11111111111111,18.39377285466872,-591.0882025285888,1.6554395569201885,-110.1792908637657
11.13113113113113,18.426914787740195,-593.293994137473,1.6554395569201885,-110.3794910639659
11.15115115115115,18.46005672081167,-595.5037937583731,1.6554395569201885,-110.5796912641661
11.17117117117117,18.493198653883148,-597.7176013912893,1.6554395569201885,-110.7798914643663
11.191191191191193,18.526340586954625,-599.9354170362216,1.6554395569201885,-110.9800916645665
11.21121121121121,18.5594825200261,-602.1572406931698,1.6554395569201885,-111.1802918647667
11.23123123123123,18.592624453097578,-604.383072362134,1.6554395569201885,-111.3804920649669
11.25125125125125,18.625766386169055,-606.6129120431143,1.6554395569201885,-111.5806922651671
11.27127127127127,18.65890831924053,-608.8467597361107,1.6554395569201885,-111.7808924653673
11.291291291291293,18.692050252312008,-611.0846154411231,1.6554395569201885,-111.9810926655675
11.31131131131131,18.725192185383484,-613.3264791581515,1.6554395569201885,-112.1812928657677
11.33133133133133,18.75833411845496,-615.572350887196,1.6554395569201885,-112.3814930659679
11.35135135135135,18.791476051526438,-617.8222306282564,1.6554395569201885,-112.5816932661681
11.37137137137137,18.824617984597914,-620.0761183813329,1.6554395569201885,-112.7818934663683
11.391391391391393,18.85775991766939,-622.3340141464254,1.6554395569201885,-112.9820936665685
11.411411411411411,18.890901850740867,-624.5959179235339,1.6554395569201885,-113.1822938667687
11.431431431431431,18.924043783812344,-626.8618297126584,1.6554395569201885,-113.3824940669689
11.451451451451451,18.95718571688382,-629.1317495137989,1.6554395569201885,-113.5826942671691
11.471471471471471,18.990327649955297,-631.4056773269555,1.6554395569201885,-113.7828944673693
11.491491491491493,19.023469583026774,-633.683613152128,1.6554395569201885,-113.9830946675695
11.511511511511511,19.05661151609825,-635.9655569893166,1.6554395569201885,-114.1832948677697
11.531531531531531,19.089753449169727,-638.2515088385212,1.6554395569201885,-114.3834950679699
11.551551551551551,19.122895382241204,-640.5414686997418,1.6554395569201885,-114.5836952681701
11.571571571571571,19.15603731531268,-642.8354365729784,1.6554395569201885,-114.7838954683703
11.591591591591593,19.189179248384157,-645.1334124582311,1.6554395569201885,-114.9840956685705
11.611611611611611,19.222321181455634,-647.4353963554997,1.6554395569201885,-115.1842958687707
11.631631631631631,19.25546311452711,-649.7413882647844,1.6554395569201885,-115.3844960689709
11.651651651651651,19.288605047598587,-652.0513881860851,1.6554395569201885,-115.5846962691711
11.671671671671671,19.321746980670063,-654.3653961194018,1.6554395569201885,-115.7848964693713
11.691691691691693,19.35488891374154,-656.6834120647345,1.6554395569201885,-115.9850966695715
11.711711711711711,19.388030846813017,-659.0054360220832,1.6554395569201885,-116.1852968697717
11.731731731731731,19.421172779884493,-661.331467991448,1.6554395569201885,-116.3854970699719
11.751751751751751,19.45431471295597,-663.6615079728288,1.6554395569201885,-116.5856972701721
11.771771771771771,19.487456646027447,-665.9955559662257,1.6554395569201885,-116.7858974703723
11.791791791791793,19.520598579098923,-668.3336119716386,1.6554395569201885,-116.9860976705725
11.811811811811811,19.5537405121704,-670.6756759890675,1.6554395569201885,-117.1862978707727
11.831831831831831,19.586882445241876,-673.0217480185124,1.6554395569201885,-117.3864980709729
11.851851851851851,19.620024378313353,-675.3718280599734,1.6554395569201885,-117.5866982711731
11.871871871871871,19.65316631138483,-677.7259161134504,1.6554395569201885,-117.7868984713733
11.891891891891893,19.686308244456306,-680.0840121789433,1.6554395569201885,-117.9870986715735
11.911911911911911,19.719450177527783,-682.4461162564523,1.6554395569201885,-118.1872988717737
11.931931931931931,19.75259211059926,-684.8122283459774,1.6554395569201885,-118.3874990719739
11.951951951951951,19.785734043670736,-687.1823484475184,1.6554395569201885,-118.5876992721741
11.971971971971973,19.818875976742213,-689.5564765610754,1.6554395569201885,-118.7878994723743
11.991991991991993,19.85201790981369,-691.9346126866485,1.6554395569201885,-118.9880996725745
12.012012012012011,19.885159842885166,-694.3167568242376,1.6554395569201885,-119.1882998727747
12.032032032032031,19.918301775956643,-696.7029089738427,1.6554395569201885,-119.3885000729749
12.052052052052051,19.95144370902812,-699.0930691354638,1.6554395569201885,-119.5887002731751
12.072072072072073,19.984585642099596,-701.4872373091009,1.6554395569201885,-119.7889004733753
12.092092092092093,20.017727575171072,-703.8854134947541,1.6554395569201885,-119.9891006735755
12.112112112112111,20.05086950824255,-706.2875976924232,1.6554395569201885,-120.18930087377571
12.132132132132131,20.084011441314026,-708.6937899021084,1.6554395569201885,-120.38950107397591
12.152152152152151,20.117153374385502,-711.1039901238096,1.6554395569201885,-120.58970127417611
12.172172172172173,20.15029530745698,-713.5181983575268,1.6554395569201885,-120.78990147437631
12.192192192192193,20.183437240528455,-715.93641460326,1.6554395569201885,-120.99010167457651
12.212212212212211,20.216579173599932,-718.3586388610092,1.6554395569201885,-121.19030187477671
12.232232232232231,20.24972110667141,-720.7848711307745,1.6554395569201885,-121.39050207497691
12.252252252252251,20.282863039742885,-723.2151114125558,1.6554395569201885,-121.59070227517711
12.272272272272273,20.316004972814362,-725.6493597063532,1.6554395569201885,-121.79090247537731
12.292292292292293,20.34914690588584,-728.0876160121666,1.6554395569201885,-121.99110267557751
12.312312312312311,20.382288838957315,-730.529880329996,1.6554395569201885,-122.19130287577771
12.332332332332332,20.41543077202879,-732.9761526598414,1.6554395569201885,-122.39150307597791
12.352352352352352,20.44857270510027,-735.4264330017029,1.6554395569201885,-122.59170327617811
12.372372372372373,20.481714638171745,-737.8807213555804,1.6554395569201885,-122.79190347637831
12.392392392392393,20.51485657124322,-740.3390177214739,1.6554395569201885,-122.99210367657851
12.412412412412412,20.547998504314698,-742.8013220993834,1.6554395569201885,-123.19230387677871
12.432432432432432,20.581140437386175,-745.2676344893089,1.6554395569201885,-123.39250407697891
12.452452452452452,20.61428237045765,-747.7379548912504,1.6554395569201885,-123.59270427717911
12.472472472472473,20.647424303529128,-750.212283305208,1.6554395569201885,-123.79290447737931
12.492492492492493,20.680566236600605,-752.6906197311815,1.6554395569201885,-123.99310467757951
12.512512512512512,20.71370816967208,-755.1729641691711,1.6554395569201885,-124.19330487777971
12.532532532532532,20.746850102743558,-757.6593166191767,1.6554395569201885,-124.39350507797991
12.552552552552552,20.779992035815035,-760.1496770811983,1.6554395569201885,-124.59370527818011
12.572572572572573,20.81313396888651,-762.644045555236,1.6554395569201885,-124.79390547838031
12.592592592592593,20.846275901957988,-765.1424220412896,1.6554395569201885,-124.99410567858051
12.612612612612612,20.879417835029464,-767.6448065393593,1.6554395569201885,-125.19430587878071
12.632632632632632,20.91255976810094,-770.1511990494449,1.6554395569201885,-125.39450607898091
12.652652652652652,20.945701701172418,-772.6615995715466,1.6554395569201885,-125.59470627918111
12.672672672672673,20.978843634243894,-775.1760081056643,1.6554395569201885,-125.79490647938131
12.692692692692694,21.01198556731537,-777.694424651798,1.6554395569201885,-125.99510667958151
12.712712712712712,21.045127500386847,-780.2168492099478,1.6554395569201885,-126.19530687978171
12.732732732732732,21.078269433458324,-782.7432817801135,1.6554395569201885,-126.39550707998191
12.752752752752752,21.1114113665298,-785.2737223622953,1.6554395569201885,-126.59570728018211
12.772772772772774,21.144553299601277,-787.8081709564931,1.6554395569201885,-126.79590748038231
12.792792792792794,21.177695232672754,-790.346627562707,1.6554395569201885,-126.99610768058251
12.812812812812812,21.21083716574423,-792.8890921809369,1.6554395569201885,-127.19630788078271
12.832832832832832,21.243979098815707,-795.4355648111829,1.6554395569201885,-127.39650808098291
12.852852852852852,21.277121031887184,-797.9860454534448,1.6554395569201885,-127.59670828118311
12.872872872872874,21.31026296495866,-800.5405341077228,1.6554395569201885,-127.79690848138331
12.892892892892894,21.343404898030137,-803.0990307740168,1.6554395569201885,-127.99710868158351
12.912912912912912,21.376546831101614,-805.6615354523268,1.6554395569201885,-128.19730888178373
12.932932932932932,21.40968876417309,-808.2280481426528,1.6554395569201885,-128.39750908198394
12.952952952952952,21.442830697244567,-810.7985688449949,1.6554395569201885,-128.59770928218416
12.972972972972974,21.475972630316043,-813.3730975593529,1.6554395569201885,-128.79790948238437
12.992992992992994,21.50911456338752,-815.951634285727,1.6554395569201885,-128.99810968258458
13.013013013013012,21.542256496458997,-818.5341790241171,1.6554395569201885,-129.1983098827848
13.033033033033032,21.575398429530473,-821.1207317745232,1.6554395569201885,-129.398510082985
13.053053053053052,21.60854036260195,-823.7112925369453,1.6554395569201885,-129.59871028318523
13.073073073073074,21.641682295673426,-826.3058613113834,1.6554395569201885,-129.79891048338544
13.093093093093094,21.674824228744903,-828.9044380978376,1.6554395569201885,-129.99911068358566
13.113113113113112,21.70796616181638,-831.5070228963077,1.6554395569201885,-130.19931088378587
13.133133133133132,21.741108094887856,-834.1136157067939,1.6554395569201885,-130.39951108398608
13.153153153153154,21.774250027959333,-836.7242165292961,1.6554395569201885,-130.5997112841863
13.173173173173174,21.80739196103081,-839.3388253638143,1.6554395569201885,-130.7999114843865
13.193193193193194,21.840533894102286,-841.9574422103485,1.6554395569201885,-131.00011168458673
13.213213213213212,21.873675827173763,-844.5800670688988,1.6554395569201885,-131.20031188478694
13.233233233233232,21.90681776024524,-847.206699939465,1.6554395569201885,-131.40051208498716
13.253253253253254,21.939959693316716,-849.8373408220473,1.6554395569201885,-131.60071228518737
13.273273273273274,21.973101626388193,-852.4719897166457,1.6554395569201885,-131.80091248538758
13.293293293293294,22.00624355945967,-855.1106466232601,1.6554395569201885,-132.0011126855878
13.313313313313312,22.039385492531146,-857.7533115418905,1.6554395569201885,-132.201312885788
13.333333333333332,22.072527425602622,-860.399984472537,1.6554395569201885,-132.40151308598823
13.353353353353354,22.1056693586741,-863.0506654151994,1.6554395569201885,-132.60171328618844
13.373373373373374,22.138811291745576,-865.7053543698779,1.6554395569201885,-132.80191348638866
13.393393393393394,22.171953224817052,-868.3640513365724,1.6554395569201885,-133.00211368658887
13.413413413413412,22.20509515788853,-871.0267563152829,1.6554395569201885,-133.20231388678909
13.433433433433432,22.238237090960006,-873.6934693060094,1.6554395569201885,-133.4025140869893
13.453453453453454,22.271379024031482,-876.364190308752,1.6554395569201885,-133.6027142871895
13.473473473473474,22.30452095710296,-879.0389193235105,1.6554395569201885,-133.80291448738973
13.493493493493494,22.337662890174435,-881.7176563502851,1.6554395569201885,-134.00311468758994
13.513513513513512,22.370804823245912,-884.4004013890757,1.6554395569201885,-134.20331488779016
13.533533533533532,22.40394675631739,-887.0871544398823,1.6554395569201885,-134.40351508799037
13.553553553553554,22.437088689388865,-889.7779155027049,1.6554395569201885,-134.60371528819059
13.573573573573574,22.470230622460342,-892.4726845775435,1.6554395569201885,-134.8039154883908
13.593593593593594,22.50337255553182,-895.1714616643982,1.6554395569201885,-135.004115688591
13.613613613613612,22.536514488603295,-897.8742467632688,1.6554395569201885,-135.20431588879123
13.633633633633632,22.56965642167477,-900.5810398741555,1.6554395569201885,-135.40451608899144
13.653653653653654,22.60279835474625,-903.2918409970582,1.6554395569201885,-135.60471628919166
13.673673673673674,22.635940287817725,-906.0066501319769,1.6554395569201885,-135.80491648939187
13.693693693693694,22.6690822208892,-908.7254672789117,1.6554395569201885,-136.00511668959209
13.713713713713712,22.702224153960678,-911.4482924378624,1.6554395569201885,-136.2053168897923
13.733733733733732,22.735366087032155,-914.1751256088291,1.6554395569201885,-136.40551708999251
13.753753753753754,22.76850802010363,-916.905966791812,1.6554395569201885,-136.60571729019273
13.773773773773774,22.801649953175108,-919.6408159868109,1.6554395569201885,-136.80591749039294
13.793793793793794,22.834791886246585,-922.3796731938259,1.6554395569201885,-137.00611769059316
13.813813813813812,22.86793381931806,-925.1225384128568,1.6554395569201885,-137.20631789079337
13.833833833833832,22.901075752389538,-927.8694116439037,1.6554395569201885,-137.4065180909936
13.853853853853854,22.934217685461014,-930.6202928869667,1.6554395569201885,-137.6067182911938
13.873873873873874,22.96735961853249,-933.3751821420457,1.6554395569201885,-137.80691849139401
13.893893893893894,23.000501551603968,-936.1340794091407,1.6554395569201885,-138.00711869159423
13.913913913913913,23.033643484675444,-938.8969846882517,1.6554395569201885,-138.20731889179444
13.933933933933933,23.06678541774692,-941.6638979793787,1.6554395569201885,-138.40751909199466
13.953953953953954,23.099927350818398,-944.4348192825217,1.6554395569201885,-138.60771929219487
13.973973973973974,23.133069283889874,-947.2097485976808,1.6554395569201885,-138.8079194923951
13.993993993993994,23.16621121696135,-949.9886859248559,1.6554395569201885,-139.0081196925953
14.014014014014013,23.199353150032827,-952.771631264047,1.6554395569201885,-139.20831989279552
14.034034034034033,23.232495083104304,-955.5585846152541,1.6554395569201885,-139.40852009299573
14.054054054054054,23.26563701617578,-958.3495459784772,1.6554395569201885,-139.60872029319594
14.074074074074074,23.298778949247257,-961.1445153537163,1.6554395569201885,-139.80892049339616
14.094094094094094,23.331920882318734,-963.9434927409715,1.6554395569201885,-140.00912069359637
14.114114114114113,23.36506281539021,-966.7464781402426,1.6554395569201885,-140.2093208937966
14.134134134134133,23.398204748461687,-969.5534715515298,1.6554395569201885,-140.4095210939968
14.154154154154154,23.431346681533164,-972.364472974833,1.6554395569201885,-140.60972129419702
14.174174174174174,23.46448861460464,-975.1794824101522,1.6554395569201885,-140.80992149439723
14.194194194194194,23.497630547676117,-977.9984998574874,1.6554395569201885,-141.01012169459744
14.214214214214213,23.530772480747594,-980.8215253168388,1.6554395569201885,-141.21032189479766
14.234234234234233,23.56391441381907,-983.6485587882062,1.6554395569201885,-141.41052209499787
14.254254254254255,23.597056346890547,-986.4796002715896,1.6554395569201885,-141.6107222951981
14.274274274274275,23.630198279962023,-989.314649766989,1.6554395569201885,-141.8109224953983
14.294294294294295,23.6633402130335,-992.1537072744044,1.6554395569201885,-142.01112269559852
14.314314314314313,23.696482146104977,-994.9967727938358,1.6554395569201885,-142.21132289579873
14.334334334334333,23.729624079176453,-997.8438463252833,1.6554395569201885,-142.41152309599894
14.354354354354355,23.76276601224793,-1000.6949278687467,1.6554395569201885,-142.61172329619916
14.374374374374375,23.795907945319406,-1003.5500174242262,1.6554395569201885,-142.81192349639937
14.394394394394395,23.829049878390883,-1006.4091149917217,1.6554395569201885,-143.0121236965996
14.414414414414413,23.86219181146236,-1009.2722205712332,1.6554395569201885,-143.2123238967998
14.434434434434436,23.895333744533836,-1012.1393341627607,1.6554395569201885,-143.41252409700002
14.454454454454455,23.928475677605313,-1015.0104557663043,1.6554395569201885,-143.61272429720023
14.474474474474475,23.96161761067679,-1017.8855853818638,1.6554395569201885,-143.81292449740045
14.494494494494495,23.994759543748266,-1020.7647230094394,1.6554395569201885,-144.01312469760066
14.514514514514513,24.027901476819743,-1023.647868649031,1.6554395569201885,-144.21332489780087
14.534534534534536,24.06104340989122,-1026.5350223006387,1.6554395569201885,-144.4135250980011
14.554554554554555,24.094185342962696,-1029.4261839642625,1.6554395569201885,-144.6137252982013
14.574574574574575,24.127327276034173,-1032.321353639902,1.6554395569201885,-144.81392549840152
14.594594594594595,24.16046920910565,-1035.2205313275579,1.6554395569201885,-145.01412569860173
14.614614614614613,24.193611142177126,-1038.1237170272295,1.6554395569201885,-145.21432589880195
14.634634634634637,24.226753075248602,-1041.0309107389173,1.6554395569201885,-145.41452609900216
14.654654654654655,24.25989500832008,-1043.942112462621,1.6554395569201885,-145.61472629920237
14.674674674674675,24.293036941391556,-1046.8573221983409,1.6554395569201885,-145.8149264994026
14.694694694694695,24.326178874463032,-1049.7765399460766,1.6554395569201885,-146.0151266996028
14.714714714714713,24.35932080753451,-1052.6997657058284,1.6554395569201885,-146.21532689980302
14.734734734734737,24.392462740605986,-1055.6269994775962,1.6554395569201885,-146.41552710000323
14.754754754754755,24.425604673677462,-1058.55824126138,1.6554395569201885,-146.61572730020345
14.774774774774775,24.45874660674894,-1061.4934910571799,1.6554395569201885,-146.81592750040366
14.794794794794795,24.491888539820415,-1064.4327488649958,1.6554395569201885,-147.01612770060387
14.814814814814813,24.525030472891892,-1067.3760146848276,1.6554395569201885,-147.2163279008041
14.834834834834837,24.55817240596337,-1070.3232885166756,1.6554395569201885,-147.4165281010043
14.854854854854855,24.591314339034845,-1073.2745703605394,1.6554395569201885,-147.61672830120452
14.874874874874875,24.624456272106322,-1076.2298602164194,1.6554395569201885,-147.81692850140473
14.894894894894895,24.6575982051778,-1079.1891580843153,1.6554395569201885,-148.01712870160495
14.914914914914913,24.690740138249275,-1082.1524639642273,1.6554395569201885,-148.21732890180516
14.934934934934937,24.72388207132075,-1085.1197778561555,1.6554395569201885,-148.41752910200537
14.954954954954955,24.75702400439223,-1088.0910997600995,1.6554395569201885,-148.6177293022056
14.974974974974975,24.790165937463705,-1091.0664296760597,1.6554395569201885,-148.8179295024058
14.994994994994995,24.82330787053518,-1094.0457676040357,1.6554395569201885,-149.01812970260602
15.015015015015013,24.856449803606658,-1097.029113544028,1.6554395569201885,-149.21832990280623
15.035035035035037,24.889591736678135,-1100.016467496036,1.6554395569201885,-149.41853010300645
15.055055055055055,24.92273366974961,-1103.0078294600603,1.6554395569201885,-149.61873030320666
15.075075075075075,24.955875602821088,-1106.0031994361004,1.6554395569201885,-149.81893050340688
15.095095095095095,24.989017535892565,-1109.0025774241567,1.6554395569201885,-150.0191307036071
15.115115115115113,25.02215946896404,-1112.0059634242289,1.6554395569201885,-150.2193309038073
15.135135135135137,25.055301402035518,-1115.0133574363172,1.6554395569201885,-150.41953110400752
15.155155155155155,25.088443335106994,-1118.0247594604214,1.6554395569201885,-150.61973130420773
15.175175175175175,25.12158526817847,-1121.0401694965417,1.6554395569201885,-150.81993150440795
15.195195195195195,25.154727201249948,-1124.059587544678,1.6554395569201885,-151.02013170460816
15.215215215215213,25.187869134321424,-1127.0830136048303,1.6554395569201885,-151.22033190480838
15.235235235235237,25.2210110673929,-1130.1104476769985,1.6554395569201885,-151.4205321050086
15.255255255255255,25.254153000464377,-1133.141889761183,1.6554395569201885,-151.6207323052088
15.275275275275275,25.287294933535854,-1136.1773398573832,1.6554395569201885,-151.82093250540902
15.295295295295295,25.32043686660733,-1139.2167979655997,1.6554395569201885,-152.02113270560923
15.315315315315313,25.353578799678807,-1142.260264085832,1.6554395569201885,-152.22133290580945
15.335335335335337,25.386720732750284,-1145.3077382180804,1.6554395569201885,-152.42153310600966
15.355355355355355,25.41986266582176,-1148.3592203623448,1.6554395569201885,-152.62173330620988
15.375375375375375,25.453004598893237,-1151.4147105186253,1.6554395569201885,-152.8219335064101
15.395395395395395,25.486146531964714,-1154.4742086869217,1.6554395569201885,-153.0221337066103
15.415415415415413,25.51928846503619,-1157.5377148672342,1.6554395569201885,-153.22233390681052
15.435435435435437,25.552430398107667,-1160.6052290595628,1.6554395569201885,-153.42253410701073
15.455455455455455,25.585572331179144,-1163.6767512639074,1.6554395569201885,-153.62273430721095
15.475475475475475,25.61871426425062,-1166.752281480268,1.6554395569201885,-153.82293450741116
15.495495495495495,25.651856197322097,-1169.8318197086446,1.6554395569201885,-154.02313470761138
15.515515515515514,25.684998130393573,-1172.9153659490373,1.6554395569201885,-154.2233349078116
15.535535535535537,25.71814006346505,-1176.002920201446,1.6554395569201885,-154.4235351080118
15.555555555555555,25.751281996536527,-1179.0944824658707,1.6554395569201885,-154.62373530821202
15.575575575575575,25.784423929608003,-1182.1900527423113,1.6554395569201885,-154.82393550841223
15.595595595595595,25.81756586267948,-1185.289631030768,1.6554395569201885,-155.02413570861245
15.615615615615614,25.850707795750957,-1188.3932173312407,1.6554395569201885,-155.22433590881266
15.635635635635637,25.883849728822433,-1191.5008116437295,1.6554395569201885,-155.42453610901288
15.655655655655655,25.91699166189391,-1194.6124139682343,1.6554395569201885,-155.6247363092131
15.675675675675675,25.950133594965386,-1197.728024304755,1.6554395569201885,-155.8249365094133
15.695695695695695,25.983275528036863,-1200.8476426532918,1.6554395569201885,-156.02513670961352
15.715715715715717,26.01641746110834,-1203.9712690138447,1.6554395569201885,-156.22533690981373
15.735735735735737,26.049559394179816,-1207.0989033864134,1.6554395569201885,-156.42553711001395
15.755755755755755,26.082701327251293,-1210.2305457709983,1.6554395569201885,-156.62573731021416
15.775775775775776,26.11584326032277,-1213.3661961675991,1.6554395569201885,-156.82593751041438
15.795795795795796,26.148985193394246,-1216.505854576216,1.6554395569201885,-157.0261377106146
15.815815815815817,26.182127126465723,-1219.6495209968489,1.6554395569201885,-157.2263379108148
15.835835835835837,26.2152690595372,-1222.7971954294978,1.6554395569201885,-157.42653811101502
15.855855855855856,26.248410992608676,-1225.9488778741627,1.6554395569201885,-157.62673831121523
15.875875875875876,26.281552925680153,-1229.1045683308437,1.6554395569201885,-157.82693851141545
15.895895895895896,26.31469485875163,-1232.2642667995408,1.6554395569201885,-158.02713871161566
15.915915915915917,26.347836791823106,-1235.4279732802538,1.6554395569201885,-158.22733891181588
15.935935935935937,26.380978724894582,-1238.595687772983,1.6554395569201885,-158.4275391120161
15.955955955955956,26.41412065796606,-1241.767410277728,1.6554395569201885,-158.6277393122163
15.975975975975976,26.447262591037536,-1244.9431407944892,1.6554395569201885,-158.82793951241652
15.995995995995996,26.480404524109012,-1248.1228793232663,1.6554395569201885,-159.02813971261673
16.016016016016017,26.51354645718049,-1251.3066258640595,1.6554395569201885,-159.22833991281695
16.036036036036037,26.546688390251965,-1254.4943804168686,1.6554395569201885,-159.42854011301716
16.056056056056057,26.579830323323442,-1257.6861429816938,1.6554395569201885,-159.62874031321738
16.076076076076077,26.61297225639492,-1260.881913558535,1.6554395569201885,-159.8289405134176
16.096096096096094,26.646114189466395,-1264.0816921473922,1.6554395569201885,-160.0291407136178
16.116116116116117,26.679256122537872,-1267.2854787482654,1.6554395569201885,-160.22934091381802
16.136136136136138,26.71239805560935,-1270.4932733611547,1.6554395569201885,-160.42954111401824
16.156156156156158,26.745539988680825,-1273.70507598606,1.6554395569201885,-160.62974131421845
16.176176176176178,26.7786819217523,-1276.9208866229812,1.6554395569201885,-160.82994151441866
16.196196196196194,26.81182385482378,-1280.1407052719185,1.6554395569201885,-161.03014171461888
16.216216216216218,26.844965787895255,-1283.3645319328718,1.6554395569201885,-161.2303419148191
16.236236236236238,26.87810772096673,-1286.592366605841,1.6554395569201885,-161.4305421150193
16.256256256256258,26.91124965403821,-1289.8242092908265,1.6554395569201885,-161.63074231521952
16.276276276276278,26.944391587109685,-1293.0600599878278,1.6554395569201885,-161.83094251541974
16.296296296296294,26.97753352018116,-1296.2999186968452,1.6554395569201885,-162.03114271561995
16.316316316316318,27.010675453252638,-1299.5437854178786,1.6554395569201885,-162.23134291582016
16.336336336336338,27.043817386324115,-1302.791660150928,1.6554395569201885,-162.43154311602038
16.356356356356358,27.07695931939559,-1306.0435428959936,1.6554395569201885,-162.6317433162206
16.376376376376378,27.110101252467068,-1309.299433653075,1.6554395569201885,-162.8319435164208
16.396396396396394,27.143243185538545,-1312.5593324221727,1.6554395569201885,-163.03214371662102
16.416416416416418,27.17638511861002,-1315.8232392032862,1.6554395569201885,-163.23234391682124
16.436436436436438,27.209527051681498,-1319.0911539964159,1.6554395569201885,-163.43254411702145
16.456456456456458,27.242668984752974,-1322.3630768015614,1.6554395569201885,-163.63274431722166
16.476476476476478,27.27581091782445,-1325.639007618723,1.6554395569201885,-163.83294451742188
16.496496496496494,27.308952850895928,-1328.9189464479007,1.6554395569201885,-164.0331447176221
16.516516516516518,27.342094783967404,-1332.2028932890944,1.6554395569201885,-164.2333449178223
16.536536536536538,27.37523671703888,-1335.490848142304,1.6554395569201885,-164.43354511802252
16.556556556556558,27.408378650110357,-1338.7828110075297,1.6554395569201885,-164.63374531822274
16.576576576576578,27.441520583181834,-1342.0787818847714,1.6554395569201885,-164.83394551842295
16.596596596596594,27.47466251625331,-1345.3787607740292,1.6554395569201885,-165.03414571862317
16.616616616616618,27.507804449324787,-1348.6827476753028,1.6554395569201885,-165.23434591882338
16.636636636636638,27.540946382396264,-1351.9907425885926,1.6554395569201885,-165.4345461190236
16.656656656656658,27.57408831546774,-1355.3027455138983,1.6554395569201885,-165.6347463192238
16.676676676676678,27.607230248539217,-1358.6187564512202,1.6554395569201885,-165.83494651942402
16.696696696696694,27.640372181610694,-1361.938775400558,1.6554395569201885,-166.03514671962424
16.716716716716718,27.67351411468217,-1365.2628023619118,1.6554395569201885,-166.23534691982445
16.736736736736738,27.706656047753647,-1368.5908373352815,1.6554395569201885,-166.43554712002467
16.756756756756758,27.739797980825124,-1371.9228803206674,1.6554395569201885,-166.63574732022488
16.776776776776778,27.7729399138966,-1375.2589313180692,1.6554395569201885,-166.8359475204251
16.796796796796794,27.806081846968077,-1378.5989903274872,1.6554395569201885,-167.0361477206253
16.816816816816818,27.839223780039553,-1381.943057348921,1.6554395569201885,-167.23634792082552
16.836836836836838,27.87236571311103,-1385.291132382371,1.6554395569201885,-167.43654812102574
16.856856856856858,27.905507646182507,-1388.643215427837,1.6554395569201885,-167.63674832122595
16.876876876876878,27.938649579253983,-1391.999306485319,1.6554395569201885,-167.83694852142617
16.896896896896898,27.97179151232546,-1395.3594055548172,1.6554395569201885,-168.03714872162638
16.916916916916918,28.004933445396937,-1398.7235126363312,1.6554395569201885,-168.2373489218266
16.936936936936938,28.038075378468413,-1402.0916277298613,1.6554395569201885,-168.4375491220268
16.956956956956958,28.07121731153989,-1405.4637508354074,1.6554395569201885,-168.63774932222702
16.976976976976978,28.104359244611366,-1408.8398819529696,1.6554395569201885,-168.83794952242724
16.996996996996998,28.137501177682843,-1412.2200210825476,1.6554395569201885,-169.03814972262745
17.017017017017018,28.17064311075432,-1415.6041682241419,1.6554395569201885,-169.23834992282767
17.037037037037038,28.203785043825796,-1418.992323377752,1.6554395569201885,-169.43855012302788
17.057057057057058,28.236926976897273,-1422.3844865433782,1.6554395569201885,-169.6387503232281
17.077077077077078,28.27006890996875,-1425.7806577210204,1.6554395569201885,-169.8389505234283
17.097097097097098,28.303210843040226,-1429.1808369106786,1.6554395569201885,-170.03915072362852
17.117117117117118,28.336352776111703,-1432.5850241123528,1.6554395569201885,-170.23935092382874
17.137137137137138,28.36949470918318,-1435.9932193260431,1.6554395569201885,-170.43955112402895
17.157157157157158,28.402636642254656,-1439.4054225517493,1.6554395569201885,-170.63975132422917
17.177177177177178,28.435778575326133,-1442.8216337894717,1.6554395569201885,-170.83995152442938
17.197197197197198,28.46892050839761,-1446.24185303921,1.6554395569201885,-171.0401517246296
17.217217217217218,28.502062441469086,-1449.6660803009643,1.6554395569201885,-171.2403519248298
17.237237237237238,28.535204374540562,-1453.0943155747345,1.6554395569201885,-171.44055212503002
17.25725725725726,28.56834630761204,-1456.526558860521,1.6554395569201885,-171.64075232523024
17.27727727727728,28.601488240683516,-1459.9628101583232,1.6554395569201885,-171.84095252543045
17.2972972972973,28.634630173754992,-1463.4030694681417,1.6554395569201885,-172.04115272563067
17.31731731731732,28.66777210682647,-1466.8473367899762,1.6554395569201885,-172.24135292583088
17.33733733733734,28.700914039897945,-1470.2956121238267,1.6554395569201885,-172.4415531260311
17.35735735735736,28.734055972969422,-1473.7478954696933,1.6554395569201885,-172.6417533262313
17.37737737737738,28.7671979060409,-1477.2041868275758,1.6554395569201885,-172.84195352643152
17.3973973973974,28.800339839112375,-1480.6644861974744,1.6554395569201885,-173.04215372663174
17.41741741741742,28.833481772183852,-1484.128793579389,1.6554395569201885,-173.24235392683195
17.43743743743744,28.86662370525533,-1487.5971089733196,1.6554395569201885,-173.44255412703217
17.45745745745746,28.899765638326805,-1491.0694323792661,1.6554395569201885,-173.64275432723238
17.47747747747748,28.93290757139828,-1494.5457637972288,1.6554395569201885,-173.8429545274326
17.4974974974975,28.96604950446976,-1498.0261032272074,1.6554395569201885,-174.0431547276328
17.51751751751752,28.999191437541235,-1501.510450669202,1.6554395569201885,-174.24335492783302
17.53753753753754,29.03233337061271,-1504.9988061232127,1.6554395569201885,-174.44355512803324
17.55755755755756,29.065475303684188,-1508.4911695892395,1.6554395569201885,-174.64375532823345
17.57757757757758,29.098617236755665,-1511.987541067282,1.6554395569201885,-174.84395552843367
17.5975975975976,29.13175916982714,-1515.4879205573409,1.6554395569201885,-175.04415572863388
17.61761761761762,29.164901102898618,-1518.9923080594156,1.6554395569201885,-175.2443559288341
17.63763763763764,29.198043035970095,-1522.5007035735064,1.6554395569201885,-175.4445561290343
17.65765765765766,29.23118496904157,-1526.013107099613,1.6554395569201885,-175.64475632923453
17.67767767767768,29.264326902113048,-1529.529518637736,1.6554395569201885,-175.84495652943474
17.6976976976977,29.297468835184524,-1533.0499381878747,1.6554395569201885,-176.04515672963495
17.71771771771772,29.330610768256,-1536.5743657500295,1.6554395569201885,-176.24535692983517
17.73773773773774,29.363752701327478,-1540.1028013242003,1.6554395569201885,-176.44555713003538
17.75775775775776,29.396894634398954,-1543.6352449103872,1.6554395569201885,-176.6457573302356
17.77777777777778,29.43003656747043,-1547.17169650859,1.6554395569201885,-176.8459575304358
17.7977977977978,29.463178500541908,-1550.712156118809,1.6554395569201885,-177.04615773063603
17.81781781781782,29.496320433613384,-1554.256623741044,1.6554395569201885,-177.24635793083624
17.83783783783784,29.52946236668486,-1557.805099375295,1.6554395569201885,-177.44655813103645
17.85785785785786,29.562604299756337,-1561.357583021562,1.6554395569201885,-177.64675833123667
17.87787787787788,29.595746232827814,-1564.914074679845,1.6554395569201885,-177.84695853143688
17.8978978978979,29.62888816589929,-1568.4745743501442,1.6554395569201885,-178.0471587316371
17.91791791791792,29.662030098970767,-1572.0390820324592,1.6554395569201885,-178.2473589318373
17.93793793793794,29.695172032042244,-1575.6075977267903,1.6554395569201885,-178.44755913203753
17.95795795795796,29.72831396511372,-1579.1801214331374,1.6554395569201885,-178.64775933223774
17.97797797797798,29.761455898185197,-1582.7566531515006,1.6554395569201885,-178.84795953243795
17.997997997998,29.794597831256674,-1586.3371928818797,1.6554395569201885,-179.04815973263817
18.01801801801802,29.82773976432815,-1589.921740624275,1.6554395569201885,-179.24835993283838
18.03803803803804,29.860881697399627,-1593.510296378686,1.6554395569201885,-179.4485601330386
18.05805805805806,29.894023630471104,-1597.1028601451133,1.6554395569201885,-179.6487603332388
18.07807807807808,29.92716556354258,-1600.6994319235564,1.6554395569201885,-179.84896053343903
18.0980980980981,29.960307496614057,-1604.3000117140157,1.6554395569201885,-180.04916073363924
18.11811811811812,29.993449429685533,-1607.9045995164909,1.6554395569201885,-180.24936093383945
18.13813813813814,30.02659136275701,-1611.5131953309822,1.6554395569201885,-180.44956113403967
18.15815815815816,30.059733295828487,-1615.1257991574894,1.6554395569201885,-180.64976133423988
18.17817817817818,30.092875228899963,-1618.7424109960127,1.6554395569201885,-180.8499615344401
18.1981981981982,30.12601716197144,-1622.363030846552,1.6554395569201885,-181.0501617346403
18.21821821821822,30.159159095042916,-1625.9876587091073,1.6554395569201885,-181.25036193484053
18.23823823823824,30.192301028114393,-1629.6162945836786,1.6554395569201885,-181.45056213504074
18.25825825825826,30.22544296118587,-1633.248938470266,1.6554395569201885,-181.65076233524096
18.27827827827828,30.258584894257346,-1636.8855903688695,1.6554395569201885,-181.85096253544117
18.2982982982983,30.291726827328823,-1640.526250279489,1.6554395569201885,-182.05116273564138
18.31831831831832,30.3248687604003,-1644.1709182021245,1.6554395569201885,-182.2513629358416
18.33833833833834,30.358010693471776,-1647.819594136776,1.6554395569201885,-182.4515631360418
18.35835835835836,30.391152626543253,-1651.4722780834436,1.6554395569201885,-182.65176333624203
18.37837837837838,30.42429455961473,-1655.128970042127,1.6554395569201885,-182.85196353644224
18.3983983983984,30.457436492686206,-1658.7896700128267,1.6554395569201885,-183.05216373664246
18.41841841841842,30.490578425757683,-1662.4543779955422,1.6554395569201885,-183.25236393684267
18.43843843843844,30.52372035882916,-1666.123093990274,1.6554395569201885,-183.45256413704288
18.45845845845846,30.556862291900636,-1669.7958179970215,1.6554395569201885,-183.6527643372431
18.47847847847848,30.590004224972112,-1673.4725500157851,1.6554395569201885,-183.8529645374433
18.4984984984985,30.62314615804359,-1677.1532900465647,1.6554395569201885,-184.05316473764353
18.51851851851852,30.656288091115066,-1680.8380380893605,1.6554395569201885,-184.25336493784374
18.53853853853854,30.689430024186542,-1684.526794144172,1.6554395569201885,-184.45356513804396
18.55855855855856,30.72257195725802,-1688.2195582109998,1.6554395569201885,-184.65376533824417
18.57857857857858,30.755713890329496,-1691.9163302898435,1.6554395569201885,-184.85396553844438
18.5985985985986,30.788855823400972,-1695.6171103807033,1.6554395569201885,-185.0541657386446
18.61861861861862,30.82199775647245,-1699.321898483579,1.6554395569201885,-185.2543659388448
18.63863863863864,30.855139689543925,-1703.0306945984707,1.6554395569201885,-185.45456613904503
18.65865865865866,30.888281622615402,-1706.7434987253785,1.6554395569201885,-185.65476633924524
18.67867867867868,30.92142355568688,-1710.4603108643023,1.6554395569201885,-185.85496653944546
18.6986986986987,30.954565488758355,-1714.181131015242,1.6554395569201885,-186.05516673964567
18.71871871871872,30.987707421829832,-1717.905959178198,1.6554395569201885,-186.25536693984589
18.73873873873874,31.02084935490131,-1721.63479535317,1.6554395569201885,-186.4555671400461
18.75875875875876,31.053991287972785,-1725.3676395401578,1.6554395569201885,-186.6557673402463
18.77877877877878,31.08713322104426,-1729.1044917391619,1.6554395569201885,-186.85596754044653
18.7987987987988,31.12027515411574,-1732.8453519501818,1.6554395569201885,-187.05616774064674
18.81881881881882,31.153417087187215,-1736.5902201732179,1.6554395569201885,-187.25636794084696
18.83883883883884,31.18655902025869,-1740.3390964082698,1.6554395569201885,-187.45656814104717
18.85885885885886,31.219700953330168,-1744.091980655338,1.6554395569201885,-187.65676834124739
18.87887887887888,31.252842886401645,-1747.848872914422,1.6554395569201885,-187.8569685414476
18.8988988988989,31.28598481947312,-1751.609773185522,1.6554395569201885,-188.0571687416478
18.91891891891892,31.319126752544598,-1755.374681468638,1.6554395569201885,-188.25736894184803
18.93893893893894,31.352268685616075,-1759.1435977637702,1.6554395569201885,-188.45756914204824
18.95895895895896,31.38541061868755,-1762.9165220709183,1.6554395569201885,-188.65776934224846
18.97897897897898,31.418552551759028,-1766.6934543900825,1.6554395569201885,-188.85796954244867
18.998998998999,31.451694484830504,-1770.4743947212626,1.6554395569201885,-189.0581697426489
19.01901901901902,31.48483641790198,-1774.2593430644588,1.6554395569201885,-189.2583699428491
19.03903903903904,31.517978350973458,-1778.048299419671,1.6554395569201885,-189.45857014304931
19.05905905905906,31.551120284044934,-1781.8412637868992,1.6554395569201885,-189.65877034324953
19.07907907907908,31.58426221711641,-1785.6382361661433,1.6554395569201885,-189.85897054344974
19.0990990990991,31.617404150187888,-1789.4392165574036,1.6554395569201885,-190.05917074364996
19.11911911911912,31.650546083259364,-1793.2442049606798,1.6554395569201885,-190.25937094385017
19.13913913913914,31.68368801633084,-1797.053201375972,1.6554395569201885,-190.4595711440504
19.15915915915916,31.716829949402317,-1800.8662058032803,1.6554395569201885,-190.6597713442506
19.17917917917918,31.749971882473794,-1804.6832182426047,1.6554395569201885,-190.85997154445081
19.1991991991992,31.78311381554527,-1808.504238693945,1.6554395569201885,-191.06017174465103
19.21921921921922,31.816255748616747,-1812.3292671573013,1.6554395569201885,-191.26037194485124
19.23923923923924,31.849397681688224,-1816.1583036326738,1.6554395569201885,-191.46057214505146
19.25925925925926,31.8825396147597,-1819.9913481200622,1.6554395569201885,-191.66077234525167
19.27927927927928,31.915681547831177,-1823.8284006194667,1.6554395569201885,-191.8609725454519
19.2992992992993,31.948823480902654,-1827.6694611308872,1.6554395569201885,-192.0611727456521
19.31931931931932,31.98196541397413,-1831.5145296543237,1.6554395569201885,-192.26137294585232
19.33933933933934,32.01510734704561,-1835.3636061897762,1.6554395569201885,-192.46157314605253
19.35935935935936,32.04824928011708,-1839.2166907372448,1.6554395569201885,-192.66177334625274
19.37937937937938,32.08139121318856,-1843.0737832967293,1.6554395569201885,-192.86197354645296
19.3993993993994,32.11453314626004,-1846.93488386823,1.6554395569201885,-193.06217374665317
19.41941941941942,32.14767507933151,-1850.7999924517464,1.6554395569201885,-193.2623739468534
19.43943943943944,32.18081701240299,-1854.669109047279,1.6554395569201885,-193.4625741470536
19.45945945945946,32.21395894547447,-1858.5422336548277,1.6554395569201885,-193.66277434725382
19.47947947947948,32.24710087854594,-1862.4193662743924,1.6554395569201885,-193.86297454745403
19.4994994994995,32.28024281161742,-1866.300506905973,1.6554395569201885,-194.06317474765424
19.51951951951952,32.313384744688896,-1870.1856555495697,1.6554395569201885,-194.26337494785446
19.53953953953954,32.34652667776037,-1874.0748122051823,1.6554395569201885,-194.46357514805467
19.55955955955956,32.37966861083185,-1877.967976872811,1.6554395569201885,-194.6637753482549
19.57957957957958,32.412810543903326,-1881.8651495524557,1.6554395569201885,-194.8639755484551
19.5995995995996,32.4459524769748,-1885.7663302441165,1.6554395569201885,-195.06417574865532
19.61961961961962,32.47909441004628,-1889.6715189477932,1.6554395569201885,-195.26437594885553
19.63963963963964,32.512236343117756,-1893.580715663486,1.6554395569201885,-195.46457614905574
19.65965965965966,32.54537827618923,-1897.4939203911947,1.6554395569201885,-195.66477634925596
19.67967967967968,32.57852020926071,-1901.4111331309196,1.6554395569201885,-195.86497654945617
19.6996996996997,32.611662142332186,-1905.3323538826605,1.6554395569201885,-196.0651767496564
19.71971971971972,32.64480407540366,-1909.2575826464174,1.6554395569201885,-196.2653769498566
19.73973973973974,32.67794600847514,-1913.1868194221904,1.6554395569201885,-196.46557715005682
19.75975975975976,32.711087941546616,-1917.1200642099793,1.6554395569201885,-196.66577735025703
19.77977977977978,32.74422987461809,-1921.0573170097844,1.6554395569201885,-196.86597755045725
19.7997997997998,32.77737180768957,-1924.9985778216053,1.6554395569201885,-197.06617775065746
19.81981981981982,32.810513740761046,-1928.9438466454424,1.6554395569201885,-197.26637795085767
19.83983983983984,32.84365567383252,-1932.8931234812953,1.6554395569201885,-197.4665781510579
19.85985985985986,32.876797606904,-1936.8464083291644,1.6554395569201885,-197.6667783512581
19.87987987987988,32.909939539975475,-1940.8037011890494,1.6554395569201885,-197.86697855145832
19.8998998998999,32.94308147304695,-1944.7650020609506,1.6554395569201885,-198.06717875165853
19.91991991991992,32.97622340611843,-1948.7303109448676,1.6554395569201885,-198.26737895185875
19.93993993993994,33.009365339189905,-1952.6996278408008,1.6554395569201885,-198.46757915205896
19.95995995995996,33.04250727226138,-1956.6729527487498,1.6554395569201885,-198.66777935225917
19.97997997997998,33.07564920533286,-1960.650285668715,1.6554395569201885,-198.8679795524594
20.0,33.108791138404335,-1964.631626600696,1.6554395569201885,-199.0681797526596
