t,xpos,ypos,vx,vy
0.0,0.0,2.4061131655520263,36.4219697363061,34.331167040160025
0.02002002002002002,0.7291685632894115,3.0934238170066815,36.4219697363061,34.130966839959825
0.04004004004004004,1.458337126578823,3.7767264564453167,36.4219697363061,33.930766639759625
0.06006006006006006,2.1875056898682343,4.456021083867932,36.4219697363061,33.730566439559425
0.08008008008008008,2.916674253157646,5.131307699274527,36.4219697363061,33.530366239359225
0.10010010010010009,3.6458428164470575,5.802586302665102,36.4219697363061,33.330166039159025
0.12012012012012012,4.375011379736469,6.469856894039657,36.4219697363061,33.129965838958825
0.14014014014014015,5.10417994302588,7.1331194733981915,36.4219697363061,32.929765638758624
0.16016016016016016,5.833348506315291,7.7923740407407065,36.4219697363061,32.729565438558424
0.18018018018018017,6.562517069604702,8.447620596067202,36.4219697363061,32.529365238358224
0.20020020020020018,7.291685632894113,9.098859139377677,36.4219697363061,32.329165038158024
0.22022022022022023,8.020854196183524,9.74608967067213,36.4219697363061,32.128964837957824
0.24024024024024024,8.750022759472936,10.389312189950566,36.4219697363061,31.928764637757624
0.2602602602602603,9.479191322762347,11.02852669721298,36.4219697363061,31.728564437557424
0.2802802802802803,10.208359886051758,11.663733192459375,36.4219697363061,31.528364237357223
0.3003003003003003,10.937528449341169,12.29493167568975,36.4219697363061,31.328164037157023
0.3203203203203203,11.66669701263058,12.922122146904105,36.4219697363061,31.127963836956823
0.3403403403403404,12.395865575919991,13.54530460610244,36.4219697363061,30.927763636756623
0.36036036036036034,13.125034139209403,14.164479053284754,36.4219697363061,30.727563436556423
0.3803803803803804,13.854202702498814,14.779645488451049,36.4219697363061,30.527363236356223
0.40040040040040037,14.583371265788225,15.390803911601324,36.4219697363061,30.327163036156023
0.42042042042042044,15.312539829077636,15.997954322735579,36.4219697363061,30.126962835955823
0.44044044044044045,16.04170839236705,16.601096721853814,36.4219697363061,29.926762635755622
0.4604604604604605,16.770876955656462,17.20023110895603,36.4219697363061,29.726562435555422
0.4804804804804805,17.500045518945875,17.795357484042224,36.4219697363061,29.526362235355222
0.5005005005005005,18.229214082235288,18.3864758471124,36.4219697363061,29.326162035155022
0.5205205205205206,18.9583826455247,18.973586198166554,36.4219697363061,29.125961834954822
0.5405405405405406,19.687551208814114,19.55668853720469,36.4219697363061,28.925761634754622
0.5605605605605606,20.416719772103527,20.135782864226805,36.4219697363061,28.72556143455442
0.5805805805805806,21.14588833539294,20.710869179232898,36.4219697363061,28.52536123435422
0.6006006006006006,21.875056898682352,21.28194748222297,36.4219697363061,28.32516103415402
0.6206206206206206,22.604225461971765,21.849017773197026,36.4219697363061,28.12496083395382
0.6406406406406406,23.33339402526118,22.412080052155062,36.4219697363061,27.92476063375362
0.6606606606606606,24.06256258855059,22.971134319097075,36.4219697363061,27.72456043355342
0.6806806806806808,24.791731151840004,23.52618057402307,36.4219697363061,27.52436023335322
0.7007007007007007,25.520899715129417,24.077218816933044,36.4219697363061,27.32416003315302
0.7207207207207207,26.25006827841883,24.624249047827,36.4219697363061,27.12395983295282
0.7407407407407407,26.979236841708243,25.167271266704933,36.4219697363061,26.92375963275262
0.7607607607607608,27.708405404997656,25.706285473566847,36.4219697363061,26.72355943255242
0.7807807807807808,28.43757396828707,26.241291668412742,36.4219697363061,26.52335923235222
0.8008008008008007,29.16674253157648,26.77228985124262,36.4219697363061,26.32315903215202
0.8208208208208208,29.895911094865895,27.29928002205647,36.4219697363061,26.12295883195182
0.8408408408408409,30.625079658155308,27.822262180854306,36.4219697363061,25.92275863175162
0.8608608608608609,31.35424822144472,28.34123632763612,36.4219697363061,25.72255843155142
0.8808808808808809,32.08341678473413,28.856202462401914,36.4219697363061,25.52235823135122
0.9009009009009008,32.812585348023546,29.367160585151687,36.4219697363061,25.32215803115102
0.920920920920921,33.54175391131296,29.87411069588544,36.4219697363061,25.12195783095082
0.9409409409409409,34.27092247460237,30.377052794603177,36.4219697363061,24.92175763075062
0.960960960960961,35.000091037891785,30.87598688130489,36.4219697363061,24.72155743055042
0.980980980980981,35.7292596011812,31.370912955990583,36.4219697363061,24.52135723035022
1.001001001001001,36.45842816447061,31.861831018660258,36.4219697363061,24.32115703015002
1.021021021021021,37.187596727760024,32.34874106931391,36.4219697363061,24.12095682994982
1.0410410410410411,37.91676529104944,32.83164310795154,36.4219697363061,23.92075662974962
1.0610610610610611,38.64593385433885,33.31053713457316,36.4219697363061,23.72055642954942
1.0810810810810811,39.37510241762826,33.785423149178754,36.4219697363061,23.52035622934922
1.1011011011011012,40.104270980917676,34.25630115176833,36.4219697363061,23.320156029149018
1.1211211211211212,40.83343954420709,34.72317114234188,36.4219697363061,23.119955828948818
1.1411411411411412,41.5626081074965,35.18603312089942,36.4219697363061,22.919755628748618
1.1611611611611612,42.291776670785914,35.64488708744093,36.4219697363061,22.719555428548418
1.1811811811811812,43.02094523407533,36.099733041966424,36.4219697363061,22.519355228348218
1.2012012012012012,43.75011379736474,36.5505709844759,36.4219697363061,22.319155028148018
1.2212212212212212,44.47928236065415,36.99740091496935,36.4219697363061,22.118954827947817
1.2412412412412412,45.208450923943566,37.44022283344678,36.4219697363061,21.918754627747617
1.2612612612612613,45.93761948723298,37.879036739908194,36.4219697363061,21.718554427547417
1.2812812812812813,46.66678805052239,38.31384263435359,36.4219697363061,21.518354227347217
1.3013013013013013,47.395956613811805,38.744640516782965,36.4219697363061,21.318154027147017
1.3213213213213213,48.12512517710122,39.17143038719632,36.4219697363061,21.117953826946817
1.3413413413413413,48.85429374039063,39.59421224559365,36.4219697363061,20.917753626746617
1.3613613613613615,49.583462303680044,40.012986091974966,36.4219697363061,20.717553426546417
1.3813813813813813,50.31263086696946,40.42775192634026,36.4219697363061,20.517353226346216
1.4014014014014013,51.04179943025887,40.83850974868953,36.4219697363061,20.317153026146016
1.4214214214214214,51.77096799354828,41.245259559022784,36.4219697363061,20.116952825945816
1.4414414414414414,52.500136556837695,41.64800135734002,36.4219697363061,19.916752625745616
1.4614614614614616,53.22930512012711,42.046735143641236,36.4219697363061,19.716552425545416
1.4814814814814814,53.95847368341652,42.44146091792643,36.4219697363061,19.516352225345216
1.5015015015015014,54.687642246705934,42.832178680195604,36.4219697363061,19.316152025145016
1.5215215215215216,55.41681080999535,43.21888843044876,36.4219697363061,19.115951824944815
1.5415415415415414,56.14597937328476,43.60159016868589,36.4219697363061,18.915751624744615
1.5615615615615617,56.87514793657417,43.980283894907004,36.4219697363061,18.715551424544415
1.5815815815815815,57.604316499863586,44.354969609112096,36.4219697363061,18.515351224344215
1.6016016016016015,58.333485063153,44.72564731130117,36.4219697363061,18.315151024144015
1.6216216216216217,59.06265362644241,45.09231700147422,36.4219697363061,18.114950823943815
1.6416416416416415,59.791822189731825,45.45497867963125,36.4219697363061,17.914750623743615
1.6616616616616617,60.52099075302124,45.81363234577227,36.4219697363061,17.714550423543415
1.6816816816816818,61.25015931631065,46.16827799989726,36.4219697363061,17.514350223343214
1.7017017017017015,61.97932787960006,46.518915642006235,36.4219697363061,17.314150023143014
1.7217217217217218,62.708496442889476,46.86554527209919,36.4219697363061,17.113949822942814
1.7417417417417416,63.43766500617889,47.20816689017612,36.4219697363061,16.913749622742614
1.7617617617617618,64.1668335694683,47.546780496237034,36.4219697363061,16.713549422542414
1.7817817817817818,64.8960021327577,47.88138609028193,36.4219697363061,16.513349222342214
1.8018018018018016,65.6251706960471,48.2119836723108,36.4219697363061,16.313149022142014
1.8218218218218218,66.35433925933651,48.53857324232365,36.4219697363061,16.112948821941814
1.841841841841842,67.08350782262592,48.861154800320485,36.4219697363061,15.912748621741613
1.8618618618618619,67.81267638591532,49.179728346301296,36.4219697363061,15.712548421541413
1.8818818818818819,68.54184494920473,49.49429388026609,36.4219697363061,15.512348221341213
1.9019019019019017,69.27101351249414,49.804851402214865,36.4219697363061,15.312148021141013
1.921921921921922,70.00018207578354,50.111400912147616,36.4219697363061,15.111947820940813
1.9419419419419421,70.72935063907295,50.41394241006435,36.4219697363061,14.911747620740613
1.961961961961962,71.45851920236235,50.71247589596506,36.4219697363061,14.711547420540413
1.981981981981982,72.18768776565176,51.00700136984975,36.4219697363061,14.511347220340213
2.002002002002002,72.91685632894117,51.29751883171843,36.4219697363061,14.311147020140012
2.022022022022022,73.64602489223057,51.58402828157108,36.4219697363061,14.110946819939812
2.042042042042042,74.37519345551998,51.866529719407716,36.4219697363061,13.910746619739612
2.0620620620620618,75.10436201880938,52.14502314522833,36.4219697363061,13.710546419539412
2.0820820820820822,75.83353058209879,52.41950855903292,36.4219697363061,13.510346219339212
2.1021021021021022,76.5626991453882,52.689985960821495,36.4219697363061,13.310146019139012
2.1221221221221223,77.2918677086776,52.95645535059405,36.4219697363061,13.109945818938812
2.1421421421421423,78.021036271967,53.21891672835058,36.4219697363061,12.909745618738611
2.1621621621621623,78.75020483525641,53.47737009409109,36.4219697363061,12.709545418538411
2.1821821821821823,79.47937339854582,53.731815447815585,36.4219697363061,12.509345218338211
2.2022022022022023,80.20854196183522,53.982252789524054,36.4219697363061,12.309145018138011
2.2222222222222223,80.93771052512463,54.22868211921651,36.4219697363061,12.108944817937811
2.2422422422422423,81.66687908841403,54.47110343689294,36.4219697363061,11.90874461773761
2.2622622622622623,82.39604765170344,54.709516742553355,36.4219697363061,11.70854441753741
2.2822822822822824,83.12521621499285,54.94392203619775,36.4219697363061,11.50834421733721
2.3023023023023024,83.85438477828225,55.17431931782612,36.4219697363061,11.30814401713701
2.3223223223223224,84.58355334157166,55.40070858743847,36.4219697363061,11.10794381693681
2.3423423423423424,85.31272190486106,55.623089845034805,36.4219697363061,10.90774361673661
2.3623623623623624,86.04189046815047,55.841463090615115,36.4219697363061,10.70754341653641
2.3823823823823824,86.77105903143988,56.05582832417941,36.4219697363061,10.50734321633621
2.4024024024024024,87.50022759472928,56.26618554572768,36.4219697363061,10.30714301613601
2.4224224224224224,88.22939615801869,56.472534755259936,36.4219697363061,10.10694281593581
2.4424424424424425,88.9585647213081,56.67487595277617,36.4219697363061,9.90674261573561
2.4624624624624625,89.6877332845975,56.87320913827638,36.4219697363061,9.70654241553541
2.4824824824824825,90.4169018478869,57.067534311760575,36.4219697363061,9.50634221533521
2.5025025025025025,91.14607041117631,57.25785147322875,36.4219697363061,9.30614201513501
2.5225225225225225,91.87523897446572,57.4441606226809,36.4219697363061,9.105941814934809
2.5425425425425425,92.60440753775512,57.62646176011703,36.4219697363061,8.905741614734609
2.5625625625625625,93.33357610104453,57.80475488553714,36.4219697363061,8.705541414534409
2.5825825825825826,94.06274466433393,57.97903999894123,36.4219697363061,8.505341214334209
2.6026026026026026,94.79191322762334,58.149317100329306,36.4219697363061,8.305141014134009
2.6226226226226226,95.52108179091275,58.31558618970136,36.4219697363061,8.104940813933808
2.6426426426426426,96.25025035420215,58.47784726705739,36.4219697363061,7.904740613733608
2.6626626626626626,96.97941891749156,58.636100332397405,36.4219697363061,7.704540413533408
2.6826826826826826,97.70858748078096,58.790345385721395,36.4219697363061,7.504340213333208
2.7027027027027026,98.43775604407037,58.94058242702937,36.4219697363061,7.304140013133008
2.722722722722723,99.16692460735977,59.08681145632132,36.4219697363061,7.103939812932808
2.7427427427427427,99.89609317064918,59.22903247359725,36.4219697363061,6.903739612732608
2.7627627627627627,100.62526173393859,59.367245478857164,36.4219697363061,6.7035394125324075
2.7827827827827827,101.35443029722799,59.501450472101055,36.4219697363061,6.503339212332207
2.8028028028028027,102.0835988605174,59.631647453328924,36.4219697363061,6.303139012132007
2.822822822822823,102.8127674238068,59.75783642254078,36.4219697363061,6.102938811931807
2.8428428428428427,103.54193598709621,59.88001737973661,36.4219697363061,5.902738611731607
2.8628628628628627,104.27110455038562,59.99819032491642,36.4219697363061,5.702538411531407
2.8828828828828827,105.00027311367502,60.112355258080214,36.4219697363061,5.502338211331207
2.9029029029029028,105.72944167696443,60.222512179227984,36.4219697363061,5.302138011131007
2.922922922922923,106.45861024025383,60.32866108835974,36.4219697363061,5.1019378109308064
2.942942942942943,107.18777880354324,60.43080198547547,36.4219697363061,4.901737610730606
2.962962962962963,107.91694736683264,60.52893487057518,36.4219697363061,4.701537410530406
2.982982982982983,108.64611593012205,60.62305974365887,36.4219697363061,4.501337210330206
3.003003003003003,109.37528449341146,60.71317660472654,36.4219697363061,4.301137010130006
3.0230230230230233,110.10445305670086,60.7992854537782,36.4219697363061,4.100936809929806
3.0430430430430433,110.83362161999027,60.88138629081383,36.4219697363061,3.9007366097296057
3.063063063063063,111.56279018327967,60.95947911583344,36.4219697363061,3.7005364095294055
3.083083083083083,112.29195874656908,61.03356392883703,36.4219697363061,3.5003362093292054
3.103103103103103,113.02112730985849,61.103640729824605,36.4219697363061,3.3001360091290053
3.1231231231231233,113.75029587314789,61.169709518796154,36.4219697363061,3.099935808928805
3.1431431431431434,114.4794644364373,61.23177029575169,36.4219697363061,2.899735608728605
3.163163163163163,115.2086329997267,61.2898230606912,36.4219697363061,2.699535408528405
3.183183183183183,115.93780156301611,61.343867813614686,36.4219697363061,2.4993352083282048
3.203203203203203,116.66697012630551,61.39390455452216,36.4219697363061,2.2991350081280046
3.2232232232232234,117.39613868959492,61.43993328341361,36.4219697363061,2.0989348079278045
3.2432432432432434,118.12530725288433,61.48195400028904,36.4219697363061,1.8987346077276044
3.263263263263263,118.85447581617373,61.519966705148455,36.4219697363061,1.6985344075274043
3.283283283283283,119.58364437946314,61.553971397991845,36.4219697363061,1.4983342073272041
3.303303303303303,120.31281294275254,61.58396807881922,36.4219697363061,1.298134007127004
3.3233233233233235,121.04198150604195,61.60995674763057,36.4219697363061,1.0979338069268039
3.3433433433433435,121.77115006933136,61.6319374044259,36.4219697363061,0.8977336067266037
3.3633633633633635,122.50031863262076,61.64991004920521,36.4219697363061,0.6975334065264036
3.383383383383383,123.22948719591017,61.6638746819685,36.4219697363061,0.4973332063262034
3.403403403403403,123.95865575919957,61.673831302715776,36.4219697363061,0.29713300612600324
3.4234234234234235,124.68782432248898,61.67977991144703,36.4219697363061,0.09693280592580306
3.4434434434434436,125.41699288577838,61.68172050816226,36.4219697363061,-0.10326739427439713
3.4634634634634636,126.14616144906779,61.67965309286147,36.4219697363061,-0.3034675944745973
3.483483483483483,126.8753300123572,61.67357766554466,36.4219697363061,-0.5036677946747975
3.503503503503503,127.6044985756466,61.66349422621183,36.4219697363061,-0.7038679948749977
3.5235235235235236,128.33366713893602,61.649402774862985,36.4219697363061,-0.9040681950751979
3.5435435435435436,129.06283570222544,61.631303311498115,36.4219697363061,-1.104268395275398
3.5635635635635636,129.79200426551486,61.60919583611722,36.4219697363061,-1.3044685954755981
3.583583583583583,130.52117282880428,61.583080348720316,36.4219697363061,-1.5046687956757983
3.603603603603603,131.2503413920937,61.552956849307385,36.4219697363061,-1.7048689958759984
3.6236236236236237,131.97950995538312,61.51882533787844,36.4219697363061,-1.9050691960761985
3.6436436436436437,132.70867851867254,61.48068581443347,36.4219697363061,-2.1052693962763986
3.6636636636636637,133.43784708196196,61.43853827897248,36.4219697363061,-2.3054695964765988
3.683683683683684,134.16701564525138,61.39238273149547,36.4219697363061,-2.505669796676799
3.7037037037037033,134.8961842085408,61.342219172002444,36.4219697363061,-2.705869996876999
3.7237237237237237,135.62535277183022,61.28804760049339,36.4219697363061,-2.906070197077199
3.7437437437437437,136.35452133511964,61.229868016968325,36.4219697363061,-3.1062703972773993
3.7637637637637638,137.08368989840906,61.167680421427235,36.4219697363061,-3.3064705974775994
3.783783783783784,137.81285846169848,61.10148481387012,36.4219697363061,-3.5066707976777995
3.8038038038038033,138.5420270249879,61.031281194296994,36.4219697363061,-3.7068709978779997
3.823823823823824,139.27119558827732,60.957069562707844,36.4219697363061,-3.9070711980782
3.843843843843844,140.00036415156674,60.87884991910268,36.4219697363061,-4.1072713982784
3.863863863863864,140.72953271485616,60.79662226348149,36.4219697363061,-4.3074715984786005
3.8838838838838843,141.45870127814558,60.71038659584428,36.4219697363061,-4.507671798678801
3.9039039039039034,142.187869841435,60.62014291619105,36.4219697363061,-4.707871998879001
3.923923923923924,142.91703840472442,60.5258912245218,36.4219697363061,-4.908072199079201
3.943943943943944,143.64620696801384,60.42763152083653,36.4219697363061,-5.108272399279401
3.963963963963964,144.37537553130326,60.32536380513524,36.4219697363061,-5.308472599479601
3.9839839839839843,145.10454409459268,60.21908807741793,36.4219697363061,-5.508672799679801
4.004004004004004,145.8337126578821,60.1088043376846,36.4219697363061,-5.708872999880001
4.0240240240240235,146.56288122117152,59.994512585935254,36.4219697363061,-5.9090732000802015
4.044044044044044,147.29204978446094,59.87621282216988,36.4219697363061,-6.109273400280402
4.064064064064064,148.02121834775036,59.753905046388496,36.4219697363061,-6.309473600480602
4.084084084084084,148.75038691103978,59.62758925859109,36.4219697363061,-6.509673800680802
4.104104104104104,149.4795554743292,59.497265458777655,36.4219697363061,-6.709874000881002
4.1241241241241235,150.20872403761862,59.36293364694821,36.4219697363061,-6.910074201081202
4.1441441441441444,150.93789260090804,59.22459382310274,36.4219697363061,-7.110274401281402
4.1641641641641645,151.66706116419746,59.082245987241244,36.4219697363061,-7.310474601481602
4.1841841841841845,152.39622972748688,58.935890139363735,36.4219697363061,-7.510674801681803
4.2042042042042045,153.1253982907763,58.785526279470204,36.4219697363061,-7.710875001882003
4.2242242242242245,153.85456685406572,58.63115440756066,36.4219697363061,-7.911075202082203
4.2442442442442445,154.58373541735514,58.47277452363509,36.4219697363061,-8.111275402282404
4.2642642642642645,155.31290398064456,58.3103866276935,36.4219697363061,-8.311475602482604
4.2842842842842845,156.04207254393398,58.14399071973589,36.4219697363061,-8.511675802682804
4.3043043043043046,156.7712411072234,57.97358679976226,36.4219697363061,-8.711876002883004
4.324324324324325,157.50040967051282,57.79917486777261,36.4219697363061,-8.912076203083204
4.344344344344345,158.22957823380224,57.62075492376694,36.4219697363061,-9.112276403283404
4.364364364364365,158.95874679709166,57.43832696774525,36.4219697363061,-9.312476603483605
4.384384384384385,159.68791536038108,57.25189099970754,36.4219697363061,-9.512676803683805
4.404404404404405,160.4170839236705,57.06144701965381,36.4219697363061,-9.712877003884005
4.424424424424425,161.14625248695992,56.86699502758406,36.4219697363061,-9.913077204084205
4.444444444444445,161.87542105024934,56.66853502349829,36.4219697363061,-10.113277404284405
4.464464464464465,162.60458961353876,56.466067007396504,36.4219697363061,-10.313477604484605
4.484484484484485,163.33375817682818,56.25959097927869,36.4219697363061,-10.513677804684805
4.504504504504505,164.0629267401176,56.04910693914486,36.4219697363061,-10.713878004885006
4.524524524524525,164.79209530340702,55.83461488699501,36.4219697363061,-10.914078205085206
4.544544544544545,165.52126386669644,55.61611482282914,36.4219697363061,-11.114278405285406
4.564564564564565,166.25043242998586,55.39360674664725,36.4219697363061,-11.314478605485606
4.584584584584585,166.97960099327528,55.16709065844934,36.4219697363061,-11.514678805685806
4.604604604604605,167.7087695565647,54.93656655823541,36.4219697363061,-11.714879005886006
4.624624624624625,168.43793811985412,54.70203444600546,36.4219697363061,-11.915079206086206
4.644644644644645,169.16710668314354,54.46349432175949,36.4219697363061,-12.115279406286406
4.664664664664665,169.89627524643296,54.2209461854975,36.4219697363061,-12.315479606486607
4.684684684684685,170.62544380972238,53.97439003721949,36.4219697363061,-12.515679806686807
4.704704704704705,171.3546123730118,53.72382587692546,36.4219697363061,-12.715880006887007
4.724724724724725,172.08378093630122,53.46925370461541,36.4219697363061,-12.916080207087207
4.744744744744745,172.81294949959064,53.21067352028934,36.4219697363061,-13.116280407287407
4.764764764764765,173.54211806288006,52.94808532394725,36.4219697363061,-13.316480607487607
4.784784784784785,174.27128662616948,52.68148911558914,36.4219697363061,-13.516680807687807
4.804804804804805,175.0004551894589,52.410884895215005,36.4219697363061,-13.716881007888007
4.824824824824825,175.72962375274832,52.13627266282486,36.4219697363061,-13.917081208088208
4.844844844844845,176.45879231603774,51.85765241841869,36.4219697363061,-14.117281408288408
4.864864864864865,177.18796087932716,51.575024161996495,36.4219697363061,-14.317481608488608
4.884884884884885,177.91712944261658,51.28838789355829,36.4219697363061,-14.517681808688808
4.904904904904905,178.646298005906,50.997743613104056,36.4219697363061,-14.717882008889008
4.924924924924925,179.37546656919542,50.7030913206338,36.4219697363061,-14.918082209089208
4.944944944944945,180.10463513248484,50.404431016147534,36.4219697363061,-15.118282409289408
4.964964964964965,180.83380369577426,50.10176269964524,36.4219697363061,-15.318482609489608
4.984984984984985,181.56297225906368,49.795086371126935,36.4219697363061,-15.518682809689809
5.005005005005005,182.2921408223531,49.484402030592605,36.4219697363061,-15.718883009890009
5.025025025025025,183.02130938564252,49.16970967804225,36.4219697363061,-15.919083210090209
5.045045045045045,183.75047794893194,48.851009313475885,36.4219697363061,-16.11928341029041
5.065065065065065,184.47964651222136,48.528300936893494,36.4219697363061,-16.31948361049061
5.085085085085085,185.20881507551078,48.20158454829508,36.4219697363061,-16.51968381069081
5.105105105105105,185.9379836388002,47.87086014768065,36.4219697363061,-16.71988401089101
5.125125125125125,186.66715220208962,47.5361277350502,36.4219697363061,-16.92008421109121
5.145145145145145,187.39632076537904,47.19738731040373,36.4219697363061,-17.12028441129141
5.165165165165165,188.12548932866846,46.85463887374124,36.4219697363061,-17.32048461149161
5.185185185185185,188.85465789195788,46.507882425062725,36.4219697363061,-17.52068481169181
5.205205205205205,189.5838264552473,46.1571179643682,36.4219697363061,-17.720885011892012
5.225225225225225,190.31299501853672,45.80234549165765,36.4219697363061,-17.921085212092212
5.245245245245245,191.04216358182614,45.443565006931074,36.4219697363061,-18.121285412292412
5.265265265265265,191.77133214511557,45.080776510188485,36.4219697363061,-18.321485612492612
5.285285285285285,192.50050070840499,44.713980001429874,36.4219697363061,-18.521685812692812
5.305305305305305,193.2296692716944,44.34317548065524,36.4219697363061,-18.721886012893012
5.325325325325325,193.95883783498383,43.96836294786459,36.4219697363061,-18.922086213093213
5.345345345345346,194.68800639827325,43.58954240305792,36.4219697363061,-19.122286413293413
5.365365365365365,195.41717496156267,43.20671384623523,36.4219697363061,-19.322486613493613
5.385385385385385,196.14634352485209,42.81987727739652,36.4219697363061,-19.522686813693813
5.405405405405405,196.8755120881415,42.42903269654179,36.4219697363061,-19.722887013894013
5.425425425425425,197.60468065143093,42.03418010367104,36.4219697363061,-19.923087214094213
5.445445445445446,198.33384921472035,41.63531949878427,36.4219697363061,-20.123287414294413
5.465465465465465,199.06301777800977,41.232450881881476,36.4219697363061,-20.323487614494613
5.485485485485485,199.79218634129919,40.82557425296267,36.4219697363061,-20.523687814694814
5.505505505505505,200.5213549045886,40.414689612027836,36.4219697363061,-20.723888014895014
5.525525525525525,201.25052346787803,39.99979695907698,36.4219697363061,-20.924088215095214
5.545545545545546,201.97969203116745,39.58089629411011,36.4219697363061,-21.124288415295414
5.565565565565565,202.70886059445687,39.15798761712722,36.4219697363061,-21.324488615495614
5.585585585585585,203.43802915774629,38.73107092812831,36.4219697363061,-21.524688815695814
5.605605605605605,204.1671977210357,38.30014622711338,36.4219697363061,-21.724889015896014
5.625625625625625,204.89636628432513,37.86521351408243,36.4219697363061,-21.925089216096215
5.645645645645646,205.62553484761455,37.42627278903546,36.4219697363061,-22.125289416296415
5.665665665665665,206.35470341090397,36.98332405197247,36.4219697363061,-22.325489616496615
5.685685685685685,207.08387197419339,36.53636730289345,36.4219697363061,-22.525689816696815
5.7057057057057055,207.8130405374828,36.08540254179842,36.4219697363061,-22.725890016897015
5.7257257257257255,208.54220910077223,35.63042976868737,36.4219697363061,-22.926090217097215
5.745745745745746,209.27137766406165,35.171448983560296,36.4219697363061,-23.126290417297415
5.7657657657657655,210.00054622735107,34.708460186417206,36.4219697363061,-23.326490617497615
5.7857857857857855,210.7297147906405,34.24146337725809,36.4219697363061,-23.526690817697816
5.8058058058058055,211.4588833539299,33.770458556082964,36.4219697363061,-23.726891017898016
5.8258258258258255,212.18805191721933,33.29544572289181,36.4219697363061,-23.927091218098216
5.845845845845846,212.91722048050875,32.81642487768464,36.4219697363061,-24.127291418298416
5.865865865865866,213.64638904379817,32.33339602046145,36.4219697363061,-24.327491618498616
5.885885885885886,214.3755576070876,31.846359151222238,36.4219697363061,-24.527691818698816
5.905905905905906,215.104726170377,31.355314269967007,36.4219697363061,-24.727892018899016
5.925925925925926,215.83389473366643,30.860261376695757,36.4219697363061,-24.928092219099216
5.9459459459459465,216.56306329695585,30.361200471408484,36.4219697363061,-25.128292419299417
5.965965965965966,217.29223186024527,29.858131554105192,36.4219697363061,-25.328492619499617
5.9859859859859865,218.0214004235347,29.35105462478588,36.4219697363061,-25.528692819699817
6.006006006006006,218.7505689868241,28.83996968345055,36.4219697363061,-25.728893019900017
6.026026026026026,219.47973755011353,28.3248767300992,36.4219697363061,-25.929093220100217
6.046046046046047,220.20890611340295,27.805775764731827,36.4219697363061,-26.129293420300417
6.066066066066066,220.93807467669237,27.282666787348436,36.4219697363061,-26.329493620500617
6.086086086086087,221.6672432399818,26.755549797949023,36.4219697363061,-26.529693820700817
6.106106106106106,222.3964118032712,26.22442479653359,36.4219697363061,-26.729894020901018
6.126126126126126,223.12558036656063,25.68929178310214,36.4219697363061,-26.930094221101218
6.146146146146147,223.85474892985005,25.150150757654668,36.4219697363061,-27.130294421301418
6.166166166166166,224.58391749313947,24.607001720191175,36.4219697363061,-27.330494621501618
6.186186186186187,225.3130860564289,24.059844670711662,36.4219697363061,-27.530694821701818
6.206206206206206,226.0422546197183,23.50867960921613,36.4219697363061,-27.73089502190202
6.226226226226226,226.77142318300773,22.95350653570458,36.4219697363061,-27.93109522210222
6.246246246246247,227.50059174629715,22.394325450177007,36.4219697363061,-28.13129542230242
6.266266266266266,228.22976030958657,21.831136352633415,36.4219697363061,-28.33149562250262
6.286286286286287,228.958928872876,21.263939243073803,36.4219697363061,-28.53169582270282
6.306306306306306,229.6880974361654,20.692734121498173,36.4219697363061,-28.73189602290302
6.326326326326326,230.41726599945483,20.11752098790652,36.4219697363061,-28.93209622310322
6.346346346346347,231.14643456274425,19.538299842298848,36.4219697363061,-29.13229642330342
6.366366366366366,231.87560312603367,18.955070684675157,36.4219697363061,-29.33249662350362
6.386386386386387,232.6047716893231,18.367833515035443,36.4219697363061,-29.53269682370382
6.406406406406406,233.3339402526125,17.77658833337971,36.4219697363061,-29.73289702390402
6.426426426426426,234.06310881590193,17.181335139707958,36.4219697363061,-29.93309722410422
6.446446446446447,234.79227737919135,16.582073934020187,36.4219697363061,-30.13329742430442
6.466466466466466,235.52144594248077,15.978804716316395,36.4219697363061,-30.33349762450462
6.486486486486487,236.2506145057702,15.371527486596582,36.4219697363061,-30.53369782470482
6.506506506506506,236.9797830690596,14.76024224486075,36.4219697363061,-30.73389802490502
6.526526526526526,237.70895163234903,14.144948991108897,36.4219697363061,-30.93409822510522
6.546546546546547,238.43812019563845,13.525647725341026,36.4219697363061,-31.13429842530542
6.566566566566566,239.16728875892787,12.902338447557133,36.4219697363061,-31.33449862550562
6.586586586586587,239.8964573222173,12.275021157757221,36.4219697363061,-31.53469882570582
6.606606606606606,240.6256258855067,11.643695855941289,36.4219697363061,-31.73489902590602
6.626626626626627,241.35479444879613,11.008362542109337,36.4219697363061,-31.93509922610622
6.646646646646647,242.08396301208555,10.369021216261364,36.4219697363061,-32.135299426306425
6.666666666666666,242.81313157537497,9.725671878397371,36.4219697363061,-32.335499626506625
6.686686686686687,243.5423001386644,9.078314528517359,36.4219697363061,-32.535699826706825
6.706706706706706,244.2714687019538,8.426949166621325,36.4219697363061,-32.735900026907025
6.726726726726727,245.00063726524323,7.771575792709273,36.4219697363061,-32.936100227107225
6.746746746746747,245.72980582853265,7.1121944067812,36.4219697363061,-33.136300427307425
6.766766766766766,246.45897439182207,6.448805008837108,36.4219697363061,-33.336500627507625
6.786786786786787,247.1881429551115,5.781407598876996,36.4219697363061,-33.536700827707826
6.806806806806806,247.9173115184009,5.1100021769008634,36.4219697363061,-33.736901027908026
6.826826826826827,248.64648008169033,4.43458874290871,36.4219697363061,-33.937101228108226
6.846846846846847,249.37564864497975,3.7551672969005376,36.4219697363061,-34.137301428308426
6.866866866866866,250.10481720826917,3.071737838876345,36.4219697363061,-34.337501628508626
6.886886886886887,250.8339857715586,2.3843003688361324,36.4219697363061,-34.537701828708826
6.906906906906906,251.563154334848,1.6928548867798996,36.4219697363061,-34.737902028909026
6.926926926926927,252.29232289813743,0.9974013927076468,36.4219697363061,-34.93810222910923
6.946946946946947,253.02149146142685,0.297939886619374,36.4219697363061,-35.13830242930943
6.966966966966966,253.75066002471627,-0.40552963148491883,36.4219697363061,-35.33850262950963
6.986986986986987,254.4798285880057,-1.1130071616052317,36.4219697363061,-35.53870282970983
7.007007007007006,255.2089971512951,-1.8244927037415646,36.4219697363061,-35.73890302991003
7.027027027027027,255.93816571458453,-2.5399862578939176,36.4219697363061,-35.93910323011023
7.047047047047047,256.6673342778739,-3.2594878240622904,36.4219697363061,-36.13930343031043
7.067067067067066,257.39650284116334,-3.982997402246683,36.4219697363061,-36.33950363051063
7.087087087087087,258.12567140445276,-4.710514992447096,36.4219697363061,-36.53970383071083
7.107107107107106,258.8548399677422,-5.442040594663529,36.4219697363061,-36.73990403091103
7.127127127127127,259.5840085310316,-6.177574208895981,36.4219697363061,-36.94010423111123
7.147147147147147,260.313177094321,-6.917115835144454,36.4219697363061,-37.14030443131143
7.167167167167166,261.04234565761044,-7.660665473408947,36.4219697363061,-37.34050463151163
7.187187187187187,261.77151422089986,-8.40822312368946,36.4219697363061,-37.54070483171183
7.207207207207206,262.5006827841893,-9.159788785985993,36.4219697363061,-37.74090503191203
7.227227227227227,263.2298513474787,-9.915362460298546,36.4219697363061,-37.94110523211223
7.247247247247247,263.9590199107681,-10.67494414662712,36.4219697363061,-38.14130543231243
7.267267267267268,264.68818847405754,-11.438533844971712,36.4219697363061,-38.34150563251263
7.287287287287287,265.41735703734696,-12.206131555332325,36.4219697363061,-38.54170583271283
7.3073073073073065,266.1465256006364,-12.977737277708957,36.4219697363061,-38.74190603291303
7.327327327327327,266.8756941639258,-13.75335101210161,36.4219697363061,-38.94210623311323
7.347347347347347,267.6048627272152,-14.532972758510283,36.4219697363061,-39.14230643331343
7.367367367367368,268.33403129050464,-15.316602516934976,36.4219697363061,-39.34250663351363
7.387387387387387,269.06319985379406,-16.10424028737569,36.4219697363061,-39.54270683371383
7.4074074074074066,269.7923684170835,-16.89588606983242,36.4219697363061,-39.74290703391403
7.4274274274274275,270.5215369803729,-17.691539864305174,36.4219697363061,-39.94310723411423
7.4474474474474475,271.2507055436623,-18.49120167079395,36.4219697363061,-40.14330743431443
7.467467467467468,271.97987410695174,-19.294871489298743,36.4219697363061,-40.34350763451463
7.4874874874874875,272.70904267024116,-20.102549319819556,36.4219697363061,-40.54370783471483
7.507507507507507,273.4382112335306,-20.914235162356388,36.4219697363061,-40.74390803491503
7.5275275275275275,274.16737979682,-21.729929016909242,36.4219697363061,-40.94410823511523
7.5475475475475475,274.8965483601094,-22.549630883478116,36.4219697363061,-41.14430843531543
7.567567567567568,275.62571692339884,-23.37334076206301,36.4219697363061,-41.34450863551563
7.587587587587588,276.35488548668826,-24.20105865266392,36.4219697363061,-41.54470883571583
7.607607607607607,277.0840540499777,-25.032784555280855,36.4219697363061,-41.74490903591603
7.627627627627628,277.8132226132671,-25.86851846991381,36.4219697363061,-41.94510923611623
7.647647647647648,278.5423911765565,-26.708260396562782,36.4219697363061,-42.14530943631643
7.6676676676676685,279.27155973984594,-27.552010335227777,36.4219697363061,-42.34550963651663
7.687687687687688,280.00072830313536,-28.39976828590879,36.4219697363061,-42.54570983671683
7.707707707707707,280.7298968664248,-29.251534248605825,36.4219697363061,-42.74591003691703
7.727727727727728,281.4590654297142,-30.107308223318878,36.4219697363061,-42.94611023711723
7.747747747747748,282.1882339930036,-30.967090210047953,36.4219697363061,-43.14631043731743
7.767767767767769,282.91740255629304,-31.830880208793047,36.4219697363061,-43.34651063751763
7.787787787787788,283.64657111958246,-32.69867821955416,36.4219697363061,-43.54671083771783
7.807807807807807,284.3757396828719,-33.5704842423313,36.4219697363061,-43.74691103791803
7.827827827827828,285.1049082461613,-34.44629827712445,36.4219697363061,-43.94711123811823
7.847847847847848,285.8340768094507,-35.32612032393362,36.4219697363061,-44.14731143831843
7.867867867867869,286.56324537274014,-36.20995038275882,36.4219697363061,-44.34751163851863
7.887887887887888,287.29241393602956,-37.09778845360003,36.4219697363061,-44.54771183871883
7.907907907907909,288.021582499319,-37.98963453645727,36.4219697363061,-44.74791203891903
7.927927927927928,288.7507510626084,-38.88548863133052,36.4219697363061,-44.94811223911923
7.947947947947948,289.4799196258978,-39.78535073821979,36.4219697363061,-45.14831243931943
7.967967967967969,290.20908818918724,-40.689220857125086,36.4219697363061,-45.34851263951963
7.987987987987988,290.93825675247666,-41.5970989880464,36.4219697363061,-45.54871283971983
8.008008008008009,291.6674253157661,-42.50898513098373,36.4219697363061,-45.74891303992003
8.028028028028029,292.3965938790555,-43.42487928593709,36.4219697363061,-45.949113240120234
8.048048048048047,293.1257624423449,-44.34478145290646,36.4219697363061,-46.149313440320434
8.068068068068069,293.85493100563434,-45.268691631891855,36.4219697363061,-46.349513640520634
8.088088088088089,294.58409956892376,-46.19660982289327,36.4219697363061,-46.549713840720834
8.108108108108109,295.3132681322132,-47.128536025910705,36.4219697363061,-46.749914040921034
8.128128128128129,296.0424366955026,-48.06447024094416,36.4219697363061,-46.950114241121234
8.148148148148147,296.771605258792,-49.00441246799363,36.4219697363061,-47.150314441321434
8.168168168168169,297.50077382208144,-49.948362707059125,36.4219697363061,-47.350514641521634
8.188188188188189,298.22994238537086,-50.89632095814064,36.4219697363061,-47.550714841721835
8.208208208208209,298.9591109486603,-51.848287221238174,36.4219697363061,-47.750915041922035
8.228228228228229,299.6882795119497,-52.80426149635173,36.4219697363061,-47.951115242122235
8.248248248248247,300.4174480752391,-53.764243783481305,36.4219697363061,-48.151315442322435
8.268268268268269,301.14661663852854,-54.7282340826269,36.4219697363061,-48.351515642522635
8.288288288288289,301.87578520181796,-55.69623239378851,36.4219697363061,-48.551715842722835
8.308308308308309,302.6049537651074,-56.668238716966144,36.4219697363061,-48.751916042923035
8.328328328328329,303.3341223283968,-57.6442530521598,36.4219697363061,-48.952116243123236
8.348348348348347,304.0632908916862,-58.62427539936947,36.4219697363061,-49.152316443323436
8.368368368368369,304.79245945497564,-59.608305758595165,36.4219697363061,-49.352516643523636
8.388388388388389,305.52162801826506,-60.59634412983688,36.4219697363061,-49.552716843723836
8.408408408408409,306.2507965815545,-61.588390513094616,36.4219697363061,-49.752917043924036
8.428428428428429,306.9799651448439,-62.58444490836837,36.4219697363061,-49.953117244124236
8.448448448448449,307.7091337081333,-63.58450731565814,36.4219697363061,-50.153317444324436
8.468468468468469,308.43830227142274,-64.58857773496393,36.4219697363061,-50.353517644524636
8.488488488488489,309.16747083471216,-65.59665616628575,36.4219697363061,-50.55371784472484
8.508508508508509,309.8966393980016,-66.60874260962359,36.4219697363061,-50.75391804492504
8.528528528528529,310.625807961291,-67.62483706497744,36.4219697363061,-50.95411824512524
8.548548548548549,311.3549765245804,-68.64493953234732,36.4219697363061,-51.15431844532544
8.568568568568569,312.08414508786984,-69.66905001173322,36.4219697363061,-51.35451864552564
8.588588588588589,312.81331365115926,-70.69716850313513,36.4219697363061,-51.55471884572584
8.608608608608609,313.5424822144487,-71.72929500655306,36.4219697363061,-51.75491904592604
8.62862862862863,314.2716507777381,-72.76542952198702,36.4219697363061,-51.95511924612624
8.64864864864865,315.0008193410275,-73.80557204943699,36.4219697363061,-52.15531944632644
8.66866866866867,315.72998790431694,-74.84972258890298,36.4219697363061,-52.35551964652664
8.68868868868869,316.45915646760636,-75.897881140385,36.4219697363061,-52.55571984672684
8.70870870870871,317.1883250308958,-76.95004770388303,36.4219697363061,-52.75592004692704
8.72872872872873,317.9174935941852,-78.00622227939708,36.4219697363061,-52.95612024712724
8.74874874874875,318.6466621574746,-79.06640486692716,36.4219697363061,-53.15632044732744
8.76876876876877,319.37583072076404,-80.13059546647325,36.4219697363061,-53.35652064752764
8.78878878878879,320.10499928405346,-81.19879407803536,36.4219697363061,-53.55672084772784
8.80880880880881,320.8341678473429,-82.2710007016135,36.4219697363061,-53.75692104792804
8.82882882882883,321.5633364106323,-83.34721533720766,36.4219697363061,-53.95712124812824
8.84884884884885,322.2925049739217,-84.42743798481783,36.4219697363061,-54.15732144832844
8.86886886886887,323.02167353721114,-85.51166864444403,36.4219697363061,-54.35752164852864
8.88888888888889,323.75084210050056,-86.59990731608625,36.4219697363061,-54.55772184872884
8.90890890890891,324.48001066379,-87.69215399974448,36.4219697363061,-54.75792204892904
8.92892892892893,325.2091792270794,-88.78840869541874,36.4219697363061,-54.95812224912924
8.94894894894895,325.9383477903688,-89.88867140310902,36.4219697363061,-55.15832244932944
8.96896896896897,326.66751635365824,-90.99294212281531,36.4219697363061,-55.35852264952964
8.98898898898899,327.39668491694766,-92.10122085453762,36.4219697363061,-55.55872284972984
9.00900900900901,328.1258534802371,-93.21350759827595,36.4219697363061,-55.75892304993004
9.02902902902903,328.8550220435265,-94.3298023540303,36.4219697363061,-55.95912325013024
9.04904904904905,329.5841906068159,-95.45010512180068,36.4219697363061,-56.15932345033044
9.06906906906907,330.31335917010534,-96.57441590158707,36.4219697363061,-56.35952365053064
9.08908908908909,331.04252773339476,-97.70273469338949,36.4219697363061,-56.55972385073084
9.10910910910911,331.7716962966842,-98.83506149720792,36.4219697363061,-56.75992405093104
9.12912912912913,332.5008648599736,-99.97139631304238,36.4219697363061,-56.96012425113124
9.14914914914915,333.230033423263,-101.11173914089285,36.4219697363061,-57.16032445133144
9.16916916916917,333.95920198655244,-102.25608998075934,36.4219697363061,-57.36052465153164
9.18918918918919,334.68837054984186,-103.40444883264186,36.4219697363061,-57.56072485173184
9.20920920920921,335.4175391131313,-104.5568156965404,36.4219697363061,-57.76092505193204
9.22922922922923,336.1467076764207,-105.71319057245495,36.4219697363061,-57.96112525213224
9.24924924924925,336.8758762397101,-106.87357346038553,36.4219697363061,-58.16132545233244
9.26926926926927,337.60504480299954,-108.03796436033213,36.4219697363061,-58.36152565253264
9.28928928928929,338.33421336628896,-109.20636327229474,36.4219697363061,-58.56172585273284
9.30930930930931,339.0633819295784,-110.37877019627338,36.4219697363061,-58.76192605293304
9.32932932932933,339.7925504928678,-111.55518513226804,36.4219697363061,-58.96212625313324
9.34934934934935,340.5217190561572,-112.73560808027871,36.4219697363061,-59.16232645333344
9.36936936936937,341.25088761944664,-113.92003904030541,36.4219697363061,-59.36252665353364
9.38938938938939,341.98005618273606,-115.10847801234813,36.4219697363061,-59.56272685373384
9.40940940940941,342.7092247460255,-116.30092499640686,36.4219697363061,-59.76292705393404
9.42942942942943,343.4383933093149,-117.49737999248161,36.4219697363061,-59.96312725413424
9.44944944944945,344.1675618726043,-118.69784300057239,36.4219697363061,-60.16332745433444
9.46946946946947,344.89673043589374,-119.90231402067919,36.4219697363061,-60.36352765453464
9.48948948948949,345.62589899918316,-121.110793052802,36.4219697363061,-60.56372785473484
9.50950950950951,346.3550675624726,-122.32328009694083,36.4219697363061,-60.76392805493504
9.52952952952953,347.084236125762,-123.53977515309569,36.4219697363061,-60.96412825513524
9.54954954954955,347.8134046890514,-124.76027822126656,36.4219697363061,-61.16432845533544
9.56956956956957,348.54257325234084,-125.98478930145346,36.4219697363061,-61.36452865553564
9.58958958958959,349.27174181563026,-127.21330839365638,36.4219697363061,-61.564728855735844
9.60960960960961,350.0009103789197,-128.44583549787532,36.4219697363061,-61.764929055936044
9.62962962962963,350.7300789422091,-129.68237061411028,36.4219697363061,-61.965129256136244
9.64964964964965,351.4592475054985,-130.92291374236126,36.4219697363061,-62.165329456336444
9.66966966966967,352.18841606878794,-132.16746488262825,36.4219697363061,-62.365529656536644
9.68968968968969,352.91758463207736,-133.41602403491126,36.4219697363061,-62.565729856736844
9.70970970970971,353.6467531953668,-134.66859119921028,36.4219697363061,-62.765930056937044
9.72972972972973,354.3759217586562,-135.92516637552535,36.4219697363061,-62.966130257137245
9.74974974974975,355.1050903219456,-137.18574956385643,36.4219697363061,-63.166330457337445
9.76976976976977,355.83425888523504,-138.45034076420353,36.4219697363061,-63.366530657537645
9.78978978978979,356.56342744852446,-139.71893997656665,36.4219697363061,-63.566730857737845
9.80980980980981,357.2925960118139,-140.99154720094577,36.4219697363061,-63.766931057938045
9.82982982982983,358.0217645751033,-142.26816243734092,36.4219697363061,-63.967131258138245
9.84984984984985,358.7509331383927,-143.5487856857521,36.4219697363061,-64.16733145833845
9.86986986986987,359.48010170168214,-144.8334169461793,36.4219697363061,-64.36753165853865
9.88988988988989,360.20927026497156,-146.12205621862253,36.4219697363061,-64.56773185873885
9.90990990990991,360.938438828261,-147.41470350308177,36.4219697363061,-64.76793205893905
9.92992992992993,361.6676073915504,-148.71135879955702,36.4219697363061,-64.96813225913925
9.94994994994995,362.3967759548398,-150.01202210804828,36.4219697363061,-65.16833245933945
9.96996996996997,363.12594451812924,-151.3166934285556,36.4219697363061,-65.36853265953965
9.98998998998999,363.85511308141866,-152.62537276107892,36.4219697363061,-65.56873285973985
10.01001001001001,364.5842816447081,-153.93806010561826,36.4219697363061,-65.76893305994005
10.03003003003003,365.3134502079975,-155.25475546217362,36.4219697363061,-65.96913326014025
10.05005005005005,366.0426187712869,-156.575458830745,36.4219697363061,-66.16933346034045
10.07007007007007,366.77178733457635,-157.90017021133238,36.4219697363061,-66.36953366054065
10.09009009009009,367.50095589786577,-159.22888960393578,36.4219697363061,-66.56973386074085
10.11011011011011,368.2301244611552,-160.56161700855523,36.4219697363061,-66.76993406094105
10.13013013013013,368.9592930244446,-161.8983524251907,36.4219697363061,-66.97013426114125
10.15015015015015,369.688461587734,-163.23909585384217,36.4219697363061,-67.17033446134145
10.17017017017017,370.41763015102345,-164.58384729450967,36.4219697363061,-67.37053466154165
10.19019019019019,371.14679871431287,-165.93260674719318,36.4219697363061,-67.57073486174185
10.21021021021021,371.8759672776023,-167.2853742118927,36.4219697363061,-67.77093506194205
10.23023023023023,372.6051358408917,-168.64214968860827,36.4219697363061,-67.97113526214225
10.25025025025025,373.3343044041811,-170.00293317733986,36.4219697363061,-68.17133546234246
10.27027027027027,374.06347296747055,-171.36772467808746,36.4219697363061,-68.37153566254266
10.29029029029029,374.79264153075997,-172.73652419085107,36.4219697363061,-68.57173586274286
10.31031031031031,375.5218100940494,-174.1093317156307,36.4219697363061,-68.77193606294306
10.33033033033033,376.2509786573388,-175.48614725242635,36.4219697363061,-68.97213626314326
10.35035035035035,376.9801472206282,-176.86697080123804,36.4219697363061,-69.17233646334346
10.37037037037037,377.70931578391765,-178.25180236206575,36.4219697363061,-69.37253666354366
10.39039039039039,378.43848434720707,-179.64064193490947,36.4219697363061,-69.57273686374386
10.41041041041041,379.1676529104965,-181.0334895197692,36.4219697363061,-69.77293706394406
10.43043043043043,379.8968214737859,-182.43034511664496,36.4219697363061,-69.97313726414426
10.45045045045045,380.6259900370753,-183.83120872553673,36.4219697363061,-70.17333746434446
10.47047047047047,381.35515860036475,-185.2360803464445,36.4219697363061,-70.37353766454466
10.49049049049049,382.08432716365417,-186.64495997936834,36.4219697363061,-70.57373786474486
10.51051051051051,382.8134957269436,-188.05784762430818,36.4219697363061,-70.77393806494506
10.53053053053053,383.542664290233,-189.47474328126404,36.4219697363061,-70.97413826514526
10.55055055055055,384.2718328535224,-190.8956469502359,36.4219697363061,-71.17433846534546
10.57057057057057,385.00100141681185,-192.3205586312238,36.4219697363061,-71.37453866554566
10.59059059059059,385.73016998010127,-193.7494783242277,36.4219697363061,-71.57473886574586
10.61061061061061,386.4593385433907,-195.18240602924766,36.4219697363061,-71.77493906594606
10.63063063063063,387.1885071066801,-196.61934174628362,36.4219697363061,-71.97513926614626
10.65065065065065,387.9176756699695,-198.0602854753356,36.4219697363061,-72.17533946634646
10.67067067067067,388.64684423325895,-199.5052372164036,36.4219697363061,-72.37553966654666
10.690690690690692,389.37601279654837,-200.9541969694876,36.4219697363061,-72.57573986674686
10.71071071071071,390.1051813598378,-202.40716473458764,36.4219697363061,-72.77594006694706
10.73073073073073,390.8343499231272,-203.8641405117037,36.4219697363061,-72.97614026714726
10.75075075075075,391.5635184864166,-205.3251243008358,36.4219697363061,-73.17634046734746
10.77077077077077,392.29268704970605,-206.7901161019839,36.4219697363061,-73.37654066754766
10.790790790790792,393.02185561299547,-208.25911591514802,36.4219697363061,-73.57674086774786
10.81081081081081,393.7510241762849,-209.73212374032815,36.4219697363061,-73.77694106794806
10.83083083083083,394.4801927395743,-211.2091395775243,36.4219697363061,-73.97714126814826
10.85085085085085,395.2093613028637,-212.69016342673646,36.4219697363061,-74.17734146834846
10.87087087087087,395.93852986615315,-214.17519528796467,36.4219697363061,-74.37754166854866
10.890890890890892,396.66769842944257,-215.6642351612089,36.4219697363061,-74.57774186874886
10.91091091091091,397.396866992732,-217.15728304646913,36.4219697363061,-74.77794206894906
10.93093093093093,398.1260355560214,-218.6543389437454,36.4219697363061,-74.97814226914926
10.95095095095095,398.8552041193108,-220.15540285303766,36.4219697363061,-75.17834246934946
10.97097097097097,399.58437268260025,-221.66047477434594,36.4219697363061,-75.37854266954966
10.990990990990992,400.31354124588967,-223.16955470767027,36.4219697363061,-75.57874286974986
11.01101101101101,401.0427098091791,-224.68264265301062,36.4219697363061,-75.77894306995006
11.03103103103103,401.7718783724685,-226.19973861036698,36.4219697363061,-75.97914327015026
11.05105105105105,402.5010469357579,-227.72084257973935,36.4219697363061,-76.17934347035046
11.07107107107107,403.23021549904735,-229.24595456112775,36.4219697363061,-76.37954367055066
11.091091091091092,403.95938406233677,-230.77507455453215,36.4219697363061,-76.57974387075086
11.11111111111111,404.6885526256262,-232.3082025599526,36.4219697363061,-76.77994407095106
11.13113113113113,405.4177211889156,-233.84533857738907,36.4219697363061,-76.98014427115126
11.15115115115115,406.146889752205,-235.38648260684155,36.4219697363061,-77.18034447135146
11.17117117117117,406.87605831549445,-236.93163464831005,36.4219697363061,-77.38054467155166
11.191191191191193,407.60522687878387,-238.48079470179457,36.4219697363061,-77.58074487175186
11.21121121121121,408.3343954420733,-240.0339627672951,36.4219697363061,-77.78094507195206
11.23123123123123,409.0635640053627,-241.59113884481164,36.4219697363061,-77.98114527215226
11.25125125125125,409.7927325686521,-243.15232293434423,36.4219697363061,-78.18134547235246
11.27127127127127,410.52190113194155,-244.71751503589283,36.4219697363061,-78.38154567255266
11.291291291291293,411.25106969523097,-246.28671514945745,36.4219697363061,-78.58174587275286
11.31131131131131,411.9802382585204,-247.85992327503808,36.4219697363061,-78.78194607295306
11.33133133133133,412.7094068218098,-249.43713941263474,36.4219697363061,-78.98214627315326
11.35135135135135,413.4385753850992,-251.0183635622474,36.4219697363061,-79.18234647335346
11.37137137137137,414.16774394838865,-252.6035957238761,36.4219697363061,-79.38254667355366
11.391391391391393,414.89691251167807,-254.19283589752084,36.4219697363061,-79.58274687375386
11.411411411411411,415.6260810749675,-255.78608408318158,36.4219697363061,-79.78294707395406
11.431431431431431,416.3552496382569,-257.38334028085836,36.4219697363061,-79.98314727415426
11.451451451451451,417.0844182015463,-258.98460449055113,36.4219697363061,-80.18334747435446
11.471471471471471,417.81358676483575,-260.5898767122599,36.4219697363061,-80.38354767455466
11.491491491491493,418.54275532812517,-262.1991569459847,36.4219697363061,-80.58374787475486
11.511511511511511,419.2719238914146,-263.81244519172554,36.4219697363061,-80.78394807495506
11.531531531531531,420.001092454704,-265.4297414494824,36.4219697363061,-80.98414827515526
11.551551551551551,420.7302610179934,-267.0510457192553,36.4219697363061,-81.18434847535546
11.571571571571571,421.45942958128285,-268.6763580010442,36.4219697363061,-81.38454867555566
11.591591591591593,422.18859814457227,-270.30567829484914,36.4219697363061,-81.58474887575586
11.611611611611611,422.9177667078617,-271.9390066006701,36.4219697363061,-81.78494907595606
11.631631631631631,423.6469352711511,-273.57634291850707,36.4219697363061,-81.98514927615626
11.651651651651651,424.3761038344405,-275.21768724836005,36.4219697363061,-82.18534947635646
11.671671671671671,425.10527239772995,-276.86303959022905,36.4219697363061,-82.38554967655666
11.691691691691693,425.83444096101937,-278.51239994411407,36.4219697363061,-82.58574987675686
11.711711711711711,426.5636095243088,-280.1657683100151,36.4219697363061,-82.78595007695706
11.731731731731731,427.2927780875982,-281.82314468793214,36.4219697363061,-82.98615027715726
11.751751751751751,428.0219466508876,-283.4845290778652,36.4219697363061,-83.18635047735746
11.771771771771771,428.75111521417705,-285.1499214798143,36.4219697363061,-83.38655067755766
11.791791791791793,429.48028377746647,-286.8193218937794,36.4219697363061,-83.58675087775786
11.811811811811811,430.2094523407559,-288.49273031976054,36.4219697363061,-83.78695107795807
11.831831831831831,430.9386209040453,-290.1701467577577,36.4219697363061,-83.98715127815827
11.851851851851851,431.6677894673347,-291.8515712077709,36.4219697363061,-84.18735147835847
11.871871871871871,432.39695803062415,-293.53700366980013,36.4219697363061,-84.38755167855867
11.891891891891893,433.12612659391357,-295.22644414384536,36.4219697363061,-84.58775187875887
11.911911911911911,433.855295157203,-296.9198926299066,36.4219697363061,-84.78795207895907
11.931931931931931,434.5844637204924,-298.61734912798386,36.4219697363061,-84.98815227915927
11.951951951951951,435.3136322837818,-300.31881363807713,36.4219697363061,-85.18835247935947
11.971971971971973,436.04280084707125,-302.0242861601864,36.4219697363061,-85.38855267955967
11.991991991991993,436.77196941036067,-303.7337666943117,36.4219697363061,-85.58875287975987
12.012012012012011,437.5011379736501,-305.44725524045305,36.4219697363061,-85.78895307996007
12.032032032032031,438.2303065369395,-307.1647517986104,36.4219697363061,-85.98915328016027
12.052052052052051,438.95947510022893,-308.88625636878373,36.4219697363061,-86.18935348036047
12.072072072072073,439.68864366351835,-310.61176895097316,36.4219697363061,-86.38955368056067
12.092092092092093,440.41781222680777,-312.3412895451786,36.4219697363061,-86.58975388076087
12.112112112112111,441.1469807900972,-314.07481815140005,36.4219697363061,-86.78995408096107
12.132132132132131,441.8761493533866,-315.8123547696375,36.4219697363061,-86.99015428116127
12.152152152152151,442.60531791667603,-317.553899399891,36.4219697363061,-87.19035448136147
12.172172172172173,443.33448647996545,-319.2994520421605,36.4219697363061,-87.39055468156167
12.192192192192193,444.06365504325487,-321.049012696446,36.4219697363061,-87.59075488176187
12.212212212212211,444.7928236065443,-322.80258136274756,36.4219697363061,-87.79095508196207
12.232232232232231,445.5219921698337,-324.5601580410651,36.4219697363061,-87.99115528216227
12.252252252252251,446.25116073312313,-326.3217427313987,36.4219697363061,-88.19135548236247
12.272272272272273,446.98032929641255,-328.08733543374825,36.4219697363061,-88.39155568256267
12.292292292292293,447.70949785970197,-329.85693614811385,36.4219697363061,-88.59175588276287
12.312312312312311,448.4386664229914,-331.6305448744955,36.4219697363061,-88.79195608296307
12.332332332332332,449.1678349862808,-333.4081616128932,36.4219697363061,-88.99215628316327
12.352352352352352,449.89700354957023,-335.1897863633069,36.4219697363061,-89.19235648336347
12.372372372372373,450.62617211285965,-336.9754191257366,36.4219697363061,-89.39255668356367
12.392392392392393,451.35534067614907,-338.76505990018234,36.4219697363061,-89.59275688376387
12.412412412412412,452.0845092394385,-340.5587086866441,36.4219697363061,-89.79295708396407
12.432432432432432,452.8136778027279,-342.35636548512184,36.4219697363061,-89.99315728416427
12.452452452452452,453.54284636601733,-344.1580302956156,36.4219697363061,-90.19335748436447
12.472472472472473,454.27201492930675,-345.9637031181254,36.4219697363061,-90.39355768456467
12.492492492492493,455.00118349259617,-347.7733839526512,36.4219697363061,-90.59375788476487
12.512512512512512,455.7303520558856,-349.58707279919304,36.4219697363061,-90.79395808496507
12.532532532532532,456.459520619175,-351.4047696577509,36.4219697363061,-90.99415828516527
12.552552552552552,457.18868918246443,-353.22647452832473,36.4219697363061,-91.19435848536547
12.572572572572573,457.91785774575385,-355.05218741091466,36.4219697363061,-91.39455868556567
12.592592592592593,458.64702630904327,-356.8819083055206,36.4219697363061,-91.59475888576587
12.612612612612612,459.3761948723327,-358.71563721214255,36.4219697363061,-91.79495908596607
12.632632632632632,460.1053634356221,-360.5533741307805,36.4219697363061,-91.99515928616627
12.652652652652652,460.83453199891153,-362.3951190614345,36.4219697363061,-92.19535948636647
12.672672672672673,461.56370056220095,-364.2408720041045,36.4219697363061,-92.39555968656667
12.692692692692694,462.29286912549037,-366.09063295879054,36.4219697363061,-92.59575988676687
12.712712712712712,463.0220376887798,-367.94440192549257,36.4219697363061,-92.79596008696707
12.732732732732732,463.7512062520692,-369.8021789042106,36.4219697363061,-92.99616028716727
12.752752752752752,464.48037481535863,-371.6639638949447,36.4219697363061,-93.19636048736747
12.772772772772774,465.20954337864805,-373.52975689769477,36.4219697363061,-93.39656068756767
12.792792792792794,465.93871194193747,-375.39955791246086,36.4219697363061,-93.59676088776787
12.812812812812812,466.6678805052269,-377.273366939243,36.4219697363061,-93.79696108796807
12.832832832832832,467.3970490685163,-379.15118397804116,36.4219697363061,-93.99716128816827
12.852852852852852,468.12621763180573,-381.03300902885536,36.4219697363061,-94.19736148836847
12.872872872872874,468.85538619509515,-382.9188420916856,36.4219697363061,-94.39756168856867
12.892892892892894,469.58455475838457,-384.8086831665318,36.4219697363061,-94.59776188876887
12.912912912912912,470.313723321674,-386.70253225339405,36.4219697363061,-94.79796208896907
12.932932932932932,471.0428918849634,-388.6003893522723,36.4219697363061,-94.99816228916927
12.952952952952952,471.77206044825283,-390.5022544631666,36.4219697363061,-95.19836248936947
12.972972972972974,472.50122901154225,-392.4081275860769,36.4219697363061,-95.39856268956967
12.992992992992994,473.23039757483167,-394.3180087210032,36.4219697363061,-95.59876288976987
13.013013013013012,473.9595661381211,-396.2318978679455,36.4219697363061,-95.79896308997007
13.033033033033032,474.6887347014105,-398.14979502690386,36.4219697363061,-95.99916329017027
13.053053053053052,475.41790326469993,-400.0717001978782,36.4219697363061,-96.19936349037047
13.073073073073074,476.14707182798935,-401.99761338086864,36.4219697363061,-96.39956369057067
13.093093093093094,476.87624039127877,-403.9275345758751,36.4219697363061,-96.59976389077087
13.113113113113112,477.6054089545682,-405.86146378289754,36.4219697363061,-96.79996409097107
13.133133133133132,478.3345775178576,-407.799401001936,36.4219697363061,-97.00016429117127
13.153153153153154,479.06374608114703,-409.7413462329905,36.4219697363061,-97.20036449137147
13.173173173173174,479.79291464443645,-411.687299476061,36.4219697363061,-97.40056469157167
13.193193193193194,480.52208320772587,-413.63726073114753,36.4219697363061,-97.60076489177187
13.213213213213212,481.2512517710153,-415.59122999825007,36.4219697363061,-97.80096509197207
13.233233233233232,481.9804203343047,-417.5492072773686,36.4219697363061,-98.00116529217227
13.253253253253254,482.70958889759413,-419.5111925685032,36.4219697363061,-98.20136549237247
13.273273273273274,483.43875746088355,-421.4771858716538,36.4219697363061,-98.40156569257267
13.293293293293294,484.16792602417297,-423.4471871868204,36.4219697363061,-98.60176589277287
13.313313313313312,484.8970945874624,-425.421196514003,36.4219697363061,-98.80196609297307
13.333333333333332,485.6262631507518,-427.3992138532017,36.4219697363061,-99.00216629317327
13.353353353353354,486.35543171404123,-429.3812392044164,36.4219697363061,-99.20236649337348
13.373373373373374,487.08460027733065,-431.3672725676471,36.4219697363061,-99.40256669357368
13.393393393393394,487.81376884062007,-433.3573139428938,36.4219697363061,-99.60276689377388
13.413413413413412,488.5429374039095,-435.3513633301566,36.4219697363061,-99.80296709397408
13.433433433433432,489.2721059671989,-437.34942072943534,36.4219697363061,-100.00316729417428
13.453453453453454,490.00127453048833,-439.3514861407301,36.4219697363061,-100.20336749437448
13.473473473473474,490.73044309377775,-441.3575595640409,36.4219697363061,-100.40356769457468
13.493493493493494,491.45961165706717,-443.3676409993677,36.4219697363061,-100.60376789477488
13.513513513513512,492.1887802203566,-445.38173044671055,36.4219697363061,-100.80396809497508
13.533533533533532,492.917948783646,-447.3998279060694,36.4219697363061,-101.00416829517528
13.553553553553554,493.64711734693543,-449.42193337744425,36.4219697363061,-101.20436849537548
13.573573573573574,494.37628591022485,-451.4480468608351,36.4219697363061,-101.40456869557568
13.593593593593594,495.10545447351427,-453.47816835624207,36.4219697363061,-101.60476889577588
13.613613613613612,495.8346230368037,-455.512297863665,36.4219697363061,-101.80496909597608
13.633633633633632,496.5637916000931,-457.550435383104,36.4219697363061,-102.00516929617628
13.653653653653654,497.29296016338253,-459.592580914559,36.4219697363061,-102.20536949637648
13.673673673673674,498.02212872667195,-461.63873445803,36.4219697363061,-102.40556969657668
13.693693693693694,498.75129728996137,-463.688896013517,36.4219697363061,-102.60576989677688
13.713713713713712,499.4804658532508,-465.74306558102006,36.4219697363061,-102.80597009697708
13.733733733733732,500.2096344165402,-467.8012431605391,36.4219697363061,-103.00617029717728
13.753753753753754,500.93880297982963,-469.8634287520742,36.4219697363061,-103.20637049737748
13.773773773773774,501.66797154311905,-471.92962235562527,36.4219697363061,-103.40657069757768
13.793793793793794,502.3971401064085,-473.99982397119237,36.4219697363061,-103.60677089777788
13.813813813813812,503.1263086696979,-476.0740335987755,36.4219697363061,-103.80697109797808
13.833833833833832,503.8554772329873,-478.1522512383747,36.4219697363061,-104.00717129817828
13.853853853853854,504.58464579627673,-480.2344768899899,36.4219697363061,-104.20737149837848
13.873873873873874,505.31381435956615,-482.3207105536211,36.4219697363061,-104.40757169857868
13.893893893893894,506.0429829228556,-484.41095222926833,36.4219697363061,-104.60777189877888
13.913913913913913,506.772151486145,-486.5052019169316,36.4219697363061,-104.80797209897908
13.933933933933933,507.5013200494344,-488.60345961661085,36.4219697363061,-105.00817229917928
13.953953953953954,508.23048861272383,-490.70572532830613,36.4219697363061,-105.20837249937948
13.973973973973974,508.95965717601325,-492.8119990520174,36.4219697363061,-105.40857269957968
13.993993993993994,509.6888257393027,-494.92228078774474,36.4219697363061,-105.60877289977988
14.014014014014013,510.4179943025921,-497.03657053548807,36.4219697363061,-105.80897309998008
14.034034034034033,511.1471628658815,-499.1548682952474,36.4219697363061,-106.00917330018028
14.054054054054054,511.87633142917093,-501.27717406702277,36.4219697363061,-106.20937350038048
14.074074074074074,512.6054999924603,-503.40348785081414,36.4219697363061,-106.40957370058068
14.094094094094094,513.3346685557497,-505.5338096466216,36.4219697363061,-106.60977390078088
14.114114114114113,514.063837119039,-507.66813945444505,36.4219697363061,-106.80997410098108
14.134134134134133,514.7930056823284,-509.80647727428453,36.4219697363061,-107.01017430118128
14.154154154154154,515.5221742456177,-511.94882310614,36.4219697363061,-107.21037450138148
14.174174174174174,516.2513428089071,-514.0951769500115,36.4219697363061,-107.41057470158168
14.194194194194194,516.9805113721965,-516.245538805899,36.4219697363061,-107.61077490178188
14.214214214214213,517.7096799354858,-518.3999086738025,36.4219697363061,-107.81097510198208
14.234234234234233,518.4388484987752,-520.5582865537222,36.4219697363061,-108.01117530218228
14.254254254254255,519.1680170620646,-522.7206724456578,36.4219697363061,-108.21137550238248
14.274274274274275,519.8971856253539,-524.8870663496094,36.4219697363061,-108.41157570258268
14.294294294294295,520.6263541886433,-527.0574682655771,36.4219697363061,-108.61177590278288
14.314314314314313,521.3555227519327,-529.2318781935608,36.4219697363061,-108.81197610298308
14.334334334334333,522.084691315222,-531.4102961335605,36.4219697363061,-109.01217630318328
14.354354354354355,522.8138598785114,-533.5927220855762,36.4219697363061,-109.21237650338348
14.374374374374375,523.5430284418007,-535.7791560496079,36.4219697363061,-109.41257670358368
14.394394394394395,524.2721970050901,-537.9695980256556,36.4219697363061,-109.61277690378388
14.414414414414413,525.0013655683795,-540.1640480137194,36.4219697363061,-109.81297710398408
14.434434434434436,525.7305341316688,-542.3625060137991,36.4219697363061,-110.01317730418428
14.454454454454455,526.4597026949582,-544.5649720258949,36.4219697363061,-110.21337750438448
14.474474474474475,527.1888712582476,-546.7714460500067,36.4219697363061,-110.41357770458468
14.494494494494495,527.9180398215369,-548.9819280861345,36.4219697363061,-110.61377790478488
14.514514514514513,528.6472083848263,-551.1964181342784,36.4219697363061,-110.81397810498508
14.534534534534536,529.3763769481156,-553.4149161944382,36.4219697363061,-111.01417830518528
14.554554554554555,530.105545511405,-555.6374222666141,36.4219697363061,-111.21437850538548
14.574574574574575,530.8347140746944,-557.863936350806,36.4219697363061,-111.41457870558568
14.594594594594595,531.5638826379837,-560.0944584470138,36.4219697363061,-111.61477890578588
14.614614614614613,532.2930512012731,-562.3289885552377,36.4219697363061,-111.81497910598608
14.634634634634637,533.0222197645625,-564.5675266754777,36.4219697363061,-112.01517930618628
14.654654654654655,533.7513883278518,-566.8100728077336,36.4219697363061,-112.21537950638648
14.674674674674675,534.4805568911412,-569.0566269520056,36.4219697363061,-112.41557970658668
14.694694694694695,535.2097254544306,-571.3071891082935,36.4219697363061,-112.61577990678688
14.714714714714713,535.9388940177199,-573.5617592765975,36.4219697363061,-112.81598010698708
14.734734734734737,536.6680625810093,-575.8203374569176,36.4219697363061,-113.01618030718728
14.754754754754755,537.3972311442986,-578.0829236492538,36.4219697363061,-113.21638050738748
14.774774774774775,538.126399707588,-580.3495178536059,36.4219697363061,-113.41658070758768
14.794794794794795,538.8555682708774,-582.6201200699741,36.4219697363061,-113.61678090778788
14.814814814814813,539.5847368341667,-584.8947302983582,36.4219697363061,-113.81698110798808
14.834834834834837,540.3139053974561,-587.1733485387584,36.4219697363061,-114.01718130818828
14.854854854854855,541.0430739607455,-589.4559747911746,36.4219697363061,-114.21738150838848
14.874874874874875,541.7722425240348,-591.7426090556069,36.4219697363061,-114.41758170858868
14.894894894894895,542.5014110873242,-594.0332513320551,36.4219697363061,-114.61778190878888
14.914914914914913,543.2305796506135,-596.3279016205194,36.4219697363061,-114.81798210898909
14.934934934934937,543.9597482139029,-598.6265599209996,36.4219697363061,-115.01818230918929
14.954954954954955,544.6889167771923,-600.9292262334959,36.4219697363061,-115.21838250938949
14.974974974974975,545.4180853404816,-603.2359005580082,36.4219697363061,-115.41858270958969
14.994994994994995,546.147253903771,-605.5465828945365,36.4219697363061,-115.61878290978989
15.015015015015013,546.8764224670604,-607.8612732430809,36.4219697363061,-115.81898310999009
15.035035035035037,547.6055910303497,-610.1799716036412,36.4219697363061,-116.01918331019029
15.055055055055055,548.3347595936391,-612.5026779762176,36.4219697363061,-116.21938351039049
15.075075075075075,549.0639281569285,-614.82939236081,36.4219697363061,-116.41958371059069
15.095095095095095,549.7930967202178,-617.1601147574183,36.4219697363061,-116.61978391079089
15.115115115115113,550.5222652835072,-619.4948451660428,36.4219697363061,-116.81998411099109
15.135135135135137,551.2514338467965,-621.8335835866832,36.4219697363061,-117.02018431119129
15.155155155155155,551.9806024100859,-624.1763300193396,36.4219697363061,-117.22038451139149
15.175175175175175,552.7097709733753,-626.5230844640121,36.4219697363061,-117.42058471159169
15.195195195195195,553.4389395366646,-628.8738469207005,36.4219697363061,-117.62078491179189
15.215215215215213,554.168108099954,-631.228617389405,36.4219697363061,-117.82098511199209
15.235235235235237,554.8972766632434,-633.5873958701256,36.4219697363061,-118.02118531219229
15.255255255255255,555.6264452265327,-635.9501823628623,36.4219697363061,-118.22138551239249
15.275275275275275,556.3556137898221,-638.3169768676149,36.4219697363061,-118.42158571259269
15.295295295295295,557.0847823531114,-640.6877793843836,36.4219697363061,-118.62178591279289
15.315315315315313,557.8139509164008,-643.0625899131683,36.4219697363061,-118.82198611299309
15.335335335335337,558.5431194796902,-645.441408453969,36.4219697363061,-119.02218631319329
15.355355355355355,559.2722880429795,-647.8242350067857,36.4219697363061,-119.22238651339349
15.375375375375375,560.0014566062689,-650.2110695716184,36.4219697363061,-119.42258671359369
15.395395395395395,560.7306251695583,-652.6019121484671,36.4219697363061,-119.62278691379389
15.415415415415413,561.4597937328476,-654.9967627373319,36.4219697363061,-119.82298711399409
15.435435435435437,562.188962296137,-657.3956213382127,36.4219697363061,-120.02318731419429
15.455455455455455,562.9181308594264,-659.7984879511095,36.4219697363061,-120.22338751439449
15.475475475475475,563.6472994227157,-662.2053625760223,36.4219697363061,-120.42358771459469
15.495495495495495,564.3764679860051,-664.6162452129511,36.4219697363061,-120.62378791479489
15.515515515515514,565.1056365492944,-667.0311358618959,36.4219697363061,-120.82398811499509
15.535535535535537,565.8348051125838,-669.4500345228568,36.4219697363061,-121.02418831519529
15.555555555555555,566.5639736758732,-671.8729411958336,36.4219697363061,-121.22438851539549
15.575575575575575,567.2931422391625,-674.2998558808265,36.4219697363061,-121.42458871559569
15.595595595595595,568.0223108024519,-676.7307785778354,36.4219697363061,-121.62478891579589
15.615615615615614,568.7514793657413,-679.1657092868603,36.4219697363061,-121.82498911599609
15.635635635635637,569.4806479290306,-681.6046480079012,36.4219697363061,-122.02518931619629
15.655655655655655,570.20981649232,-684.0475947409582,36.4219697363061,-122.22538951639649
15.675675675675675,570.9389850556094,-686.4945494860311,36.4219697363061,-122.42558971659669
15.695695695695695,571.6681536188987,-688.9455122431201,36.4219697363061,-122.62578991679689
15.715715715715717,572.3973221821881,-691.4004830122251,36.4219697363061,-122.82599011699709
15.735735735735737,573.1264907454774,-693.8594617933462,36.4219697363061,-123.02619031719729
15.755755755755755,573.8556593087668,-696.3224485864833,36.4219697363061,-123.22639051739749
15.775775775775776,574.5848278720562,-698.7894433916365,36.4219697363061,-123.42659071759769
15.795795795795796,575.3139964353455,-701.2604462088057,36.4219697363061,-123.62679091779789
15.815815815815817,576.0431649986349,-703.7354570379908,36.4219697363061,-123.82699111799809
15.835835835835837,576.7723335619243,-706.214475879192,36.4219697363061,-124.02719131819829
15.855855855855856,577.5015021252136,-708.6975027324092,36.4219697363061,-124.22739151839849
15.875875875875876,578.230670688503,-711.1845375976425,36.4219697363061,-124.42759171859869
15.895895895895896,578.9598392517923,-713.6755804748917,36.4219697363061,-124.62779191879889
15.915915915915917,579.6890078150817,-716.170631364157,36.4219697363061,-124.82799211899909
15.935935935935937,580.4181763783711,-718.6696902654382,36.4219697363061,-125.02819231919929
15.955955955955956,581.1473449416604,-721.1727571787355,36.4219697363061,-125.22839251939949
15.975975975975976,581.8765135049498,-723.6798321040488,36.4219697363061,-125.42859271959969
15.995995995995996,582.6056820682392,-726.1909150413782,36.4219697363061,-125.62879291979989
16.016016016016017,583.3348506315285,-728.7060059907235,36.4219697363061,-125.82899312000009
16.036036036036037,584.0640191948179,-731.2251049520848,36.4219697363061,-126.02919332020029
16.056056056056057,584.7931877581073,-733.7482119254622,36.4219697363061,-126.22939352040049
16.076076076076077,585.5223563213966,-736.2753269108556,36.4219697363061,-126.42959372060069
16.096096096096094,586.251524884686,-738.806449908265,36.4219697363061,-126.62979392080089
16.116116116116117,586.9806934479753,-741.3415809176904,36.4219697363061,-126.82999412100109
16.136136136136138,587.7098620112647,-743.8807199391318,36.4219697363061,-127.0301943212013
16.156156156156158,588.4390305745541,-746.4238669725893,36.4219697363061,-127.2303945214015
16.176176176176178,589.1681991378434,-748.9710220180627,36.4219697363061,-127.4305947216017
16.196196196196194,589.8973677011328,-751.5221850755522,36.4219697363061,-127.6307949218019
16.216216216216218,590.6265362644222,-754.0773561450577,36.4219697363061,-127.8309951220021
16.236236236236238,591.3557048277115,-756.6365352265793,36.4219697363061,-128.0311953222023
16.256256256256258,592.0848733910009,-759.199722320117,36.4219697363061,-128.23139552240252
16.276276276276278,592.8140419542902,-761.7669174256706,36.4219697363061,-128.43159572260274
16.296296296296294,593.5432105175796,-764.3381205432403,36.4219697363061,-128.63179592280295
16.316316316316318,594.272379080869,-766.913331672826,36.4219697363061,-128.83199612300317
16.336336336336338,595.0015476441583,-769.4925508144277,36.4219697363061,-129.03219632320338
16.356356356356358,595.7307162074477,-772.0757779680454,36.4219697363061,-129.2323965234036
16.376376376376378,596.4598847707371,-774.6630131336791,36.4219697363061,-129.4325967236038
16.396396396396394,597.1890533340264,-777.2542563113288,36.4219697363061,-129.63279692380402
16.416416416416418,597.9182218973158,-779.8495075009946,36.4219697363061,-129.83299712400424
16.436436436436438,598.6473904606052,-782.4487667026764,36.4219697363061,-130.03319732420445
16.456456456456458,599.3765590238945,-785.0520339163742,36.4219697363061,-130.23339752440467
16.476476476476478,600.1057275871839,-787.659309142088,36.4219697363061,-130.43359772460488
16.496496496496494,600.8348961504732,-790.2705923798178,36.4219697363061,-130.6337979248051
16.516516516516518,601.5640647137626,-792.8858836295636,36.4219697363061,-130.8339981250053
16.536536536536538,602.293233277052,-795.5051828913255,36.4219697363061,-131.03419832520552
16.556556556556558,603.0224018403413,-798.1284901651034,36.4219697363061,-131.23439852540574
16.576576576576578,603.7515704036307,-800.7558054508972,36.4219697363061,-131.43459872560595
16.596596596596594,604.4807389669201,-803.3871287487071,36.4219697363061,-131.63479892580617
16.616616616616618,605.2099075302094,-806.022460058533,36.4219697363061,-131.83499912600638
16.636636636636638,605.9390760934988,-808.661799380375,36.4219697363061,-132.0351993262066
16.656656656656658,606.6682446567881,-811.3051467142329,36.4219697363061,-132.2353995264068
16.676676676676678,607.3974132200775,-813.9525020601069,36.4219697363061,-132.43559972660702
16.696696696696694,608.1265817833669,-816.6038654179969,36.4219697363061,-132.63579992680724
16.716716716716718,608.8557503466562,-819.259236787903,36.4219697363061,-132.83600012700745
16.736736736736738,609.5849189099456,-821.9186161698251,36.4219697363061,-133.03620032720767
16.756756756756758,610.314087473235,-824.5820035637632,36.4219697363061,-133.23640052740788
16.776776776776778,611.0432560365243,-827.2493989697174,36.4219697363061,-133.4366007276081
16.796796796796794,611.7724245998137,-829.9208023876876,36.4219697363061,-133.6368009278083
16.816816816816818,612.501593163103,-832.5962138176737,36.4219697363061,-133.83700112800852
16.836836836836838,613.2307617263924,-835.2756332596759,36.4219697363061,-134.03720132820874
16.856856856856858,613.9599302896818,-837.9590607136942,36.4219697363061,-134.23740152840895
16.876876876876878,614.6890988529711,-840.6464961797284,36.4219697363061,-134.43760172860917
16.896896896896898,615.4182674162605,-843.3379396577786,36.4219697363061,-134.63780192880938
16.916916916916918,616.1474359795499,-846.0333911478449,36.4219697363061,-134.8380021290096
16.936936936936938,616.8766045428392,-848.7328506499272,36.4219697363061,-135.0382023292098
16.956956956956958,617.6057731061286,-851.4363181640255,36.4219697363061,-135.23840252941002
16.976976976976978,618.334941669418,-854.1437936901398,36.4219697363061,-135.43860272961024
16.996996996996998,619.0641102327073,-856.8552772282701,36.4219697363061,-135.63880292981045
17.017017017017018,619.7932787959967,-859.5707687784164,36.4219697363061,-135.83900313001067
17.037037037037038,620.522447359286,-862.2902683405788,36.4219697363061,-136.03920333021088
17.057057057057058,621.2516159225754,-865.0137759147572,36.4219697363061,-136.2394035304111
17.077077077077078,621.9807844858648,-867.7412915009515,36.4219697363061,-136.4396037306113
17.097097097097098,622.7099530491541,-870.472815099162,36.4219697363061,-136.63980393081152
17.117117117117118,623.4391216124435,-873.2083467093884,36.4219697363061,-136.84000413101174
17.137137137137138,624.1682901757329,-875.9478863316308,36.4219697363061,-137.04020433121195
17.157157157157158,624.8974587390222,-878.6914339658892,36.4219697363061,-137.24040453141217
17.177177177177178,625.6266273023116,-881.4389896121637,36.4219697363061,-137.44060473161238
17.197197197197198,626.355795865601,-884.1905532704543,36.4219697363061,-137.6408049318126
17.217217217217218,627.0849644288903,-886.9461249407609,36.4219697363061,-137.8410051320128
17.237237237237238,627.8141329921797,-889.7057046230835,36.4219697363061,-138.04120533221302
17.25725725725726,628.543301555469,-892.4692923174222,36.4219697363061,-138.24140553241324
17.27727727727728,629.2724701187584,-895.2368880237768,36.4219697363061,-138.44160573261345
17.2972972972973,630.0016386820478,-898.0084917421475,36.4219697363061,-138.64180593281367
17.31731731731732,630.7308072453371,-900.7841034725342,36.4219697363061,-138.84200613301388
17.33733733733734,631.4599758086265,-903.5637232149369,36.4219697363061,-139.0422063332141
17.35735735735736,632.1891443719159,-906.3473509693556,36.4219697363061,-139.2424065334143
17.37737737737738,632.9183129352052,-909.1349867357903,36.4219697363061,-139.44260673361453
17.3973973973974,633.6474814984946,-911.9266305142411,36.4219697363061,-139.64280693381474
17.41741741741742,634.376650061784,-914.7222823047078,36.4219697363061,-139.84300713401495
17.43743743743744,635.1058186250733,-917.5219421071906,36.4219697363061,-140.04320733421517
17.45745745745746,635.8349871883627,-920.3256099216894,36.4219697363061,-140.24340753441538
17.47747747747748,636.564155751652,-923.1332857482042,36.4219697363061,-140.4436077346156
17.4974974974975,637.2933243149414,-925.944969586735,36.4219697363061,-140.6438079348158
17.51751751751752,638.0224928782308,-928.7606614372819,36.4219697363061,-140.84400813501603
17.53753753753754,638.7516614415201,-931.5803612998448,36.4219697363061,-141.04420833521624
17.55755755755756,639.4808300048095,-934.4040691744236,36.4219697363061,-141.24440853541645
17.57757757757758,640.2099985680989,-937.2317850610185,36.4219697363061,-141.44460873561667
17.5975975975976,640.9391671313882,-940.0635089596294,36.4219697363061,-141.64480893581688
17.61761761761762,641.6683356946776,-942.8992408702563,36.4219697363061,-141.8450091360171
17.63763763763764,642.397504257967,-945.7389807928993,36.4219697363061,-142.0452093362173
17.65765765765766,643.1266728212563,-948.5827287275582,36.4219697363061,-142.24540953641753
17.67767767767768,643.8558413845457,-951.4304846742333,36.4219697363061,-142.44560973661774
17.6976976976977,644.585009947835,-954.2822486329244,36.4219697363061,-142.64580993681795
17.71771771771772,645.3141785111244,-957.1380206036315,36.4219697363061,-142.84601013701817
17.73773773773774,646.0433470744138,-959.9978005863546,36.4219697363061,-143.04621033721838
17.75775775775776,646.7725156377031,-962.8615885810938,36.4219697363061,-143.2464105374186
17.77777777777778,647.5016842009925,-965.7293845878489,36.4219697363061,-143.4466107376188
17.7977977977978,648.2308527642818,-968.6011886066201,36.4219697363061,-143.64681093781903
17.81781781781782,648.9600213275712,-971.4770006374073,36.4219697363061,-143.84701113801924
17.83783783783784,649.6891898908606,-974.3568206802105,36.4219697363061,-144.04721133821946
17.85785785785786,650.4183584541499,-977.2406487350297,36.4219697363061,-144.24741153841967
17.87787787787788,651.1475270174393,-980.1284848018649,36.4219697363061,-144.44761173861988
17.8978978978979,651.8766955807287,-983.0203288807162,36.4219697363061,-144.6478119388201
17.91791791791792,652.605864144018,-985.9161809715835,36.4219697363061,-144.8480121390203
17.93793793793794,653.3350327073074,-988.8160410744667,36.4219697363061,-145.04821233922053
17.95795795795796,654.0642012705968,-991.719909189366,36.4219697363061,-145.24841253942074
17.97797797797798,654.7933698338861,-994.6277853162813,36.4219697363061,-145.44861273962096
17.997997997998,655.5225383971755,-997.5396694552127,36.4219697363061,-145.64881293982117
18.01801801801802,656.2517069604648,-1000.45556160616,36.4219697363061,-145.84901314002138
18.03803803803804,656.9808755237542,-1003.3754617691234,36.4219697363061,-146.0492133402216
18.05805805805806,657.7100440870436,-1006.2993699441028,36.4219697363061,-146.2494135404218
18.07807807807808,658.4392126503329,-1009.2272861310981,36.4219697363061,-146.44961374062203
18.0980980980981,659.1683812136223,-1012.1592103301095,36.4219697363061,-146.64981394082224
18.11811811811812,659.8975497769117,-1015.095142541137,36.4219697363061,-146.85001414102246
18.13813813813814,660.626718340201,-1018.0350827641804,36.4219697363061,-147.05021434122267
18.15815815815816,661.3558869034904,-1020.97903099924,36.4219697363061,-147.25041454142288
18.17817817817818,662.0850554667797,-1023.9269872463155,36.4219697363061,-147.4506147416231
18.1981981981982,662.8142240300691,-1026.878951505407,36.4219697363061,-147.6508149418233
18.21821821821822,663.5433925933585,-1029.8349237765146,36.4219697363061,-147.85101514202353
18.23823823823824,664.2725611566478,-1032.7949040596382,36.4219697363061,-148.05121534222374
18.25825825825826,665.0017297199372,-1035.7588923547778,36.4219697363061,-148.25141554242396
18.27827827827828,665.7308982832266,-1038.7268886619333,36.4219697363061,-148.45161574262417
18.2982982982983,666.4600668465159,-1041.698892981105,36.4219697363061,-148.65181594282438
18.31831831831832,667.1892354098053,-1044.6749053122926,36.4219697363061,-148.8520161430246
18.33833833833834,667.9184039730947,-1047.6549256554963,36.4219697363061,-149.0522163432248
18.35835835835836,668.647572536384,-1050.638954010716,36.4219697363061,-149.25241654342503
18.37837837837838,669.3767410996734,-1053.6269903779516,36.4219697363061,-149.45261674362524
18.3983983983984,670.1059096629627,-1056.6190347572035,36.4219697363061,-149.65281694382546
18.41841841841842,670.8350782262521,-1059.6150871484713,36.4219697363061,-149.85301714402567
18.43843843843844,671.5642467895415,-1062.6151475517552,36.4219697363061,-150.05321734422589
18.45845845845846,672.2934153528308,-1065.619215967055,36.4219697363061,-150.2534175444261
18.47847847847848,673.0225839161202,-1068.627292394371,36.4219697363061,-150.4536177446263
18.4984984984985,673.7517524794096,-1071.6393768337027,36.4219697363061,-150.65381794482653
18.51851851851852,674.4809210426989,-1074.6554692850507,36.4219697363061,-150.85401814502674
18.53853853853854,675.2100896059883,-1077.6755697484145,36.4219697363061,-151.05421834522696
18.55855855855856,675.9392581692777,-1080.6996782237945,36.4219697363061,-151.25441854542717
18.57857857857858,676.668426732567,-1083.7277947111904,36.4219697363061,-151.45461874562739
18.5985985985986,677.3975952958564,-1086.7599192106024,36.4219697363061,-151.6548189458276
18.61861861861862,678.1267638591457,-1089.7960517220304,36.4219697363061,-151.85501914602781
18.63863863863864,678.8559324224351,-1092.8361922454744,36.4219697363061,-152.05521934622803
18.65865865865866,679.5851009857245,-1095.8803407809344,36.4219697363061,-152.25541954642824
18.67867867867868,680.3142695490138,-1098.9284973284105,36.4219697363061,-152.45561974662846
18.6986986986987,681.0434381123032,-1101.9806618879024,36.4219697363061,-152.65581994682867
18.71871871871872,681.7726066755926,-1105.0368344594106,36.4219697363061,-152.8560201470289
18.73873873873874,682.5017752388819,-1108.0970150429346,36.4219697363061,-153.0562203472291
18.75875875875876,683.2309438021713,-1111.1612036384747,36.4219697363061,-153.25642054742931
18.77877877877878,683.9601123654606,-1114.2294002460308,36.4219697363061,-153.45662074762953
18.7987987987988,684.68928092875,-1117.301604865603,36.4219697363061,-153.65682094782974
18.81881881881882,685.4184494920394,-1120.377817497191,36.4219697363061,-153.85702114802996
18.83883883883884,686.1476180553287,-1123.4580381407952,36.4219697363061,-154.05722134823017
18.85885885885886,686.8767866186181,-1126.5422667964156,36.4219697363061,-154.2574215484304
18.87887887887888,687.6059551819075,-1129.6305034640518,36.4219697363061,-154.4576217486306
18.8988988988989,688.3351237451968,-1132.7227481437042,36.4219697363061,-154.65782194883082
18.91891891891892,689.0642923084862,-1135.8190008353724,36.4219697363061,-154.85802214903103
18.93893893893894,689.7934608717756,-1138.9192615390568,36.4219697363061,-155.05822234923124
18.95895895895896,690.5226294350649,-1142.0235302547571,36.4219697363061,-155.25842254943146
18.97897897897898,691.2517979983543,-1145.1318069824736,36.4219697363061,-155.45862274963167
18.998998998999,691.9809665616436,-1148.244091722206,36.4219697363061,-155.6588229498319
19.01901901901902,692.710135124933,-1151.3603844739544,36.4219697363061,-155.8590231500321
19.03903903903904,693.4393036882224,-1154.4806852377187,36.4219697363061,-156.05922335023232
19.05905905905906,694.1684722515117,-1157.6049940134992,36.4219697363061,-156.25942355043253
19.07907907907908,694.8976408148011,-1160.7333108012956,36.4219697363061,-156.45962375063274
19.0990990990991,695.6268093780905,-1163.8656356011081,36.4219697363061,-156.65982395083296
19.11911911911912,696.3559779413798,-1167.0019684129365,36.4219697363061,-156.86002415103317
19.13913913913914,697.0851465046692,-1170.142309236781,36.4219697363061,-157.0602243512334
19.15915915915916,697.8143150679585,-1173.2866580726416,36.4219697363061,-157.2604245514336
19.17917917917918,698.5434836312479,-1176.4350149205181,36.4219697363061,-157.46062475163382
19.1991991991992,699.2726521945373,-1179.5873797804106,36.4219697363061,-157.66082495183403
19.21921921921922,700.0018207578266,-1182.7437526523192,36.4219697363061,-157.86102515203424
19.23923923923924,700.730989321116,-1185.9041335362438,36.4219697363061,-158.06122535223446
19.25925925925926,701.4601578844054,-1189.0685224321844,36.4219697363061,-158.26142555243467
19.27927927927928,702.1893264476947,-1192.236919340141,36.4219697363061,-158.4616257526349
19.2992992992993,702.9184950109841,-1195.4093242601136,36.4219697363061,-158.6618259528351
19.31931931931932,703.6476635742735,-1198.5857371921022,36.4219697363061,-158.86202615303532
19.33933933933934,704.3768321375628,-1201.766158136107,36.4219697363061,-159.06222635323553
19.35935935935936,705.1060007008522,-1204.9505870921278,36.4219697363061,-159.26242655343574
19.37937937937938,705.8351692641415,-1208.1390240601645,36.4219697363061,-159.46262675363596
19.3993993993994,706.5643378274309,-1211.3314690402174,36.4219697363061,-159.66282695383617
19.41941941941942,707.2935063907203,-1214.5279220322861,36.4219697363061,-159.8630271540364
19.43943943943944,708.0226749540096,-1217.728383036371,36.4219697363061,-160.0632273542366
19.45945945945946,708.751843517299,-1220.9328520524718,36.4219697363061,-160.26342755443682
19.47947947947948,709.4810120805884,-1224.1413290805888,36.4219697363061,-160.46362775463703
19.4994994994995,710.2101806438777,-1227.3538141207216,36.4219697363061,-160.66382795483725
19.51951951951952,710.9393492071671,-1230.5703071728706,36.4219697363061,-160.86402815503746
19.53953953953954,711.6685177704564,-1233.7908082370354,36.4219697363061,-161.06422835523767
19.55955955955956,712.3976863337458,-1237.0153173132164,36.4219697363061,-161.2644285554379
19.57957957957958,713.1268548970352,-1240.2438344014133,36.4219697363061,-161.4646287556381
19.5995995995996,713.8560234603245,-1243.4763595016263,36.4219697363061,-161.66482895583832
19.61961961961962,714.5851920236139,-1246.7128926138553,36.4219697363061,-161.86502915603853
19.63963963963964,715.3143605869033,-1249.9534337381003,36.4219697363061,-162.06522935623875
19.65965965965966,716.0435291501926,-1253.1979828743613,36.4219697363061,-162.26542955643896
19.67967967967968,716.772697713482,-1256.4465400226384,36.4219697363061,-162.46562975663917
19.6996996996997,717.5018662767714,-1259.6991051829314,36.4219697363061,-162.6658299568394
19.71971971971972,718.2310348400607,-1262.9556783552405,36.4219697363061,-162.8660301570396
19.73973973973974,718.9602034033501,-1266.2162595395655,36.4219697363061,-163.06623035723982
19.75975975975976,719.6893719666394,-1269.4808487359066,36.4219697363061,-163.26643055744003
19.77977977977978,720.4185405299288,-1272.7494459442637,36.4219697363061,-163.46663075764025
19.7997997997998,721.1477090932182,-1276.0220511646369,36.4219697363061,-163.66683095784046
19.81981981981982,721.8768776565075,-1279.2986643970262,36.4219697363061,-163.86703115804067
19.83983983983984,722.6060462197969,-1282.5792856414314,36.4219697363061,-164.0672313582409
19.85985985985986,723.3352147830863,-1285.8639148978527,36.4219697363061,-164.2674315584411
19.87987987987988,724.0643833463756,-1289.15255216629,36.4219697363061,-164.46763175864132
19.8998998998999,724.793551909665,-1292.4451974467434,36.4219697363061,-164.66783195884153
19.91991991991992,725.5227204729543,-1295.7418507392126,36.4219697363061,-164.86803215904175
19.93993993993994,726.2518890362437,-1299.042512043698,36.4219697363061,-165.06823235924196
19.95995995995996,726.9810575995331,-1302.3471813601993,36.4219697363061,-165.26843255944218
19.97997997997998,727.7102261628224,-1305.6558586887168,36.4219697363061,-165.4686327596424
20.0,728.4393947261118,-1308.96854402925,36.4219697363061,-165.6688329598426
