t,xpos,ypos,vx,vy
0.0,0.0,2.835876350835209,13.956696000796141,82.33891275859469
0.02002002002002002,0.2794133333492721,4.484303032688956,13.956696000796141,82.13871255839449
0.04004004004004004,0.5588266666985442,6.128721702526684,13.956696000796141,81.93851235819429
0.06006006006006006,0.8382400000478163,7.769132360348391,13.956696000796141,81.73831215799409
0.08008008008008008,1.1176533333970884,9.405535006154079,13.956696000796141,81.53811195779389
0.10010010010010009,1.3970666667463605,11.037929639943746,13.956696000796141,81.33791175759369
0.12012012012012012,1.6764800000956326,12.666316261717393,13.956696000796141,81.13771155739349
0.14014014014014015,1.9558933334449047,14.29069487147502,13.956696000796141,80.93751135719329
0.16016016016016016,2.2353066667941768,15.911065469216627,13.956696000796141,80.73731115699309
0.18018018018018017,2.514720000143449,17.527428054942213,13.956696000796141,80.53711095679289
0.20020020020020018,2.794133333492721,19.13978262865178,13.956696000796141,80.33691075659269
0.22022022022022023,3.073546666841993,20.748129190345328,13.956696000796141,80.13671055639249
0.24024024024024024,3.352960000191265,22.352467740022856,13.956696000796141,79.93651035619229
0.2602602602602603,3.6323733335405373,23.952798277684362,13.956696000796141,79.73631015599209
0.2802802802802803,3.9117866668898094,25.54912080332985,13.956696000796141,79.53610995579189
0.3003003003003003,4.191200000239082,27.141435316959317,13.956696000796141,79.33590975559169
0.3203203203203203,4.4706133335883536,28.729741818572766,13.956696000796141,79.13570955539149
0.3403403403403404,4.750026666937625,30.314040308170192,13.956696000796141,78.93550935519129
0.36036036036036034,5.029440000286897,31.8943307857516,13.956696000796141,78.73530915499109
0.3803803803803804,5.3088533336361685,33.47061325131698,13.956696000796141,78.53510895479089
0.40040040040040037,5.58826666698544,35.04288770486635,13.956696000796141,78.33490875459069
0.42042042042042044,5.867680000334712,36.6111541463997,13.956696000796141,78.13470855439049
0.44044044044044045,6.1470933336839835,38.17541257591702,13.956696000796141,77.93450835419029
0.4604604604604605,6.426506667033255,39.73566299341833,13.956696000796141,77.73430815399009
0.4804804804804805,6.705920000382527,41.291905398903616,13.956696000796141,77.53410795378988
0.5005005005005005,6.985333333731798,42.844139792372886,13.956696000796141,77.33390775358968
0.5205205205205206,7.26474666708107,44.39236617382613,13.956696000796141,77.13370755338948
0.5405405405405406,7.544160000430342,45.93658454326336,13.956696000796141,76.93350735318928
0.5605605605605606,7.823573333779613,47.47679490068457,13.956696000796141,76.73330715298908
0.5805805805805806,8.102986667128885,49.01299724608975,13.956696000796141,76.53310695278888
0.6006006006006006,8.382400000478157,50.54519157947892,13.956696000796141,76.33290675258868
0.6206206206206206,8.661813333827428,52.073377900852066,13.956696000796141,76.13270655238848
0.6406406406406406,8.9412266671767,53.59755621020919,13.956696000796141,75.93250635218828
0.6606606606606606,9.220640000525972,55.1177265075503,13.956696000796141,75.73230615198808
0.6806806806806808,9.500053333875243,56.63388879287539,13.956696000796141,75.53210595178788
0.7007007007007007,9.779466667224515,58.146043066184454,13.956696000796141,75.33190575158768
0.7207207207207207,10.058880000573787,59.6541893274775,13.956696000796141,75.13170555138748
0.7407407407407407,10.338293333923058,61.15832757675453,13.956696000796141,74.93150535118728
0.7607607607607608,10.61770666727233,62.658457814015534,13.956696000796141,74.73130515098708
0.7807807807807808,10.897120000621602,64.15458003926052,13.956696000796141,74.53110495078688
0.8008008008008007,11.176533333970873,65.6466942524895,13.956696000796141,74.33090475058668
0.8208208208208208,11.455946667320145,67.13480045370244,13.956696000796141,74.13070455038648
0.8408408408408409,11.735360000669417,68.61889864289937,13.956696000796141,73.93050435018628
0.8608608608608609,12.014773334018688,70.09898882008028,13.956696000796141,73.73030414998608
0.8808808808808809,12.29418666736796,71.57507098524516,13.956696000796141,73.53010394978588
0.9009009009009008,12.573600000717231,73.04714513839403,13.956696000796141,73.32990374958568
0.920920920920921,12.853013334066503,74.51521127952688,13.956696000796141,73.12970354938548
0.9409409409409409,13.132426667415775,75.9792694086437,13.956696000796141,72.92950334918528
0.960960960960961,13.411840000765046,77.43931952574451,13.956696000796141,72.72930314898508
0.980980980980981,13.691253334114318,78.8953616308293,13.956696000796141,72.52910294878488
1.001001001001001,13.97066666746359,80.34739572389806,13.956696000796141,72.32890274858468
1.021021021021021,14.250080000812861,81.7954218049508,13.956696000796141,72.12870254838448
1.0410410410410411,14.529493334162133,83.23943987398754,13.956696000796141,71.92850234818428
1.0610610610610611,14.808906667511405,84.67944993100824,13.956696000796141,71.72830214798408
1.0810810810810811,15.088320000860676,86.11545197601292,13.956696000796141,71.52810194778388
1.1011011011011012,15.367733334209948,87.54744600900159,13.956696000796141,71.32790174758368
1.1211211211211212,15.64714666755922,88.97543202997423,13.956696000796141,71.12770154738348
1.1411411411411412,15.926560000908491,90.39941003893085,13.956696000796141,70.92750134718328
1.1611611611611612,16.205973334257763,91.81938003587146,13.956696000796141,70.72730114698308
1.1811811811811812,16.485386667607035,93.23534202079605,13.956696000796141,70.52710094678288
1.2012012012012012,16.764800000956306,94.64729599370462,13.956696000796141,70.32690074658268
1.2212212212212212,17.044213334305578,96.05524195459716,13.956696000796141,70.12670054638248
1.2412412412412412,17.32362666765485,97.4591799034737,13.956696000796141,69.92650034618228
1.2612612612612613,17.60304000100412,98.8591098403342,13.956696000796141,69.72630014598208
1.2812812812812813,17.882453334353393,100.25503176517869,13.956696000796141,69.52609994578188
1.3013013013013013,18.161866667702665,101.64694567800716,13.956696000796141,69.32589974558168
1.3213213213213213,18.441280001051936,103.0348515788196,13.956696000796141,69.12569954538148
1.3413413413413413,18.720693334401208,104.41874946761602,13.956696000796141,68.92549934518128
1.3613613613613615,19.00010666775048,105.79863934439643,13.956696000796141,68.72529914498108
1.3813813813813813,19.27952000109975,107.17452120916082,13.956696000796141,68.52509894478088
1.4014014014014013,19.558933334449023,108.54639506190918,13.956696000796141,68.32489874458068
1.4214214214214214,19.838346667798294,109.91426090264153,13.956696000796141,68.12469854438048
1.4414414414414414,20.117760001147566,111.27811873135785,13.956696000796141,67.92449834418028
1.4614614614614616,20.397173334496838,112.63796854805815,13.956696000796141,67.72429814398008
1.4814814814814814,20.67658666784611,113.99381035274244,13.956696000796141,67.52409794377988
1.5015015015015014,20.95600000119538,115.3456441454107,13.956696000796141,67.32389774357968
1.5215215215215216,21.235413334544653,116.69346992606295,13.956696000796141,67.12369754337948
1.5415415415415414,21.514826667893924,118.03728769469917,13.956696000796141,66.92349734317928
1.5615615615615617,21.794240001243196,119.37709745131939,13.956696000796141,66.72329714297908
1.5815815815815815,22.073653334592468,120.71289919592357,13.956696000796141,66.52309694277888
1.6016016016016015,22.35306666794174,122.04469292851174,13.956696000796141,66.32289674257868
1.6216216216216217,22.63248000129101,123.37247864908389,13.956696000796141,66.12269654237848
1.6416416416416415,22.911893334640283,124.69625635764001,13.956696000796141,65.92249634217828
1.6616616616616617,23.191306667989554,126.01602605418012,13.956696000796141,65.72229614197808
1.6816816816816818,23.470720001338826,127.33178773870421,13.956696000796141,65.52209594177788
1.7017017017017015,23.750133334688098,128.64354141121228,13.956696000796141,65.32189574157768
1.7217217217217218,24.02954666803737,129.95128707170431,13.956696000796141,65.12169554137748
1.7417417417417416,24.30896000138664,131.25502472018033,13.956696000796141,64.92149534117728
1.7617617617617618,24.588373334735913,132.55475435664033,13.956696000796141,64.72129514097708
1.7817817817817818,24.867786668085184,133.85047598108432,13.956696000796141,64.52109494077688
1.8018018018018016,25.147200001434456,135.14218959351228,13.956696000796141,64.32089474057668
1.8218218218218218,25.426613334783728,136.42989519392424,13.956696000796141,64.12069454037648
1.841841841841842,25.706026668133,137.71359278232018,13.956696000796141,63.920494340176276
1.8618618618618619,25.98544000148227,138.99328235870007,13.956696000796141,63.720294139976076
1.8818818818818819,26.264853334831542,140.26896392306395,13.956696000796141,63.520093939775876
1.9019019019019017,26.544266668180814,141.5406374754118,13.956696000796141,63.319893739575676
1.921921921921922,26.823680001530086,142.80830301574366,13.956696000796141,63.119693539375476
1.9419419419419421,27.103093334879357,144.0719605440595,13.956696000796141,62.919493339175276
1.961961961961962,27.38250666822863,145.3316100603593,13.956696000796141,62.719293138975075
1.981981981981982,27.6619200015779,146.58725156464308,13.956696000796141,62.519092938774875
2.002002002002002,27.941333334927172,147.83888505691084,13.956696000796141,62.318892738574675
2.022022022022022,28.220746668276444,149.08651053716258,13.956696000796141,62.118692538374475
2.042042042042042,28.500160001625716,150.3301280053983,13.956696000796141,61.918492338174275
2.0620620620620618,28.779573334974987,151.56973746161802,13.956696000796141,61.718292137974075
2.0820820820820822,29.05898666832426,152.8053389058217,13.956696000796141,61.518091937773875
2.1021021021021022,29.33840000167353,154.03693233800936,13.956696000796141,61.317891737573675
2.1221221221221223,29.617813335022802,155.264517758181,13.956696000796141,61.117691537373474
2.1421421421421423,29.897226668372074,156.48809516633662,13.956696000796141,60.917491337173274
2.1621621621621623,30.176640001721346,157.70766456247623,13.956696000796141,60.717291136973074
2.1821821821821823,30.456053335070617,158.9232259465998,13.956696000796141,60.517090936772874
2.2022022022022023,30.73546666841989,160.1347793187074,13.956696000796141,60.316890736572674
2.2222222222222223,31.01488000176916,161.34232467879895,13.956696000796141,60.116690536372474
2.2422422422422423,31.294293335118432,162.54586202687446,13.956696000796141,59.916490336172274
2.2622622622622623,31.573706668467704,163.74539136293396,13.956696000796141,59.71629013597207
2.2822822822822824,31.853120001816976,164.94091268697744,13.956696000796141,59.51608993577187
2.3023023023023024,32.13253333516625,166.1324259990049,13.956696000796141,59.31588973557167
2.3223223223223224,32.411946668515526,167.31993129901636,13.956696000796141,59.11568953537147
2.3423423423423424,32.6913600018648,168.5034285870118,13.956696000796141,58.91548933517127
2.3623623623623624,32.970773335214076,169.6829178629912,13.956696000796141,58.71528913497107
2.3823823823823824,33.25018666856335,170.85839912695457,13.956696000796141,58.51508893477087
2.4024024024024024,33.52960000191263,172.02987237890193,13.956696000796141,58.31488873457067
2.4224224224224224,33.8090133352619,173.19733761883327,13.956696000796141,58.11468853437047
2.4424424424424425,34.08842666861118,174.3607948467486,13.956696000796141,57.91448833417027
2.4624624624624625,34.36784000196045,175.52024406264792,13.956696000796141,57.71428813397007
2.4824824824824825,34.64725333530973,176.6756852665312,13.956696000796141,57.51408793376987
2.5025025025025025,34.926666668659,177.82711845839845,13.956696000796141,57.31388773356967
2.5225225225225225,35.20608000200828,178.97454363824968,13.956696000796141,57.11368753336947
2.5425425425425425,35.48549333535755,180.1179608060849,13.956696000796141,56.91348733316927
2.5625625625625625,35.76490666870683,181.25736996190412,13.956696000796141,56.71328713296907
2.5825825825825826,36.044320002056104,182.3927711057073,13.956696000796141,56.51308693276887
2.6026026026026026,36.32373333540538,183.5241642374945,13.956696000796141,56.31288673256867
2.6226226226226226,36.603146668754654,184.65154935726562,13.956696000796141,56.11268653236847
2.6426426426426426,36.88256000210393,185.77492646502074,13.956696000796141,55.91248633216827
2.6626626626626626,37.161973335453204,186.89429556075984,13.956696000796141,55.71228613196807
2.6826826826826826,37.44138666880248,188.00965664448293,13.956696000796141,55.51208593176787
2.7027027027027026,37.720800002151755,189.12100971619,13.956696000796141,55.31188573156767
2.722722722722723,38.00021333550103,190.22835477588106,13.956696000796141,55.11168553136747
2.7427427427427427,38.279626668850305,191.33169182355607,13.956696000796141,54.91148533116727
2.7627627627627627,38.55904000219958,192.43102085921507,13.956696000796141,54.71128513096707
2.7827827827827827,38.838453335548856,193.52634188285805,13.956696000796141,54.51108493076687
2.8028028028028027,39.11786666889813,194.617654894485,13.956696000796141,54.31088473056667
2.822822822822823,39.397280002247406,195.70495989409596,13.956696000796141,54.11068453036647
2.8428428428428427,39.67669333559668,196.7882568816909,13.956696000796141,53.91048433016627
2.8628628628628627,39.95610666894596,197.8675458572698,13.956696000796141,53.71028412996607
2.8828828828828827,40.23552000229523,198.94282682083266,13.956696000796141,53.51008392976587
2.9029029029029028,40.51493333564451,200.01409977237952,13.956696000796141,53.30988372956567
2.922922922922923,40.79434666899378,201.08136471191037,13.956696000796141,53.10968352936547
2.942942942942943,41.07376000234306,202.1446216394252,13.956696000796141,52.90948332916527
2.962962962962963,41.35317333569233,203.203870554924,13.956696000796141,52.70928312896507
2.982982982982983,41.63258666904161,204.2591114584068,13.956696000796141,52.50908292876487
3.003003003003003,41.91200000239088,205.31034434987356,13.956696000796141,52.30888272856467
3.0230230230230233,42.19141333574016,206.3575692293243,13.956696000796141,52.10868252836447
3.0430430430430433,42.47082666908943,207.40078609675902,13.956696000796141,51.90848232816427
3.063063063063063,42.75024000243871,208.43999495217773,13.956696000796141,51.70828212796407
3.083083083083083,43.029653335787984,209.47519579558042,13.956696000796141,51.50808192776387
3.103103103103103,43.30906666913726,210.5063886269671,13.956696000796141,51.30788172756367
3.1231231231231233,43.588480002486534,211.53357344633773,13.956696000796141,51.10768152736347
3.1431431431431434,43.86789333583581,212.55675025369234,13.956696000796141,50.90748132716327
3.163163163163163,44.147306669185085,213.57591904903094,13.956696000796141,50.70728112696307
3.183183183183183,44.42672000253436,214.59107983235353,13.956696000796141,50.50708092676287
3.203203203203203,44.706133335883635,215.6022326036601,13.956696000796141,50.30688072656267
3.2232232232232234,44.98554666923291,216.60937736295065,13.956696000796141,50.10668052636247
3.2432432432432434,45.264960002582185,217.61251411022516,13.956696000796141,49.90648032616227
3.263263263263263,45.54437333593146,218.61164284548366,13.956696000796141,49.70628012596207
3.283283283283283,45.823786669280736,219.60676356872614,13.956696000796141,49.50607992576187
3.303303303303303,46.10320000263001,220.5978762799526,13.956696000796141,49.30587972556167
3.3233233233233235,46.382613335979286,221.58498097916305,13.956696000796141,49.10567952536147
3.3433433433433435,46.66202666932856,222.56807766635748,13.956696000796141,48.90547932516127
3.3633633633633635,46.94144000267784,223.5471663415359,13.956696000796141,48.705279124961066
3.383383383383383,47.22085333602711,224.52224700469827,13.956696000796141,48.505078924760866
3.403403403403403,47.50026666937639,225.49331965584463,13.956696000796141,48.304878724560666
3.4234234234234235,47.77968000272566,226.46038429497497,13.956696000796141,48.104678524360466
3.4434434434434436,48.05909333607494,227.4234409220893,13.956696000796141,47.904478324160266
3.4634634634634636,48.33850666942421,228.3824895371876,13.956696000796141,47.704278123960066
3.483483483483483,48.61792000277349,229.3375301402699,13.956696000796141,47.504077923759866
3.503503503503503,48.89733333612276,230.28856273133616,13.956696000796141,47.303877723559665
3.5235235235235236,49.17674666947204,231.2355873103864,13.956696000796141,47.103677523359465
3.5435435435435436,49.45616000282131,232.1786038774206,13.956696000796141,46.903477323159265
3.5635635635635636,49.73557333617059,233.11761243243882,13.956696000796141,46.703277122959065
3.583583583583583,50.014986669519864,234.052612975441,13.956696000796141,46.503076922758865
3.603603603603603,50.29440000286914,234.98360550642718,13.956696000796141,46.302876722558665
3.6236236236236237,50.573813336218414,235.9105900253973,13.956696000796141,46.102676522358465
3.6436436436436437,50.85322666956769,236.83356653235143,13.956696000796141,45.902476322158265
3.6636636636636637,51.132640002916965,237.75253502728953,13.956696000796141,45.702276121958064
3.683683683683684,51.41205333626624,238.6674955102116,13.956696000796141,45.502075921757864
3.7037037037037033,51.691466669615515,239.57844798111768,13.956696000796141,45.301875721557664
3.7237237237237237,51.97088000296479,240.48539244000773,13.956696000796141,45.101675521357464
3.7437437437437437,52.250293336314066,241.38832888688177,13.956696000796141,44.901475321157264
3.7637637637637638,52.52970666966334,242.28725732173976,13.956696000796141,44.701275120957064
3.783783783783784,52.809120003012616,243.18217774458174,13.956696000796141,44.501074920756864
3.8038038038038033,53.08853333636189,244.0730901554077,13.956696000796141,44.30087472055666
3.823823823823824,53.367946669711166,244.95999455421764,13.956696000796141,44.10067452035646
3.843843843843844,53.64736000306044,245.84289094101158,13.956696000796141,43.90047432015626
3.863863863863864,53.92677333640972,246.7217793157895,13.956696000796141,43.70027411995606
3.8838838838838843,54.20618666975899,247.59665967855136,13.956696000796141,43.50007391975586
3.9039039039039034,54.48560000310827,248.46753202929722,13.956696000796141,43.29987371955566
3.923923923923924,54.76501333645754,249.33439636802706,13.956696000796141,43.09967351935546
3.943943943943944,55.04442666980682,250.19725269474088,13.956696000796141,42.89947331915526
3.963963963963964,55.32384000315609,251.0561010094387,13.956696000796141,42.69927311895506
3.9839839839839843,55.60325333650537,251.91094131212049,13.956696000796141,42.49907291875486
4.004004004004004,55.88266666985464,252.76177360278623,13.956696000796141,42.29887271855466
4.0240240240240235,56.16208000320392,253.60859788143597,13.956696000796141,42.09867251835446
4.044044044044044,56.441493336553194,254.4514141480697,13.956696000796141,41.89847231815426
4.064064064064064,56.72090666990247,255.2902224026874,13.956696000796141,41.69827211795406
4.084084084084084,57.000320003251744,256.12502264528905,13.956696000796141,41.49807191775386
4.104104104104104,57.27973333660102,256.9558148758747,13.956696000796141,41.29787171755366
4.1241241241241235,57.559146669950294,257.7825990944443,13.956696000796141,41.09767151735346
4.1441441441441444,57.83856000329957,258.60537530099793,13.956696000796141,40.89747131715326
4.1641641641641645,58.117973336648845,259.42414349553553,13.956696000796141,40.69727111695306
4.1841841841841845,58.39738666999812,260.2389036780571,13.956696000796141,40.49707091675286
4.2042042042042045,58.676800003347395,261.0496558485627,13.956696000796141,40.29687071655266
4.2242242242242245,58.95621333669667,261.85640000705223,13.956696000796141,40.09667051635246
4.2442442442442445,59.235626670045946,262.65913615352576,13.956696000796141,39.89647031615226
4.2642642642642645,59.51504000339522,263.4578642879833,13.956696000796141,39.69627011595206
4.2842842842842845,59.794453336744496,264.2525844104248,13.956696000796141,39.49606991575186
4.3043043043043046,60.07386667009377,265.0432965208503,13.956696000796141,39.29586971555166
4.324324324324325,60.35328000344305,265.8300006192597,13.956696000796141,39.09566951535146
4.344344344344345,60.63269333679232,266.6126967056531,13.956696000796141,38.89546931515126
4.364364364364365,60.9121066701416,267.3913847800305,13.956696000796141,38.69526911495106
4.384384384384385,61.19152000349087,268.16606484239185,13.956696000796141,38.49506891475086
4.404404404404405,61.47093333684015,268.9367368927372,13.956696000796141,38.29486871455066
4.424424424424425,61.75034667018942,269.70340093106654,13.956696000796141,38.09466851435046
4.444444444444445,62.0297600035387,270.46605695737986,13.956696000796141,37.89446831415026
4.464464464464465,62.30917333688797,271.22470497167717,13.956696000796141,37.69426811395006
4.484484484484485,62.58858667023725,271.97934497395846,13.956696000796141,37.49406791374986
4.504504504504505,62.86800000358652,272.72997696422374,13.956696000796141,37.29386771354966
4.524524524524525,63.1474133369358,273.476600942473,13.956696000796141,37.09366751334946
4.544544544544545,63.426826670285074,274.21921690870624,13.956696000796141,36.89346731314926
4.564564564564565,63.70624000363435,274.9578248629235,13.956696000796141,36.69326711294906
4.584584584584585,63.985653336983624,275.69242480512463,13.956696000796141,36.49306691274886
4.604604604604605,64.2650666703329,276.4230167353098,13.956696000796141,36.29286671254866
4.624624624624625,64.54448000368217,277.1496006534789,13.956696000796141,36.09266651234846
4.644644644644645,64.82389333703144,277.872176559632,13.956696000796141,35.89246631214826
4.664664664664665,65.1033066703807,278.5907444537691,13.956696000796141,35.69226611194806
4.684684684684685,65.38272000372997,279.3053043358902,13.956696000796141,35.49206591174786
4.704704704704705,65.66213333707924,280.01585620599525,13.956696000796141,35.29186571154766
4.724724724724725,65.94154667042851,280.7224000640843,13.956696000796141,35.09166551134746
4.744744744744745,66.22096000377778,281.42493591015733,13.956696000796141,34.89146531114726
4.764764764764765,66.50037333712704,282.12346374421435,13.956696000796141,34.69126511094706
4.784784784784785,66.77978667047631,282.81798356625535,13.956696000796141,34.49106491074686
4.804804804804805,67.05920000382558,283.50849537628034,13.956696000796141,34.29086471054666
4.824824824824825,67.33861333717485,284.19499917428925,13.956696000796141,34.09066451034646
4.844844844844845,67.61802667052412,284.87749496028215,13.956696000796141,33.89046431014626
4.864864864864865,67.89744000387338,285.55598273425903,13.956696000796141,33.69026410994606
4.884884884884885,68.17685333722265,286.2304624962199,13.956696000796141,33.49006390974586
4.904904904904905,68.45626667057192,286.90093424616475,13.956696000796141,33.289863709545656
4.924924924924925,68.73568000392119,287.5673979840936,13.956696000796141,33.089663509345456
4.944944944944945,69.01509333727046,288.2298537100064,13.956696000796141,32.889463309145256
4.964964964964965,69.29450667061973,288.8883014239032,13.956696000796141,32.689263108945056
4.984984984984985,69.573920003969,289.542741125784,13.956696000796141,32.489062908744856
5.005005005005005,69.85333333731826,290.1931728156488,13.956696000796141,32.288862708544656
5.025025025025025,70.13274667066753,290.83959649349754,13.956696000796141,32.088662508344456
5.045045045045045,70.4121600040168,291.4820121593303,13.956696000796141,31.888462308144256
5.065065065065065,70.69157333736607,292.120419813147,13.956696000796141,31.688262107944055
5.085085085085085,70.97098667071533,292.75481945494766,13.956696000796141,31.488061907743855
5.105105105105105,71.2504000040646,293.3852110847323,13.956696000796141,31.287861707543655
5.125125125125125,71.52981333741387,294.01159470250093,13.956696000796141,31.087661507343455
5.145145145145145,71.80922667076314,294.63397030825354,13.956696000796141,30.887461307143255
5.165165165165165,72.0886400041124,295.25233790199013,13.956696000796141,30.687261106943055
5.185185185185185,72.36805333746167,295.8666974837107,13.956696000796141,30.487060906742855
5.205205205205205,72.64746667081094,296.47704905341527,13.956696000796141,30.286860706542654
5.225225225225225,72.92688000416021,297.0833926111038,13.956696000796141,30.086660506342454
5.245245245245245,73.20629333750948,297.68572815677635,13.956696000796141,29.886460306142254
5.265265265265265,73.48570667085875,298.28405569043287,13.956696000796141,29.686260105942054
5.285285285285285,73.76512000420801,298.87837521207337,13.956696000796141,29.486059905741854
5.305305305305305,74.04453333755728,299.46868672169785,13.956696000796141,29.285859705541654
5.325325325325325,74.32394667090655,300.0549902193063,13.956696000796141,29.085659505341454
5.345345345345346,74.60336000425582,300.6372857048987,13.956696000796141,28.885459305141254
5.365365365365365,74.88277333760509,301.2155731784751,13.956696000796141,28.685259104941053
5.385385385385385,75.16218667095436,301.78985264003546,13.956696000796141,28.485058904740853
5.405405405405405,75.44160000430362,302.3601240895798,13.956696000796141,28.284858704540653
5.425425425425425,75.72101333765289,302.92638752710815,13.956696000796141,28.084658504340453
5.445445445445446,76.00042667100216,303.48864295262047,13.956696000796141,27.884458304140253
5.465465465465465,76.27984000435143,304.04689036611677,13.956696000796141,27.684258103940053
5.485485485485485,76.5592533377007,304.60112976759706,13.956696000796141,27.484057903739853
5.505505505505505,76.83866667104996,305.15136115706133,13.956696000796141,27.283857703539653
5.525525525525525,77.11808000439923,305.6975845345096,13.956696000796141,27.083657503339452
5.545545545545546,77.3974933377485,306.23979989994183,13.956696000796141,26.883457303139252
5.565565565565565,77.67690667109777,306.77800725335806,13.956696000796141,26.683257102939052
5.585585585585585,77.95632000444704,307.3122065947582,13.956696000796141,26.483056902738852
5.605605605605605,78.2357333377963,307.84239792414235,13.956696000796141,26.282856702538652
5.625625625625625,78.51514667114557,308.36858124151047,13.956696000796141,26.082656502338452
5.645645645645646,78.79456000449484,308.8907565468626,13.956696000796141,25.88245630213825
5.665665665665665,79.07397333784411,309.40892384019867,13.956696000796141,25.68225610193805
5.685685685685685,79.35338667119338,309.92308312151874,13.956696000796141,25.48205590173785
5.7057057057057055,79.63280000454264,310.4332343908228,13.956696000796141,25.28185570153765
5.7257257257257255,79.91221333789191,310.93937764811085,13.956696000796141,25.08165550133745
5.745745745745746,80.19162667124118,311.4415128933829,13.956696000796141,24.88145530113725
5.7657657657657655,80.47104000459045,311.9396401266389,13.956696000796141,24.68125510093705
5.7857857857857855,80.75045333793972,312.4337593478789,13.956696000796141,24.48105490073685
5.8058058058058055,81.02986667128899,312.9238705571029,13.956696000796141,24.28085470053665
5.8258258258258255,81.30928000463825,313.40997375431084,13.956696000796141,24.08065450033645
5.845845845845846,81.58869333798752,313.89206893950274,13.956696000796141,23.88045430013625
5.865865865865866,81.86810667133679,314.3701561126786,13.956696000796141,23.68025409993605
5.885885885885886,82.14752000468606,314.8442352738385,13.956696000796141,23.48005389973585
5.905905905905906,82.42693333803533,315.3143064229823,13.956696000796141,23.27985369953565
5.925925925925926,82.7063466713846,315.78036956011016,13.956696000796141,23.07965349933545
5.9459459459459465,82.98576000473386,316.242424685222,13.956696000796141,22.87945329913525
5.965965965965966,83.26517333808313,316.7004717983178,13.956696000796141,22.67925309893505
5.9859859859859865,83.5445866714324,317.15451089939756,13.956696000796141,22.47905289873485
6.006006006006006,83.82400000478167,317.60454198846134,13.956696000796141,22.27885269853465
6.026026026026026,84.10341333813093,318.0505650655091,13.956696000796141,22.07865249833445
6.046046046046047,84.3828266714802,318.49258013054083,13.956696000796141,21.87845229813425
6.066066066066066,84.66224000482947,318.93058718355655,13.956696000796141,21.67825209793405
6.086086086086087,84.94165333817874,319.36458622455626,13.956696000796141,21.47805189773385
6.106106106106106,85.221066671528,319.7945772535399,13.956696000796141,21.27785169753365
6.126126126126126,85.50048000487728,320.2205602705075,13.956696000796141,21.07765149733345
6.146146146146147,85.77989333822654,320.6425352754591,13.956696000796141,20.87745129713325
6.166166166166166,86.05930667157581,321.0605022683947,13.956696000796141,20.67725109693305
6.186186186186187,86.33872000492508,321.4744612493143,13.956696000796141,20.477050896732848
6.206206206206206,86.61813333827435,321.88441221821785,13.956696000796141,20.276850696532648
6.226226226226226,86.89754667162362,322.2903551751054,13.956696000796141,20.076650496332448
6.246246246246247,87.17696000497288,322.6922901199769,13.956696000796141,19.876450296132248
6.266266266266266,87.45637333832215,323.09021705283243,13.956696000796141,19.676250095932048
6.286286286286287,87.73578667167142,323.4841359736719,13.956696000796141,19.476049895731848
6.306306306306306,88.01520000502069,323.8740468824954,13.956696000796141,19.275849695531647
6.326326326326326,88.29461333836996,324.2599497793029,13.956696000796141,19.075649495331447
6.346346346346347,88.57402667171922,324.64184466409426,13.956696000796141,18.875449295131247
6.366366366366366,88.85344000506849,325.01973153686964,13.956696000796141,18.675249094931047
6.386386386386387,89.13285333841776,325.393610397629,13.956696000796141,18.475048894730847
6.406406406406406,89.41226667176703,325.76348124637235,13.956696000796141,18.274848694530647
6.426426426426426,89.6916800051163,326.1293440830997,13.956696000796141,18.074648494330447
6.446446446446447,89.97109333846556,326.491198907811,13.956696000796141,17.874448294130246
6.466466466466466,90.25050667181483,326.8490457205063,13.956696000796141,17.674248093930046
6.486486486486487,90.5299200051641,327.2028845211856,13.956696000796141,17.474047893729846
6.506506506506506,90.80933333851337,327.55271530984885,13.956696000796141,17.273847693529646
6.526526526526526,91.08874667186264,327.8985380864961,13.956696000796141,17.073647493329446
6.546546546546547,91.3681600052119,328.24035285112734,13.956696000796141,16.873447293129246
6.566566566566566,91.64757333856117,328.57815960374256,13.956696000796141,16.673247092929046
6.586586586586587,91.92698667191044,328.91195834434177,13.956696000796141,16.473046892728846
6.606606606606606,92.20640000525971,329.2417490729249,13.956696000796141,16.272846692528645
6.626626626626627,92.48581333860898,329.567531789492,13.956696000796141,16.072646492328445
6.646646646646647,92.76522667195825,329.8893064940431,13.956696000796141,15.872446292128245
6.666666666666666,93.04464000530751,330.2070731865782,13.956696000796141,15.672246091928045
6.686686686686687,93.32405333865678,330.5208318670973,13.956696000796141,15.472045891727845
6.706706706706706,93.60346667200605,330.83058253560034,13.956696000796141,15.271845691527645
6.726726726726727,93.88288000535532,331.1363251920874,13.956696000796141,15.071645491327445
6.746746746746747,94.16229333870459,331.4380598365584,13.956696000796141,14.871445291127245
6.766766766766766,94.44170667205385,331.7357864690134,13.956696000796141,14.671245090927044
6.786786786786787,94.72112000540312,332.0295050894524,13.956696000796141,14.471044890726844
6.806806806806806,95.00053333875239,332.3192156978754,13.956696000796141,14.270844690526644
6.826826826826827,95.27994667210166,332.60491829428236,13.956696000796141,14.070644490326444
6.846846846846847,95.55936000545093,332.8866128786733,13.956696000796141,13.870444290126244
6.866866866866866,95.8387733388002,333.1642994510482,13.956696000796141,13.670244089926044
6.886886886886887,96.11818667214946,333.43797801140704,13.956696000796141,13.470043889725844
6.906906906906906,96.39760000549873,333.7076485597499,13.956696000796141,13.269843689525644
6.926926926926927,96.677013338848,333.9733110960767,13.956696000796141,13.069643489325443
6.946946946946947,96.95642667219727,334.2349656203875,13.956696000796141,12.869443289125243
6.966966966966966,97.23584000554654,334.4926121326823,13.956696000796141,12.669243088925043
6.986986986986987,97.5152533388958,334.7462506329611,13.956696000796141,12.469042888724843
7.007007007007006,97.79466667224507,334.9958811212239,13.956696000796141,12.268842688524643
7.027027027027027,98.07408000559434,335.2415035974706,13.956696000796141,12.068642488324443
7.047047047047047,98.35349333894361,335.48311806170136,13.956696000796141,11.868442288124243
7.067067067067066,98.63290667229288,335.7207245139161,13.956696000796141,11.668242087924042
7.087087087087087,98.91232000564214,335.9543229541148,13.956696000796141,11.468041887723842
7.107107107107106,99.19173333899141,336.1839133822974,13.956696000796141,11.267841687523642
7.127127127127127,99.47114667234068,336.40949579846404,13.956696000796141,11.067641487323442
7.147147147147147,99.75056000568995,336.63107020261464,13.956696000796141,10.867441287123242
7.167167167167166,100.02997333903922,336.8486365947492,13.956696000796141,10.667241086923042
7.187187187187187,100.30938667238848,337.0621949748678,13.956696000796141,10.467040886722842
7.207207207207206,100.58880000573775,337.27174534297035,13.956696000796141,10.266840686522642
7.227227227227227,100.86821333908702,337.4772876990569,13.956696000796141,10.066640486322441
7.247247247247247,101.14762667243629,337.6788220431274,13.956696000796141,9.866440286122241
7.267267267267268,101.42704000578556,337.8763483751819,13.956696000796141,9.666240085922041
7.287287287287287,101.70645333913482,338.0698666952204,13.956696000796141,9.466039885721841
7.3073073073073065,101.9858666724841,338.2593770032429,13.956696000796141,9.265839685521641
7.327327327327327,102.26528000583336,338.44487929924935,13.956696000796141,9.06563948532144
7.347347347347347,102.54469333918263,338.6263735832398,13.956696000796141,8.86543928512124
7.367367367367368,102.8241066725319,338.80385985521417,13.956696000796141,8.66523908492104
7.387387387387387,103.10352000588117,338.97733811517253,13.956696000796141,8.46503888472084
7.4074074074074066,103.38293333923043,339.14680836311487,13.956696000796141,8.26483868452064
7.4274274274274275,103.6623466725797,339.3122705990412,13.956696000796141,8.06463848432044
7.4474474474474475,103.94176000592897,339.4737248229515,13.956696000796141,7.86443828412024
7.467467467467468,104.22117333927824,339.6311710348458,13.956696000796141,7.66423808392004
7.4874874874874875,104.5005866726275,339.7846092347241,13.956696000796141,7.46403788371984
7.507507507507507,104.78000000597677,339.93403942258635,13.956696000796141,7.26383768351964
7.5275275275275275,105.05941333932604,340.0794615984326,13.956696000796141,7.0636374833194395
7.5475475475475475,105.33882667267531,340.22087576226284,13.956696000796141,6.863437283119239
7.567567567567568,105.61824000602458,340.35828191407705,13.956696000796141,6.663237082919039
7.587587587587588,105.89765333937385,340.49168005387526,13.956696000796141,6.463036882718839
7.607607607607607,106.17706667272311,340.6210701816574,13.956696000796141,6.262836682518639
7.627627627627628,106.45648000607238,340.7464522974235,13.956696000796141,6.062636482318439
7.647647647647648,106.73589333942165,340.8678264011736,13.956696000796141,5.862436282118239
7.6676676676676685,107.01530667277092,340.9851924929077,13.956696000796141,5.662236081918039
7.687687687687688,107.29472000612019,341.09855057262575,13.956696000796141,5.4620358817178385
7.707707707707707,107.57413333946945,341.2079006403278,13.956696000796141,5.261835681517638
7.727727727727728,107.85354667281872,341.31324269601384,13.956696000796141,5.061635481317438
7.747747747747748,108.13296000616799,341.41457673968387,13.956696000796141,4.861435281117238
7.767767767767769,108.41237333951726,341.5119027713379,13.956696000796141,4.661235080917038
7.787787787787788,108.69178667286653,341.60522079097586,13.956696000796141,4.461034880716838
7.807807807807807,108.9712000062158,341.69453079859784,13.956696000796141,4.260834680516638
7.827827827827828,109.25061333956506,341.7798327942038,13.956696000796141,4.060634480316438
7.847847847847848,109.53002667291433,341.86112677779374,13.956696000796141,3.8604342801162375
7.867867867867869,109.8094400062636,341.9384127493676,13.956696000796141,3.6602340799160373
7.887887887887888,110.08885333961287,342.01169070892547,13.956696000796141,3.460033879715837
7.907907907907909,110.36826667296214,342.0809606564673,13.956696000796141,3.259833679515637
7.927927927927928,110.6476800063114,342.14622259199314,13.956696000796141,3.059633479315437
7.947947947947948,110.92709333966067,342.20747651550295,13.956696000796141,2.859433279115237
7.967967967967969,111.20650667300994,342.26472242699674,13.956696000796141,2.6592330789150367
7.987987987987988,111.48592000635921,342.3179603264745,13.956696000796141,2.4590328787148366
8.008008008008009,111.76533333970848,342.3671902139363,13.956696000796141,2.2588326785146364
8.028028028028029,112.04474667305774,342.41241208938203,13.956696000796141,2.0586324783144363
8.048048048048047,112.32416000640701,342.45362595281176,13.956696000796141,1.8584322781142362
8.068068068068069,112.60357333975628,342.4908318042255,13.956696000796141,1.658232077914036
8.088088088088089,112.88298667310555,342.5240296436232,13.956696000796141,1.458031877713836
8.108108108108109,113.16240000645482,342.55321947100487,13.956696000796141,1.2578316775136358
8.128128128128129,113.44181333980409,342.5784012863705,13.956696000796141,1.0576314773134357
8.148148148148147,113.72122667315335,342.5995750897201,13.956696000796141,0.8574312771132355
8.168168168168169,114.00064000650262,342.61674088105366,13.956696000796141,0.6572310769130354
8.188188188188189,114.28005333985189,342.6298986603712,13.956696000796141,0.4570308767128352
8.208208208208209,114.55946667320116,342.6390484276728,13.956696000796141,0.256830676512635
8.228228228228229,114.83888000655043,342.6441901829583,13.956696000796141,0.05663047631243484
8.248248248248247,115.1182933398997,342.64532392622783,13.956696000796141,-0.14356972388776534
8.268268268268269,115.39770667324896,342.64244965748134,13.956696000796141,-0.34376992408796553
8.288288288288289,115.67712000659823,342.6355673767188,13.956696000796141,-0.5439701242881657
8.308308308308309,115.9565333399475,342.6246770839403,13.956696000796141,-0.744170324488366
8.328328328328329,116.23594667329677,342.60977877914576,13.956696000796141,-0.9443705246885661
8.348348348348347,116.51536000664603,342.5908724623352,13.956696000796141,-1.1445707248887662
8.368368368368369,116.7947733399953,342.56795813350857,13.956696000796141,-1.3447709250889663
8.388388388388389,117.07418667334457,342.5410357926659,13.956696000796141,-1.5449711252891665
8.408408408408409,117.35360000669384,342.51010543980726,13.956696000796141,-1.7451713254893666
8.428428428428429,117.6330133400431,342.4751670749326,13.956696000796141,-1.9453715256895667
8.448448448448449,117.91242667339237,342.4362206980419,13.956696000796141,-2.145571725889767
8.468468468468469,118.19184000674164,342.3932663091352,13.956696000796141,-2.345771926089967
8.488488488488489,118.47125334009091,342.34630390821246,13.956696000796141,-2.545972126290167
8.508508508508509,118.75066667344018,342.2953334952737,13.956696000796141,-2.7461723264903672
8.528528528528529,119.03008000678945,342.24035507031897,13.956696000796141,-2.9463725266905674
8.548548548548549,119.30949334013872,342.1813686333482,13.956696000796141,-3.1465727268907675
8.568568568568569,119.58890667348798,342.1183741843614,13.956696000796141,-3.3467729270909676
8.588588588588589,119.86832000683725,342.0513717233586,13.956696000796141,-3.5469731272911678
8.608608608608609,120.14773334018652,341.9803612503398,13.956696000796141,-3.747173327491368
8.62862862862863,120.42714667353579,341.9053427653049,13.956696000796141,-3.947373527691568
8.64864864864865,120.70656000688506,341.826316268254,13.956696000796141,-4.147573727891769
8.66866866866867,120.98597334023432,341.7432817591871,13.956696000796141,-4.347773928091969
8.68868868868869,121.26538667358359,341.65623923810415,13.956696000796141,-4.547974128292169
8.70870870870871,121.54480000693286,341.5651887050052,13.956696000796141,-4.748174328492369
8.72872872872873,121.82421334028213,341.47013015989023,13.956696000796141,-4.948374528692569
8.74874874874875,122.1036266736314,341.37106360275925,13.956696000796141,-5.148574728892769
8.76876876876877,122.38304000698066,341.26798903361225,13.956696000796141,-5.348774929092969
8.78878878878879,122.66245334032993,341.16090645244924,13.956696000796141,-5.5489751292931695
8.80880880880881,122.9418666736792,341.0498158592702,13.956696000796141,-5.74917532949337
8.82882882882883,123.22128000702847,340.93471725407517,13.956696000796141,-5.94937552969357
8.84884884884885,123.50069334037774,340.8156106368641,13.956696000796141,-6.14957572989377
8.86886886886887,123.780106673727,340.69249600763703,13.956696000796141,-6.34977593009397
8.88888888888889,124.05952000707627,340.5653733663939,13.956696000796141,-6.54997613029417
8.90890890890891,124.33893334042554,340.4342427131347,13.956696000796141,-6.75017633049437
8.92892892892893,124.61834667377481,340.29910404785954,13.956696000796141,-6.95037653069457
8.94894894894895,124.89776000712408,340.15995737056835,13.956696000796141,-7.1505767308947705
8.96896896896897,125.17717334047335,340.01680268126114,13.956696000796141,-7.350776931094971
8.98898898898899,125.45658667382261,339.8696399799379,13.956696000796141,-7.550977131295171
9.00900900900901,125.73600000717188,339.7184692665987,13.956696000796141,-7.751177331495371
9.02902902902903,126.01541334052115,339.5632905412434,13.956696000796141,-7.951377531695571
9.04904904904905,126.29482667387042,339.40410380387215,13.956696000796141,-8.151577731895772
9.06906906906907,126.57424000721969,339.24090905448486,13.956696000796141,-8.351777932095972
9.08908908908909,126.85365334056895,339.07370629308156,13.956696000796141,-8.551978132296172
9.10910910910911,127.13306667391822,338.90249551966224,13.956696000796141,-8.752178332496372
9.12912912912913,127.41248000726749,338.72727673422685,13.956696000796141,-8.952378532696573
9.14914914914915,127.69189334061676,338.54804993677544,13.956696000796141,-9.152578732896773
9.16916916916917,127.97130667396603,338.364815127308,13.956696000796141,-9.352778933096973
9.18918918918919,128.2507200073153,338.1775723058246,13.956696000796141,-9.552979133297173
9.20920920920921,128.53013334066458,337.98632147232513,13.956696000796141,-9.753179333497373
9.22922922922923,128.80954667401386,337.79106262680966,13.956696000796141,-9.953379533697573
9.24924924924925,129.08896000736314,337.5917957692782,13.956696000796141,-10.153579733897773
9.26926926926927,129.36837334071242,337.3885208997307,13.956696000796141,-10.353779934097973
9.28928928928929,129.6477866740617,337.18123801816716,13.956696000796141,-10.553980134298174
9.30930930930931,129.927200007411,336.96994712458763,13.956696000796141,-10.754180334498374
9.32932932932933,130.20661334076027,336.7546482189921,13.956696000796141,-10.954380534698574
9.34934934934935,130.48602667410955,336.5353413013805,13.956696000796141,-11.154580734898774
9.36936936936937,130.76544000745884,336.31202637175295,13.956696000796141,-11.354780935098974
9.38938938938939,131.04485334080812,336.0847034301093,13.956696000796141,-11.554981135299174
9.40940940940941,131.3242666741574,335.85337247644964,13.956696000796141,-11.755181335499374
9.42942942942943,131.60368000750668,335.61803351077396,13.956696000796141,-11.955381535699575
9.44944944944945,131.88309334085596,335.37868653308226,13.956696000796141,-12.155581735899775
9.46946946946947,132.16250667420525,335.13533154337455,13.956696000796141,-12.355781936099975
9.48948948948949,132.44192000755453,334.8879685416508,13.956696000796141,-12.555982136300175
9.50950950950951,132.7213333409038,334.6365975279111,13.956696000796141,-12.756182336500375
9.52952952952953,133.0007466742531,334.3812185021553,13.956696000796141,-12.956382536700575
9.54954954954955,133.28016000760238,334.12183146438355,13.956696000796141,-13.156582736900775
9.56956956956957,133.55957334095166,333.85843641459576,13.956696000796141,-13.356782937100975
9.58958958958959,133.83898667430094,333.59103335279195,13.956696000796141,-13.556983137301176
9.60960960960961,134.11840000765022,333.31962227897213,13.956696000796141,-13.757183337501376
9.62962962962963,134.3978133409995,333.0442031931363,13.956696000796141,-13.957383537701576
9.64964964964965,134.6772266743488,332.7647760952844,13.956696000796141,-14.157583737901776
9.66966966966967,134.95664000769807,332.48134098541647,13.956696000796141,-14.357783938101976
9.68968968968969,135.23605334104735,332.1938978635325,13.956696000796141,-14.557984138302176
9.70970970970971,135.51546667439663,331.9024467296326,13.956696000796141,-14.758184338502376
9.72972972972973,135.79488000774592,331.6069875837166,13.956696000796141,-14.958384538702576
9.74974974974975,136.0742933410952,331.3075204257846,13.956696000796141,-15.158584738902777
9.76976976976977,136.35370667444448,331.0040452558366,13.956696000796141,-15.358784939102977
9.78978978978979,136.63312000779376,330.6965620738726,13.956696000796141,-15.558985139303177
9.80980980980981,136.91253334114305,330.38507087989257,13.956696000796141,-15.759185339503377
9.82982982982983,137.19194667449233,330.0695716738965,13.956696000796141,-15.959385539703577
9.84984984984985,137.4713600078416,329.75006445588446,13.956696000796141,-16.15958573990378
9.86986986986987,137.7507733411909,329.4265492258564,13.956696000796141,-16.35978594010398
9.88988988988989,138.03018667454018,329.0990259838122,13.956696000796141,-16.55998614030418
9.90990990990991,138.30960000788946,328.76749472975206,13.956696000796141,-16.76018634050438
9.92992992992993,138.58901334123874,328.4319554636759,13.956696000796141,-16.96038654070458
9.94994994994995,138.86842667458802,328.0924081855837,13.956696000796141,-17.16058674090478
9.96996996996997,139.1478400079373,327.74885289547547,13.956696000796141,-17.36078694110498
9.98998998998999,139.4272533412866,327.40128959335124,13.956696000796141,-17.56098714130518
10.01001001001001,139.70666667463587,327.049718279211,13.956696000796141,-17.76118734150538
10.03003003003003,139.98608000798515,326.69413895305473,13.956696000796141,-17.96138754170558
10.05005005005005,140.26549334133443,326.33455161488246,13.956696000796141,-18.16158774190578
10.07007007007007,140.54490667468372,325.97095626469417,13.956696000796141,-18.36178794210598
10.09009009009009,140.824320008033,325.60335290248986,13.956696000796141,-18.56198814230618
10.11011011011011,141.10373334138228,325.23174152826954,13.956696000796141,-18.76218834250638
10.13013013013013,141.38314667473156,324.8561221420332,13.956696000796141,-18.96238854270658
10.15015015015015,141.66256000808085,324.4764947437808,13.956696000796141,-19.16258874290678
10.17017017017017,141.94197334143013,324.09285933351237,13.956696000796141,-19.36278894310698
10.19019019019019,142.2213866747794,323.7052159112279,13.956696000796141,-19.56298914330718
10.21021021021021,142.5008000081287,323.31356447692747,13.956696000796141,-19.76318934350738
10.23023023023023,142.78021334147797,322.917905030611,13.956696000796141,-19.96338954370758
10.25025025025025,143.05962667482726,322.5182375722785,13.956696000796141,-20.16358974390778
10.27027027027027,143.33904000817654,322.11456210193,13.956696000796141,-20.36378994410798
10.29029029029029,143.61845334152582,321.7068786195655,13.956696000796141,-20.563990144308182
10.31031031031031,143.8978666748751,321.29518712518495,13.956696000796141,-20.764190344508382
10.33033033033033,144.1772800082244,320.8794876187884,13.956696000796141,-20.964390544708582
10.35035035035035,144.45669334157367,320.45978010037584,13.956696000796141,-21.164590744908782
10.37037037037037,144.73610667492295,320.03606456994726,13.956696000796141,-21.364790945108982
10.39039039039039,145.01552000827223,319.60834102750266,13.956696000796141,-21.564991145309182
10.41041041041041,145.29493334162152,319.176609473042,13.956696000796141,-21.765191345509383
10.43043043043043,145.5743466749708,318.7408699065653,13.956696000796141,-21.965391545709583
10.45045045045045,145.85376000832008,318.3011223280726,13.956696000796141,-22.165591745909783
10.47047047047047,146.13317334166936,317.8573667375639,13.956696000796141,-22.365791946109983
10.49049049049049,146.41258667501864,317.40960313503916,13.956696000796141,-22.565992146310183
10.51051051051051,146.69200000836793,316.9578315204984,13.956696000796141,-22.766192346510383
10.53053053053053,146.9714133417172,316.50205189394165,13.956696000796141,-22.966392546710583
10.55055055055055,147.2508266750665,316.0422642553689,13.956696000796141,-23.166592746910784
10.57057057057057,147.53024000841577,315.5784686047801,13.956696000796141,-23.366792947110984
10.59059059059059,147.80965334176506,315.1106649421753,13.956696000796141,-23.566993147311184
10.61061061061061,148.08906667511434,314.63885326755445,13.956696000796141,-23.767193347511384
10.63063063063063,148.36848000846362,314.1630335809176,13.956696000796141,-23.967393547711584
10.65065065065065,148.6478933418129,313.6832058822647,13.956696000796141,-24.167593747911784
10.67067067067067,148.92730667516219,313.1993701715958,13.956696000796141,-24.367793948111984
10.690690690690692,149.20672000851147,312.71152644891083,13.956696000796141,-24.567994148312184
10.71071071071071,149.48613334186075,312.2196747142099,13.956696000796141,-24.768194348512385
10.73073073073073,149.76554667521003,311.7238149674929,13.956696000796141,-24.968394548712585
10.75075075075075,150.04496000855931,311.2239472087599,13.956696000796141,-25.168594748912785
10.77077077077077,150.3243733419086,310.7200714380109,13.956696000796141,-25.368794949112985
10.790790790790792,150.60378667525788,310.2121876552459,13.956696000796141,-25.568995149313185
10.81081081081081,150.88320000860716,309.70029586046485,13.956696000796141,-25.769195349513385
10.83083083083083,151.16261334195644,309.1843960536678,13.956696000796141,-25.969395549713585
10.85085085085085,151.44202667530573,308.66448823485473,13.956696000796141,-26.169595749913785
10.87087087087087,151.721440008655,308.14057240402565,13.956696000796141,-26.369795950113986
10.890890890890892,152.0008533420043,307.61264856118055,13.956696000796141,-26.569996150314186
10.91091091091091,152.28026667535357,307.0807167063194,13.956696000796141,-26.770196350514386
10.93093093093093,152.55968000870286,306.5447768394422,13.956696000796141,-26.970396550714586
10.95095095095095,152.83909334205214,306.004828960549,13.956696000796141,-27.170596750914786
10.97097097097097,153.11850667540142,305.4608730696398,13.956696000796141,-27.370796951114986
10.990990990990992,153.3979200087507,304.91290916671454,13.956696000796141,-27.570997151315186
11.01101101101101,153.67733334209998,304.3609372517733,13.956696000796141,-27.771197351515386
11.03103103103103,153.95674667544927,303.80495732481603,13.956696000796141,-27.971397551715587
11.05105105105105,154.23616000879855,303.24496938584275,13.956696000796141,-28.171597751915787
11.07107107107107,154.51557334214783,302.68097343485346,13.956696000796141,-28.371797952115987
11.091091091091092,154.7949866754971,302.11296947184815,13.956696000796141,-28.571998152316187
11.11111111111111,155.0744000088464,301.5409574968268,13.956696000796141,-28.772198352516387
11.13113113113113,155.35381334219568,300.9649375097895,13.956696000796141,-28.972398552716587
11.15115115115115,155.63322667554496,300.3849095107361,13.956696000796141,-29.172598752916787
11.17117117117117,155.91264000889424,299.8008734996667,13.956696000796141,-29.372798953116988
11.191191191191193,156.19205334224353,299.21282947658125,13.956696000796141,-29.572999153317188
11.21121121121121,156.4714666755928,298.6207774414798,13.956696000796141,-29.773199353517388
11.23123123123123,156.7508800089421,298.0247173943623,13.956696000796141,-29.973399553717588
11.25125125125125,157.03029334229137,297.4246493352288,13.956696000796141,-30.173599753917788
11.27127127127127,157.30970667564065,296.8205732640793,13.956696000796141,-30.373799954117988
11.291291291291293,157.58912000898994,296.2124891809138,13.956696000796141,-30.57400015431819
11.31131131131131,157.86853334233922,295.60039708573225,13.956696000796141,-30.77420035451839
11.33133133133133,158.1479466756885,294.9842969785347,13.956696000796141,-30.97440055471859
11.35135135135135,158.42736000903778,294.36418885932113,13.956696000796141,-31.17460075491879
11.37137137137137,158.70677334238707,293.74007272809155,13.956696000796141,-31.37480095511899
11.391391391391393,158.98618667573635,293.11194858484595,13.956696000796141,-31.57500115531919
11.411411411411411,159.26560000908563,292.4798164295843,13.956696000796141,-31.77520135551939
11.431431431431431,159.5450133424349,291.8436762623066,13.956696000796141,-31.97540155571959
11.451451451451451,159.8244266757842,291.2035280830129,13.956696000796141,-32.17560175591979
11.471471471471471,160.10384000913348,290.55937189170317,13.956696000796141,-32.37580195611999
11.491491491491493,160.38325334248276,289.91120768837743,13.956696000796141,-32.57600215632019
11.511511511511511,160.66266667583204,289.2590354730357,13.956696000796141,-32.77620235652039
11.531531531531531,160.94208000918132,288.6028552456779,13.956696000796141,-32.97640255672059
11.551551551551551,161.2214933425306,287.94266700630413,13.956696000796141,-33.17660275692079
11.571571571571571,161.5009066758799,287.27847075491434,13.956696000796141,-33.376802957120994
11.591591591591593,161.78032000922917,286.6102664915085,13.956696000796141,-33.577003157321194
11.611611611611611,162.05973334257845,285.9380542160867,13.956696000796141,-33.777203357521394
11.631631631631631,162.33914667592774,285.26183392864885,13.956696000796141,-33.977403557721594
11.651651651651651,162.61856000927702,284.581605629195,13.956696000796141,-34.177603757921794
11.671671671671671,162.8979733426263,283.89736931772507,13.956696000796141,-34.377803958121994
11.691691691691693,163.17738667597558,283.2091249942391,13.956696000796141,-34.578004158322194
11.711711711711711,163.45680000932487,282.51687265873716,13.956696000796141,-34.778204358522395
11.731731731731731,163.73621334267415,281.8206123112192,13.956696000796141,-34.978404558722595
11.751751751751751,164.01562667602343,281.1203439516852,13.956696000796141,-35.178604758922795
11.771771771771771,164.2950400093727,280.4160675801352,13.956696000796141,-35.378804959122995
11.791791791791793,164.574453342722,279.70778319656915,13.956696000796141,-35.579005159323195
11.811811811811811,164.85386667607128,278.9954908009871,13.956696000796141,-35.779205359523395
11.831831831831831,165.13328000942056,278.27919039338906,13.956696000796141,-35.979405559723595
11.851851851851851,165.41269334276984,277.558881973775,13.956696000796141,-36.179605759923795
11.871871871871871,165.69210667611912,276.8345655421449,13.956696000796141,-36.379805960123996
11.891891891891893,165.9715200094684,276.1062410984988,13.956696000796141,-36.580006160324196
11.911911911911911,166.2509333428177,275.3739086428366,13.956696000796141,-36.780206360524396
11.931931931931931,166.53034667616697,274.63756817515844,13.956696000796141,-36.980406560724596
11.951951951951951,166.80976000951625,273.89721969546423,13.956696000796141,-37.180606760924796
11.971971971971973,167.08917334286554,273.152863203754,13.956696000796141,-37.380806961124996
11.991991991991993,167.36858667621482,272.4044987000278,13.956696000796141,-37.581007161325196
12.012012012012011,167.6480000095641,271.6521261842855,13.956696000796141,-37.7812073615254
12.032032032032031,167.92741334291338,270.89574565652725,13.956696000796141,-37.9814075617256
12.052052052052051,168.20682667626266,270.13535711675297,13.956696000796141,-38.1816077619258
12.072072072072073,168.48624000961195,269.3709605649627,13.956696000796141,-38.381807962126
12.092092092092093,168.76565334296123,268.60255600115636,13.956696000796141,-38.5820081623262
12.112112112112111,169.0450666763105,267.83014342533403,13.956696000796141,-38.7822083625264
12.132132132132131,169.3244800096598,267.0537228374957,13.956696000796141,-38.9824085627266
12.152152152152151,169.60389334300908,266.2732942376413,13.956696000796141,-39.1826087629268
12.172172172172173,169.88330667635836,265.4888576257709,13.956696000796141,-39.382808963127
12.192192192192193,170.16272000970764,264.70041300188444,13.956696000796141,-39.5830091633272
12.212212212212211,170.44213334305692,263.907960365982,13.956696000796141,-39.7832093635274
12.232232232232231,170.7215466764062,263.1114997180635,13.956696000796141,-39.9834095637276
12.252252252252251,171.0009600097555,262.311031058129,13.956696000796141,-40.1836097639278
12.272272272272273,171.28037334310477,261.5065543861785,13.956696000796141,-40.383809964128
12.292292292292293,171.55978667645405,260.69806970221197,13.956696000796141,-40.5840101643282
12.312312312312311,171.83920000980333,259.8855770062294,13.956696000796141,-40.7842103645284
12.332332332332332,172.11861334315262,259.06907629823087,13.956696000796141,-40.9844105647286
12.352352352352352,172.3980266765019,258.2485675782163,13.956696000796141,-41.1846107649288
12.372372372372373,172.67744000985118,257.4240508461857,13.956696000796141,-41.384810965129
12.392392392392393,172.95685334320046,256.5955261021391,13.956696000796141,-41.5850111653292
12.412412412412412,173.23626667654975,255.76299334607646,13.956696000796141,-41.7852113655294
12.432432432432432,173.51568000989903,254.9264525779978,13.956696000796141,-41.9854115657296
12.452452452452452,173.7950933432483,254.08590379790311,13.956696000796141,-42.1856117659298
12.472472472472473,174.0745066765976,253.24134700579242,13.956696000796141,-42.38581196613
12.492492492492493,174.35392000994688,252.39278220166568,13.956696000796141,-42.5860121663302
12.512512512512512,174.63333334329616,251.54020938552293,13.956696000796141,-42.7862123665304
12.532532532532532,174.91274667664544,250.68362855736416,13.956696000796141,-42.9864125667306
12.552552552552552,175.19216000999472,249.82303971718937,13.956696000796141,-43.1866127669308
12.572572572572573,175.471573343344,248.95844286499857,13.956696000796141,-43.386812967131
12.592592592592593,175.7509866766933,248.08983800079176,13.956696000796141,-43.5870131673312
12.612612612612612,176.03040001004257,247.2172251245689,13.956696000796141,-43.7872133675314
12.632632632632632,176.30981334339185,246.34060423633002,13.956696000796141,-43.9874135677316
12.652652652652652,176.58922667674113,245.45997533607513,13.956696000796141,-44.1876137679318
12.672672672672673,176.86864001009042,244.57533842380423,13.956696000796141,-44.387813968132
12.692692692692694,177.1480533434397,243.6866934995173,13.956696000796141,-44.5880141683322
12.712712712712712,177.42746667678898,242.79404056321437,13.956696000796141,-44.7882143685324
12.732732732732732,177.70688001013826,241.8973796148954,13.956696000796141,-44.9884145687326
12.752752752752752,177.98629334348755,240.99671065456042,13.956696000796141,-45.1886147689328
12.772772772772774,178.26570667683683,240.0920336822094,13.956696000796141,-45.388814969133
12.792792792792794,178.5451200101861,239.18334869784238,13.956696000796141,-45.5890151693332
12.812812812812812,178.8245333435354,238.27065570145933,13.956696000796141,-45.7892153695334
12.832832832832832,179.10394667688468,237.35395469306027,13.956696000796141,-45.9894155697336
12.852852852852852,179.38336001023396,236.4332456726452,13.956696000796141,-46.1896157699338
12.872872872872874,179.66277334358324,235.50852864021408,13.956696000796141,-46.389815970134
12.892892892892894,179.94218667693252,234.57980359576695,13.956696000796141,-46.5900161703342
12.912912912912912,180.2216000102818,233.6470705393038,13.956696000796141,-46.7902163705344
12.932932932932932,180.5010133436311,232.71032947082463,13.956696000796141,-46.9904165707346
12.952952952952952,180.78042667698037,231.76958039032945,13.956696000796141,-47.1906167709348
12.972972972972974,181.05984001032965,230.82482329781826,13.956696000796141,-47.390816971135
12.992992992992994,181.33925334367893,229.87605819329102,13.956696000796141,-47.5910171713352
13.013013013013012,181.61866667702822,228.92328507674776,13.956696000796141,-47.7912173715354
13.033033033033032,181.8980800103775,227.9665039481885,13.956696000796141,-47.9914175717356
13.053053053053052,182.17749334372678,227.0057148076132,13.956696000796141,-48.1916177719358
13.073073073073074,182.45690667707606,226.0409176550219,13.956696000796141,-48.391817972136
13.093093093093094,182.73632001042535,225.07211249041458,13.956696000796141,-48.5920181723362
13.113113113113112,183.01573334377463,224.09929931379122,13.956696000796141,-48.792218372536404
13.133133133133132,183.2951466771239,223.12247812515184,13.956696000796141,-48.992418572736604
13.153153153153154,183.5745600104732,222.14164892449645,13.956696000796141,-49.192618772936804
13.173173173173174,183.85397334382247,221.15681171182504,13.956696000796141,-49.392818973137004
13.193193193193194,184.13338667717176,220.16796648713762,13.956696000796141,-49.593019173337204
13.213213213213212,184.41280001052104,219.17511325043418,13.956696000796141,-49.793219373537404
13.233233233233232,184.69221334387032,218.17825200171472,13.956696000796141,-49.993419573737604
13.253253253253254,184.9716266772196,217.17738274097923,13.956696000796141,-50.193619773937804
13.273273273273274,185.2510400105689,216.1725054682277,13.956696000796141,-50.393819974138005
13.293293293293294,185.53045334391817,215.16362018346018,13.956696000796141,-50.594020174338205
13.313313313313312,185.80986667726745,214.15072688667664,13.956696000796141,-50.794220374538405
13.333333333333332,186.08928001061673,213.13382557787708,13.956696000796141,-50.994420574738605
13.353353353353354,186.36869334396602,212.1129162570615,13.956696000796141,-51.194620774938805
13.373373373373374,186.6481066773153,211.08799892422988,13.956696000796141,-51.394820975139005
13.393393393393394,186.92752001066458,210.05907357938224,13.956696000796141,-51.595021175339205
13.413413413413412,187.20693334401386,209.0261402225186,13.956696000796141,-51.795221375539406
13.433433433433432,187.48634667736314,207.98919885363892,13.956696000796141,-51.995421575739606
13.453453453453454,187.76576001071243,206.94824947274324,13.956696000796141,-52.195621775939806
13.473473473473474,188.0451733440617,205.90329207983154,13.956696000796141,-52.395821976140006
13.493493493493494,188.324586677411,204.8543266749038,13.956696000796141,-52.596022176340206
13.513513513513512,188.60400001076027,203.80135325796005,13.956696000796141,-52.796222376540406
13.533533533533532,188.88341334410956,202.74437182900027,13.956696000796141,-52.996422576740606
13.553553553553554,189.16282667745884,201.68338238802448,13.956696000796141,-53.196622776940806
13.573573573573574,189.44224001080812,200.61838493503268,13.956696000796141,-53.39682297714101
13.593593593593594,189.7216533441574,199.54937947002486,13.956696000796141,-53.59702317734121
13.613613613613612,190.00106667750669,198.47636599300102,13.956696000796141,-53.79722337754141
13.633633633633632,190.28048001085597,197.39934450396115,13.956696000796141,-53.99742357774161
13.653653653653654,190.55989334420525,196.31831500290525,13.956696000796141,-54.19762377794181
13.673673673673674,190.83930667755453,195.23327748983334,13.956696000796141,-54.39782397814201
13.693693693693694,191.11872001090381,194.14423196474542,13.956696000796141,-54.59802417834221
13.713713713713712,191.3981333442531,193.05117842764147,13.956696000796141,-54.79822437854241
13.733733733733732,191.67754667760238,191.95411687852152,13.956696000796141,-54.99842457874261
13.753753753753754,191.95696001095166,190.85304731738552,13.956696000796141,-55.19862477894281
13.773773773773774,192.23637334430094,189.7479697442335,13.956696000796141,-55.39882497914301
13.793793793793794,192.51578667765023,188.63888415906547,13.956696000796141,-55.59902517934321
13.813813813813812,192.7952000109995,187.52579056188142,13.956696000796141,-55.79922537954341
13.833833833833832,193.0746133443488,186.40868895268136,13.956696000796141,-55.99942557974361
13.853853853853854,193.35402667769807,185.28757933146528,13.956696000796141,-56.19962577994381
13.873873873873874,193.63344001104736,184.16246169823316,13.956696000796141,-56.39982598014401
13.893893893893894,193.91285334439664,183.03333605298502,13.956696000796141,-56.60002618034421
13.913913913913913,194.19226667774592,181.90020239572087,13.956696000796141,-56.80022638054441
13.933933933933933,194.4716800110952,180.7630607264407,13.956696000796141,-57.00042658074461
13.953953953953954,194.75109334444448,179.62191104514451,13.956696000796141,-57.20062678094481
13.973973973973974,195.03050667779377,178.47675335183231,13.956696000796141,-57.40082698114501
13.993993993993994,195.30992001114305,177.3275876465041,13.956696000796141,-57.60102718134521
14.014014014014013,195.58933334449233,176.17441392915984,13.956696000796141,-57.80122738154541
14.034034034034033,195.8687466778416,175.01723219979957,13.956696000796141,-58.00142758174561
14.054054054054054,196.1481600111909,173.85604245842327,13.956696000796141,-58.20162778194581
14.074074074074074,196.42757334454018,172.69084470503097,13.956696000796141,-58.40182798214601
14.094094094094094,196.70698667788946,171.52163893962265,13.956696000796141,-58.60202818234621
14.114114114114113,196.98640001123874,170.3484251621983,13.956696000796141,-58.80222838254641
14.134134134134133,197.26581334458803,169.17120337275793,13.956696000796141,-59.00242858274661
14.154154154154154,197.5452266779373,167.98997357130153,13.956696000796141,-59.20262878294681
14.174174174174174,197.8246400112866,166.80473575782912,13.956696000796141,-59.40282898314701
14.194194194194194,198.10405334463587,165.6154899323407,13.956696000796141,-59.60302918334721
14.214214214214213,198.38346667798515,164.42223609483625,13.956696000796141,-59.80322938354741
14.234234234234233,198.66288001133444,163.2249742453158,13.956696000796141,-60.00342958374761
14.254254254254255,198.94229334468372,162.0237043837793,13.956696000796141,-60.20362978394781
14.274274274274275,199.221706678033,160.81842651022677,13.956696000796141,-60.40382998414801
14.294294294294295,199.50112001138228,159.60914062465824,13.956696000796141,-60.60403018434821
14.314314314314313,199.78053334473157,158.3958467270737,13.956696000796141,-60.80423038454841
14.334334334334333,200.05994667808085,157.17854481747312,13.956696000796141,-61.00443058474861
14.354354354354355,200.33936001143013,155.95723489585654,13.956696000796141,-61.20463078494881
14.374374374374375,200.6187733447794,154.73191696222395,13.956696000796141,-61.40483098514901
14.394394394394395,200.8981866781287,153.5025910165753,13.956696000796141,-61.60503118534921
14.414414414414413,201.17760001147798,152.26925705891065,13.956696000796141,-61.80523138554941
14.434434434434436,201.45701334482726,151.03191508922998,13.956696000796141,-62.00543158574961
14.454454454454455,201.73642667817654,149.7905651075333,13.956696000796141,-62.20563178594981
14.474474474474475,202.01584001152582,148.5452071138206,13.956696000796141,-62.40583198615001
14.494494494494495,202.2952533448751,147.29584110809188,13.956696000796141,-62.60603218635021
14.514514514514513,202.5746666782244,146.04246709034712,13.956696000796141,-62.80623238655041
14.534534534534536,202.85408001157367,144.78508506058634,13.956696000796141,-63.00643258675061
14.554554554554555,203.13349334492295,143.52369501880955,13.956696000796141,-63.20663278695081
14.574574574574575,203.41290667827224,142.25829696501674,13.956696000796141,-63.40683298715101
14.594594594594595,203.69232001162152,140.98889089920792,13.956696000796141,-63.60703318735121
14.614614614614613,203.9717333449708,139.71547682138308,13.956696000796141,-63.80723338755141
14.634634634634637,204.25114667832008,138.4380547315422,13.956696000796141,-64.00743358775162
14.654654654654655,204.53056001166937,137.1566246296853,13.956696000796141,-64.20763378795182
14.674674674674675,204.80997334501865,135.87118651581238,13.956696000796141,-64.40783398815202
14.694694694694695,205.08938667836793,134.58174038992345,13.956696000796141,-64.60803418835222
14.714714714714713,205.3688000117172,133.2882862520185,13.956696000796141,-64.80823438855242
14.734734734734737,205.6482133450665,131.99082410209755,13.956696000796141,-65.00843458875262
14.754754754754755,205.92762667841578,130.68935394016057,13.956696000796141,-65.20863478895282
14.774774774774775,206.20704001176506,129.38387576620755,13.956696000796141,-65.40883498915302
14.794794794794795,206.48645334511434,128.07438958023852,13.956696000796141,-65.60903518935322
14.814814814814813,206.76586667846362,126.76089538225347,13.956696000796141,-65.80923538955342
14.834834834834837,207.0452800118129,125.4433931722524,13.956696000796141,-66.00943558975362
14.854854854854855,207.3246933451622,124.1218829502353,13.956696000796141,-66.20963578995382
14.874874874874875,207.60410667851147,122.79636471620219,13.956696000796141,-66.40983599015402
14.894894894894895,207.88352001186075,121.46683847015306,13.956696000796141,-66.61003619035422
14.914914914914913,208.16293334521004,120.13330421208792,13.956696000796141,-66.81023639055442
14.934934934934937,208.44234667855932,118.79576194200675,13.956696000796141,-67.01043659075462
14.954954954954955,208.7217600119086,117.45421165990956,13.956696000796141,-67.21063679095482
14.974974974974975,209.00117334525788,116.10865336579636,13.956696000796141,-67.41083699115502
14.994994994994995,209.28058667860716,114.75908705966712,13.956696000796141,-67.61103719135522
15.015015015015013,209.56000001195645,113.40551274152187,13.956696000796141,-67.81123739155542
15.035035035035037,209.83941334530573,112.04793041136061,13.956696000796141,-68.01143759175562
15.055055055055055,210.118826678655,110.68634006918332,13.956696000796141,-68.21163779195582
15.075075075075075,210.3982400120043,109.32074171499,13.956696000796141,-68.41183799215602
15.095095095095095,210.67765334535358,107.95113534878068,13.956696000796141,-68.61203819235622
15.115115115115113,210.95706667870286,106.57752097055533,13.956696000796141,-68.81223839255642
15.135135135135137,211.23648001205214,105.19989858031396,13.956696000796141,-69.01243859275662
15.155155155155155,211.51589334540142,103.81826817805657,13.956696000796141,-69.21263879295682
15.175175175175175,211.7953066787507,102.43262976378315,13.956696000796141,-69.41283899315702
15.195195195195195,212.0747200121,101.04298333749372,13.956696000796141,-69.61303919335722
15.215215215215213,212.35413334544927,99.64932889918828,13.956696000796141,-69.81323939355742
15.235235235235237,212.63354667879855,98.2516664488668,13.956696000796141,-70.01343959375762
15.255255255255255,212.91296001214783,96.84999598652931,13.956696000796141,-70.21363979395782
15.275275275275275,213.19237334549712,95.4443175121758,13.956696000796141,-70.41383999415802
15.295295295295295,213.4717866788464,94.03463102580628,13.956696000796141,-70.61404019435822
15.315315315315313,213.75120001219568,92.62093652742072,13.956696000796141,-70.81424039455842
15.335335335335337,214.03061334554496,91.20323401701916,13.956696000796141,-71.01444059475863
15.355355355355355,214.31002667889425,89.78152349460157,13.956696000796141,-71.21464079495883
15.375375375375375,214.58944001224353,88.35580496016796,13.956696000796141,-71.41484099515903
15.395395395395395,214.8688533455928,86.92607841371833,13.956696000796141,-71.61504119535923
15.415415415415413,215.1482666789421,85.49234385525268,13.956696000796141,-71.81524139555943
15.435435435435437,215.42768001229138,84.05460128477101,13.956696000796141,-72.01544159575963
15.455455455455455,215.70709334564066,82.61285070227332,13.956696000796141,-72.21564179595983
15.475475475475475,215.98650667898994,81.16709210775961,13.956696000796141,-72.41584199616003
15.495495495495495,216.26592001233922,79.71732550122988,13.956696000796141,-72.61604219636023
15.515515515515514,216.5453333456885,78.26355088268413,13.956696000796141,-72.81624239656043
15.535535535535537,216.8247466790378,76.80576825212236,13.956696000796141,-73.01644259676063
15.555555555555555,217.10416001238707,75.34397760954457,13.956696000796141,-73.21664279696083
15.575575575575575,217.38357334573635,73.87817895495076,13.956696000796141,-73.41684299716103
15.595595595595595,217.66298667908563,72.40837228834093,13.956696000796141,-73.61704319736123
15.615615615615614,217.94240001243492,70.93455760971507,13.956696000796141,-73.81724339756143
15.635635635635637,218.2218133457842,69.4567349190732,13.956696000796141,-74.01744359776163
15.655655655655655,218.50122667913348,67.97490421641531,13.956696000796141,-74.21764379796183
15.675675675675675,218.78064001248276,66.48906550174141,13.956696000796141,-74.41784399816203
15.695695695695695,219.06005334583205,64.99921877505147,13.956696000796141,-74.61804419836223
15.715715715715717,219.33946667918133,63.505364036345526,13.956696000796141,-74.81824439856243
15.735735735735737,219.6188800125306,62.007501285623555,13.956696000796141,-75.01844459876263
15.755755755755755,219.8982933458799,60.50563052288556,13.956696000796141,-75.21864479896283
15.775775775775776,220.17770667922917,58.99975174813155,13.956696000796141,-75.41884499916303
15.795795795795796,220.45712001257846,57.48986496136152,13.956696000796141,-75.61904519936323
15.815815815815817,220.73653334592774,55.97597016257547,13.956696000796141,-75.81924539956343
15.835835835835837,221.01594667927702,54.4580673517734,13.956696000796141,-76.01944559976363
15.855855855855856,221.2953600126263,52.93615652895531,13.956696000796141,-76.21964579996383
15.875875875875876,221.5747733459756,51.4102376941212,13.956696000796141,-76.41984600016403
15.895895895895896,221.85418667932487,49.88031084727107,13.956696000796141,-76.62004620036423
15.915915915915917,222.13360001267415,48.346375988404915,13.956696000796141,-76.82024640056443
15.935935935935937,222.41301334602343,46.808433117522746,13.956696000796141,-77.02044660076463
15.955955955955956,222.69242667937272,45.266482234624554,13.956696000796141,-77.22064680096483
15.975975975975976,222.971840012722,43.72052333971035,13.956696000796141,-77.42084700116503
15.995995995995996,223.25125334607128,42.17055643278012,13.956696000796141,-77.62104720136523
16.016016016016017,223.53066667942056,40.616581513833864,13.956696000796141,-77.82124740156543
16.036036036036037,223.81008001276984,39.058598582871596,13.956696000796141,-78.02144760176563
16.056056056056057,224.08949334611913,37.496607639893305,13.956696000796141,-78.22164780196583
16.076076076076077,224.3689066794684,35.93060868489899,13.956696000796141,-78.42184800216603
16.096096096096094,224.6483200128177,34.36060171788866,13.956696000796141,-78.62204820236623
16.116116116116117,224.92773334616697,32.78658673886231,13.956696000796141,-78.82224840256643
16.136136136136138,225.20714667951626,31.20856374781994,13.956696000796141,-79.02244860276663
16.156156156156158,225.48656001286554,29.62653274476155,13.956696000796141,-79.22264880296683
16.176176176176178,225.76597334621482,28.04049372968714,13.956696000796141,-79.42284900316703
16.196196196196194,226.0453866795641,26.450446702596707,13.956696000796141,-79.62304920336723
16.216216216216218,226.32480001291339,24.856391663490257,13.956696000796141,-79.82324940356743
16.236236236236238,226.60421334626267,23.258328612367787,13.956696000796141,-80.02344960376763
16.256256256256258,226.88362667961195,21.656257549229295,13.956696000796141,-80.22364980396783
16.276276276276278,227.16304001296123,20.050178474074784,13.956696000796141,-80.42385000416803
16.296296296296294,227.44245334631051,18.440091386904253,13.956696000796141,-80.62405020436823
16.316316316316318,227.7218666796598,16.8259962877177,13.956696000796141,-80.82425040456843
16.336336336336338,228.00128001300908,15.207893176515128,13.956696000796141,-81.02445060476863
16.356356356356358,228.28069334635836,13.585782053296537,13.956696000796141,-81.22465080496883
16.376376376376378,228.56010667970764,11.959662918061927,13.956696000796141,-81.42485100516903
16.396396396396394,228.83952001305693,10.329535770811296,13.956696000796141,-81.62505120536923
16.416416416416418,229.1189333464062,8.695400611544644,13.956696000796141,-81.82525140556943
16.436436436436438,229.3983466797555,7.0572574402619725,13.956696000796141,-82.02545160576963
16.456456456456458,229.67776001310477,5.4151062569632815,13.956696000796141,-82.22565180596983
16.476476476476478,229.95717334645406,3.76894706164857,13.956696000796141,-82.42585200617003
16.496496496496494,230.23658667980334,2.1187798543178387,13.956696000796141,-82.62605220637023
16.516516516516518,230.51600001315262,0.4646046349710873,13.956696000796141,-82.82625240657043
16.536536536536538,230.7954133465019,-1.193578596391684,13.956696000796141,-83.02645260677063
16.556556556556558,231.07482667985118,-2.855769839770476,13.956696000796141,-83.22665280697083
16.576576576576578,231.35424001320047,-4.5219690951652876,13.956696000796141,-83.42685300717103
16.596596596596594,231.63365334654975,-6.192176362576119,13.956696000796141,-83.62705320737123
16.616616616616618,231.91306667989903,-7.866391642002971,13.956696000796141,-83.82725340757143
16.636636636636638,232.1924800132483,-9.544614933445843,13.956696000796141,-84.02745360777163
16.656656656656658,232.4718933465976,-11.226846236904734,13.956696000796141,-84.22765380797183
16.676676676676678,232.75130667994688,-12.913085552379645,13.956696000796141,-84.42785400817203
16.696696696696694,233.03072001329616,-14.603332879870576,13.956696000796141,-84.62805420837223
16.716716716716718,233.31013334664544,-16.297588219377527,13.956696000796141,-84.82825440857243
16.736736736736738,233.58954667999473,-17.9958515709005,13.956696000796141,-85.02845460877263
16.756756756756758,233.868960013344,-19.69812293443949,13.956696000796141,-85.22865480897283
16.776776776776778,234.1483733466933,-21.404402309994502,13.956696000796141,-85.42885500917303
16.796796796796794,234.42778668004257,-23.114689697565534,13.956696000796141,-85.62905520937323
16.816816816816818,234.70720001339186,-24.828985097152586,13.956696000796141,-85.82925540957343
16.836836836836838,234.98661334674114,-26.547288508755656,13.956696000796141,-86.02945560977363
16.856856856856858,235.26602668009042,-28.26959993237475,13.956696000796141,-86.22965580997383
16.876876876876878,235.5454400134397,-29.99591936800986,13.956696000796141,-86.42985601017403
16.896896896896898,235.82485334678898,-31.726246815660993,13.956696000796141,-86.63005621037424
16.916916916916918,236.10426668013827,-33.46058227532814,13.956696000796141,-86.83025641057444
16.936936936936938,236.38368001348755,-35.198925747011316,13.956696000796141,-87.03045661077464
16.956956956956958,236.66309334683683,-36.941277230710504,13.956696000796141,-87.23065681097484
16.976976976976978,236.9425066801861,-38.687636726425715,13.956696000796141,-87.43085701117504
16.996996996996998,237.2219200135354,-40.43800423415695,13.956696000796141,-87.63105721137524
17.017017017017018,237.50133334688468,-42.1923797539042,13.956696000796141,-87.83125741157544
17.037037037037038,237.78074668023396,-43.95076328566747,13.956696000796141,-88.03145761177564
17.057057057057058,238.06016001358324,-45.713154829446765,13.956696000796141,-88.23165781197584
17.077077077077078,238.33957334693253,-47.479554385242075,13.956696000796141,-88.43185801217604
17.097097097097098,238.6189866802818,-49.24996195305341,13.956696000796141,-88.63205821237624
17.117117117117118,238.8984000136311,-51.02437753288076,13.956696000796141,-88.83225841257644
17.137137137137138,239.17781334698037,-52.802801124724134,13.956696000796141,-89.03245861277664
17.157157157157158,239.45722668032965,-54.58523272858353,13.956696000796141,-89.23265881297684
17.177177177177178,239.73664001367894,-56.371672344458936,13.956696000796141,-89.43285901317704
17.197197197197198,240.01605334702822,-58.16211997235037,13.956696000796141,-89.63305921337724
17.217217217217218,240.2954666803775,-59.95657561225782,13.956696000796141,-89.83325941357744
17.237237237237238,240.57488001372678,-61.75503926418129,13.956696000796141,-90.03345961377764
17.25725725725726,240.85429334707607,-63.557510928120784,13.956696000796141,-90.23365981397784
17.27727727727728,241.13370668042535,-65.36399060407629,13.956696000796141,-90.43386001417804
17.2972972972973,241.41312001377463,-67.17447829204782,13.956696000796141,-90.63406021437824
17.31731731731732,241.6925333471239,-68.98897399203537,13.956696000796141,-90.83426041457844
17.33733733733734,241.9719466804732,-70.80747770403894,13.956696000796141,-91.03446061477864
17.35735735735736,242.25136001382248,-72.62998942805854,13.956696000796141,-91.23466081497884
17.37737737737738,242.53077334717176,-74.45650916409414,13.956696000796141,-91.43486101517904
17.3973973973974,242.81018668052104,-76.28703691214578,13.956696000796141,-91.63506121537924
17.41741741741742,243.08960001387032,-78.12157267221343,13.956696000796141,-91.83526141557944
17.43743743743744,243.3690133472196,-79.9601164442971,13.956696000796141,-92.03546161577964
17.45745745745746,243.6484266805689,-81.8026682283968,13.956696000796141,-92.23566181597984
17.47747747747748,243.92784001391817,-83.64922802451251,13.956696000796141,-92.43586201618004
17.4974974974975,244.20725334726745,-85.49979583264424,13.956696000796141,-92.63606221638024
17.51751751751752,244.48666668061674,-87.354371652792,13.956696000796141,-92.83626241658044
17.53753753753754,244.76608001396602,-89.21295548495577,13.956696000796141,-93.03646261678064
17.55755755755756,245.0454933473153,-91.07554732913556,13.956696000796141,-93.23666281698084
17.57757757757758,245.32490668066458,-92.94214718533138,13.956696000796141,-93.43686301718104
17.5975975975976,245.60432001401387,-94.81275505354321,13.956696000796141,-93.63706321738124
17.61761761761762,245.88373334736315,-96.68737093377106,13.956696000796141,-93.83726341758144
17.63763763763764,246.16314668071243,-98.56599482601493,13.956696000796141,-94.03746361778164
17.65765765765766,246.4425600140617,-100.44862673027482,13.956696000796141,-94.23766381798184
17.67767767767768,246.721973347411,-102.33526664655074,13.956696000796141,-94.43786401818204
17.6976976976977,247.00138668076028,-104.22591457484266,13.956696000796141,-94.63806421838224
17.71771771771772,247.28080001410956,-106.12057051515062,13.956696000796141,-94.83826441858244
17.73773773773774,247.56021334745884,-108.01923446747459,13.956696000796141,-95.03846461878264
17.75775775775776,247.83962668080812,-109.92190643181458,13.956696000796141,-95.23866481898284
17.77777777777778,248.1190400141574,-111.8285864081706,13.956696000796141,-95.43886501918304
17.7977977977978,248.3984533475067,-113.73927439654263,13.956696000796141,-95.63906521938324
17.81781781781782,248.67786668085597,-115.65397039693067,13.956696000796141,-95.83926541958344
17.83783783783784,248.95728001420525,-117.57267440933475,13.956696000796141,-96.03946561978364
17.85785785785786,249.23669334755454,-119.49538643375485,13.956696000796141,-96.23966581998384
17.87787787787788,249.51610668090382,-121.42210647019095,13.956696000796141,-96.43986602018404
17.8978978978979,249.7955200142531,-123.35283451864309,13.956696000796141,-96.64006622038424
17.91791791791792,250.07493334760238,-125.28757057911125,13.956696000796141,-96.84026642058444
17.93793793793794,250.35434668095166,-127.22631465159542,13.956696000796141,-97.04046662078464
17.95795795795796,250.63376001430095,-129.1690667360956,13.956696000796141,-97.24066682098484
17.97797797797798,250.91317334765023,-131.11582683261182,13.956696000796141,-97.44086702118504
17.997997997998,251.1925866809995,-133.06659494114405,13.956696000796141,-97.64106722138524
18.01801801801802,251.4720000143488,-135.0213710616923,13.956696000796141,-97.84126742158544
18.03803803803804,251.75141334769808,-136.98015519425655,13.956696000796141,-98.04146762178564
18.05805805805806,252.03082668104736,-138.94294733883686,13.956696000796141,-98.24166782198584
18.07807807807808,252.31024001439664,-140.90974749543318,13.956696000796141,-98.44186802218604
18.0980980980981,252.58965334774592,-142.88055566404552,13.956696000796141,-98.64206822238624
18.11811811811812,252.8690666810952,-144.85537184467387,13.956696000796141,-98.84226842258644
18.13813813813814,253.1484800144445,-146.83419603731824,13.956696000796141,-99.04246862278664
18.15815815815816,253.42789334779377,-148.81702824197862,13.956696000796141,-99.24266882298684
18.17817817817818,253.70730668114305,-150.80386845865505,13.956696000796141,-99.44286902318704
18.1981981981982,253.98672001449233,-152.7947166873475,13.956696000796141,-99.64306922338724
18.21821821821822,254.26613334784162,-154.78957292805595,13.956696000796141,-99.84326942358744
18.23823823823824,254.5455466811909,-156.78843718078042,13.956696000796141,-100.04346962378764
18.25825825825826,254.82496001454018,-158.7913094455209,13.956696000796141,-100.24366982398784
18.27827827827828,255.10437334788946,-160.7981897222774,13.956696000796141,-100.44387002418804
18.2982982982983,255.38378668123875,-162.80907801104993,13.956696000796141,-100.64407022438824
18.31831831831832,255.66320001458803,-164.8239743118385,13.956696000796141,-100.84427042458844
18.33833833833834,255.9426133479373,-166.84287862464308,13.956696000796141,-101.04447062478864
18.35835835835836,256.2220266812866,-168.86579094946367,13.956696000796141,-101.24467082498884
18.37837837837838,256.5014400146359,-170.89271128630028,13.956696000796141,-101.44487102518904
18.3983983983984,256.78085334798516,-172.9236396351529,13.956696000796141,-101.64507122538924
18.41841841841842,257.06026668133444,-174.95857599602155,13.956696000796141,-101.84527142558944
18.43843843843844,257.3396800146837,-176.99752036890624,13.956696000796141,-102.04547162578965
18.45845845845846,257.619093348033,-179.04047275380694,13.956696000796141,-102.24567182598985
18.47847847847848,257.8985066813823,-181.08743315072365,13.956696000796141,-102.44587202619005
18.4984984984985,258.17792001473157,-183.1384015596564,13.956696000796141,-102.64607222639025
18.51851851851852,258.45733334808085,-185.19337798060513,13.956696000796141,-102.84627242659045
18.53853853853854,258.73674668143013,-187.2523624135699,13.956696000796141,-103.04647262679065
18.55855855855856,259.0161600147794,-189.3153548585507,13.956696000796141,-103.24667282699085
18.57857857857858,259.2955733481287,-191.38235531554753,13.956696000796141,-103.44687302719105
18.5985985985986,259.574986681478,-193.45336378456037,13.956696000796141,-103.64707322739125
18.61861861861862,259.85440001482726,-195.52838026558922,13.956696000796141,-103.84727342759145
18.63863863863864,260.13381334817655,-197.6074047586341,13.956696000796141,-104.04747362779165
18.65865865865866,260.4132266815258,-199.69043726369497,13.956696000796141,-104.24767382799185
18.67867867867868,260.6926400148751,-201.77747778077187,13.956696000796141,-104.44787402819205
18.6986986986987,260.9720533482244,-203.86852630986482,13.956696000796141,-104.64807422839225
18.71871871871872,261.2514666815737,-205.96358285097378,13.956696000796141,-104.84827442859245
18.73873873873874,261.53088001492296,-208.06264740409875,13.956696000796141,-105.04847462879265
18.75875875875876,261.81029334827224,-210.16571996923975,13.956696000796141,-105.24867482899285
18.77877877877878,262.0897066816215,-212.27280054639675,13.956696000796141,-105.44887502919305
18.7987987987988,262.3691200149708,-214.38388913556977,13.956696000796141,-105.64907522939325
18.81881881881882,262.6485333483201,-216.49898573675884,13.956696000796141,-105.84927542959345
18.83883883883884,262.92794668166937,-218.61809034996392,13.956696000796141,-106.04947562979365
18.85885885885886,263.20736001501865,-220.74120297518502,13.956696000796141,-106.24967582999385
18.87887887887888,263.48677334836793,-222.86832361242213,13.956696000796141,-106.44987603019405
18.8988988988989,263.7661866817172,-224.99945226167526,13.956696000796141,-106.65007623039425
18.91891891891892,264.0456000150665,-227.1345889229444,13.956696000796141,-106.85027643059445
18.93893893893894,264.3250133484158,-229.2737335962296,13.956696000796141,-107.05047663079465
18.95895895895896,264.60442668176506,-231.4168862815308,13.956696000796141,-107.25067683099485
18.97897897897898,264.88384001511434,-233.564046978848,13.956696000796141,-107.45087703119505
18.998998998999,265.1632533484636,-235.71521568818125,13.956696000796141,-107.65107723139525
19.01901901901902,265.4426666818129,-237.8703924095305,13.956696000796141,-107.85127743159545
19.03903903903904,265.7220800151622,-240.02957714289576,13.956696000796141,-108.05147763179565
19.05905905905906,266.0014933485115,-242.19276988827704,13.956696000796141,-108.25167783199585
19.07907907907908,266.28090668186076,-244.35997064567437,13.956696000796141,-108.45187803219605
19.0990990990991,266.56032001521004,-246.5311794150877,13.956696000796141,-108.65207823239625
19.11911911911912,266.8397333485593,-248.70639619651706,13.956696000796141,-108.85227843259645
19.13913913913914,267.1191466819086,-250.88562098996243,13.956696000796141,-109.05247863279665
19.15915915915916,267.3985600152579,-253.06885379542382,13.956696000796141,-109.25267883299685
19.17917917917918,267.67797334860717,-255.25609461290122,13.956696000796141,-109.45287903319705
19.1991991991992,267.95738668195645,-257.44734344239464,13.956696000796141,-109.65307923339725
19.21921921921922,268.23680001530573,-259.6426002839041,13.956696000796141,-109.85327943359745
19.23923923923924,268.516213348655,-261.8418651374295,13.956696000796141,-110.05347963379765
19.25925925925926,268.7956266820043,-264.04513800297104,13.956696000796141,-110.25367983399785
19.27927927927928,269.0750400153536,-266.2524188805286,13.956696000796141,-110.45388003419805
19.2992992992993,269.35445334870286,-268.46370777010213,13.956696000796141,-110.65408023439825
19.31931931931932,269.63386668205214,-270.6790046716917,13.956696000796141,-110.85428043459845
19.33933933933934,269.9132800154014,-272.8983095852973,13.956696000796141,-111.05448063479865
19.35935935935936,270.1926933487507,-275.1216225109189,13.956696000796141,-111.25468083499885
19.37937937937938,270.4721066821,-277.3489434485565,13.956696000796141,-111.45488103519905
19.3993993993994,270.7515200154493,-279.5802723982101,13.956696000796141,-111.65508123539925
19.41941941941942,271.03093334879856,-281.8156093598798,13.956696000796141,-111.85528143559945
19.43943943943944,271.31034668214784,-284.05495433356543,13.956696000796141,-112.05548163579965
19.45945945945946,271.5897600154971,-286.2983073192671,13.956696000796141,-112.25568183599985
19.47947947947948,271.8691733488464,-288.5456683169848,13.956696000796141,-112.45588203620005
19.4994994994995,272.1485866821957,-290.7970373267185,13.956696000796141,-112.65608223640025
19.51951951951952,272.42800001554497,-293.0524143484683,13.956696000796141,-112.85628243660045
19.53953953953954,272.70741334889425,-295.3117993822341,13.956696000796141,-113.05648263680065
19.55955955955956,272.98682668224353,-297.5751924280159,13.956696000796141,-113.25668283700085
19.57957957957958,273.2662400155928,-299.8425934858137,13.956696000796141,-113.45688303720105
19.5995995995996,273.5456533489421,-302.11400255562756,13.956696000796141,-113.65708323740125
19.61961961961962,273.8250666822914,-304.3894196374574,13.956696000796141,-113.85728343760145
19.63963963963964,274.10448001564066,-306.6688447313033,13.956696000796141,-114.05748363780165
19.65965965965966,274.38389334898994,-308.9522778371652,13.956696000796141,-114.25768383800185
19.67967967967968,274.6633066823392,-311.2397189550431,13.956696000796141,-114.45788403820205
19.6996996996997,274.9427200156885,-313.531168084937,13.956696000796141,-114.65808423840225
19.71971971971972,275.2221333490378,-315.82662522684694,13.956696000796141,-114.85828443860245
19.73973973973974,275.5015466823871,-318.1260903807729,13.956696000796141,-115.05848463880265
19.75975975975976,275.78096001573635,-320.4295635467149,13.956696000796141,-115.25868483900285
19.77977977977978,276.06037334908564,-322.73704472467296,13.956696000796141,-115.45888503920305
19.7997997997998,276.3397866824349,-325.048533914647,13.956696000796141,-115.65908523940325
19.81981981981982,276.6192000157842,-327.3640311166371,13.956696000796141,-115.85928543960345
19.83983983983984,276.8986133491335,-329.68353633064316,13.956696000796141,-116.05948563980365
19.85985985985986,277.17802668248277,-332.00704955666527,13.956696000796141,-116.25968584000385
19.87987987987988,277.45744001583205,-334.3345707947034,13.956696000796141,-116.45988604020405
19.8998998998999,277.73685334918133,-336.6661000447575,13.956696000796141,-116.66008624040425
19.91991991991992,278.0162666825306,-339.00163730682766,13.956696000796141,-116.86028644060445
19.93993993993994,278.2956800158799,-341.3411825809138,13.956696000796141,-117.06048664080465
19.95995995995996,278.5750933492292,-343.684735867016,13.956696000796141,-117.26068684100485
19.97997997997998,278.85450668257846,-346.0322971651342,13.956696000796141,-117.46088704120505
20.0,279.13392001592774,-348.3838664752684,13.956696000796141,-117.66108724140526
