t,xpos,ypos,vx,vy
0.0,0.0,20.117140938604216,55.16495807129857,25.64653061263119
0.02002002002002002,1.1044035649909625,20.63058499491315,55.16495807129857,25.44633041243099
0.04004004004004004,2.208807129981925,21.14002103920606,55.16495807129857,25.24613021223079
0.06006006006006006,3.3132106949728874,21.645449071482954,55.16495807129857,25.04593001203059
0.08008008008008008,4.41761425996385,22.146869091743827,55.16495807129857,24.845729811830388
0.10010010010010009,5.522017824954812,22.64428109998868,55.16495807129857,24.645529611630188
0.12012012012012012,6.626421389945774,23.137685096217513,55.16495807129857,24.445329411429988
0.14014014014014015,7.730824954936736,23.627081080430326,55.16495807129857,24.245129211229788
0.16016016016016016,8.835228519927698,24.11246905262712,55.16495807129857,24.044929011029588
0.18018018018018017,9.93963208491866,24.59384901280789,55.16495807129857,23.844728810829388
0.20020020020020018,11.044035649909622,25.071220960972642,55.16495807129857,23.644528610629187
0.22022022022022023,12.148439214900584,25.544584897121375,55.16495807129857,23.444328410428987
0.24024024024024024,13.252842779891546,26.01394082125409,55.16495807129857,23.244128210228787
0.2602602602602603,14.357246344882508,26.47928873337078,55.16495807129857,23.043928010028587
0.2802802802802803,15.46164990987347,26.94062863347145,55.16495807129857,22.843727809828387
0.3003003003003003,16.566053474864432,27.397960521556104,55.16495807129857,22.643527609628187
0.3203203203203203,17.670457039855396,27.851284397624738,55.16495807129857,22.443327409427987
0.3403403403403404,18.77486060484636,28.30060026167735,55.16495807129857,22.243127209227787
0.36036036036036034,19.879264169837324,28.74590811371394,55.16495807129857,22.042927009027586
0.3803803803803804,20.983667734828288,29.187207953734514,55.16495807129857,21.842726808827386
0.40040040040040037,22.08807129981925,29.62449978173907,55.16495807129857,21.642526608627186
0.42042042042042044,23.192474864810215,30.0577835977276,55.16495807129857,21.442326408426986
0.44044044044044045,24.29687842980118,30.48705940170011,55.16495807129857,21.242126208226786
0.4604604604604605,25.401281994792143,30.912327193656605,55.16495807129857,21.041926008026586
0.4804804804804805,26.505685559783107,31.333586973597075,55.16495807129857,20.841725807826386
0.5005005005005005,27.61008912477407,31.750838741521527,55.16495807129857,20.641525607626185
0.5205205205205206,28.714492689765034,32.16408249742996,55.16495807129857,20.441325407425985
0.5405405405405406,29.818896254755998,32.57331824132237,55.16495807129857,20.241125207225785
0.5605605605605606,30.923299819746962,32.97854597319876,55.16495807129857,20.040925007025585
0.5805805805805806,32.027703384737926,33.379765693059134,55.16495807129857,19.840724806825385
0.6006006006006006,33.132106949728886,33.77697740090348,55.16495807129857,19.640524606625185
0.6206206206206206,34.236510514719846,34.17018109673182,55.16495807129857,19.440324406424985
0.6406406406406406,35.34091407971081,34.55937678054413,55.16495807129857,19.240124206224785
0.6606606606606606,36.44531764470177,34.94456445234042,55.16495807129857,19.039924006024584
0.6806806806806808,37.54972120969273,35.325744112120695,55.16495807129857,18.839723805824384
0.7007007007007007,38.65412477468369,35.702915759884945,55.16495807129857,18.639523605624184
0.7207207207207207,39.75852833967465,36.07607939563318,55.16495807129857,18.439323405423984
0.7407407407407407,40.86293190466561,36.44523501936539,55.16495807129857,18.239123205223784
0.7607607607607608,41.96733546965657,36.81038263108158,55.16495807129857,18.038923005023584
0.7807807807807808,43.07173903464753,37.171522230781754,55.16495807129857,17.838722804823384
0.8008008008008007,44.17614259963849,37.528653818465905,55.16495807129857,17.638522604623184
0.8208208208208208,45.28054616462945,37.88177739413403,55.16495807129857,17.438322404422983
0.8408408408408409,46.38494972962041,38.230892957786146,55.16495807129857,17.238122204222783
0.8608608608608609,47.48935329461137,38.57600050942224,55.16495807129857,17.037922004022583
0.8808808808808809,48.59375685960233,38.91710004904231,55.16495807129857,16.837721803822383
0.9009009009009008,49.69816042459329,39.25419157664636,55.16495807129857,16.637521603622183
0.920920920920921,50.80256398958425,39.58727509223439,55.16495807129857,16.437321403421983
0.9409409409409409,51.90696755457521,39.916350595806406,55.16495807129857,16.237121203221783
0.960960960960961,53.01137111956617,40.2414180873624,55.16495807129857,16.036921003021583
0.980980980980981,54.11577468455713,40.562477566902366,55.16495807129857,15.836720802821382
1.001001001001001,55.22017824954809,40.87952903442632,55.16495807129857,15.636520602621182
1.021021021021021,56.32458181453905,41.19257248993425,55.16495807129857,15.436320402420982
1.0410410410410411,57.42898537953001,41.501607933426165,55.16495807129857,15.236120202220782
1.0610610610610611,58.53338894452097,41.80663536490206,55.16495807129857,15.035920002020582
1.0810810810810811,59.63779250951193,42.10765478436193,55.16495807129857,14.835719801820382
1.1011011011011012,60.74219607450289,42.40466619180578,55.16495807129857,14.635519601620182
1.1211211211211212,61.84659963949385,42.69766958723361,55.16495807129857,14.435319401419981
1.1411411411411412,62.95100320448481,42.98666497064542,55.16495807129857,14.235119201219781
1.1611611611611612,64.05540676947578,43.271652342041214,55.16495807129857,14.034919001019581
1.1811811811811812,65.15981033446674,43.552631701420985,55.16495807129857,13.834718800819381
1.2012012012012012,66.2642138994577,43.82960304878473,55.16495807129857,13.634518600619181
1.2212212212212212,67.36861746444866,44.102566384132466,55.16495807129857,13.43431840041898
1.2412412412412412,68.47302102943962,44.371521707464176,55.16495807129857,13.23411820021878
1.2612612612612613,69.57742459443058,44.63646901877987,55.16495807129857,13.03391800001858
1.2812812812812813,70.68182815942154,44.89740831807954,55.16495807129857,12.83371779981838
1.3013013013013013,71.7862317244125,45.15433960536319,55.16495807129857,12.63351759961818
1.3213213213213213,72.89063528940346,45.407262880630824,55.16495807129857,12.43331739941798
1.3413413413413413,73.99503885439442,45.656178143882435,55.16495807129857,12.23311719921778
1.3613613613613615,75.09944241938538,45.901085395118024,55.16495807129857,12.03291699901758
1.3813813813813813,76.20384598437634,46.1419846343376,55.16495807129857,11.83271679881738
1.4014014014014013,77.3082495493673,46.37887586154115,55.16495807129857,11.63251659861718
1.4214214214214214,78.41265311435826,46.61175907672868,55.16495807129857,11.43231639841698
1.4414414414414414,79.51705667934922,46.84063427990019,55.16495807129857,11.23211619821678
1.4614614614614616,80.62146024434018,47.06550147105568,55.16495807129857,11.03191599801658
1.4814814814814814,81.72586380933114,47.28636065019516,55.16495807129857,10.83171579781638
1.5015015015015014,82.8302673743221,47.50321181731861,55.16495807129857,10.631515597616179
1.5215215215215216,83.93467093931307,47.716054972426036,55.16495807129857,10.431315397415979
1.5415415415415414,85.03907450430403,47.92489011551745,55.16495807129857,10.231115197215779
1.5615615615615617,86.14347806929499,48.12971724659284,55.16495807129857,10.030914997015579
1.5815815815815815,87.24788163428595,48.33053636565221,55.16495807129857,9.830714796815379
1.6016016016016015,88.3522851992769,48.52734747269556,55.16495807129857,9.630514596615178
1.6216216216216217,89.45668876426787,48.72015056772289,55.16495807129857,9.430314396414978
1.6416416416416415,90.56109232925883,48.9089456507342,55.16495807129857,9.230114196214778
1.6616616616616617,91.66549589424979,49.093732721729495,55.16495807129857,9.029913996014578
1.6816816816816818,92.76989945924075,49.274511780708764,55.16495807129857,8.829713795814378
1.7017017017017015,93.87430302423171,49.45128282767202,55.16495807129857,8.629513595614178
1.7217217217217218,94.97870658922267,49.62404586261925,55.16495807129857,8.429313395413978
1.7417417417417416,96.08311015421363,49.792800885550456,55.16495807129857,8.229113195213777
1.7617617617617618,97.18751371920459,49.95754789646565,55.16495807129857,8.028912995013577
1.7817817817817818,98.29191728419555,50.11828689536482,55.16495807129857,7.828712794813377
1.8018018018018016,99.39632084918651,50.275017882247965,55.16495807129857,7.628512594613177
1.8218218218218218,100.50072441417747,50.4277408571151,55.16495807129857,7.428312394412977
1.841841841841842,101.60512797916843,50.576455819966206,55.16495807129857,7.228112194212777
1.8618618618618619,102.70953154415939,50.7211627708013,55.16495807129857,7.027911994012577
1.8818818818818819,103.81393510915035,50.86186170962037,55.16495807129857,6.827711793812377
1.9019019019019017,104.91833867414131,50.99855263642342,55.16495807129857,6.6275115936121765
1.921921921921922,106.02274223913227,51.13123555121045,55.16495807129857,6.427311393411976
1.9419419419419421,107.12714580412323,51.25991045398146,55.16495807129857,6.227111193211776
1.961961961961962,108.23154936911419,51.38457734473645,55.16495807129857,6.026910993011576
1.981981981981982,109.33595293410515,51.50523622347542,55.16495807129857,5.826710792811376
2.002002002002002,110.44035649909611,51.62188709019837,55.16495807129857,5.626510592611176
2.022022022022022,111.54476006408707,51.734529944905304,55.16495807129857,5.426310392410976
2.042042042042042,112.64916362907803,51.843164787596216,55.16495807129857,5.2261101922107756
2.0620620620620618,113.75356719406899,51.947791618271104,55.16495807129857,5.025909992010575
2.0820820820820822,114.85797075905995,52.04841043692998,55.16495807129857,4.825709791810375
2.1021021021021022,115.96237432405091,52.14502124357283,55.16495807129857,4.625509591610175
2.1221221221221223,117.06677788904187,52.237624038199655,55.16495807129857,4.425309391409975
2.1421421421421423,118.17118145403283,52.32621882081047,55.16495807129857,4.225109191209775
2.1621621621621623,119.2755850190238,52.41080559140526,55.16495807129857,4.024908991009575
2.1821821821821823,120.37998858401475,52.491384349984024,55.16495807129857,3.8247087908093746
2.2022022022022023,121.48439214900571,52.567955096546775,55.16495807129857,3.6245085906091745
2.2222222222222223,122.58879571399667,52.640517831093504,55.16495807129857,3.4243083904089744
2.2422422422422423,123.69319927898763,52.70907255362422,55.16495807129857,3.2241081902087743
2.2622622622622623,124.7976028439786,52.77361926413891,55.16495807129857,3.023907990008574
2.2822822822822824,125.90200640896956,52.834157962637576,55.16495807129857,2.823707789808374
2.3023023023023024,127.00640997396052,52.89068864912023,55.16495807129857,2.623507589608174
2.3223223223223224,128.11081353895148,52.94321132358686,55.16495807129857,2.4233073894079737
2.3423423423423424,129.21521710394245,52.991725986037466,55.16495807129857,2.2231071892077736
2.3623623623623624,130.31962066893342,53.03623263647206,55.16495807129857,2.0229069890075735
2.3823823823823824,131.4240242339244,53.076731274890626,55.16495807129857,1.8227067888073734
2.4024024024024024,132.52842779891537,53.11322190129318,55.16495807129857,1.6225065886071732
2.4224224224224224,133.63283136390635,53.14570451567971,55.16495807129857,1.422306388406973
2.4424424424424425,134.73723492889732,53.17417911805022,55.16495807129857,1.222106188206773
2.4624624624624625,135.8416384938883,53.19864570840471,55.16495807129857,1.0219059880065728
2.4824824824824825,136.94604205887927,53.21910428674318,55.16495807129857,0.8217057878063727
2.5025025025025025,138.05044562387025,53.23555485306563,55.16495807129857,0.6215055876061726
2.5225225225225225,139.15484918886122,53.24799740737206,55.16495807129857,0.4213053874059724
2.5425425425425425,140.2592527538522,53.25643194966247,55.16495807129857,0.2211051872057722
2.5625625625625625,141.36365631884317,53.26085847993686,55.16495807129857,0.02090498700557203
2.5825825825825826,142.46805988383414,53.26127699819523,55.16495807129857,-0.17929521319462816
2.6026026026026026,143.57246344882512,53.25768750443758,55.16495807129857,-0.37949541339482834
2.6226226226226226,144.6768670138161,53.25008999866391,55.16495807129857,-0.5796956135950285
2.6426426426426426,145.78127057880707,53.23848448087422,55.16495807129857,-0.7798958137952288
2.6626626626626626,146.88567414379804,53.22287095106851,55.16495807129857,-0.9800960139954289
2.6826826826826826,147.99007770878902,53.20324940924678,55.16495807129857,-1.180296214195629
2.7027027027027026,149.09448127378,53.17961985540903,55.16495807129857,-1.3804964143958292
2.722722722722723,150.19888483877097,53.15198228955526,55.16495807129857,-1.5806966145960293
2.7427427427427427,151.30328840376194,53.12033671168547,55.16495807129857,-1.7808968147962294
2.7627627627627627,152.4076919687529,53.08468312179966,55.16495807129857,-1.9810970149964295
2.7827827827827827,153.5120955337439,53.04502151989782,55.16495807129857,-2.1812972151966297
2.8028028028028027,154.61649909873486,53.00135190597997,55.16495807129857,-2.38149741539683
2.822822822822823,155.72090266372584,52.9536742800461,55.16495807129857,-2.58169761559703
2.8428428428428427,156.8253062287168,52.901988642096214,55.16495807129857,-2.78189781579723
2.8628628628628627,157.9297097937078,52.846294992130304,55.16495807129857,-2.98209801599743
2.8828828828828827,159.03411335869876,52.78659333014837,55.16495807129857,-3.1822982161976303
2.9029029029029028,160.13851692368974,52.72288365615042,55.16495807129857,-3.3824984163978304
2.922922922922923,161.2429204886807,52.65516597013645,55.16495807129857,-3.5826986165980306
2.942942942942943,162.34732405367168,52.58344027210646,55.16495807129857,-3.7828988167982307
2.962962962962963,163.45172761866266,52.50770656206045,55.16495807129857,-3.983099016998431
2.982982982982983,164.55613118365363,52.42796483999842,55.16495807129857,-4.183299217198631
3.003003003003003,165.6605347486446,52.34421510592037,55.16495807129857,-4.3834994173988315
3.0230230230230233,166.76493831363558,52.2564573598263,55.16495807129857,-4.583699617599032
3.0430430430430433,167.86934187862656,52.16469160171621,55.16495807129857,-4.783899817799232
3.063063063063063,168.97374544361753,52.0689178315901,55.16495807129857,-4.984100017999432
3.083083083083083,170.0781490086085,51.96913604944797,55.16495807129857,-5.184300218199632
3.103103103103103,171.18255257359948,51.865346255289815,55.16495807129857,-5.384500418399832
3.1231231231231233,172.28695613859045,51.757548449115646,55.16495807129857,-5.584700618600032
3.1431431431431434,173.39135970358143,51.645742630925454,55.16495807129857,-5.784900818800232
3.163163163163163,174.4957632685724,51.52992880071924,55.16495807129857,-5.985101019000433
3.183183183183183,175.60016683356338,51.41010695849701,55.16495807129857,-6.185301219200633
3.203203203203203,176.70457039855435,51.28627710425876,55.16495807129857,-6.385501419400833
3.2232232232232234,177.80897396354533,51.15843923800449,55.16495807129857,-6.585701619601033
3.2432432432432434,178.9133775285363,51.0265933597342,55.16495807129857,-6.785901819801233
3.263263263263263,180.01778109352728,50.89073946944789,55.16495807129857,-6.986102020001433
3.283283283283283,181.12218465851825,50.75087756714556,55.16495807129857,-7.186302220201633
3.303303303303303,182.22658822350922,50.60700765282721,55.16495807129857,-7.3865024204018335
3.3233233233233235,183.3309917885002,50.45912972649283,55.16495807129857,-7.586702620602034
3.3433433433433435,184.43539535349117,50.30724378814244,55.16495807129857,-7.786902820802234
3.3633633633633635,185.53979891848215,50.15134983777603,55.16495807129857,-7.987103021002434
3.383383383383383,186.64420248347312,49.991447875393604,55.16495807129857,-8.187303221202635
3.403403403403403,187.7486060484641,49.827537900995154,55.16495807129857,-8.387503421402835
3.4234234234234235,188.85300961345507,49.65961991458068,55.16495807129857,-8.587703621603035
3.4434434434434436,189.95741317844605,49.48769391615019,55.16495807129857,-8.787903821803235
3.4634634634634636,191.06181674343702,49.31175990570368,55.16495807129857,-8.988104022003435
3.483483483483483,192.166220308428,49.13181788324115,55.16495807129857,-9.188304222203636
3.503503503503503,193.27062387341897,48.9478678487626,55.16495807129857,-9.388504422403836
3.5235235235235236,194.37502743840994,48.75990980226803,55.16495807129857,-9.588704622604036
3.5435435435435436,195.47943100340092,48.56794374375743,55.16495807129857,-9.788904822804236
3.5635635635635636,196.5838345683919,48.37196967323082,55.16495807129857,-9.989105023004436
3.583583583583583,197.68823813338287,48.17198759068819,55.16495807129857,-10.189305223204636
3.603603603603603,198.79264169837384,47.96799749612954,55.16495807129857,-10.389505423404836
3.6236236236236237,199.89704526336482,47.75999938955487,55.16495807129857,-10.589705623605036
3.6436436436436437,201.0014488283558,47.54799327096418,55.16495807129857,-10.789905823805237
3.6636636636636637,202.10585239334677,47.33197914035747,55.16495807129857,-10.990106024005437
3.683683683683684,203.21025595833774,47.11195699773474,55.16495807129857,-11.190306224205637
3.7037037037037033,204.31465952332871,46.88792684309598,55.16495807129857,-11.390506424405837
3.7237237237237237,205.4190630883197,46.65988867644121,55.16495807129857,-11.590706624606037
3.7437437437437437,206.52346665331066,46.42784249777042,55.16495807129857,-11.790906824806237
3.7637637637637638,207.62787021830164,46.191788307083606,55.16495807129857,-11.991107025006437
3.783783783783784,208.7322737832926,45.951726104380775,55.16495807129857,-12.191307225206637
3.8038038038038033,209.8366773482836,45.70765588966192,55.16495807129857,-12.391507425406838
3.823823823823824,210.94108091327456,45.45957766292705,55.16495807129857,-12.591707625607038
3.843843843843844,212.04548447826554,45.20749142417616,55.16495807129857,-12.791907825807238
3.863863863863864,213.1498880432565,44.95139717340925,55.16495807129857,-12.992108026007438
3.8838838838838843,214.25429160824748,44.69129491062632,55.16495807129857,-13.192308226207638
3.9039039039039034,215.35869517323846,44.427184635827366,55.16495807129857,-13.392508426407838
3.923923923923924,216.46309873822943,44.15906634901239,55.16495807129857,-13.592708626608038
3.943943943943944,217.5675023032204,43.8869400501814,55.16495807129857,-13.792908826808238
3.963963963963964,218.67190586821138,43.61080573933439,55.16495807129857,-13.993109027008439
3.9839839839839843,219.77630943320236,43.33066341647136,55.16495807129857,-14.193309227208639
4.004004004004004,220.88071299819333,43.04651308159231,55.16495807129857,-14.393509427408839
4.0240240240240235,221.9851165631843,42.758354734697235,55.16495807129857,-14.593709627609039
4.044044044044044,223.08952012817528,42.466188375786146,55.16495807129857,-14.79390982780924
4.064064064064064,224.19392369316625,42.170014004859034,55.16495807129857,-14.99411002800944
4.084084084084084,225.29832725815723,41.8698316219159,55.16495807129857,-15.19431022820964
4.104104104104104,226.4027308231482,41.56564122695675,55.16495807129857,-15.39451042840984
4.1241241241241235,227.50713438813918,41.25744281998158,55.16495807129857,-15.59471062861004
4.1441441441441444,228.61153795313015,40.94523640099038,55.16495807129857,-15.79491082881024
4.1641641641641645,229.71594151812113,40.62902196998317,55.16495807129857,-15.99511102901044
4.1841841841841845,230.8203450831121,40.30879952695994,55.16495807129857,-16.195311229210642
4.2042042042042045,231.92474864810308,39.98456907192069,55.16495807129857,-16.395511429410842
4.2242242242242245,233.02915221309405,39.65633060486542,55.16495807129857,-16.595711629611042
4.2442442442442445,234.13355577808503,39.32408412579412,55.16495807129857,-16.795911829811242
4.2642642642642645,235.237959343076,38.98782963470681,55.16495807129857,-16.996112030011442
4.2842842842842845,236.34236290806697,38.64756713160348,55.16495807129857,-17.196312230211642
4.3043043043043046,237.44676647305795,38.303296616484126,55.16495807129857,-17.396512430411843
4.324324324324325,238.55117003804892,37.955018089348755,55.16495807129857,-17.596712630612043
4.344344344344345,239.6555736030399,37.60273155019736,55.16495807129857,-17.796912830812243
4.364364364364365,240.75997716803087,37.24643699902995,55.16495807129857,-17.997113031012443
4.384384384384385,241.86438073302185,36.88613443584652,55.16495807129857,-18.197313231212643
4.404404404404405,242.96878429801282,36.52182386064707,55.16495807129857,-18.397513431412843
4.424424424424425,244.0731878630038,36.1535052734316,55.16495807129857,-18.597713631613043
4.444444444444445,245.17759142799477,35.781178674200106,55.16495807129857,-18.797913831813243
4.464464464464465,246.28199499298574,35.40484406295259,55.16495807129857,-18.998114032013444
4.484484484484485,247.38639855797672,35.02450143968906,55.16495807129857,-19.198314232213644
4.504504504504505,248.4908021229677,34.64015080440951,55.16495807129857,-19.398514432413844
4.524524524524525,249.59520568795867,34.25179215711393,55.16495807129857,-19.598714632614044
4.544544544544545,250.69960925294964,33.85942549780234,55.16495807129857,-19.798914832814244
4.564564564564565,251.80401281794062,33.46305082647473,55.16495807129857,-19.999115033014444
4.584584584584585,252.9084163829316,33.0626681431311,55.16495807129857,-20.199315233214644
4.604604604604605,254.01281994792257,32.65827744777145,55.16495807129857,-20.399515433414845
4.624624624624625,255.11722351291354,32.24987874039577,55.16495807129857,-20.599715633615045
4.644644644644645,256.2216270779045,31.83747202100408,55.16495807129857,-20.799915833815245
4.664664664664665,257.32603064289543,31.421057289596366,55.16495807129857,-21.000116034015445
4.684684684684685,258.4304342078864,31.000634546172634,55.16495807129857,-21.200316234215645
4.704704704704705,259.5348377728773,30.57620379073288,55.16495807129857,-21.400516434415845
4.724724724724725,260.63924133786827,30.147765023277106,55.16495807129857,-21.600716634616045
4.744744744744745,261.7436449028592,29.715318243805314,55.16495807129857,-21.800916834816245
4.764764764764765,262.84804846785016,29.278863452317502,55.16495807129857,-22.001117035016446
4.784784784784785,263.9524520328411,28.838400648813668,55.16495807129857,-22.201317235216646
4.804804804804805,265.05685559783205,28.393929833293814,55.16495807129857,-22.401517435416846
4.824824824824825,266.161259162823,27.945451005757942,55.16495807129857,-22.601717635617046
4.844844844844845,267.26566272781395,27.49296416620605,55.16495807129857,-22.801917835817246
4.864864864864865,268.3700662928049,27.036469314638136,55.16495807129857,-23.002118036017446
4.884884884884885,269.47446985779584,26.575966451054203,55.16495807129857,-23.202318236217646
4.904904904904905,270.5788734227868,26.11145557545425,55.16495807129857,-23.402518436417846
4.924924924924925,271.68327698777773,25.64293668783828,55.16495807129857,-23.602718636618047
4.944944944944945,272.7876805527687,25.170409788206285,55.16495807129857,-23.802918836818247
4.964964964964965,273.8920841177596,24.693874876558272,55.16495807129857,-24.003119037018447
4.984984984984985,274.99648768275057,24.21333195289424,55.16495807129857,-24.203319237218647
5.005005005005005,276.1008912477415,23.72878101721419,55.16495807129857,-24.403519437418847
5.025025025025025,277.20529481273246,23.240222069518115,55.16495807129857,-24.603719637619047
5.045045045045045,278.3096983777234,22.747655109806022,55.16495807129857,-24.803919837819247
5.065065065065065,279.41410194271435,22.25108013807791,55.16495807129857,-25.004120038019447
5.085085085085085,280.5185055077053,21.750497154333775,55.16495807129857,-25.204320238219648
5.105105105105105,281.62290907269625,21.24590615857362,55.16495807129857,-25.404520438419848
5.125125125125125,282.7273126376872,20.73730715079745,55.16495807129857,-25.604720638620048
5.145145145145145,283.83171620267814,20.224700131005257,55.16495807129857,-25.804920838820248
5.165165165165165,284.9361197676691,19.708085099197042,55.16495807129857,-26.005121039020448
5.185185185185185,286.04052333266003,19.18746205537281,55.16495807129857,-26.20532123922065
5.205205205205205,287.144926897651,18.662830999532556,55.16495807129857,-26.40552143942085
5.225225225225225,288.2493304626419,18.134191931676284,55.16495807129857,-26.60572163962105
5.245245245245245,289.35373402763287,17.60154485180399,55.16495807129857,-26.80592183982125
5.265265265265265,290.4581375926238,17.064889759915676,55.16495807129857,-27.00612204002145
5.285285285285285,291.56254115761476,16.524226656011344,55.16495807129857,-27.20632224022165
5.305305305305305,292.6669447226057,15.97955554009099,55.16495807129857,-27.40652244042185
5.325325325325325,293.77134828759665,15.430876412154618,55.16495807129857,-27.60672264062205
5.345345345345346,294.8757518525876,14.878189272202224,55.16495807129857,-27.80692284082225
5.365365365365365,295.98015541757854,14.321494120233812,55.16495807129857,-28.00712304102245
5.385385385385385,297.0845589825695,13.760790956249378,55.16495807129857,-28.20732324122265
5.405405405405405,298.18896254756044,13.196079780248924,55.16495807129857,-28.40752344142285
5.425425425425425,299.2933661125514,12.627360592232451,55.16495807129857,-28.60772364162305
5.445445445445446,300.3977696775423,12.054633392199957,55.16495807129857,-28.80792384182325
5.465465465465465,301.5021732425333,11.477898180151444,55.16495807129857,-29.00812404202345
5.485485485485485,302.6065768075242,10.89715495608691,55.16495807129857,-29.20832424222365
5.505505505505505,303.71098037251517,10.312403720006357,55.16495807129857,-29.40852444242385
5.525525525525525,304.8153839375061,9.723644471909783,55.16495807129857,-29.60872464262405
5.545545545545546,305.91978750249706,9.13087721179719,55.16495807129857,-29.80892484282425
5.565565565565565,307.024191067488,8.534101939668576,55.16495807129857,-30.00912504302445
5.585585585585585,308.12859463247895,7.933318655523942,55.16495807129857,-30.20932524322465
5.605605605605605,309.2329981974699,7.328527359363288,55.16495807129857,-30.40952544342485
5.625625625625625,310.33740176246084,6.719728051186614,55.16495807129857,-30.60972564362505
5.645645645645646,311.4418053274518,6.10692073099392,55.16495807129857,-30.80992584382525
5.665665665665665,312.54620889244273,5.490105398785206,55.16495807129857,-31.01012604402545
5.685685685685685,313.6506124574337,4.869282054560473,55.16495807129857,-31.21032624422565
5.7057057057057055,314.7550160224246,4.244450698319719,55.16495807129857,-31.41052644442585
5.7257257257257255,315.8594195874156,3.6156113300629453,55.16495807129857,-31.61072664462605
5.745745745745746,316.9638231524065,2.9827639497901517,55.16495807129857,-31.810926844826252
5.7657657657657655,318.06822671739747,2.345908557501338,55.16495807129857,-32.011127045026456
5.7857857857857855,319.1726302823884,1.705045153196504,55.16495807129857,-32.211327245226656
5.8058058058058055,320.27703384737936,1.06017373687565,55.16495807129857,-32.411527445426856
5.8258258258258255,321.3814374123703,0.41129430853877613,55.16495807129857,-32.611727645627056
5.845845845845846,322.48584097736125,-0.2415931318141179,55.16495807129857,-32.811927845827256
5.865865865865866,323.5902445423522,-0.8984885841830319,55.16495807129857,-33.012128046027456
5.885885885885886,324.69464810734314,-1.559392048567966,55.16495807129857,-33.212328246227656
5.905905905905906,325.7990516723341,-2.22430352496892,55.16495807129857,-33.41252844642786
5.925925925925926,326.90345523732503,-2.893223013385894,55.16495807129857,-33.61272864662806
5.9459459459459465,328.007858802316,-3.5661505138188883,55.16495807129857,-33.81292884682826
5.965965965965966,329.1122623673069,-4.243086026267902,55.16495807129857,-34.01312904702846
5.9859859859859865,330.2166659322979,-4.924029550732937,55.16495807129857,-34.21332924722866
6.006006006006006,331.3210694972888,-5.608981087213991,55.16495807129857,-34.41352944742886
6.026026026026026,332.42547306227976,-6.297940635711065,55.16495807129857,-34.61372964762906
6.046046046046047,333.5298766272707,-6.990908196224159,55.16495807129857,-34.81392984782926
6.066066066066066,334.63428019226166,-7.687883768753273,55.16495807129857,-35.01413004802946
6.086086086086087,335.7386837572526,-8.388867353298407,55.16495807129857,-35.21433024822966
6.106106106106106,336.84308732224355,-9.09385894985956,55.16495807129857,-35.41453044842986
6.126126126126126,337.9474908872345,-9.802858558436736,55.16495807129857,-35.61473064863006
6.146146146146147,339.05189445222544,-10.51586617902993,55.16495807129857,-35.81493084883026
6.166166166166166,340.1562980172164,-11.232881811639144,55.16495807129857,-36.01513104903046
6.186186186186187,341.26070158220733,-11.953905456264378,55.16495807129857,-36.21533124923066
6.206206206206206,342.3651051471983,-12.678937112905633,55.16495807129857,-36.41553144943086
6.226226226226226,343.4695087121892,-13.407976781562907,55.16495807129857,-36.61573164963106
6.246246246246247,344.57391227718017,-14.141024462236201,55.16495807129857,-36.81593184983126
6.266266266266266,345.6783158421711,-14.878080154925515,55.16495807129857,-37.01613205003146
6.286286286286287,346.78271940716206,-15.61914385963085,55.16495807129857,-37.21633225023166
6.306306306306306,347.887122972153,-16.364215576352205,55.16495807129857,-37.41653245043186
6.326326326326326,348.99152653714395,-17.11329530508958,55.16495807129857,-37.61673265063206
6.346346346346347,350.0959301021349,-17.866383045842973,55.16495807129857,-37.81693285083226
6.366366366366366,351.20033366712585,-18.62347879861239,55.16495807129857,-38.01713305103246
6.386386386386387,352.3047372321168,-19.384582563397824,55.16495807129857,-38.21733325123266
6.406406406406406,353.40914079710774,-20.14969434019928,55.16495807129857,-38.41753345143286
6.426426426426426,354.5135443620987,-20.918814129016752,55.16495807129857,-38.61773365163306
6.446446446446447,355.61794792708963,-21.69194192985025,55.16495807129857,-38.81793385183326
6.466466466466466,356.7223514920806,-22.469077742699763,55.16495807129857,-39.01813405203346
6.486486486486487,357.8267550570715,-23.250221567565298,55.16495807129857,-39.21833425223366
6.506506506506506,358.93115862206247,-24.03537340444685,55.16495807129857,-39.41853445243386
6.526526526526526,360.0355621870534,-24.824533253344427,55.16495807129857,-39.61873465263406
6.546546546546547,361.13996575204436,-25.617701114258022,55.16495807129857,-39.81893485283426
6.566566566566566,362.2443693170353,-26.414876987187636,55.16495807129857,-40.01913505303446
6.586586586586587,363.34877288202625,-27.21606087213327,55.16495807129857,-40.21933525323466
6.606606606606606,364.4531764470172,-28.021252769094925,55.16495807129857,-40.41953545343486
6.626626626626627,365.55758001200815,-28.8304526780726,55.16495807129857,-40.61973565363506
6.646646646646647,366.6619835769991,-29.643660599066294,55.16495807129857,-40.81993585383526
6.666666666666666,367.76638714199004,-30.46087653207601,55.16495807129857,-41.02013605403546
6.686686686686687,368.870790706981,-31.282100477101746,55.16495807129857,-41.22033625423566
6.706706706706706,369.97519427197193,-32.1073324341435,55.16495807129857,-41.42053645443586
6.726726726726727,371.0795978369629,-32.936572403201275,55.16495807129857,-41.62073665463606
6.746746746746747,372.1840014019538,-33.76982038427507,55.16495807129857,-41.82093685483626
6.766766766766766,373.28840496694477,-34.60707637736488,55.16495807129857,-42.02113705503646
6.786786786786787,374.3928085319357,-35.44834038247072,55.16495807129857,-42.22133725523666
6.806806806806806,375.49721209692666,-36.293612399592575,55.16495807129857,-42.42153745543686
6.826826826826827,376.6016156619176,-37.14289242873045,55.16495807129857,-42.62173765563706
6.846846846846847,377.70601922690855,-37.996180469884344,55.16495807129857,-42.82193785583726
6.866866866866866,378.8104227918995,-38.85347652305426,55.16495807129857,-43.02213805603746
6.886886886886887,379.91482635689044,-39.714780588240195,55.16495807129857,-43.22233825623766
6.906906906906906,381.0192299218814,-40.58009266544215,55.16495807129857,-43.42253845643786
6.926926926926927,382.12363348687234,-41.44941275466012,55.16495807129857,-43.62273865663806
6.946946946946947,383.2280370518633,-42.32274085589412,55.16495807129857,-43.82293885683826
6.966966966966966,384.3324406168542,-43.200076969144135,55.16495807129857,-44.02313905703846
6.986986986986987,385.4368441818452,-44.08142109441017,55.16495807129857,-44.22333925723866
7.007007007007006,386.5412477468361,-44.96677323169222,55.16495807129857,-44.423539457438864
7.027027027027027,387.64565131182707,-45.8561333809903,55.16495807129857,-44.623739657639064
7.047047047047047,388.750054876818,-46.749501542304394,55.16495807129857,-44.823939857839264
7.067067067067066,389.85445844180896,-47.64687771563451,55.16495807129857,-45.024140058039464
7.087087087087087,390.9588620067999,-48.54826190098065,55.16495807129857,-45.224340258239664
7.107107107107106,392.06326557179085,-49.4536540983428,55.16495807129857,-45.424540458439864
7.127127127127127,393.1676691367818,-50.36305430772098,55.16495807129857,-45.624740658640064
7.147147147147147,394.27207270177274,-51.27646252911517,55.16495807129857,-45.824940858840264
7.167167167167166,395.3764762667637,-52.19387876252539,55.16495807129857,-46.025141059040465
7.187187187187187,396.48087983175463,-53.115303007951624,55.16495807129857,-46.225341259240665
7.207207207207206,397.5852833967456,-54.04073526539388,55.16495807129857,-46.425541459440865
7.227227227227227,398.6896869617365,-54.97017553485215,55.16495807129857,-46.625741659641065
7.247247247247247,399.7940905267275,-55.90362381632645,55.16495807129857,-46.825941859841265
7.267267267267268,400.8984940917184,-56.841080109816765,55.16495807129857,-47.026142060041465
7.287287287287287,402.00289765670937,-57.7825444153231,55.16495807129857,-47.226342260241665
7.3073073073073065,403.1073012217003,-58.72801673284546,55.16495807129857,-47.426542460441866
7.327327327327327,404.21170478669126,-59.677497062383836,55.16495807129857,-47.626742660642066
7.347347347347347,405.3161083516822,-60.63098540393823,55.16495807129857,-47.826942860842266
7.367367367367368,406.42051191667315,-61.588481757508646,55.16495807129857,-48.027143061042466
7.387387387387387,407.5249154816641,-62.54998612309508,55.16495807129857,-48.227343261242666
7.4074074074074066,408.62931904665504,-63.51549850069754,55.16495807129857,-48.427543461442866
7.4274274274274275,409.733722611646,-64.48501889031601,55.16495807129857,-48.627743661643066
7.4474474474474475,410.83812617663693,-65.45854729195051,55.16495807129857,-48.827943861843266
7.467467467467468,411.9425297416279,-66.43608370560102,55.16495807129857,-49.02814406204347
7.4874874874874875,413.0469333066188,-67.41762813126756,55.16495807129857,-49.22834426224367
7.507507507507507,414.1513368716098,-68.40318056895012,55.16495807129857,-49.42854446244387
7.5275275275275275,415.2557404366007,-69.39274101864869,55.16495807129857,-49.62874466264407
7.5475475475475475,416.36014400159166,-70.3863094803633,55.16495807129857,-49.82894486284427
7.567567567567568,417.4645475665826,-71.38388595409391,55.16495807129857,-50.02914506304447
7.587587587587588,418.56895113157356,-72.38547043984055,55.16495807129857,-50.22934526324467
7.607607607607607,419.6733546965645,-73.39106293760321,55.16495807129857,-50.42954546344487
7.627627627627628,420.77775826155545,-74.40066344738189,55.16495807129857,-50.62974566364507
7.647647647647648,421.8821618265464,-75.41427196917658,55.16495807129857,-50.82994586384527
7.6676676676676685,422.98656539153734,-76.43188850298729,55.16495807129857,-51.03014606404547
7.687687687687688,424.0909689565283,-77.45351304881403,55.16495807129857,-51.23034626424567
7.707707707707707,425.19537252151923,-78.47914560665679,55.16495807129857,-51.43054646444587
7.727727727727728,426.2997760865102,-79.50878617651556,55.16495807129857,-51.63074666464607
7.747747747747748,427.4041796515011,-80.54243475839036,55.16495807129857,-51.83094686484627
7.767767767767769,428.50858321649207,-81.58009135228117,55.16495807129857,-52.03114706504647
7.787787787787788,429.612986781483,-82.621755958188,55.16495807129857,-52.23134726524667
7.807807807807807,430.71739034647396,-83.66742857611086,55.16495807129857,-52.43154746544687
7.827827827827828,431.8217939114649,-84.71710920604974,55.16495807129857,-52.63174766564707
7.847847847847848,432.92619747645585,-85.77079784800463,55.16495807129857,-52.83194786584727
7.867867867867869,434.0306010414468,-86.82849450197556,55.16495807129857,-53.03214806604747
7.887887887887888,435.13500460643775,-87.89019916796249,55.16495807129857,-53.23234826624767
7.907907907907909,436.2394081714287,-88.95591184596545,55.16495807129857,-53.43254846644787
7.927927927927928,437.34381173641964,-90.02563253598443,55.16495807129857,-53.63274866664807
7.947947947947948,438.4482153014106,-91.09936123801943,55.16495807129857,-53.83294886684827
7.967967967967969,439.55261886640153,-92.17709795207044,55.16495807129857,-54.03314906704847
7.987987987987988,440.6570224313925,-93.25884267813748,55.16495807129857,-54.23334926724867
8.008008008008009,441.7614259963834,-94.34459541622054,55.16495807129857,-54.43354946744887
8.028028028028029,442.86582956137437,-95.43435616631962,55.16495807129857,-54.63374966764907
8.048048048048047,443.9702331263653,-96.5281249284347,55.16495807129857,-54.83394986784927
8.068068068068069,445.07463669135626,-97.62590170256583,55.16495807129857,-55.03415006804947
8.088088088088089,446.1790402563472,-98.72768648871296,55.16495807129857,-55.23435026824967
8.108108108108109,447.28344382133815,-99.83347928687611,55.16495807129857,-55.43455046844987
8.128128128128129,448.3878473863291,-100.9432800970553,55.16495807129857,-55.63475066865007
8.148148148148147,449.49225095132005,-102.05708891925049,55.16495807129857,-55.83495086885027
8.168168168168169,450.596654516311,-103.1749057534617,55.16495807129857,-56.03515106905047
8.188188188188189,451.70105808130194,-104.29673059968894,55.16495807129857,-56.23535126925067
8.208208208208209,452.8054616462929,-105.4225634579322,55.16495807129857,-56.43555146945087
8.228228228228229,453.90986521128383,-106.55240432819147,55.16495807129857,-56.63575166965107
8.248248248248247,455.0142687762748,-107.68625321046677,55.16495807129857,-56.83595186985127
8.268268268268269,456.1186723412657,-108.82411010475809,55.16495807129857,-57.03615207005147
8.288288288288289,457.22307590625667,-109.96597501106542,55.16495807129857,-57.23635227025167
8.308308308308309,458.3274794712476,-111.11184792938879,55.16495807129857,-57.43655247045187
8.328328328328329,459.43188303623856,-112.26172885972817,55.16495807129857,-57.63675267065207
8.348348348348347,460.5362866012295,-113.41561780208356,55.16495807129857,-57.83695287085227
8.368368368368369,461.64069016622045,-114.57351475645498,55.16495807129857,-58.03715307105247
8.388388388388389,462.7450937312114,-115.73541972284242,55.16495807129857,-58.23735327125267
8.408408408408409,463.84949729620234,-116.90133270124588,55.16495807129857,-58.43755347145287
8.428428428428429,464.9539008611933,-118.07125369166535,55.16495807129857,-58.63775367165307
8.448448448448449,466.05830442618424,-119.24518269410085,55.16495807129857,-58.83795387185327
8.468468468468469,467.1627079911752,-120.42311970855236,55.16495807129857,-59.03815407205347
8.488488488488489,468.2671115561661,-121.6050647350199,55.16495807129857,-59.23835427225367
8.508508508508509,469.3715151211571,-122.79101777350346,55.16495807129857,-59.43855447245387
8.528528528528529,470.475918686148,-123.98097882400303,55.16495807129857,-59.63875467265407
8.548548548548549,471.58032225113897,-125.17494788651862,55.16495807129857,-59.83895487285427
8.568568568568569,472.6847258161299,-126.37292496105024,55.16495807129857,-60.039155073054474
8.588588588588589,473.78912938112086,-127.57491004759788,55.16495807129857,-60.239355273254674
8.608608608608609,474.8935329461118,-128.78090314616153,55.16495807129857,-60.439555473454874
8.62862862862863,475.99793651110275,-129.9909042567412,55.16495807129857,-60.639755673655074
8.64864864864865,477.1023400760937,-131.2049133793369,55.16495807129857,-60.839955873855274
8.66866866866867,478.20674364108464,-132.42293051394861,55.16495807129857,-61.040156074055474
8.68868868868869,479.3111472060756,-133.64495566057636,55.16495807129857,-61.240356274255674
8.70870870870871,480.41555077106653,-134.87098881922012,55.16495807129857,-61.440556474455875
8.72872872872873,481.5199543360575,-136.1010299898799,55.16495807129857,-61.640756674656075
8.74874874874875,482.6243579010484,-137.33507917255568,55.16495807129857,-61.840956874856275
8.76876876876877,483.7287614660394,-138.57313636724749,55.16495807129857,-62.041157075056475
8.78878878878879,484.8331650310303,-139.81520157395533,55.16495807129857,-62.241357275256675
8.80880880880881,485.93756859602126,-141.0612747926792,55.16495807129857,-62.441557475456875
8.82882882882883,487.0419721610122,-142.31135602341908,55.16495807129857,-62.641757675657075
8.84884884884885,488.14637572600316,-143.56544526617498,55.16495807129857,-62.841957875857275
8.86886886886887,489.2507792909941,-144.8235425209469,55.16495807129857,-63.042158076057476
8.88888888888889,490.35518285598505,-146.0856477877348,55.16495807129857,-63.242358276257676
8.90890890890891,491.459586420976,-147.35176106653878,55.16495807129857,-63.442558476457876
8.92892892892893,492.56398998596694,-148.62188235735877,55.16495807129857,-63.642758676658076
8.94894894894895,493.6683935509579,-149.89601166019477,55.16495807129857,-63.842958876858276
8.96896896896897,494.77279711594883,-151.1741489750468,55.16495807129857,-64.04315907705848
8.98898898898899,495.8772006809398,-152.45629430191482,55.16495807129857,-64.24335927725868
9.00900900900901,496.9816042459307,-153.74244764079887,55.16495807129857,-64.44355947745888
9.02902902902903,498.08600781092167,-155.03260899169894,55.16495807129857,-64.64375967765908
9.04904904904905,499.1904113759126,-156.32677835461504,55.16495807129857,-64.84395987785928
9.06906906906907,500.29481494090356,-157.62495572954717,55.16495807129857,-65.04416007805948
9.08908908908909,501.3992185058945,-158.9271411164953,55.16495807129857,-65.24436027825968
9.10910910910911,502.50362207088546,-160.23333451545946,55.16495807129857,-65.44456047845988
9.12912912912913,503.6080256358764,-161.54353592643963,55.16495807129857,-65.64476067866008
9.14914914914915,504.71242920086735,-162.85774534943582,55.16495807129857,-65.84496087886028
9.16916916916917,505.8168327658583,-164.17596278444805,55.16495807129857,-66.04516107906048
9.18918918918919,506.92123633084924,-165.4981882314763,55.16495807129857,-66.24536127926068
9.20920920920921,508.0256398958402,-166.82442169052055,55.16495807129857,-66.44556147946088
9.22922922922923,509.13004346083113,-168.15466316158083,55.16495807129857,-66.64576167966108
9.24924924924925,510.2344470258221,-169.48891264465712,55.16495807129857,-66.84596187986128
9.26926926926927,511.338850590813,-170.82717013974943,55.16495807129857,-67.04616208006148
9.28928928928929,512.443254155804,-172.16943564685778,55.16495807129857,-67.24636228026168
9.30930930930931,513.547657720795,-173.51570916598214,55.16495807129857,-67.44656248046188
9.32932932932933,514.652061285786,-174.86599069712253,55.16495807129857,-67.64676268066208
9.34934934934935,515.756464850777,-176.22028024027892,55.16495807129857,-67.84696288086228
9.36936936936937,516.860868415768,-177.57857779545134,55.16495807129857,-68.04716308106248
9.38938938938939,517.965271980759,-178.94088336263977,55.16495807129857,-68.24736328126268
9.40940940940941,519.06967554575,-180.3071969418442,55.16495807129857,-68.44756348146288
9.42942942942943,520.174079110741,-181.6775185330647,55.16495807129857,-68.64776368166308
9.44944944944945,521.278482675732,-183.0518481363012,55.16495807129857,-68.84796388186328
9.46946946946947,522.382886240723,-184.43018575155372,55.16495807129857,-69.04816408206348
9.48948948948949,523.487289805714,-185.81253137882226,55.16495807129857,-69.24836428226368
9.50950950950951,524.591693370705,-187.1988850181068,55.16495807129857,-69.44856448246388
9.52952952952953,525.696096935696,-188.58924666940737,55.16495807129857,-69.64876468266408
9.54954954954955,526.800500500687,-189.98361633272398,55.16495807129857,-69.84896488286428
9.56956956956957,527.904904065678,-191.3819940080566,55.16495807129857,-70.04916508306448
9.58958958958959,529.009307630669,-192.78437969540525,55.16495807129857,-70.24936528326468
9.60960960960961,530.11371119566,-194.1907733947699,55.16495807129857,-70.44956548346488
9.62962962962963,531.218114760651,-195.60117510615058,55.16495807129857,-70.64976568366508
9.64964964964965,532.322518325642,-197.01558482954727,55.16495807129857,-70.84996588386528
9.66966966966967,533.426921890633,-198.43400256496,55.16495807129857,-71.05016608406548
9.68968968968969,534.531325455624,-199.85642831238874,55.16495807129857,-71.25036628426568
9.70970970970971,535.635729020615,-201.2828620718335,55.16495807129857,-71.45056648446588
9.72972972972973,536.740132585606,-202.71330384329428,55.16495807129857,-71.65076668466608
9.74974974974975,537.844536150597,-204.14775362677108,55.16495807129857,-71.85096688486628
9.76976976976977,538.948939715588,-205.5862114222639,55.16495807129857,-72.05116708506648
9.78978978978979,540.053343280579,-207.0286772297727,55.16495807129857,-72.25136728526668
9.80980980980981,541.15774684557,-208.47515104929758,55.16495807129857,-72.45156748546688
9.82982982982983,542.262150410561,-209.92563288083846,55.16495807129857,-72.65176768566708
9.84984984984985,543.366553975552,-211.38012272439536,55.16495807129857,-72.85196788586728
9.86986986986987,544.470957540543,-212.83862057996828,55.16495807129857,-73.05216808606748
9.88988988988989,545.5753611055341,-214.3011264475572,55.16495807129857,-73.25236828626768
9.90990990990991,546.6797646705251,-215.76764032716216,55.16495807129857,-73.45256848646788
9.92992992992993,547.7841682355161,-217.23816221878315,55.16495807129857,-73.65276868666808
9.94994994994995,548.8885718005071,-218.71269212242015,55.16495807129857,-73.85296888686828
9.96996996996997,549.9929753654981,-220.19123003807317,55.16495807129857,-74.05316908706848
9.98998998998999,551.0973789304891,-221.6737759657422,55.16495807129857,-74.25336928726868
10.01001001001001,552.2017824954801,-223.16032990542726,55.16495807129857,-74.45356948746888
10.03003003003003,553.3061860604711,-224.65089185712833,55.16495807129857,-74.65376968766908
10.05005005005005,554.4105896254621,-226.14546182084544,55.16495807129857,-74.85396988786928
10.07007007007007,555.5149931904531,-227.64403979657857,55.16495807129857,-75.05417008806948
10.09009009009009,556.6193967554441,-229.1466257843277,55.16495807129857,-75.25437028826968
10.11011011011011,557.7238003204351,-230.65321978409287,55.16495807129857,-75.45457048846988
10.13013013013013,558.8282038854261,-232.16382179587404,55.16495807129857,-75.65477068867008
10.15015015015015,559.9326074504171,-233.67843181967123,55.16495807129857,-75.85497088887028
10.17017017017017,561.0370110154081,-235.19704985548444,55.16495807129857,-76.05517108907048
10.19019019019019,562.1414145803991,-236.71967590331369,55.16495807129857,-76.25537128927068
10.21021021021021,563.2458181453901,-238.24630996315895,55.16495807129857,-76.45557148947088
10.23023023023023,564.3502217103811,-239.77695203502023,55.16495807129857,-76.65577168967108
10.25025025025025,565.4546252753721,-241.31160211889753,55.16495807129857,-76.85597188987128
10.27027027027027,566.5590288403631,-242.85026021479084,55.16495807129857,-77.05617209007148
10.29029029029029,567.6634324053541,-244.39292632270016,55.16495807129857,-77.25637229027168
10.31031031031031,568.7678359703451,-245.93960044262553,55.16495807129857,-77.45657249047188
10.33033033033033,569.8722395353361,-247.49028257456692,55.16495807129857,-77.65677269067208
10.35035035035035,570.9766431003271,-249.04497271852432,55.16495807129857,-77.85697289087229
10.37037037037037,572.0810466653181,-250.60367087449774,55.16495807129857,-78.05717309107249
10.39039039039039,573.1854502303091,-252.16637704248717,55.16495807129857,-78.25737329127269
10.41041041041041,574.2898537953001,-253.73309122249262,55.16495807129857,-78.45757349147289
10.43043043043043,575.3942573602911,-255.3038134145141,55.16495807129857,-78.65777369167309
10.45045045045045,576.4986609252821,-256.8785436185516,55.16495807129857,-78.85797389187329
10.47047047047047,577.6030644902731,-258.4572818346051,55.16495807129857,-79.05817409207349
10.49049049049049,578.7074680552641,-260.04002806267465,55.16495807129857,-79.25837429227369
10.51051051051051,579.8118716202551,-261.6267823027602,55.16495807129857,-79.45857449247389
10.53053053053053,580.9162751852461,-263.2175445548618,55.16495807129857,-79.65877469267409
10.55055055055055,582.0206787502372,-264.81231481897936,55.16495807129857,-79.85897489287429
10.57057057057057,583.1250823152282,-266.41109309511296,55.16495807129857,-80.05917509307449
10.59059059059059,584.2294858802192,-268.0138793832626,55.16495807129857,-80.25937529327469
10.61061061061061,585.3338894452102,-269.6206736834282,55.16495807129857,-80.45957549347489
10.63063063063063,586.4382930102012,-271.2314759956099,55.16495807129857,-80.65977569367509
10.65065065065065,587.5426965751922,-272.84628631980763,55.16495807129857,-80.85997589387529
10.67067067067067,588.6471001401832,-274.46510465602137,55.16495807129857,-81.06017609407549
10.690690690690692,589.7515037051742,-276.0879310042511,55.16495807129857,-81.26037629427569
10.71071071071071,590.8559072701652,-277.7147653644969,55.16495807129857,-81.46057649447589
10.73073073073073,591.9603108351562,-279.34560773675867,55.16495807129857,-81.66077669467609
10.75075075075075,593.0647144001472,-280.98045812103646,55.16495807129857,-81.86097689487629
10.77077077077077,594.1691179651382,-282.6193165173303,55.16495807129857,-82.06117709507649
10.790790790790792,595.2735215301292,-284.2621829256401,55.16495807129857,-82.26137729527669
10.81081081081081,596.3779250951202,-285.90905734596595,55.16495807129857,-82.46157749547689
10.83083083083083,597.4823286601112,-287.5599397783078,55.16495807129857,-82.66177769567709
10.85085085085085,598.5867322251022,-289.2148302226657,55.16495807129857,-82.86197789587729
10.87087087087087,599.6911357900932,-290.87372867903963,55.16495807129857,-83.06217809607749
10.890890890890892,600.7955393550842,-292.5366351474296,55.16495807129857,-83.26237829627769
10.91091091091091,601.8999429200752,-294.20354962783557,55.16495807129857,-83.46257849647789
10.93093093093093,603.0043464850662,-295.87447212025756,55.16495807129857,-83.66277869667809
10.95095095095095,604.1087500500572,-297.5494026246956,55.16495807129857,-83.86297889687829
10.97097097097097,605.2131536150482,-299.2283411411496,55.16495807129857,-84.06317909707849
10.990990990990992,606.3175571800392,-300.91128766961964,55.16495807129857,-84.26337929727869
11.01101101101101,607.4219607450302,-302.5982422101057,55.16495807129857,-84.46357949747889
11.03103103103103,608.5263643100212,-304.28920476260777,55.16495807129857,-84.66377969767909
11.05105105105105,609.6307678750122,-305.98417532712585,55.16495807129857,-84.86397989787929
11.07107107107107,610.7351714400032,-307.68315390365996,55.16495807129857,-85.06418009807949
11.091091091091092,611.8395750049942,-309.3861404922101,55.16495807129857,-85.26438029827969
11.11111111111111,612.9439785699852,-311.0931350927762,55.16495807129857,-85.46458049847989
11.13113113113113,614.0483821349762,-312.8041377053584,55.16495807129857,-85.66478069868009
11.15115115115115,615.1527856999672,-314.51914832995664,55.16495807129857,-85.86498089888029
11.17117117117117,616.2571892649582,-316.2381669665709,55.16495807129857,-86.06518109908049
11.191191191191193,617.3615928299492,-317.9611936152011,55.16495807129857,-86.26538129928069
11.21121121121121,618.4659963949402,-319.6882282758474,55.16495807129857,-86.46558149948089
11.23123123123123,619.5703999599313,-321.4192709485097,55.16495807129857,-86.66578169968109
11.25125125125125,620.6748035249223,-323.154321633188,55.16495807129857,-86.86598189988129
11.27127127127127,621.7792070899133,-324.8933803298823,55.16495807129857,-87.06618210008149
11.291291291291293,622.8836106549043,-326.6364470385926,55.16495807129857,-87.26638230028169
11.31131131131131,623.9880142198953,-328.38352175931897,55.16495807129857,-87.46658250048189
11.33133133133133,625.0924177848863,-330.1346044920613,55.16495807129857,-87.66678270068209
11.35135135135135,626.1968213498773,-331.8896952368197,55.16495807129857,-87.86698290088229
11.37137137137137,627.3012249148683,-333.6487939935941,55.16495807129857,-88.06718310108249
11.391391391391393,628.4056284798593,-335.41190076238456,55.16495807129857,-88.26738330128269
11.411411411411411,629.5100320448503,-337.17901554319104,55.16495807129857,-88.46758350148289
11.431431431431431,630.6144356098413,-338.95013833601354,55.16495807129857,-88.66778370168309
11.451451451451451,631.7188391748323,-340.72526914085205,55.16495807129857,-88.86798390188329
11.471471471471471,632.8232427398233,-342.5044079577066,55.16495807129857,-89.06818410208349
11.491491491491493,633.9276463048143,-344.2875547865771,55.16495807129857,-89.26838430228369
11.511511511511511,635.0320498698053,-346.0747096274637,55.16495807129857,-89.46858450248389
11.531531531531531,636.1364534347963,-347.86587248036625,55.16495807129857,-89.66878470268409
11.551551551551551,637.2408569997873,-349.66104334528484,55.16495807129857,-89.86898490288429
11.571571571571571,638.3452605647783,-351.46022222221944,55.16495807129857,-90.0691851030845
11.591591591591593,639.4496641297693,-353.26340911117006,55.16495807129857,-90.2693853032847
11.611611611611611,640.5540676947603,-355.0706040121367,55.16495807129857,-90.4695855034849
11.631631631631631,641.6584712597513,-356.8818069251194,55.16495807129857,-90.6697857036851
11.651651651651651,642.7628748247423,-358.69701785011813,55.16495807129857,-90.8699859038853
11.671671671671671,643.8672783897333,-360.51623678713287,55.16495807129857,-91.0701861040855
11.691691691691693,644.9716819547243,-362.3394637361636,55.16495807129857,-91.2703863042857
11.711711711711711,646.0760855197153,-364.1666986972104,55.16495807129857,-91.4705865044859
11.731731731731731,647.1804890847063,-365.9979416702732,55.16495807129857,-91.6707867046861
11.751751751751751,648.2848926496973,-367.833192655352,55.16495807129857,-91.8709869048863
11.771771771771771,649.3892962146883,-369.6724516524468,55.16495807129857,-92.0711871050865
11.791791791791793,650.4936997796793,-371.5157186615576,55.16495807129857,-92.2713873052867
11.811811811811811,651.5981033446703,-373.3629936826845,55.16495807129857,-92.4715875054869
11.831831831831831,652.7025069096613,-375.21427671582734,55.16495807129857,-92.6717877056871
11.851851851851851,653.8069104746523,-377.0695677609862,55.16495807129857,-92.8719879058873
11.871871871871871,654.9113140396433,-378.9288668181611,55.16495807129857,-93.0721881060875
11.891891891891893,656.0157176046343,-380.7921738873521,55.16495807129857,-93.2723883062877
11.911911911911911,657.1201211696253,-382.65948896855906,55.16495807129857,-93.4725885064879
11.931931931931931,658.2245247346164,-384.53081206178206,55.16495807129857,-93.6727887066881
11.951951951951951,659.3289282996074,-386.40614316702107,55.16495807129857,-93.8729889068883
11.971971971971973,660.4333318645984,-388.2854822842761,55.16495807129857,-94.0731891070885
11.991991991991993,661.5377354295894,-390.16882941354714,55.16495807129857,-94.2733893072887
12.012012012012011,662.6421389945804,-392.0561845548342,55.16495807129857,-94.4735895074889
12.032032032032031,663.7465425595714,-393.9475477081373,55.16495807129857,-94.6737897076891
12.052052052052051,664.8509461245624,-395.84291887345637,55.16495807129857,-94.8739899078893
12.072072072072073,665.9553496895534,-397.7422980507915,55.16495807129857,-95.0741901080895
12.092092092092093,667.0597532545444,-399.6456852401426,55.16495807129857,-95.2743903082897
12.112112112112111,668.1641568195354,-401.55308044150974,55.16495807129857,-95.4745905084899
12.132132132132131,669.2685603845264,-403.4644836548929,55.16495807129857,-95.6747907086901
12.152152152152151,670.3729639495174,-405.3798948802921,55.16495807129857,-95.8749909088903
12.172172172172173,671.4773675145084,-407.29931411770735,55.16495807129857,-96.0751911090905
12.192192192192193,672.5817710794994,-409.2227413671386,55.16495807129857,-96.2753913092907
12.212212212212211,673.6861746444904,-411.1501766285859,55.16495807129857,-96.4755915094909
12.232232232232231,674.7905782094814,-413.08161990204917,55.16495807129857,-96.6757917096911
12.252252252252251,675.8949817744724,-415.0170711875285,55.16495807129857,-96.8759919098913
12.272272272272273,676.9993853394634,-416.9565304850238,55.16495807129857,-97.0761921100915
12.292292292292293,678.1037889044544,-418.8999977945351,55.16495807129857,-97.2763923102917
12.312312312312311,679.2081924694454,-420.8474731160625,55.16495807129857,-97.4765925104919
12.332332332332332,680.3125960344364,-422.79895644960584,55.16495807129857,-97.6767927106921
12.352352352352352,681.4169995994274,-424.7544477951652,55.16495807129857,-97.8769929108923
12.372372372372373,682.5214031644184,-426.7139471527406,55.16495807129857,-98.0771931110925
12.392392392392393,683.6258067294094,-428.6774545223321,55.16495807129857,-98.2773933112927
12.412412412412412,684.7302102944004,-430.64496990393957,55.16495807129857,-98.4775935114929
12.432432432432432,685.8346138593914,-432.61649329756307,55.16495807129857,-98.6777937116931
12.452452452452452,686.9390174243824,-434.5920247032026,55.16495807129857,-98.8779939118933
12.472472472472473,688.0434209893734,-436.5715641208581,55.16495807129857,-99.0781941120935
12.492492492492493,689.1478245543644,-438.55511155052966,55.16495807129857,-99.2783943122937
12.512512512512512,690.2522281193554,-440.5426669922172,55.16495807129857,-99.4785945124939
12.532532532532532,691.3566316843464,-442.5342304459208,55.16495807129857,-99.6787947126941
12.552552552552552,692.4610352493374,-444.5298019116404,55.16495807129857,-99.8789949128943
12.572572572572573,693.5654388143284,-446.529381389376,55.16495807129857,-100.0791951130945
12.592592592592593,694.6698423793194,-448.5329688791276,55.16495807129857,-100.2793953132947
12.612612612612612,695.7742459443105,-450.54056438089526,55.16495807129857,-100.4795955134949
12.632632632632632,696.8786495093015,-452.5521678946789,55.16495807129857,-100.6797957136951
12.652652652652652,697.9830530742925,-454.56777942047864,55.16495807129857,-100.8799959138953
12.672672672672673,699.0874566392835,-456.5873989582944,55.16495807129857,-101.0801961140955
12.692692692692694,700.1918602042745,-458.61102650812614,55.16495807129857,-101.2803963142957
12.712712712712712,701.2962637692655,-460.6386620699739,55.16495807129857,-101.4805965144959
12.732732732732732,702.4006673342565,-462.6703056438377,55.16495807129857,-101.6807967146961
12.752752752752752,703.5050708992475,-464.7059572297175,55.16495807129857,-101.8809969148963
12.772772772772774,704.6094744642385,-466.74561682761333,55.16495807129857,-102.0811971150965
12.792792792792794,705.7138780292295,-468.78928443752517,55.16495807129857,-102.2813973152967
12.812812812812812,706.8182815942205,-470.836960059453,55.16495807129857,-102.4815975154969
12.832832832832832,707.9226851592115,-472.8886436933969,55.16495807129857,-102.6817977156971
12.852852852852852,709.0270887242025,-474.94433533935677,55.16495807129857,-102.8819979158973
12.872872872872874,710.1314922891935,-477.00403499733267,55.16495807129857,-103.0821981160975
12.892892892892894,711.2358958541845,-479.06774266732464,55.16495807129857,-103.2823983162977
12.912912912912912,712.3402994191755,-481.1354583493326,55.16495807129857,-103.4825985164979
12.932932932932932,713.4447029841665,-483.2071820433566,55.16495807129857,-103.6827987166981
12.952952952952952,714.5491065491575,-485.28291374939664,55.16495807129857,-103.8829989168983
12.972972972972974,715.6535101141485,-487.3626534674527,55.16495807129857,-104.0831991170985
12.992992992992994,716.7579136791395,-489.4464011975247,55.16495807129857,-104.2833993172987
13.013013013013012,717.8623172441305,-491.5341569396128,55.16495807129857,-104.4835995174989
13.033033033033032,718.9667208091215,-493.62592069371686,55.16495807129857,-104.6837997176991
13.053053053053052,720.0711243741125,-495.72169245983696,55.16495807129857,-104.8839999178993
13.073073073073074,721.1755279391035,-497.82147223797307,55.16495807129857,-105.0842001180995
13.093093093093094,722.2799315040945,-499.9252600281252,55.16495807129857,-105.2844003182997
13.113113113113112,723.3843350690855,-502.03305583029334,55.16495807129857,-105.4846005184999
13.133133133133132,724.4887386340765,-504.1448596444775,55.16495807129857,-105.6848007187001
13.153153153153154,725.5931421990675,-506.2606714706777,55.16495807129857,-105.8850009189003
13.173173173173174,726.6975457640585,-508.38049130889397,55.16495807129857,-106.0852011191005
13.193193193193194,727.8019493290495,-510.5043191591262,55.16495807129857,-106.2854013193007
13.213213213213212,728.9063528940405,-512.6321550213745,55.16495807129857,-106.4856015195009
13.233233233233232,730.0107564590315,-514.7639988956388,55.16495807129857,-106.6858017197011
13.253253253253254,731.1151600240225,-516.8998507819191,55.16495807129857,-106.8860019199013
13.273273273273274,732.2195635890135,-519.0397106802154,55.16495807129857,-107.0862021201015
13.293293293293294,733.3239671540045,-521.1835785905278,55.16495807129857,-107.2864023203017
13.313313313313312,734.4283707189956,-523.3314545128561,55.16495807129857,-107.4866025205019
13.333333333333332,735.5327742839866,-525.4833384472005,55.16495807129857,-107.6868027207021
13.353353353353354,736.6371778489776,-527.6392303935609,55.16495807129857,-107.8870029209023
13.373373373373374,737.7415814139686,-529.7991303519373,55.16495807129857,-108.0872031211025
13.393393393393394,738.8459849789596,-531.9630383223297,55.16495807129857,-108.2874033213027
13.413413413413412,739.9503885439506,-534.1309543047381,55.16495807129857,-108.4876035215029
13.433433433433432,741.0547921089416,-536.3028782991626,55.16495807129857,-108.6878037217031
13.453453453453454,742.1591956739326,-538.478810305603,55.16495807129857,-108.8880039219033
13.473473473473474,743.2635992389236,-540.6587503240595,55.16495807129857,-109.0882041221035
13.493493493493494,744.3680028039146,-542.842698354532,55.16495807129857,-109.2884043223037
13.513513513513512,745.4724063689056,-545.0306543970205,55.16495807129857,-109.4886045225039
13.533533533533532,746.5768099338966,-547.2226184515251,55.16495807129857,-109.6888047227041
13.553553553553554,747.6812134988876,-549.4185905180458,55.16495807129857,-109.8890049229043
13.573573573573574,748.7856170638786,-551.6185705965825,55.16495807129857,-110.0892051231045
13.593593593593594,749.8900206288696,-553.8225586871351,55.16495807129857,-110.2894053233047
13.613613613613612,750.9944241938606,-556.0305547897038,55.16495807129857,-110.4896055235049
13.633633633633632,752.0988277588516,-558.2425589042886,55.16495807129857,-110.6898057237051
13.653653653653654,753.2032313238426,-560.4585710308893,55.16495807129857,-110.8900059239053
13.673673673673674,754.3076348888336,-562.678591169506,55.16495807129857,-111.0902061241055
13.693693693693694,755.4120384538246,-564.9026193201388,55.16495807129857,-111.2904063243057
13.713713713713712,756.5164420188156,-567.1306554827876,55.16495807129857,-111.4906065245059
13.733733733733732,757.6208455838066,-569.3626996574524,55.16495807129857,-111.6908067247061
13.753753753753754,758.7252491487976,-571.5987518441332,55.16495807129857,-111.8910069249063
13.773773773773774,759.8296527137886,-573.83881204283,55.16495807129857,-112.09120712510651
13.793793793793794,760.9340562787796,-576.0828802535428,55.16495807129857,-112.29140732530671
13.813813813813812,762.0384598437706,-578.3309564762717,55.16495807129857,-112.49160752550691
13.833833833833832,763.1428634087616,-580.5830407110166,55.16495807129857,-112.69180772570711
13.853853853853854,764.2472669737526,-582.8391329577775,55.16495807129857,-112.89200792590731
13.873873873873874,765.3516705387436,-585.0992332165544,55.16495807129857,-113.09220812610751
13.893893893893894,766.4560741037346,-587.3633414873473,55.16495807129857,-113.29240832630771
13.913913913913913,767.5604776687256,-589.6314577701562,55.16495807129857,-113.49260852650791
13.933933933933933,768.6648812337166,-591.9035820649812,55.16495807129857,-113.69280872670811
13.953953953953954,769.7692847987076,-594.1797143718221,55.16495807129857,-113.89300892690831
13.973973973973974,770.8736883636986,-596.4598546906791,55.16495807129857,-114.09320912710851
13.993993993993994,771.9780919286897,-598.7440030215521,55.16495807129857,-114.29340932730871
14.014014014014013,773.0824954936807,-601.0321593644411,55.16495807129857,-114.49360952750891
14.034034034034033,774.1868990586717,-603.3243237193462,55.16495807129857,-114.69380972770911
14.054054054054054,775.2913026236627,-605.6204960862674,55.16495807129857,-114.89400992790931
14.074074074074074,776.3957061886537,-607.9206764652046,55.16495807129857,-115.09421012810951
14.094094094094094,777.5001097536447,-610.2248648561578,55.16495807129857,-115.29441032830971
14.114114114114113,778.6045133186357,-612.533061259127,55.16495807129857,-115.49461052850991
14.134134134134133,779.7089168836267,-614.8452656741122,55.16495807129857,-115.69481072871011
14.154154154154154,780.8133204486177,-617.1614781011134,55.16495807129857,-115.89501092891031
14.174174174174174,781.9177240136087,-619.4816985401307,55.16495807129857,-116.09521112911051
14.194194194194194,783.0221275785997,-621.8059269911639,55.16495807129857,-116.29541132931071
14.214214214214213,784.1265311435907,-624.1341634542132,55.16495807129857,-116.49561152951091
14.234234234234233,785.2309347085817,-626.4664079292785,55.16495807129857,-116.69581172971111
14.254254254254255,786.3353382735727,-628.8026604163598,55.16495807129857,-116.89601192991131
14.274274274274275,787.4397418385637,-631.1429209154571,55.16495807129857,-117.09621213011151
14.294294294294295,788.5441454035547,-633.4871894265705,55.16495807129857,-117.29641233031171
14.314314314314313,789.6485489685457,-635.8354659496998,55.16495807129857,-117.49661253051191
14.334334334334333,790.7529525335367,-638.1877504848452,55.16495807129857,-117.69681273071211
14.354354354354355,791.8573560985277,-640.5440430320066,55.16495807129857,-117.89701293091231
14.374374374374375,792.9617596635187,-642.904343591184,55.16495807129857,-118.09721313111251
14.394394394394395,794.0661632285097,-645.2686521623774,55.16495807129857,-118.29741333131271
14.414414414414413,795.1705667935007,-647.6369687455868,55.16495807129857,-118.49761353151291
14.434434434434436,796.2749703584917,-650.0092933408123,55.16495807129857,-118.69781373171311
14.454454454454455,797.3793739234827,-652.3856259480538,55.16495807129857,-118.89801393191331
14.474474474474475,798.4837774884737,-654.7659665673112,55.16495807129857,-119.09821413211351
14.494494494494495,799.5881810534647,-657.1503151985847,55.16495807129857,-119.29841433231371
14.514514514514513,800.6925846184557,-659.5386718418742,55.16495807129857,-119.49861453251391
14.534534534534536,801.7969881834467,-661.9310364971798,55.16495807129857,-119.69881473271411
14.554554554554555,802.9013917484377,-664.3274091645014,55.16495807129857,-119.89901493291431
14.574574574574575,804.0057953134287,-666.7277898438391,55.16495807129857,-120.09921513311451
14.594594594594595,805.1101988784197,-669.1321785351928,55.16495807129857,-120.29941533331471
14.614614614614613,806.2146024434107,-671.5405752385625,55.16495807129857,-120.49961553351491
14.634634634634637,807.3190060084017,-673.9529799539482,55.16495807129857,-120.69981573371511
14.654654654654655,808.4234095733927,-676.36939268135,55.16495807129857,-120.90001593391531
14.674674674674675,809.5278131383837,-678.7898134207677,55.16495807129857,-121.10021613411551
14.694694694694695,810.6322167033748,-681.2142421722015,55.16495807129857,-121.30041633431571
14.714714714714713,811.7366202683658,-683.6426789356512,55.16495807129857,-121.50061653451591
14.734734734734737,812.8410238333568,-686.075123711117,55.16495807129857,-121.70081673471611
14.754754754754755,813.9454273983478,-688.5115764985989,55.16495807129857,-121.90101693491631
14.774774774774775,815.0498309633388,-690.9520372980967,55.16495807129857,-122.10121713511651
14.794794794794795,816.1542345283298,-693.3965061096105,55.16495807129857,-122.30141733531671
14.814814814814813,817.2586380933208,-695.8449829331404,55.16495807129857,-122.50161753551691
14.834834834834837,818.3630416583118,-698.2974677686863,55.16495807129857,-122.70181773571711
14.854854854854855,819.4674452233028,-700.7539606162482,55.16495807129857,-122.90201793591731
14.874874874874875,820.5718487882938,-703.214461475826,55.16495807129857,-123.10221813611751
14.894894894894895,821.6762523532848,-705.67897034742,55.16495807129857,-123.30241833631771
14.914914914914913,822.7806559182758,-708.1474872310299,55.16495807129857,-123.50261853651791
14.934934934934937,823.8850594832668,-710.6200121266559,55.16495807129857,-123.70281873671811
14.954954954954955,824.9894630482578,-713.0965450342978,55.16495807129857,-123.90301893691831
14.974974974974975,826.0938666132488,-715.5770859539558,55.16495807129857,-124.10321913711851
14.994994994994995,827.1982701782398,-718.0616348856298,55.16495807129857,-124.30341933731872
15.015015015015013,828.3026737432308,-720.5501918293198,55.16495807129857,-124.50361953751892
15.035035035035037,829.4070773082218,-723.0427567850259,55.16495807129857,-124.70381973771912
15.055055055055055,830.5114808732128,-725.539329752748,55.16495807129857,-124.90401993791932
15.075075075075075,831.6158844382038,-728.0399107324862,55.16495807129857,-125.10422013811952
15.095095095095095,832.7202880031948,-730.5444997242404,55.16495807129857,-125.30442033831972
15.115115115115113,833.8246915681858,-733.0530967280106,55.16495807129857,-125.50462053851992
15.135135135135137,834.9290951331768,-735.5657017437968,55.16495807129857,-125.70482073872012
15.155155155155155,836.0334986981678,-738.082314771599,55.16495807129857,-125.90502093892032
15.175175175175175,837.1379022631588,-740.6029358114173,55.16495807129857,-126.10522113912052
15.195195195195195,838.2423058281498,-743.1275648632516,55.16495807129857,-126.30542133932072
15.215215215215213,839.3467093931408,-745.6562019271018,55.16495807129857,-126.50562153952092
15.235235235235237,840.4511129581318,-748.1888470029681,55.16495807129857,-126.70582173972112
15.255255255255255,841.5555165231228,-750.7255000908505,55.16495807129857,-126.90602193992132
15.275275275275275,842.6599200881138,-753.2661611907488,55.16495807129857,-127.10622214012152
15.295295295295295,843.7643236531048,-755.8108303026631,55.16495807129857,-127.30642234032172
15.315315315315313,844.8687272180958,-758.3595074265935,55.16495807129857,-127.50662254052192
15.335335335335337,845.9731307830868,-760.9121925625399,55.16495807129857,-127.70682274072212
15.355355355355355,847.0775343480778,-763.4688857105023,55.16495807129857,-127.90702294092232
15.375375375375375,848.1819379130689,-766.0295868704807,55.16495807129857,-128.10722314112252
15.395395395395395,849.2863414780599,-768.5942960424751,55.16495807129857,-128.30742334132273
15.415415415415413,850.3907450430509,-771.1630132264855,55.16495807129857,-128.50762354152295
15.435435435435437,851.4951486080419,-773.735738422512,55.16495807129857,-128.70782374172316
15.455455455455455,852.5995521730329,-776.3124716305545,55.16495807129857,-128.90802394192337
15.475475475475475,853.7039557380239,-778.8932128506129,55.16495807129857,-129.1082241421236
15.495495495495495,854.8083593030149,-781.4779620826874,55.16495807129857,-129.3084243423238
15.515515515515514,855.9127628680059,-784.066719326778,55.16495807129857,-129.50862454252402
15.535535535535537,857.0171664329969,-786.6594845828845,55.16495807129857,-129.70882474272423
15.555555555555555,858.1215699979879,-789.2562578510071,55.16495807129857,-129.90902494292445
15.575575575575575,859.2259735629789,-791.8570391311458,55.16495807129857,-130.10922514312466
15.595595595595595,860.3303771279699,-794.4618284233005,55.16495807129857,-130.30942534332488
15.615615615615614,861.4347806929609,-797.0706257274712,55.16495807129857,-130.5096255435251
15.635635635635637,862.5391842579519,-799.683431043658,55.16495807129857,-130.7098257437253
15.655655655655655,863.6435878229429,-802.3002443718607,55.16495807129857,-130.91002594392552
15.675675675675675,864.7479913879339,-804.9210657120794,55.16495807129857,-131.11022614412573
15.695695695695695,865.8523949529249,-807.5458950643142,55.16495807129857,-131.31042634432595
15.715715715715717,866.9567985179159,-810.174732428565,55.16495807129857,-131.51062654452616
15.735735735735737,868.0612020829069,-812.8075778048318,55.16495807129857,-131.71082674472638
15.755755755755755,869.1656056478979,-815.4444311931146,55.16495807129857,-131.9110269449266
15.775775775775776,870.2700092128889,-818.0852925934134,55.16495807129857,-132.1112271451268
15.795795795795796,871.3744127778799,-820.7301620057283,55.16495807129857,-132.31142734532702
15.815815815815817,872.4788163428709,-823.3790394300592,55.16495807129857,-132.51162754552723
15.835835835835837,873.5832199078619,-826.031924866406,55.16495807129857,-132.71182774572745
15.855855855855856,874.6876234728529,-828.6888183147689,55.16495807129857,-132.91202794592766
15.875875875875876,875.7920270378439,-831.3497197751478,55.16495807129857,-133.11222814612788
15.895895895895896,876.8964306028349,-834.0146292475428,55.16495807129857,-133.3124283463281
15.915915915915917,878.0008341678259,-836.6835467319537,55.16495807129857,-133.5126285465283
15.935935935935937,879.1052377328169,-839.3564722283807,55.16495807129857,-133.71282874672852
15.955955955955956,880.2096412978079,-842.0334057368236,55.16495807129857,-133.91302894692873
15.975975975975976,881.3140448627989,-844.7143472572826,55.16495807129857,-134.11322914712895
15.995995995995996,882.4184484277899,-847.3992967897576,55.16495807129857,-134.31342934732916
16.016016016016017,883.5228519927809,-850.0882543342486,55.16495807129857,-134.51362954752938
16.036036036036037,884.627255557772,-852.7812198907558,55.16495807129857,-134.7138297477296
16.056056056056057,885.731659122763,-855.4781934592789,55.16495807129857,-134.9140299479298
16.076076076076077,886.836062687754,-858.1791750398181,55.16495807129857,-135.11423014813002
16.096096096096094,887.940466252745,-860.8841646323733,55.16495807129857,-135.31443034833023
16.116116116116117,889.044869817736,-863.5931622369445,55.16495807129857,-135.51463054853045
16.136136136136138,890.149273382727,-866.3061678535317,55.16495807129857,-135.71483074873066
16.156156156156158,891.253676947718,-869.023181482135,55.16495807129857,-135.91503094893088
16.176176176176178,892.358080512709,-871.7442031227542,55.16495807129857,-136.1152311491311
16.196196196196194,893.4624840777,-874.4692327753895,55.16495807129857,-136.3154313493313
16.216216216216218,894.566887642691,-877.1982704400408,55.16495807129857,-136.51563154953152
16.236236236236238,895.671291207682,-879.9313161167081,55.16495807129857,-136.71583174973173
16.256256256256258,896.775694772673,-882.6683698053914,55.16495807129857,-136.91603194993195
16.276276276276278,897.880098337664,-885.4094315060908,55.16495807129857,-137.11623215013216
16.296296296296294,898.984501902655,-888.1545012188061,55.16495807129857,-137.31643235033238
16.316316316316318,900.088905467646,-890.9035789435375,55.16495807129857,-137.5166325505326
16.336336336336338,901.193309032637,-893.6566646802848,55.16495807129857,-137.7168327507328
16.356356356356358,902.297712597628,-896.4137584290482,55.16495807129857,-137.91703295093302
16.376376376376378,903.402116162619,-899.1748601898277,55.16495807129857,-138.11723315113323
16.396396396396394,904.50651972761,-901.9399699626231,55.16495807129857,-138.31743335133345
16.416416416416418,905.610923292601,-904.7090877474345,55.16495807129857,-138.51763355153366
16.436436436436438,906.715326857592,-907.482213544262,55.16495807129857,-138.71783375173388
16.456456456456458,907.819730422583,-910.2593473531055,55.16495807129857,-138.9180339519341
16.476476476476478,908.924133987574,-913.0404891739649,55.16495807129857,-139.1182341521343
16.496496496496494,910.028537552565,-915.8256390068406,55.16495807129857,-139.31843435233452
16.516516516516518,911.132941117556,-918.6147968517322,55.16495807129857,-139.51863455253473
16.536536536536538,912.237344682547,-921.4079627086398,55.16495807129857,-139.71883475273495
16.556556556556558,913.341748247538,-924.2051365775635,55.16495807129857,-139.91903495293516
16.576576576576578,914.446151812529,-927.0063184585032,55.16495807129857,-140.11923515313538
16.596596596596594,915.55055537752,-929.8115083514589,55.16495807129857,-140.3194353533356
16.616616616616618,916.654958942511,-932.6207062564306,55.16495807129857,-140.5196355535358
16.636636636636638,917.759362507502,-935.4339121734183,55.16495807129857,-140.71983575373602
16.656656656656658,918.863766072493,-938.2511261024221,55.16495807129857,-140.92003595393624
16.676676676676678,919.968169637484,-941.0723480434418,55.16495807129857,-141.12023615413645
16.696696696696694,921.072573202475,-943.8975779964776,55.16495807129857,-141.32043635433666
16.716716716716718,922.176976767466,-946.7268159615294,55.16495807129857,-141.52063655453688
16.736736736736738,923.281380332457,-949.5600619385972,55.16495807129857,-141.7208367547371
16.756756756756758,924.385783897448,-952.397315927681,55.16495807129857,-141.9210369549373
16.776776776776778,925.490187462439,-955.2385779287808,55.16495807129857,-142.12123715513752
16.796796796796794,926.59459102743,-958.0838479418967,55.16495807129857,-142.32143735533774
16.816816816816818,927.6989945924211,-960.9331259670286,55.16495807129857,-142.52163755553795
16.836836836836838,928.8033981574121,-963.7864120041764,55.16495807129857,-142.72183775573816
16.856856856856858,929.9078017224031,-966.6437060533403,55.16495807129857,-142.92203795593838
16.876876876876878,931.0122052873941,-969.5050081145203,55.16495807129857,-143.1222381561386
16.896896896896898,932.1166088523851,-972.3703181877162,55.16495807129857,-143.3224383563388
16.916916916916918,933.2210124173761,-975.2396362729281,55.16495807129857,-143.52263855653902
16.936936936936938,934.3254159823671,-978.1129623701561,55.16495807129857,-143.72283875673924
16.956956956956958,935.4298195473581,-980.9902964794001,55.16495807129857,-143.92303895693945
16.976976976976978,936.5342231123491,-983.8716386006602,55.16495807129857,-144.12323915713966
16.996996996996998,937.6386266773401,-986.7569887339363,55.16495807129857,-144.32343935733988
17.017017017017018,938.7430302423311,-989.6463468792284,55.16495807129857,-144.5236395575401
17.037037037037038,939.8474338073221,-992.5397130365366,55.16495807129857,-144.7238397577403
17.057057057057058,940.9518373723131,-995.4370872058607,55.16495807129857,-144.92403995794052
17.077077077077078,942.0562409373041,-998.3384693872009,55.16495807129857,-145.12424015814074
17.097097097097098,943.1606445022951,-1001.2438595805571,55.16495807129857,-145.32444035834095
17.117117117117118,944.2650480672861,-1004.1532577859293,55.16495807129857,-145.52464055854117
17.137137137137138,945.3694516322771,-1007.0666640033176,55.16495807129857,-145.72484075874138
17.157157157157158,946.4738551972681,-1009.9840782327218,55.16495807129857,-145.9250409589416
17.177177177177178,947.5782587622591,-1012.9055004741421,55.16495807129857,-146.1252411591418
17.197197197197198,948.6826623272501,-1015.8309307275783,55.16495807129857,-146.32544135934202
17.217217217217218,949.7870658922411,-1018.7603689930306,55.16495807129857,-146.52564155954224
17.237237237237238,950.8914694572321,-1021.6938152704989,55.16495807129857,-146.72584175974245
17.25725725725726,951.9958730222231,-1024.6312695599834,55.16495807129857,-146.92604195994267
17.27727727727728,953.1002765872141,-1027.5727318614838,55.16495807129857,-147.12624216014288
17.2972972972973,954.2046801522051,-1030.5182021750002,55.16495807129857,-147.3264423603431
17.31731731731732,955.3090837171961,-1033.4676805005327,55.16495807129857,-147.5266425605433
17.33733733733734,956.4134872821871,-1036.421166838081,55.16495807129857,-147.72684276074352
17.35735735735736,957.5178908471781,-1039.3786611876455,55.16495807129857,-147.92704296094374
17.37737737737738,958.6222944121691,-1042.340163549226,55.16495807129857,-148.12724316114395
17.3973973973974,959.7266979771601,-1045.3056739228225,55.16495807129857,-148.32744336134417
17.41741741741742,960.8311015421511,-1048.275192308435,55.16495807129857,-148.52764356154438
17.43743743743744,961.9355051071421,-1051.2487187060635,55.16495807129857,-148.7278437617446
17.45745745745746,963.0399086721332,-1054.226253115708,55.16495807129857,-148.9280439619448
17.47747747747748,964.1443122371242,-1057.2077955373686,55.16495807129857,-149.12824416214502
17.4974974974975,965.2487158021152,-1060.1933459710451,55.16495807129857,-149.32844436234524
17.51751751751752,966.3531193671062,-1063.1829044167378,55.16495807129857,-149.52864456254545
17.53753753753754,967.4575229320972,-1066.1764708744463,55.16495807129857,-149.72884476274567
17.55755755755756,968.5619264970882,-1069.174045344171,55.16495807129857,-149.92904496294588
17.57757757757758,969.6663300620792,-1072.1756278259115,55.16495807129857,-150.1292451631461
17.5975975975976,970.7707336270702,-1075.1812183196682,55.16495807129857,-150.3294453633463
17.61761761761762,971.8751371920612,-1078.1908168254408,55.16495807129857,-150.52964556354652
17.63763763763764,972.9795407570522,-1081.2044233432296,55.16495807129857,-150.72984576374674
17.65765765765766,974.0839443220432,-1084.2220378730342,55.16495807129857,-150.93004596394695
17.67767767767768,975.1883478870342,-1087.243660414855,55.16495807129857,-151.13024616414717
17.6976976976977,976.2927514520252,-1090.2692909686918,55.16495807129857,-151.33044636434738
17.71771771771772,977.3971550170162,-1093.2989295345446,55.16495807129857,-151.5306465645476
17.73773773773774,978.5015585820072,-1096.3325761124136,55.16495807129857,-151.7308467647478
17.75775775775776,979.6059621469982,-1099.3702307022984,55.16495807129857,-151.93104696494802
17.77777777777778,980.7103657119892,-1102.4118933041993,55.16495807129857,-152.13124716514824
17.7977977977978,981.8147692769802,-1105.4575639181162,55.16495807129857,-152.33144736534845
17.81781781781782,982.9191728419712,-1108.5072425440492,55.16495807129857,-152.53164756554867
17.83783783783784,984.0235764069622,-1111.560929181998,55.16495807129857,-152.73184776574888
17.85785785785786,985.1279799719532,-1114.618623831963,55.16495807129857,-152.9320479659491
17.87787787787788,986.2323835369442,-1117.680326493944,55.16495807129857,-153.1322481661493
17.8978978978979,987.3367871019352,-1120.746037167941,55.16495807129857,-153.33244836634952
17.91791791791792,988.4411906669262,-1123.815755853954,55.16495807129857,-153.53264856654974
17.93793793793794,989.5455942319172,-1126.889482551983,55.16495807129857,-153.73284876674995
17.95795795795796,990.6499977969082,-1129.967217262028,55.16495807129857,-153.93304896695017
17.97797797797798,991.7544013618992,-1133.0489599840892,55.16495807129857,-154.13324916715038
17.997997997998,992.8588049268902,-1136.1347107181662,55.16495807129857,-154.3334493673506
18.01801801801802,993.9632084918812,-1139.2244694642593,55.16495807129857,-154.5336495675508
18.03803803803804,995.0676120568722,-1142.3182362223683,55.16495807129857,-154.73384976775102
18.05805805805806,996.1720156218632,-1145.4160109924935,55.16495807129857,-154.93404996795124
18.07807807807808,997.2764191868542,-1148.5177937746346,55.16495807129857,-155.13425016815145
18.0980980980981,998.3808227518452,-1151.6235845687918,55.16495807129857,-155.33445036835167
18.11811811811812,999.4852263168362,-1154.733383374965,55.16495807129857,-155.53465056855188
18.13813813813814,1000.5896298818272,-1157.8471901931541,55.16495807129857,-155.7348507687521
18.15815815815816,1001.6940334468183,-1160.9650050233593,55.16495807129857,-155.9350509689523
18.17817817817818,1002.7984370118093,-1164.0868278655805,55.16495807129857,-156.13525116915253
18.1981981981982,1003.9028405768003,-1167.212658719818,55.16495807129857,-156.33545136935274
18.21821821821822,1005.0072441417913,-1170.3424975860712,55.16495807129857,-156.53565156955295
18.23823823823824,1006.1116477067823,-1173.4763444643406,55.16495807129857,-156.73585176975317
18.25825825825826,1007.2160512717733,-1176.614199354626,55.16495807129857,-156.93605196995338
18.27827827827828,1008.3204548367643,-1179.7560622569274,55.16495807129857,-157.1362521701536
18.2982982982983,1009.4248584017553,-1182.9019331712448,55.16495807129857,-157.3364523703538
18.31831831831832,1010.5292619667463,-1186.0518120975782,55.16495807129857,-157.53665257055403
18.33833833833834,1011.6336655317373,-1189.2056990359276,55.16495807129857,-157.73685277075424
18.35835835835836,1012.7380690967283,-1192.3635939862932,55.16495807129857,-157.93705297095445
18.37837837837838,1013.8424726617193,-1195.5254969486746,55.16495807129857,-158.13725317115467
18.3983983983984,1014.9468762267103,-1198.6914079230721,55.16495807129857,-158.33745337135488
18.41841841841842,1016.0512797917013,-1201.8613269094856,55.16495807129857,-158.5376535715551
18.43843843843844,1017.1556833566923,-1205.0352539079151,55.16495807129857,-158.7378537717553
18.45845845845846,1018.2600869216833,-1208.2131889183606,55.16495807129857,-158.93805397195553
18.47847847847848,1019.3644904866743,-1211.3951319408222,55.16495807129857,-159.13825417215574
18.4984984984985,1020.4688940516653,-1214.5810829752998,55.16495807129857,-159.33845437235595
18.51851851851852,1021.5732976166563,-1217.7710420217934,55.16495807129857,-159.53865457255617
18.53853853853854,1022.6777011816473,-1220.965009080303,55.16495807129857,-159.73885477275638
18.55855855855856,1023.7821047466383,-1224.1629841508286,55.16495807129857,-159.9390549729566
18.57857857857858,1024.8865083116293,-1227.3649672333702,55.16495807129857,-160.1392551731568
18.5985985985986,1025.9909118766202,-1230.5709583279279,55.16495807129857,-160.33945537335703
18.61861861861862,1027.095315441611,-1233.7809574345015,55.16495807129857,-160.53965557355724
18.63863863863864,1028.199719006602,-1236.9949645530912,55.16495807129857,-160.73985577375745
18.65865865865866,1029.3041225715929,-1240.212979683697,55.16495807129857,-160.94005597395767
18.67867867867868,1030.4085261365838,-1243.4350028263189,55.16495807129857,-161.14025617415788
18.6986986986987,1031.5129297015746,-1246.6610339809567,55.16495807129857,-161.3404563743581
18.71871871871872,1032.6173332665655,-1249.8910731476105,55.16495807129857,-161.5406565745583
18.73873873873874,1033.7217368315564,-1253.1251203262805,55.16495807129857,-161.74085677475853
18.75875875875876,1034.8261403965473,-1256.3631755169663,55.16495807129857,-161.94105697495874
18.77877877877878,1035.9305439615382,-1259.6052387196683,55.16495807129857,-162.14125717515896
18.7987987987988,1037.034947526529,-1262.851309934386,55.16495807129857,-162.34145737535917
18.81881881881882,1038.13935109152,-1266.10138916112,55.16495807129857,-162.54165757555938
18.83883883883884,1039.2437546565109,-1269.35547639987,55.16495807129857,-162.7418577757596
18.85885885885886,1040.3481582215018,-1272.613571650636,55.16495807129857,-162.9420579759598
18.87887887887888,1041.4525617864927,-1275.875674913418,55.16495807129857,-163.14225817616003
18.8988988988989,1042.5569653514835,-1279.141786188216,55.16495807129857,-163.34245837636024
18.91891891891892,1043.6613689164744,-1282.41190547503,55.16495807129857,-163.54265857656046
18.93893893893894,1044.7657724814653,-1285.68603277386,55.16495807129857,-163.74285877676067
18.95895895895896,1045.8701760464562,-1288.964168084706,55.16495807129857,-163.94305897696088
18.97897897897898,1046.974579611447,-1292.246311407568,55.16495807129857,-164.1432591771611
18.998998998999,1048.078983176438,-1295.5324627424461,55.16495807129857,-164.3434593773613
19.01901901901902,1049.1833867414289,-1298.8226220893403,55.16495807129857,-164.54365957756153
19.03903903903904,1050.2877903064198,-1302.1167894482503,55.16495807129857,-164.74385977776174
19.05905905905906,1051.3921938714107,-1305.4149648191765,55.16495807129857,-164.94405997796196
19.07907907907908,1052.4965974364015,-1308.7171482021186,55.16495807129857,-165.14426017816217
19.0990990990991,1053.6010010013924,-1312.0233395970768,55.16495807129857,-165.34446037836238
19.11911911911912,1054.7054045663833,-1315.333539004051,55.16495807129857,-165.5446605785626
19.13913913913914,1055.8098081313742,-1318.6477464230413,55.16495807129857,-165.7448607787628
19.15915915915916,1056.914211696365,-1321.9659618540477,55.16495807129857,-165.94506097896303
19.17917917917918,1058.018615261356,-1325.28818529707,55.16495807129857,-166.14526117916324
19.1991991991992,1059.1230188263469,-1328.6144167521084,55.16495807129857,-166.34546137936346
19.21921921921922,1060.2274223913378,-1331.9446562191627,55.16495807129857,-166.54566157956367
19.23923923923924,1061.3318259563287,-1335.278903698233,55.16495807129857,-166.74586177976389
19.25925925925926,1062.4362295213195,-1338.6171591893194,55.16495807129857,-166.9460619799641
19.27927927927928,1063.5406330863104,-1341.9594226924219,55.16495807129857,-167.1462621801643
19.2992992992993,1064.6450366513013,-1345.3056942075402,55.16495807129857,-167.34646238036453
19.31931931931932,1065.7494402162922,-1348.6559737346747,55.16495807129857,-167.54666258056474
19.33933933933934,1066.853843781283,-1352.010261273825,55.16495807129857,-167.74686278076496
19.35935935935936,1067.958247346274,-1355.3685568249916,55.16495807129857,-167.94706298096517
19.37937937937938,1069.0626509112649,-1358.730860388174,55.16495807129857,-168.14726318116539
19.3993993993994,1070.1670544762558,-1362.0971719633726,55.16495807129857,-168.3474633813656
19.41941941941942,1071.2714580412467,-1365.467491550587,55.16495807129857,-168.5476635815658
19.43943943943944,1072.3758616062375,-1368.8418191498176,55.16495807129857,-168.74786378176603
19.45945945945946,1073.4802651712284,-1372.2201547610641,55.16495807129857,-168.94806398196624
19.47947947947948,1074.5846687362193,-1375.6024983843267,55.16495807129857,-169.14826418216646
19.4994994994995,1075.6890723012102,-1378.9888500196053,55.16495807129857,-169.34846438236667
19.51951951951952,1076.793475866201,-1382.3792096669,55.16495807129857,-169.5486645825669
19.53953953953954,1077.897879431192,-1385.7735773262104,55.16495807129857,-169.7488647827671
19.55955955955956,1079.0022829961829,-1389.1719529975371,55.16495807129857,-169.94906498296731
19.57957957957958,1080.1066865611738,-1392.5743366808797,55.16495807129857,-170.14926518316753
19.5995995995996,1081.2110901261647,-1395.9807283762384,55.16495807129857,-170.34946538336774
19.61961961961962,1082.3154936911556,-1399.3911280836132,55.16495807129857,-170.54966558356796
19.63963963963964,1083.4198972561464,-1402.805535803004,55.16495807129857,-170.74986578376817
19.65965965965966,1084.5243008211373,-1406.2239515344108,55.16495807129857,-170.9500659839684
19.67967967967968,1085.6287043861282,-1409.6463752778336,55.16495807129857,-171.1502661841686
19.6996996996997,1086.733107951119,-1413.0728070332725,55.16495807129857,-171.35046638436881
19.71971971971972,1087.83751151611,-1416.5032468007273,55.16495807129857,-171.55066658456903
19.73973973973974,1088.941915081101,-1419.9376945801982,55.16495807129857,-171.75086678476924
19.75975975975976,1090.0463186460918,-1423.376150371685,55.16495807129857,-171.95106698496946
19.77977977977978,1091.1507222110827,-1426.818614175188,55.16495807129857,-172.15126718516967
19.7997997997998,1092.2551257760736,-1430.265085990707,55.16495807129857,-172.3514673853699
19.81981981981982,1093.3595293410644,-1433.7155658182419,55.16495807129857,-172.5516675855701
19.83983983983984,1094.4639329060553,-1437.1700536577928,55.16495807129857,-172.75186778577032
19.85985985985986,1095.5683364710462,-1440.6285495093598,55.16495807129857,-172.95206798597053
19.87987987987988,1096.672740036037,-1444.0910533729427,55.16495807129857,-173.15226818617074
19.8998998998999,1097.777143601028,-1447.5575652485418,55.16495807129857,-173.35246838637096
19.91991991991992,1098.881547166019,-1451.0280851361567,55.16495807129857,-173.55266858657117
19.93993993993994,1099.9859507310098,-1454.5026130357878,55.16495807129857,-173.7528687867714
19.95995995995996,1101.0903542960007,-1457.9811489474348,55.16495807129857,-173.9530689869716
19.97997997997998,1102.1947578609916,-1461.463692871098,55.16495807129857,-174.15326918717182
20.0,1103.2991614259824,-1464.950244806777,55.16495807129857,-174.35346938737203
