t,xpos,ypos,vx,vy
0.0,0.0,20.371758983755626,49.39371504153672,27.682987310106263
0.02002002002002002,0.9888631639947292,20.925972943917913,49.39371504153672,27.482787109906063
0.04004004004004004,1.9777263279894584,21.47617889206418,49.39371504153672,27.282586909705863
0.06006006006006006,2.9665894919841875,22.022376828194428,49.39371504153672,27.082386709505663
0.08008008008008008,3.9554526559789167,22.564566752308657,49.39371504153672,26.882186509305463
0.10010010010010009,4.944315819973646,23.102748664406864,49.39371504153672,26.681986309105262
0.12012012012012012,5.933178983968375,23.63692256448905,49.39371504153672,26.481786108905062
0.14014014014014015,6.922042147963104,24.16708845255522,49.39371504153672,26.281585908704862
0.16016016016016016,7.910905311957833,24.693246328605365,49.39371504153672,26.081385708504662
0.18018018018018017,8.899768475952563,25.215396192639492,49.39371504153672,25.881185508304462
0.20020020020020018,9.888631639947292,25.7335380446576,49.39371504153672,25.680985308104262
0.22022022022022023,10.877494803942021,26.247671884659688,49.39371504153672,25.48078510790406
0.24024024024024024,11.86635796793675,26.757797712645754,49.39371504153672,25.28058490770386
0.2602602602602603,12.85522113193148,27.2639155286158,49.39371504153672,25.08038470750366
0.2802802802802803,13.844084295926208,27.76602533256983,49.39371504153672,24.88018450730346
0.3003003003003003,14.832947459920938,28.264127124507837,49.39371504153672,24.67998430710326
0.3203203203203203,15.821810623915667,28.758220904429823,49.39371504153672,24.47978410690306
0.3403403403403404,16.810673787910396,29.24830667233579,49.39371504153672,24.27958390670286
0.36036036036036034,17.799536951905125,29.734384428225738,49.39371504153672,24.07938370650266
0.3803803803803804,18.788400115899854,30.216454172099667,49.39371504153672,23.87918350630246
0.40040040040040037,19.777263279894584,30.694515903957573,49.39371504153672,23.67898330610226
0.42042042042042044,20.766126443889313,31.16856962379946,49.39371504153672,23.47878310590206
0.44044044044044045,21.754989607884042,31.638615331625328,49.39371504153672,23.27858290570186
0.4604604604604605,22.74385277187877,32.10465302743518,49.39371504153672,23.07838270550166
0.4804804804804805,23.7327159358735,32.56668271122901,49.39371504153672,22.87818250530146
0.5005005005005005,24.72157909986823,33.024704383006814,49.39371504153672,22.67798230510126
0.5205205205205206,25.71044226386296,33.4787180427686,49.39371504153672,22.47778210490106
0.5405405405405406,26.699305427857688,33.92872369051437,49.39371504153672,22.27758190470086
0.5605605605605606,27.688168591852417,34.374721326244114,49.39371504153672,22.07738170450066
0.5805805805805806,28.677031755847146,34.81671094995784,49.39371504153672,21.87718150430046
0.6006006006006006,29.665894919841875,35.254692561655546,49.39371504153672,21.67698130410026
0.6206206206206206,30.654758083836604,35.68866616133723,49.39371504153672,21.47678110390006
0.6406406406406406,31.643621247831334,36.1186317490029,49.39371504153672,21.27658090369986
0.6606606606606606,32.63248441182606,36.54458932465255,49.39371504153672,21.07638070349966
0.6806806806806808,33.62134757582079,36.96653888828617,49.39371504153672,20.87618050329946
0.7007007007007007,34.61021073981552,37.38448043990378,49.39371504153672,20.67598030309926
0.7207207207207207,35.59907390381025,37.79841397950537,49.39371504153672,20.47578010289906
0.7407407407407407,36.58793706780498,38.20833950709093,49.39371504153672,20.27557990269886
0.7607607607607608,37.57680023179971,38.61425702266048,49.39371504153672,20.075379702498658
0.7807807807807808,38.56566339579444,39.01616652621401,49.39371504153672,19.875179502298458
0.8008008008008007,39.55452655978917,39.41406801775151,49.39371504153672,19.674979302098258
0.8208208208208208,40.543389723783896,39.807961497273,49.39371504153672,19.474779101898058
0.8408408408408409,41.532252887778625,40.19784696477846,49.39371504153672,19.274578901697858
0.8608608608608609,42.521116051773355,40.58372442026791,49.39371504153672,19.074378701497658
0.8808808808808809,43.509979215768084,40.96559386374134,49.39371504153672,18.874178501297457
0.9009009009009008,44.49884237976281,41.343455295198744,49.39371504153672,18.673978301097257
0.920920920920921,45.48770554375754,41.71730871464013,49.39371504153672,18.473778100897057
0.9409409409409409,46.47656870775227,42.0871541220655,49.39371504153672,18.273577900696857
0.960960960960961,47.465431871747,42.45299151747484,49.39371504153672,18.073377700496657
0.980980980980981,48.45429503574173,42.81482090086817,49.39371504153672,17.873177500296457
1.001001001001001,49.44315819973646,43.172642272245476,49.39371504153672,17.672977300096257
1.021021021021021,50.43202136373119,43.526455631606765,49.39371504153672,17.472777099896057
1.0410410410410411,51.42088452772592,43.87626097895203,49.39371504153672,17.272576899695856
1.0610610610610611,52.409747691720646,44.22205831428128,49.39371504153672,17.072376699495656
1.0810810810810811,53.398610855715376,44.563847637594506,49.39371504153672,16.872176499295456
1.1011011011011012,54.387474019710105,44.90162894889171,49.39371504153672,16.671976299095256
1.1211211211211212,55.376337183704834,45.235402248172896,49.39371504153672,16.471776098895056
1.1411411411411412,56.36520034769956,45.565167535438064,49.39371504153672,16.271575898694856
1.1611611611611612,57.35406351169429,45.89092481068721,49.39371504153672,16.071375698494656
1.1811811811811812,58.34292667568902,46.21267407392033,49.39371504153672,15.871175498294456
1.2012012012012012,59.33178983968375,46.53041532513744,49.39371504153672,15.670975298094255
1.2212212212212212,60.32065300367848,46.844148564338525,49.39371504153672,15.470775097894055
1.2412412412412412,61.30951616767321,47.153873791523594,49.39371504153672,15.270574897693855
1.2612612612612613,62.29837933166794,47.45959100669264,49.39371504153672,15.070374697493655
1.2812812812812813,63.28724249566267,47.761300209845665,49.39371504153672,14.870174497293455
1.3013013013013013,64.27610565965739,48.05900140098267,49.39371504153672,14.669974297093255
1.3213213213213213,65.26496882365211,48.35269458010366,49.39371504153672,14.469774096893055
1.3413413413413413,66.25383198764683,48.64237974720862,49.39371504153672,14.269573896692854
1.3613613613613615,67.24269515164156,48.92805690229757,49.39371504153672,14.069373696492654
1.3813813813813813,68.23155831563628,49.209726045370495,49.39371504153672,13.869173496292454
1.4014014014014013,69.220421479631,49.487387176427404,49.39371504153672,13.668973296092254
1.4214214214214214,70.20928464362572,49.76104029546829,49.39371504153672,13.468773095892054
1.4414414414414414,71.19814780762044,50.030685402493155,49.39371504153672,13.268572895691854
1.4614614614614616,72.18701097161517,50.296322497502004,49.39371504153672,13.068372695491654
1.4814814814814814,73.17587413560989,50.55795158049483,49.39371504153672,12.868172495291454
1.5015015015015014,74.16473729960461,50.81557265147163,49.39371504153672,12.667972295091253
1.5215215215215216,75.15360046359933,51.06918571043242,49.39371504153672,12.467772094891053
1.5415415415415414,76.14246362759405,51.31879075737719,49.39371504153672,12.267571894690853
1.5615615615615617,77.13132679158878,51.56438779230593,49.39371504153672,12.067371694490653
1.5815815815815815,78.1201899555835,51.805976815218656,49.39371504153672,11.867171494290453
1.6016016016016015,79.10905311957822,52.04355782611536,49.39371504153672,11.666971294090253
1.6216216216216217,80.09791628357294,52.27713082499605,49.39371504153672,11.466771093890053
1.6416416416416415,81.08677944756766,52.506695811860716,49.39371504153672,11.266570893689853
1.6616616616616617,82.07564261156239,52.73225278670936,49.39371504153672,11.066370693489652
1.6816816816816818,83.06450577555711,52.95380174954199,49.39371504153672,10.866170493289452
1.7017017017017015,84.05336893955183,53.17134270035859,49.39371504153672,10.665970293089252
1.7217217217217218,85.04223210354655,53.384875639159176,49.39371504153672,10.465770092889052
1.7417417417417416,86.03109526754128,53.594400565943744,49.39371504153672,10.265569892688852
1.7617617617617618,87.019958431536,53.79991748071229,49.39371504153672,10.065369692488652
1.7817817817817818,88.00882159553072,54.00142638346481,49.39371504153672,9.865169492288452
1.8018018018018016,88.99768475952544,54.19892727420132,49.39371504153672,9.664969292088252
1.8218218218218218,89.98654792352016,54.3924201529218,49.39371504153672,9.464769091888051
1.841841841841842,90.97541108751489,54.58190501962627,49.39371504153672,9.264568891687851
1.8618618618618619,91.96427425150961,54.767381874314715,49.39371504153672,9.064368691487651
1.8818818818818819,92.95313741550433,54.94885071698714,49.39371504153672,8.864168491287451
1.9019019019019017,93.94200057949905,55.126311547643546,49.39371504153672,8.66396829108725
1.921921921921922,94.93086374349377,55.29976436628393,49.39371504153672,8.46376809088705
1.9419419419419421,95.9197269074885,55.46920917290829,49.39371504153672,8.26356789068685
1.961961961961962,96.90859007148322,55.63464596751664,49.39371504153672,8.06336769048665
1.981981981981982,97.89745323547794,55.796074750108964,49.39371504153672,7.86316749028645
2.002002002002002,98.88631639947266,55.95349552068527,49.39371504153672,7.66296729008625
2.022022022022022,99.87517956346738,56.10690827924556,49.39371504153672,7.46276708988605
2.042042042042042,100.8640427274621,56.25631302578982,49.39371504153672,7.26256688968585
2.0620620620620618,101.85290589145683,56.40170976031807,49.39371504153672,7.06236668948565
2.0820820820820822,102.84176905545155,56.543098482830295,49.39371504153672,6.86216648928545
2.1021021021021022,103.83063221944627,56.6804791933265,49.39371504153672,6.66196628908525
2.1221221221221223,104.819495383441,56.813851891806685,49.39371504153672,6.461766088885049
2.1421421421421423,105.80835854743572,56.94321657827085,49.39371504153672,6.261565888684849
2.1621621621621623,106.79722171143044,57.06857325271899,49.39371504153672,6.061365688484649
2.1821821821821823,107.78608487542516,57.18992191515112,49.39371504153672,5.861165488284449
2.2022022022022023,108.77494803941988,57.30726256556722,49.39371504153672,5.660965288084249
2.2222222222222223,109.7638112034146,57.42059520396731,49.39371504153672,5.460765087884049
2.2422422422422423,110.75267436740933,57.529919830351375,49.39371504153672,5.260564887683849
2.2622622622622623,111.74153753140405,57.63523644471942,49.39371504153672,5.0603646874836485
2.2822822822822824,112.73040069539877,57.736545047071445,49.39371504153672,4.860164487283448
2.3023023023023024,113.7192638593935,57.83384563740745,49.39371504153672,4.659964287083248
2.3223223223223224,114.70812702338822,57.92713821572743,49.39371504153672,4.459764086883048
2.3423423423423424,115.69699018738294,58.0164227820314,49.39371504153672,4.259563886682848
2.3623623623623624,116.68585335137766,58.10169933631934,49.39371504153672,4.059363686482648
2.3823823823823824,117.67471651537238,58.18296787859127,49.39371504153672,3.8591634862824478
2.4024024024024024,118.6635796793671,58.260228408847176,49.39371504153672,3.6589632860822476
2.4224224224224224,119.65244284336183,58.33348092708706,49.39371504153672,3.4587630858820475
2.4424424424424425,120.64130600735655,58.40272543331093,49.39371504153672,3.2585628856818474
2.4624624624624625,121.63016917135127,58.46796192751877,49.39371504153672,3.0583626854816472
2.4824824824824825,122.61903233534599,58.529190409710594,49.39371504153672,2.858162485281447
2.5025025025025025,123.60789549934071,58.5864108798864,49.39371504153672,2.657962285081247
2.5225225225225225,124.59675866333544,58.639623338046185,49.39371504153672,2.457762084881047
2.5425425425425425,125.58562182733016,58.68882778418995,49.39371504153672,2.2575618846808467
2.5625625625625625,126.57448499132488,58.73402421831769,49.39371504153672,2.0573616844806466
2.5825825825825826,127.5633481553196,58.775212640429416,49.39371504153672,1.8571614842804465
2.6026026026026026,128.55221131931432,58.812393050525124,49.39371504153672,1.6569612840802463
2.6226226226226226,129.54107448330905,58.84556544860481,49.39371504153672,1.4567610838800462
2.6426426426426426,130.52993764730377,58.87472983466847,49.39371504153672,1.256560883679846
2.6626626626626626,131.5188008112985,58.89988620871612,49.39371504153672,1.056360683479646
2.6826826826826826,132.5076639752932,58.92103457074774,49.39371504153672,0.8561604832794458
2.7027027027027026,133.49652713928793,58.938174920763345,49.39371504153672,0.6559602830792457
2.722722722722723,134.48539030328266,58.95130725876293,49.39371504153672,0.4557600828790455
2.7427427427427427,135.47425346727738,58.960431584746495,49.39371504153672,0.25555988267884533
2.7627627627627627,136.4631166312721,58.965547898714036,49.39371504153672,0.055359682478645145
2.7827827827827827,137.45197979526682,58.96665620066556,49.39371504153672,-0.14484051772155504
2.8028028028028027,138.44084295926154,58.963756490601064,49.39371504153672,-0.3450407179217552
2.822822822822823,139.42970612325627,58.95684876852055,49.39371504153672,-0.5452409181219554
2.8428428428428427,140.418569287251,58.945933034424016,49.39371504153672,-0.7454411183221556
2.8628628628628627,141.4074324512457,58.93100928831146,49.39371504153672,-0.9456413185223558
2.8828828828828827,142.39629561524043,58.912077530182884,49.39371504153672,-1.145841518722556
2.9029029029029028,143.38515877923516,58.88913776003829,49.39371504153672,-1.346041718922756
2.922922922922923,144.37402194322988,58.86218997787767,49.39371504153672,-1.5462419191229562
2.942942942942943,145.3628851072246,58.831234183701035,49.39371504153672,-1.7464421193231563
2.962962962962963,146.35174827121932,58.79627037750838,49.39371504153672,-1.9466423195233564
2.982982982982983,147.34061143521404,58.757298559299706,49.39371504153672,-2.1468425197235566
3.003003003003003,148.32947459920877,58.71431872907501,49.39371504153672,-2.3470427199237567
3.0230230230230233,149.3183377632035,58.66733088683429,49.39371504153672,-2.547242920123957
3.0430430430430433,150.3072009271982,58.61633503257756,49.39371504153672,-2.747443120324157
3.063063063063063,151.29606409119293,58.561331166304804,49.39371504153672,-2.947643320524357
3.083083083083083,152.28492725518765,58.502319288016025,49.39371504153672,-3.147843520724557
3.103103103103103,153.27379041918238,58.43929939771123,49.39371504153672,-3.3480437209247573
3.1231231231231233,154.2626535831771,58.372271495390414,49.39371504153672,-3.5482439211249575
3.1431431431431434,155.25151674717182,58.301235581053575,49.39371504153672,-3.7484441213251576
3.163163163163163,156.24037991116654,58.22619165470072,49.39371504153672,-3.9486443215253577
3.183183183183183,157.22924307516126,58.14713971633184,49.39371504153672,-4.148844521725558
3.203203203203203,158.218106239156,58.06407976594695,49.39371504153672,-4.349044721925758
3.2232232232232234,159.2069694031507,57.977011803546034,49.39371504153672,-4.5492449221259585
3.2432432432432434,160.19583256714543,57.885935829129096,49.39371504153672,-4.749445122326159
3.263263263263263,161.18469573114015,57.79085184269614,49.39371504153672,-4.949645322526359
3.283283283283283,162.17355889513487,57.691759844247166,49.39371504153672,-5.149845522726559
3.303303303303303,163.1624220591296,57.58865983378217,49.39371504153672,-5.350045722926759
3.3233233233233235,164.15128522312432,57.48155181130115,49.39371504153672,-5.550245923126959
3.3433433433433435,165.14014838711904,57.370435776804115,49.39371504153672,-5.750446123327159
3.3633633633633635,166.12901155111376,57.25531173029106,49.39371504153672,-5.9506463235273594
3.383383383383383,167.11787471510848,57.13617967176199,49.39371504153672,-6.15084652372756
3.403403403403403,168.1067378791032,57.01303960121689,49.39371504153672,-6.35104672392776
3.4234234234234235,169.09560104309793,56.885891518655775,49.39371504153672,-6.55124692412796
3.4434434434434436,170.08446420709265,56.75473542407864,49.39371504153672,-6.75144712432816
3.4634634634634636,171.07332737108737,56.61957131748548,49.39371504153672,-6.95164732452836
3.483483483483483,172.0621905350821,56.480399198876306,49.39371504153672,-7.15184752472856
3.503503503503503,173.05105369907682,56.33721906825111,49.39371504153672,-7.35204772492876
3.5235235235235236,174.03991686307154,56.19003092560989,49.39371504153672,-7.5522479251289605
3.5435435435435436,175.02878002706626,56.038834770952654,49.39371504153672,-7.752448125329161
3.5635635635635636,176.01764319106098,55.883630604279396,49.39371504153672,-7.952648325529361
3.583583583583583,177.0065063550557,55.72441842559012,49.39371504153672,-8.152848525729562
3.603603603603603,177.99536951905043,55.56119823488483,49.39371504153672,-8.353048725929762
3.6236236236236237,178.98423268304515,55.39397003216351,49.39371504153672,-8.553248926129962
3.6436436436436437,179.97309584703987,55.222733817426175,49.39371504153672,-8.753449126330162
3.6636636636636637,180.9619590110346,55.04748959067282,49.39371504153672,-8.953649326530362
3.683683683683684,181.95082217502932,54.86823735190344,49.39371504153672,-9.153849526730562
3.7037037037037033,182.93968533902404,54.684977101118044,49.39371504153672,-9.354049726930763
3.7237237237237237,183.92854850301876,54.497708838316626,49.39371504153672,-9.554249927130963
3.7437437437437437,184.91741166701348,54.306432563499186,49.39371504153672,-9.754450127331163
3.7637637637637638,185.9062748310082,54.11114827666573,49.39371504153672,-9.954650327531363
3.783783783783784,186.89513799500293,53.91185597781625,49.39371504153672,-10.154850527731563
3.8038038038038033,187.88400115899765,53.70855566695076,49.39371504153672,-10.355050727931763
3.823823823823824,188.87286432299237,53.50124734406924,49.39371504153672,-10.555250928131963
3.843843843843844,189.8617274869871,53.2899310091717,49.39371504153672,-10.755451128332163
3.863863863863864,190.85059065098181,53.07460666225815,49.39371504153672,-10.955651328532364
3.8838838838838843,191.83945381497654,52.85527430332857,49.39371504153672,-11.155851528732564
3.9039039039039034,192.82831697897126,52.63193393238297,49.39371504153672,-11.356051728932764
3.923923923923924,193.81718014296598,52.404585549421355,49.39371504153672,-11.556251929132964
3.943943943943944,194.8060433069607,52.17322915444372,49.39371504153672,-11.756452129333164
3.963963963963964,195.79490647095542,51.937864747450064,49.39371504153672,-11.956652329533364
3.9839839839839843,196.78376963495015,51.69849232844039,49.39371504153672,-12.156852529733564
4.004004004004004,197.77263279894487,51.45511189741469,49.39371504153672,-12.357052729933764
4.0240240240240235,198.7614959629396,51.207723454372974,49.39371504153672,-12.557252930133965
4.044044044044044,199.7503591269343,50.95632699931524,49.39371504153672,-12.757453130334165
4.064064064064064,200.73922229092904,50.70092253224148,49.39371504153672,-12.957653330534365
4.084084084084084,201.72808545492376,50.4415100531517,49.39371504153672,-13.157853530734565
4.104104104104104,202.71694861891848,50.178089562045905,49.39371504153672,-13.358053730934765
4.1241241241241235,203.7058117829132,49.910661058924084,49.39371504153672,-13.558253931134965
4.1441441441441444,204.69467494690792,49.63922454378625,49.39371504153672,-13.758454131335165
4.1641641641641645,205.68353811090265,49.36378001663239,49.39371504153672,-13.958654331535366
4.1841841841841845,206.67240127489737,49.084327477462516,49.39371504153672,-14.158854531735566
4.2042042042042045,207.6612644388921,48.80086692627662,49.39371504153672,-14.359054731935766
4.2242242242242245,208.6501276028868,48.5133983630747,49.39371504153672,-14.559254932135966
4.2442442442442445,209.63899076688153,48.221921787856765,49.39371504153672,-14.759455132336166
4.2642642642642645,210.62785393087626,47.92643720062281,49.39371504153672,-14.959655332536366
4.2842842842842845,211.61671709487098,47.62694460137283,49.39371504153672,-15.159855532736566
4.3043043043043046,212.6055802588657,47.32344399010683,49.39371504153672,-15.360055732936766
4.324324324324325,213.59444342286042,47.01593536682481,49.39371504153672,-15.560255933136967
4.344344344344345,214.58330658685514,46.70441873152678,49.39371504153672,-15.760456133337167
4.364364364364365,215.57216975084987,46.38889408421272,49.39371504153672,-15.960656333537367
4.384384384384385,216.5610329148446,46.06936142488264,49.39371504153672,-16.16085653373757
4.404404404404405,217.5498960788393,45.74582075353655,49.39371504153672,-16.36105673393777
4.424424424424425,218.53875924283403,45.41827207017443,49.39371504153672,-16.56125693413797
4.444444444444445,219.52762240682875,45.08671537479629,49.39371504153672,-16.76145713433817
4.464464464464465,220.51648557082348,44.751150667402136,49.39371504153672,-16.96165733453837
4.484484484484485,221.5053487348182,44.41157794799196,49.39371504153672,-17.16185753473857
4.504504504504505,222.49421189881292,44.06799721656576,49.39371504153672,-17.36205773493877
4.524524524524525,223.48307506280764,43.72040847312354,49.39371504153672,-17.56225793513897
4.544544544544545,224.47193822680237,43.3688117176653,49.39371504153672,-17.76245813533917
4.564564564564565,225.4608013907971,43.01320695019105,49.39371504153672,-17.96265833553937
4.584584584584585,226.4496645547918,42.65359417070077,49.39371504153672,-18.16285853573957
4.604604604604605,227.43852771878653,42.28997337919447,49.39371504153672,-18.36305873593977
4.624624624624625,228.42739088278125,41.922344575672156,49.39371504153672,-18.56325893613997
4.644644644644645,229.41625404677598,41.55070776013382,49.39371504153672,-18.76345913634017
4.664664664664665,230.4051172107707,41.17506293257946,49.39371504153672,-18.96365933654037
4.684684684684685,231.39398037476542,40.79541009300908,49.39371504153672,-19.16385953674057
4.704704704704705,232.38284353876014,40.41174924142268,49.39371504153672,-19.36405973694077
4.724724724724725,233.37170670275486,40.02408037782026,49.39371504153672,-19.56425993714097
4.744744744744745,234.3605698667496,39.632403502201825,49.39371504153672,-19.76446013734117
4.764764764764765,235.3494330307443,39.236718614567366,49.39371504153672,-19.96466033754137
4.784784784784785,236.33829619473903,38.83702571491689,49.39371504153672,-20.16486053774157
4.804804804804805,237.32715935873375,38.43332480325039,49.39371504153672,-20.36506073794177
4.824824824824825,238.31602252272847,38.02561587956787,49.39371504153672,-20.56526093814197
4.844844844844845,239.3048856867232,37.61389894386934,49.39371504153672,-20.76546113834217
4.864864864864865,240.29374885071792,37.19817399615478,49.39371504153672,-20.965661338542372
4.884884884884885,241.28261201471264,36.7784410364242,49.39371504153672,-21.165861538742572
4.904904904904905,242.27147517870736,36.3547000646776,49.39371504153672,-21.366061738942772
4.924924924924925,243.26033834270208,35.92695108091498,49.39371504153672,-21.566261939142972
4.944944944944945,244.2492015066968,35.49519408513635,49.39371504153672,-21.766462139343172
4.964964964964965,245.23806467069153,35.05942907734169,49.39371504153672,-21.966662339543372
4.984984984984985,246.22692783468625,34.61965605753101,49.39371504153672,-22.166862539743573
5.005005005005005,247.21579099868097,34.175875025704315,49.39371504153672,-22.367062739943773
5.025025025025025,248.2046541626757,33.7280859818616,49.39371504153672,-22.567262940143973
5.045045045045045,249.19351732667042,33.276288926002856,49.39371504153672,-22.767463140344173
5.065065065065065,250.18238049066514,32.8204838581281,49.39371504153672,-22.967663340544373
5.085085085085085,251.17124365465986,32.36067077823732,49.39371504153672,-23.167863540744573
5.105105105105105,252.16010681865458,31.896849686330523,49.39371504153672,-23.368063740944773
5.125125125125125,253.1489699826493,31.429020582407706,49.39371504153672,-23.568263941144973
5.145145145145145,254.13783314664403,30.957183466468866,49.39371504153672,-23.768464141345174
5.165165165165165,255.12669631063875,30.481338338514007,49.39371504153672,-23.968664341545374
5.185185185185185,256.11555947463347,30.00148519854313,49.39371504153672,-24.168864541745574
5.205205205205205,257.1044226386282,29.517624046556232,49.39371504153672,-24.369064741945774
5.225225225225225,258.0932858026229,29.029754882553313,49.39371504153672,-24.569264942145974
5.245245245245245,259.08214896661764,28.537877706534374,49.39371504153672,-24.769465142346174
5.265265265265265,260.07101213061236,28.041992518499416,49.39371504153672,-24.969665342546374
5.285285285285285,261.0598752946071,27.54209931844844,49.39371504153672,-25.169865542746575
5.305305305305305,262.0487384586018,27.03819810638144,49.39371504153672,-25.370065742946775
5.325325325325325,263.0376016225965,26.53028888229842,49.39371504153672,-25.570265943146975
5.345345345345346,264.02646478659125,26.018371646199384,49.39371504153672,-25.770466143347175
5.365365365365365,265.01532795058597,25.502446398084324,49.39371504153672,-25.970666343547375
5.385385385385385,266.0041911145807,24.982513137953244,49.39371504153672,-26.170866543747575
5.405405405405405,266.9930542785754,24.458571865806146,49.39371504153672,-26.371066743947775
5.425425425425425,267.98191744257014,23.93062258164303,49.39371504153672,-26.571266944147975
5.445445445445446,268.97078060656486,23.39866528546389,49.39371504153672,-26.771467144348176
5.465465465465465,269.9596437705596,22.86269997726873,49.39371504153672,-26.971667344548376
5.485485485485485,270.9485069345543,22.32272665705755,49.39371504153672,-27.171867544748576
5.505505505505505,271.937370098549,21.778745324830354,49.39371504153672,-27.372067744948776
5.525525525525525,272.92623326254375,21.230755980587134,49.39371504153672,-27.572267945148976
5.545545545545546,273.91509642653847,20.678758624327894,49.39371504153672,-27.772468145349176
5.565565565565565,274.9039595905332,20.122753256052636,49.39371504153672,-27.972668345549376
5.585585585585585,275.8928227545279,19.56273987576136,49.39371504153672,-28.172868545749576
5.605605605605605,276.88168591852263,18.99871848345406,49.39371504153672,-28.373068745949777
5.625625625625625,277.87054908251736,18.43068907913074,49.39371504153672,-28.573268946149977
5.645645645645646,278.8594122465121,17.858651662791402,49.39371504153672,-28.773469146350177
5.665665665665665,279.8482754105068,17.282606234436045,49.39371504153672,-28.973669346550377
5.685685685685685,280.8371385745015,16.702552794064665,49.39371504153672,-29.173869546750577
5.7057057057057055,281.82600173849625,16.118491341677267,49.39371504153672,-29.374069746950777
5.7257257257257255,282.81486490249097,15.530421877273847,49.39371504153672,-29.574269947150977
5.745745745745746,283.8037280664857,14.938344400854408,49.39371504153672,-29.774470147351177
5.7657657657657655,284.7925912304804,14.342258912418949,49.39371504153672,-29.974670347551378
5.7857857857857855,285.78145439447513,13.74216541196747,49.39371504153672,-30.174870547751578
5.8058058058058055,286.77031755846986,13.13806389949997,49.39371504153672,-30.375070747951778
5.8258258258258255,287.7591807224646,12.529954375016452,49.39371504153672,-30.575270948151978
5.845845845845846,288.7480438864593,11.917836838516912,49.39371504153672,-30.775471148352178
5.865865865865866,289.736907050454,11.301711290001354,49.39371504153672,-30.97567134855238
5.885885885885886,290.72577021444874,10.681577729469774,49.39371504153672,-31.17587154875258
5.905905905905906,291.71463337844347,10.057436156922176,49.39371504153672,-31.37607174895278
5.925925925925926,292.7034965424382,9.429286572358556,49.39371504153672,-31.57627194915298
5.9459459459459465,293.6923597064329,8.797128975778918,49.39371504153672,-31.77647214935318
5.965965965965966,294.68122287042763,8.160963367183259,49.39371504153672,-31.97667234955338
5.9859859859859865,295.67008603442235,7.520789746571579,49.39371504153672,-32.17687254975358
6.006006006006006,296.6589491984171,6.87660811394388,49.39371504153672,-32.37707274995378
6.026026026026026,297.6478123624118,6.228418469300161,49.39371504153672,-32.57727295015398
6.046046046046047,298.6366755264065,5.576220812640422,49.39371504153672,-32.77747315035418
6.066066066066066,299.62553869040124,4.920015143964663,49.39371504153672,-32.97767335055438
6.086086086086087,300.61440185439596,4.259801463272884,49.39371504153672,-33.17787355075458
6.106106106106106,301.6032650183907,3.595579770565084,49.39371504153672,-33.37807375095478
6.126126126126126,302.5921281823854,2.9273500658412646,49.39371504153672,-33.57827395115498
6.146146146146147,303.58099134638013,2.255112349101425,49.39371504153672,-33.778474151355184
6.166166166166166,304.56985451037485,1.5788666203455657,49.39371504153672,-33.978674351555384
6.186186186186187,305.5587176743696,0.8986128795736862,49.39371504153672,-34.178874551755584
6.206206206206206,306.5475808383643,0.2143511267857866,49.39371504153672,-34.379074751955784
6.226226226226226,307.536444002359,-0.47391863801813294,49.39371504153672,-34.579274952155984
6.246246246246247,308.52530716635374,-1.1661964148380726,49.39371504153672,-34.779475152356184
6.266266266266266,309.51417033034846,-1.8624822036740323,49.39371504153672,-34.979675352556384
6.286286286286287,310.5030334943432,-2.562776004526012,49.39371504153672,-35.179875552756585
6.306306306306306,311.4918966583379,-3.2670778173940116,49.39371504153672,-35.380075752956785
6.326326326326326,312.48075982233263,-3.975387642278031,49.39371504153672,-35.580275953156985
6.346346346346347,313.46962298632735,-4.687705479178071,49.39371504153672,-35.780476153357185
6.366366366366366,314.4584861503221,-5.40403132809413,49.39371504153672,-35.980676353557385
6.386386386386387,315.4473493143168,-6.12436518902621,49.39371504153672,-36.180876553757585
6.406406406406406,316.4362124783115,-6.848707061974309,49.39371504153672,-36.381076753957785
6.426426426426426,317.42507564230624,-7.577056946938429,49.39371504153672,-36.581276954157985
6.446446446446447,318.41393880630096,-8.309414843918569,49.39371504153672,-36.781477154358186
6.466466466466466,319.4028019702957,-9.045780752914728,49.39371504153672,-36.981677354558386
6.486486486486487,320.3916651342904,-9.786154673926909,49.39371504153672,-37.181877554758586
6.506506506506506,321.3805282982851,-10.530536606955108,49.39371504153672,-37.382077754958786
6.526526526526526,322.36939146227985,-11.278926551999328,49.39371504153672,-37.582277955158986
6.546546546546547,323.3582546262746,-12.031324509059568,49.39371504153672,-37.782478155359186
6.566566566566566,324.3471177902693,-12.787730478135828,49.39371504153672,-37.982678355559386
6.586586586586587,325.335980954264,-13.548144459228107,49.39371504153672,-38.18287855575959
6.606606606606606,326.32484411825874,-14.312566452336407,49.39371504153672,-38.38307875595979
6.626626626626627,327.31370728225346,-15.080996457460728,49.39371504153672,-38.58327895615999
6.646646646646647,328.3025704462482,-15.853434474601068,49.39371504153672,-38.78347915636019
6.666666666666666,329.2914336102429,-16.629880503757427,49.39371504153672,-38.98367935656039
6.686686686686687,330.2802967742376,-17.410334544929807,49.39371504153672,-39.18387955676059
6.706706706706706,331.26915993823235,-18.194796598118206,49.39371504153672,-39.38407975696079
6.726726726726727,332.25802310222707,-18.983266663322627,49.39371504153672,-39.58427995716099
6.746746746746747,333.2468862662218,-19.775744740543068,49.39371504153672,-39.78448015736119
6.766766766766766,334.2357494302165,-20.572230829779528,49.39371504153672,-39.98468035756139
6.786786786786787,335.22461259421124,-21.372724931032007,49.39371504153672,-40.18488055776159
6.806806806806806,336.21347575820596,-22.17722704430051,49.39371504153672,-40.38508075796179
6.826826826826827,337.2023389222007,-22.98573716958503,49.39371504153672,-40.58528095816199
6.846846846846847,338.1912020861954,-23.79825530688557,49.39371504153672,-40.78548115836219
6.866866866866866,339.1800652501901,-24.614781456202127,49.39371504153672,-40.98568135856239
6.886886886886887,340.16892841418485,-25.43531561753471,49.39371504153672,-41.18588155876259
6.906906906906906,341.15779157817957,-26.25985779088331,49.39371504153672,-41.38608175896279
6.926926926926927,342.1466547421743,-27.08840797624793,49.39371504153672,-41.58628195916299
6.946946946946947,343.135517906169,-27.92096617362857,49.39371504153672,-41.78648215936319
6.966966966966966,344.12438107016374,-28.757532383025232,49.39371504153672,-41.98668235956339
6.986986986986987,345.11324423415846,-29.598106604437913,49.39371504153672,-42.18688255976359
7.007007007007006,346.1021073981532,-30.442688837866612,49.39371504153672,-42.38708275996379
7.027027027027027,347.0909705621479,-31.291279083311334,49.39371504153672,-42.58728296016399
7.047047047047047,348.0798337261426,-32.14387734077207,49.39371504153672,-42.78748316036419
7.067067067067066,349.06869689013735,-33.000483610248835,49.39371504153672,-42.98768336056439
7.087087087087087,350.05756005413207,-33.861097891741615,49.39371504153672,-43.18788356076459
7.107107107107106,351.0464232181268,-34.72572018525042,49.39371504153672,-43.38808376096479
7.127127127127127,352.0352863821215,-35.594350490775234,49.39371504153672,-43.58828396116499
7.147147147147147,353.02414954611623,-36.466988808316074,49.39371504153672,-43.78848416136519
7.167167167167166,354.01301271011096,-37.34363513787294,49.39371504153672,-43.98868436156539
7.187187187187187,355.0018758741057,-38.224289479445815,49.39371504153672,-44.18888456176559
7.207207207207206,355.9907390381004,-39.108951833034716,49.39371504153672,-44.38908476196579
7.227227227227227,356.9796022020951,-39.99762219863964,49.39371504153672,-44.58928496216599
7.247247247247247,357.96846536608984,-40.89030057626058,49.39371504153672,-44.78948516236619
7.267267267267268,358.95732853008457,-41.78698696589754,49.39371504153672,-44.98968536256639
7.287287287287287,359.9461916940793,-42.687681367550525,49.39371504153672,-45.18988556276659
7.3073073073073065,360.935054858074,-43.592383781219525,49.39371504153672,-45.39008576296679
7.327327327327327,361.92391802206873,-44.50109420690455,49.39371504153672,-45.59028596316699
7.347347347347347,362.91278118606346,-45.413812644605585,49.39371504153672,-45.79048616336719
7.367367367367368,363.9016443500582,-46.330539094322646,49.39371504153672,-45.99068636356739
7.387387387387387,364.8905075140529,-47.25127355605573,49.39371504153672,-46.19088656376759
7.4074074074074066,365.8793706780476,-48.17601602980483,49.39371504153672,-46.39108676396779
7.4274274274274275,366.86823384204234,-49.10476651556995,49.39371504153672,-46.59128696416799
7.4474474474474475,367.85709700603707,-50.03752501335109,49.39371504153672,-46.79148716436819
7.467467467467468,368.8459601700318,-50.97429152314825,49.39371504153672,-46.99168736456839
7.4874874874874875,369.8348233340265,-51.915066044961435,49.39371504153672,-47.19188756476859
7.507507507507507,370.82368649802123,-52.85984857879063,49.39371504153672,-47.39208776496879
7.5275275275275275,371.81254966201595,-53.80863912463585,49.39371504153672,-47.59228796516899
7.5475475475475475,372.8014128260107,-54.761437682497096,49.39371504153672,-47.79248816536919
7.567567567567568,373.7902759900054,-55.718244252374355,49.39371504153672,-47.99268836556939
7.587587587587588,374.7791391540001,-56.679058834267636,49.39371504153672,-48.19288856576959
7.607607607607607,375.76800231799484,-57.64388142817694,49.39371504153672,-48.39308876596979
7.627627627627628,376.75686548198956,-58.61271203410226,49.39371504153672,-48.59328896616999
7.647647647647648,377.7457286459843,-59.5855506520436,49.39371504153672,-48.79348916637019
7.6676676676676685,378.734591809979,-60.562397282000966,49.39371504153672,-48.99368936657039
7.687687687687688,379.72345497397373,-61.543251923974346,49.39371504153672,-49.19388956677059
7.707707707707707,380.71231813796845,-62.52811457796375,49.39371504153672,-49.394089766970794
7.727727727727728,381.7011813019632,-63.51698524396917,49.39371504153672,-49.594289967170994
7.747747747747748,382.6900444659579,-64.50986392199061,49.39371504153672,-49.794490167371194
7.767767767767769,383.6789076299526,-65.50675061202807,49.39371504153672,-49.994690367571394
7.787787787787788,384.66777079394734,-66.50764531408156,49.39371504153672,-50.194890567771594
7.807807807807807,385.65663395794206,-67.51254802815106,49.39371504153672,-50.395090767971794
7.827827827827828,386.6454971219368,-68.52145875423658,49.39371504153672,-50.595290968171994
7.847847847847848,387.6343602859315,-69.53437749233812,49.39371504153672,-50.795491168372195
7.867867867867869,388.62322344992623,-70.55130424245569,49.39371504153672,-50.995691368572395
7.887887887887888,389.61208661392095,-71.57223900458926,49.39371504153672,-51.195891568772595
7.907907907907909,390.6009497779157,-72.59718177873887,49.39371504153672,-51.396091768972795
7.927927927927928,391.5898129419104,-73.6261325649045,49.39371504153672,-51.596291969172995
7.947947947947948,392.5786761059051,-74.65909136308613,49.39371504153672,-51.796492169373195
7.967967967967969,393.56753926989984,-75.6960581732838,49.39371504153672,-51.996692369573395
7.987987987987988,394.55640243389456,-76.73703299549749,49.39371504153672,-52.196892569773595
8.008008008008009,395.5452655978893,-77.78201582972719,49.39371504153672,-52.397092769973796
8.028028028028029,396.534128761884,-78.8310066759729,49.39371504153672,-52.597292970173996
8.048048048048047,397.5229919258787,-79.88400553423465,49.39371504153672,-52.797493170374196
8.068068068068069,398.51185508987345,-80.9410124045124,49.39371504153672,-52.997693370574396
8.088088088088089,399.5007182538682,-82.00202728680618,49.39371504153672,-53.197893570774596
8.108108108108109,400.4895814178629,-83.06705018111599,49.39371504153672,-53.398093770974796
8.128128128128129,401.4784445818576,-84.13608108744181,49.39371504153672,-53.598293971174996
8.148148148148147,402.46730774585234,-85.20912000578365,49.39371504153672,-53.7984941713752
8.168168168168169,403.45617090984706,-86.28616693614151,49.39371504153672,-53.9986943715754
8.188188188188189,404.4450340738418,-87.3672218785154,49.39371504153672,-54.1988945717756
8.208208208208209,405.4338972378365,-88.45228483290529,49.39371504153672,-54.3990947719758
8.228228228228229,406.4227604018312,-89.54135579931122,49.39371504153672,-54.599294972176
8.248248248248247,407.41162356582595,-90.63443477773316,49.39371504153672,-54.7994951723762
8.268268268268269,408.40048672982067,-91.73152176817112,49.39371504153672,-54.9996953725764
8.288288288288289,409.3893498938154,-92.83261677062511,49.39371504153672,-55.1998955727766
8.308308308308309,410.3782130578101,-93.93771978509511,49.39371504153672,-55.4000957729768
8.328328328328329,411.36707622180484,-95.04683081158113,49.39371504153672,-55.600295973177
8.348348348348347,412.35593938579956,-96.15994985008318,49.39371504153672,-55.8004961733772
8.368368368368369,413.3448025497943,-97.27707690060124,49.39371504153672,-56.0006963735774
8.388388388388389,414.333665713789,-98.39821196313532,49.39371504153672,-56.2008965737776
8.408408408408409,415.3225288777837,-99.52335503768542,49.39371504153672,-56.4010967739778
8.428428428428429,416.31139204177845,-100.65250612425154,49.39371504153672,-56.601296974178
8.448448448448449,417.30025520577317,-101.78566522283369,49.39371504153672,-56.8014971743782
8.468468468468469,418.2891183697679,-102.92283233343184,49.39371504153672,-57.0016973745784
8.488488488488489,419.2779815337626,-104.06400745604603,49.39371504153672,-57.2018975747786
8.508508508508509,420.26684469775734,-105.20919059067623,49.39371504153672,-57.4020977749788
8.528528528528529,421.25570786175206,-106.35838173732245,49.39371504153672,-57.602297975179
8.548548548548549,422.2445710257468,-107.5115808959847,49.39371504153672,-57.8024981753792
8.568568568568569,423.2334341897415,-108.66878806666296,49.39371504153672,-58.0026983755794
8.588588588588589,424.2222973537362,-109.83000324935723,49.39371504153672,-58.2028985757796
8.608608608608609,425.21116051773095,-110.99522644406754,49.39371504153672,-58.4030987759798
8.62862862862863,426.20002368172567,-112.16445765079386,49.39371504153672,-58.60329897618
8.64864864864865,427.1888868457204,-113.3376968695362,49.39371504153672,-58.8034991763802
8.66866866866867,428.1777500097151,-114.51494410029457,49.39371504153672,-59.0036993765804
8.68868868868869,429.16661317370983,-115.69619934306895,49.39371504153672,-59.2038995767806
8.70870870870871,430.15547633770456,-116.88146259785935,49.39371504153672,-59.4040997769808
8.72872872872873,431.1443395016993,-118.07073386466578,49.39371504153672,-59.604299977181
8.74874874874875,432.133202665694,-119.26401314348823,49.39371504153672,-59.8045001773812
8.76876876876877,433.1220658296887,-120.46130043432669,49.39371504153672,-60.0047003775814
8.78878878878879,434.11092899368344,-121.66259573718116,49.39371504153672,-60.2049005777816
8.80880880880881,435.09979215767817,-122.86789905205167,49.39371504153672,-60.4051007779818
8.82882882882883,436.0886553216729,-124.07721037893819,49.39371504153672,-60.605300978182
8.84884884884885,437.0775184856676,-125.29052971784073,49.39371504153672,-60.8055011783822
8.86886886886887,438.06638164966233,-126.5078570687593,49.39371504153672,-61.0057013785824
8.88888888888889,439.05524481365705,-127.72919243169387,49.39371504153672,-61.2059015787826
8.90890890890891,440.0441079776518,-128.9545358066445,49.39371504153672,-61.4061017789828
8.92892892892893,441.0329711416465,-130.1838871936111,49.39371504153672,-61.606301979183
8.94894894894895,442.0218343056412,-131.41724659259376,49.39371504153672,-61.8065021793832
8.96896896896897,443.01069746963594,-132.65461400359243,49.39371504153672,-62.0067023795834
8.98898898898899,443.99956063363067,-133.89598942660712,49.39371504153672,-62.2069025797836
9.00900900900901,444.9884237976254,-135.14137286163782,49.39371504153672,-62.4071027799838
9.02902902902903,445.9772869616201,-136.39076430868454,49.39371504153672,-62.607302980184
9.04904904904905,446.96615012561483,-137.64416376774727,49.39371504153672,-62.8075031803842
9.06906906906907,447.95501328960955,-138.90157123882602,49.39371504153672,-63.0077033805844
9.08908908908909,448.9438764536043,-140.16298672192082,49.39371504153672,-63.2079035807846
9.10910910910911,449.932739617599,-141.42841021703163,49.39371504153672,-63.4081037809848
9.12912912912913,450.9216027815937,-142.69784172415845,49.39371504153672,-63.608303981185
9.14914914914915,451.91046594558844,-143.9712812433013,49.39371504153672,-63.8085041813852
9.16916916916917,452.89932910958316,-145.24872877446015,49.39371504153672,-64.0087043815854
9.18918918918919,453.8881922735779,-146.53018431763502,49.39371504153672,-64.2089045817856
9.20920920920921,454.8770554375726,-147.81564787282593,49.39371504153672,-64.4091047819858
9.22922922922923,455.86591860156733,-149.10511944003287,49.39371504153672,-64.609304982186
9.24924924924925,456.85478176556205,-150.3985990192558,49.39371504153672,-64.8095051823862
9.26926926926927,457.8436449295568,-151.69608661049477,49.39371504153672,-65.0097053825864
9.28928928928929,458.8325080935515,-152.99758221374975,49.39371504153672,-65.2099055827866
9.30930930930931,459.8213712575462,-154.30308582902074,49.39371504153672,-65.4101057829868
9.32932932932933,460.81023442154094,-155.61259745630778,49.39371504153672,-65.610305983187
9.34934934934935,461.79909758553566,-156.92611709561083,49.39371504153672,-65.8105061833872
9.36936936936937,462.7879607495304,-158.2436447469299,49.39371504153672,-66.0107063835874
9.38938938938939,463.7768239135251,-159.565180410265,49.39371504153672,-66.2109065837876
9.40940940940941,464.76568707751983,-160.89072408561609,49.39371504153672,-66.4111067839878
9.42942942942943,465.75455024151455,-162.2202757729832,49.39371504153672,-66.611306984188
9.44944944944945,466.7434134055093,-163.55383547236633,49.39371504153672,-66.8115071843882
9.46946946946947,467.732276569504,-164.8914031837655,49.39371504153672,-67.0117073845884
9.48948948948949,468.7211397334987,-166.2329789071807,49.39371504153672,-67.2119075847886
9.50950950950951,469.71000289749344,-167.5785626426119,49.39371504153672,-67.4121077849888
9.52952952952953,470.69886606148816,-168.92815439005912,49.39371504153672,-67.612307985189
9.54954954954955,471.6877292254829,-170.28175414952236,49.39371504153672,-67.8125081853892
9.56956956956957,472.6765923894776,-171.6393619210016,49.39371504153672,-68.0127083855894
9.58958958958959,473.6654555534723,-173.0009777044969,49.39371504153672,-68.2129085857896
9.60960960960961,474.65431871746705,-174.36660150000822,49.39371504153672,-68.4131087859898
9.62962962962963,475.64318188146177,-175.73623330753554,49.39371504153672,-68.61330898619
9.64964964964965,476.6320450454565,-177.10987312707888,49.39371504153672,-68.8135091863902
9.66966966966967,477.6209082094512,-178.48752095863824,49.39371504153672,-69.0137093865904
9.68968968968969,478.60977137344594,-179.86917680221362,49.39371504153672,-69.2139095867906
9.70970970970971,479.59863453744066,-181.25484065780503,49.39371504153672,-69.4141097869908
9.72972972972973,480.5874977014354,-182.64451252541247,49.39371504153672,-69.614309987191
9.74974974974975,481.5763608654301,-184.03819240503591,49.39371504153672,-69.8145101873912
9.76976976976977,482.5652240294248,-185.43588029667538,49.39371504153672,-70.0147103875914
9.78978978978979,483.55408719341955,-186.83757620033086,49.39371504153672,-70.2149105877916
9.80980980980981,484.54295035741427,-188.24328011600235,49.39371504153672,-70.41511078799181
9.82982982982983,485.531813521409,-189.65299204368986,49.39371504153672,-70.61531098819201
9.84984984984985,486.5206766854037,-191.06671198339342,49.39371504153672,-70.81551118839221
9.86986986986987,487.50953984939844,-192.484439935113,49.39371504153672,-71.01571138859241
9.88988988988989,488.49840301339316,-193.90617589884857,49.39371504153672,-71.21591158879261
9.90990990990991,489.4872661773879,-195.33191987460017,49.39371504153672,-71.41611178899281
9.92992992992993,490.4761293413826,-196.7616718623678,49.39371504153672,-71.61631198919301
9.94994994994995,491.4649925053773,-198.19543186215142,49.39371504153672,-71.81651218939321
9.96996996996997,492.45385566937205,-199.6331998739511,49.39371504153672,-72.01671238959341
9.98998998998999,493.44271883336677,-201.0749758977668,49.39371504153672,-72.21691258979361
10.01001001001001,494.4315819973615,-202.5207599335985,49.39371504153672,-72.41711278999381
10.03003003003003,495.4204451613562,-203.97055198144622,49.39371504153672,-72.61731299019401
10.05005005005005,496.40930832535093,-205.42435204130996,49.39371504153672,-72.81751319039421
10.07007007007007,497.39817148934566,-206.8821601131897,49.39371504153672,-73.01771339059441
10.09009009009009,498.3870346533404,-208.3439761970855,49.39371504153672,-73.21791359079461
10.11011011011011,499.3758978173351,-209.80980029299732,49.39371504153672,-73.41811379099481
10.13013013013013,500.3647609813298,-211.27963240092515,49.39371504153672,-73.61831399119501
10.15015015015015,501.35362414532455,-212.753472520869,49.39371504153672,-73.81851419139521
10.17017017017017,502.34248730931927,-214.23132065282886,49.39371504153672,-74.01871439159541
10.19019019019019,503.331350473314,-215.71317679680473,49.39371504153672,-74.21891459179561
10.21021021021021,504.3202136373087,-217.19904095279662,49.39371504153672,-74.41911479199581
10.23023023023023,505.30907680130343,-218.68891312080456,49.39371504153672,-74.61931499219601
10.25025025025025,506.29793996529816,-220.1827933008285,49.39371504153672,-74.81951519239621
10.27027027027027,507.2868031292929,-221.68068149286847,49.39371504153672,-75.01971539259641
10.29029029029029,508.2756662932876,-223.18257769692445,49.39371504153672,-75.21991559279661
10.31031031031031,509.2645294572823,-224.68848191299645,49.39371504153672,-75.42011579299681
10.33033033033033,510.25339262127704,-226.19839414108446,49.39371504153672,-75.62031599319701
10.35035035035035,511.24225578527177,-227.71231438118852,49.39371504153672,-75.82051619339721
10.37037037037037,512.2311189492665,-229.2302426333086,49.39371504153672,-76.02071639359741
10.39039039039039,513.2199821132613,-230.75217889744468,49.39371504153672,-76.22091659379761
10.41041041041041,514.208845277256,-232.27812317359678,49.39371504153672,-76.42111679399781
10.43043043043043,515.1977084412508,-233.8080754617649,49.39371504153672,-76.62131699419801
10.45045045045045,516.1865716052456,-235.34203576194903,49.39371504153672,-76.82151719439821
10.47047047047047,517.1754347692404,-236.8800040741492,49.39371504153672,-77.02171739459841
10.49049049049049,518.1642979332352,-238.4219803983654,49.39371504153672,-77.22191759479861
10.51051051051051,519.1531610972299,-239.96796473459762,49.39371504153672,-77.42211779499881
10.53053053053053,520.1420242612247,-241.51795708284584,49.39371504153672,-77.62231799519901
10.55055055055055,521.1308874252195,-243.07195744311008,49.39371504153672,-77.82251819539921
10.57057057057057,522.1197505892143,-244.62996581539034,49.39371504153672,-78.02271839559941
10.59059059059059,523.108613753209,-246.1919821996866,49.39371504153672,-78.22291859579961
10.61061061061061,524.0974769172038,-247.75800659599892,49.39371504153672,-78.42311879599981
10.63063063063063,525.0863400811986,-249.32803900432725,49.39371504153672,-78.62331899620001
10.65065065065065,526.0752032451934,-250.9020794246716,49.39371504153672,-78.82351919640021
10.67067067067067,527.0640664091882,-252.48012785703196,49.39371504153672,-79.02371939660041
10.690690690690692,528.052929573183,-254.06218430140834,49.39371504153672,-79.22391959680061
10.71071071071071,529.0417927371777,-255.64824875780073,49.39371504153672,-79.42411979700081
10.73073073073073,530.0306559011725,-257.23832122620917,49.39371504153672,-79.62431999720101
10.75075075075075,531.0195190651673,-258.8324017066336,49.39371504153672,-79.82452019740121
10.77077077077077,532.0083822291621,-260.4304901990741,49.39371504153672,-80.02472039760141
10.790790790790792,532.9972453931568,-262.03258670353057,49.39371504153672,-80.22492059780161
10.81081081081081,533.9861085571516,-263.63869122000307,49.39371504153672,-80.42512079800181
10.83083083083083,534.9749717211464,-265.2488037484916,49.39371504153672,-80.62532099820201
10.85085085085085,535.9638348851412,-266.8629242889961,49.39371504153672,-80.82552119840221
10.87087087087087,536.952698049136,-268.48105284151666,49.39371504153672,-81.02572139860241
10.890890890890892,537.9415612131307,-270.1031894060532,49.39371504153672,-81.22592159880261
10.91091091091091,538.9304243771255,-271.7293339826058,49.39371504153672,-81.42612179900281
10.93093093093093,539.9192875411203,-273.35948657117444,49.39371504153672,-81.62632199920301
10.95095095095095,540.9081507051151,-274.9936471717591,49.39371504153672,-81.82652219940321
10.97097097097097,541.8970138691099,-276.6318157843598,49.39371504153672,-82.02672239960341
10.990990990990992,542.8858770331046,-278.2739924089765,49.39371504153672,-82.22692259980361
11.01101101101101,543.8747401970994,-279.9201770456092,49.39371504153672,-82.42712280000381
11.03103103103103,544.8636033610942,-281.5703696942579,49.39371504153672,-82.62732300020402
11.05105105105105,545.852466525089,-283.22457035492266,49.39371504153672,-82.82752320040422
11.07107107107107,546.8413296890838,-284.8827790276034,49.39371504153672,-83.02772340060442
11.091091091091092,547.8301928530785,-286.5449957123002,49.39371504153672,-83.22792360080462
11.11111111111111,548.8190560170733,-288.211220409013,49.39371504153672,-83.42812380100482
11.13113113113113,549.8079191810681,-289.8814531177418,49.39371504153672,-83.62832400120502
11.15115115115115,550.7967823450629,-291.5556938384866,49.39371504153672,-83.82852420140522
11.17117117117117,551.7856455090576,-293.2339425712475,49.39371504153672,-84.02872440160542
11.191191191191193,552.7745086730524,-294.9161993160244,49.39371504153672,-84.22892460180562
11.21121121121121,553.7633718370472,-296.6024640728173,49.39371504153672,-84.42912480200582
11.23123123123123,554.752235001042,-298.29273684162627,49.39371504153672,-84.62932500220602
11.25125125125125,555.7410981650368,-299.9870176224512,49.39371504153672,-84.82952520240622
11.27127127127127,556.7299613290315,-301.6853064152922,49.39371504153672,-85.02972540260642
11.291291291291293,557.7188244930263,-303.3876032201492,49.39371504153672,-85.22992560280662
11.31131131131131,558.7076876570211,-305.0939080370222,49.39371504153672,-85.43012580300682
11.33133133133133,559.6965508210159,-306.8042208659112,49.39371504153672,-85.63032600320702
11.35135135135135,560.6854139850107,-308.5185417068162,49.39371504153672,-85.83052620340722
11.37137137137137,561.6742771490054,-310.23687055973727,49.39371504153672,-86.03072640360742
11.391391391391393,562.6631403130002,-311.95920742467433,49.39371504153672,-86.23092660380762
11.411411411411411,563.652003476995,-313.6855523016274,49.39371504153672,-86.43112680400782
11.431431431431431,564.6408666409898,-315.41590519059656,49.39371504153672,-86.63132700420802
11.451451451451451,565.6297298049845,-317.1502660915817,49.39371504153672,-86.83152720440822
11.471471471471471,566.6185929689793,-318.8886350045829,49.39371504153672,-87.03172740460842
11.491491491491493,567.6074561329741,-320.6310119296001,49.39371504153672,-87.23192760480862
11.511511511511511,568.5963192969689,-322.3773968666333,49.39371504153672,-87.43212780500882
11.531531531531531,569.5851824609637,-324.12778981568255,49.39371504153672,-87.63232800520902
11.551551551551551,570.5740456249584,-325.8821907767478,49.39371504153672,-87.83252820540922
11.571571571571571,571.5629087889532,-327.64059974982905,49.39371504153672,-88.03272840560942
11.591591591591593,572.551771952948,-329.4030167349263,49.39371504153672,-88.23292860580962
11.611611611611611,573.5406351169428,-331.1694417320396,49.39371504153672,-88.43312880600982
11.631631631631631,574.5294982809376,-332.9398747411689,49.39371504153672,-88.63332900621002
11.651651651651651,575.5183614449323,-334.71431576231424,49.39371504153672,-88.83352920641022
11.671671671671671,576.5072246089271,-336.49276479547564,49.39371504153672,-89.03372940661042
11.691691691691693,577.4960877729219,-338.27522184065305,49.39371504153672,-89.23392960681062
11.711711711711711,578.4849509369167,-340.06168689784647,49.39371504153672,-89.43412980701082
11.731731731731731,579.4738141009115,-341.8521599670559,49.39371504153672,-89.63433000721102
11.751751751751751,580.4626772649062,-343.64664104828137,49.39371504153672,-89.83453020741122
11.771771771771771,581.451540428901,-345.44513014152284,49.39371504153672,-90.03473040761142
11.791791791791793,582.4404035928958,-347.2476272467803,49.39371504153672,-90.23493060781162
11.811811811811811,583.4292667568906,-349.0541323640538,49.39371504153672,-90.43513080801182
11.831831831831831,584.4181299208853,-350.86464549334335,49.39371504153672,-90.63533100821202
11.851851851851851,585.4069930848801,-352.6791666346489,49.39371504153672,-90.83553120841222
11.871871871871871,586.3958562488749,-354.49769578797043,49.39371504153672,-91.03573140861242
11.891891891891893,587.3847194128697,-356.320232953308,49.39371504153672,-91.23593160881262
11.911911911911911,588.3735825768645,-358.1467781306616,49.39371504153672,-91.43613180901282
11.931931931931931,589.3624457408592,-359.9773313200312,49.39371504153672,-91.63633200921302
11.951951951951951,590.351308904854,-361.8118925214169,49.39371504153672,-91.83653220941322
11.971971971971973,591.3401720688488,-363.6504617348186,49.39371504153672,-92.03673240961342
11.991991991991993,592.3290352328436,-365.4930389602363,49.39371504153672,-92.23693260981362
12.012012012012011,593.3178983968384,-367.33962419767,49.39371504153672,-92.43713281001382
12.032032032032031,594.3067615608331,-369.1902174471197,49.39371504153672,-92.63733301021402
12.052052052052051,595.2956247248279,-371.04481870858547,49.39371504153672,-92.83753321041422
12.072072072072073,596.2844878888227,-372.9034279820672,49.39371504153672,-93.03773341061442
12.092092092092093,597.2733510528175,-374.766045267565,49.39371504153672,-93.23793361081462
12.112112112112111,598.2622142168123,-376.6326705650788,49.39371504153672,-93.43813381101482
12.132132132132131,599.251077380807,-378.5033038746086,49.39371504153672,-93.63833401121502
12.152152152152151,600.2399405448018,-380.3779451961544,49.39371504153672,-93.83853421141522
12.172172172172173,601.2288037087966,-382.25659452971627,49.39371504153672,-94.03873441161542
12.192192192192193,602.2176668727914,-384.1392518752942,49.39371504153672,-94.23893461181562
12.212212212212211,603.2065300367861,-386.0259172328881,49.39371504153672,-94.43913481201582
12.232232232232231,604.1953932007809,-387.91659060249805,49.39371504153672,-94.63933501221602
12.252252252252251,605.1842563647757,-389.811271984124,49.39371504153672,-94.83953521241622
12.272272272272273,606.1731195287705,-391.709961377766,49.39371504153672,-95.03973541261642
12.292292292292293,607.1619826927653,-393.61265878342397,49.39371504153672,-95.23993561281662
12.312312312312311,608.15084585676,-395.51936420109797,49.39371504153672,-95.44013581301682
12.332332332332332,609.1397090207548,-397.430077630788,49.39371504153672,-95.64033601321702
12.352352352352352,610.1285721847496,-399.344799072494,49.39371504153672,-95.84053621341722
12.372372372372373,611.1174353487444,-401.2635285262161,49.39371504153672,-96.04073641361742
12.392392392392393,612.1062985127392,-403.18626599195414,49.39371504153672,-96.24093661381762
12.412412412412412,613.0951616767339,-405.1130114697082,49.39371504153672,-96.44113681401782
12.432432432432432,614.0840248407287,-407.0437649594784,49.39371504153672,-96.64133701421802
12.452452452452452,615.0728880047235,-408.97852646126455,49.39371504153672,-96.84153721441822
12.472472472472473,616.0617511687183,-410.91729597506674,49.39371504153672,-97.04173741461842
12.492492492492493,617.050614332713,-412.86007350088494,49.39371504153672,-97.24193761481862
12.512512512512512,618.0394774967078,-414.80685903871915,49.39371504153672,-97.44213781501882
12.532532532532532,619.0283406607026,-416.7576525885694,49.39371504153672,-97.64233801521902
12.552552552552552,620.0172038246974,-418.71245415043563,49.39371504153672,-97.84253821541922
12.572572572572573,621.0060669886922,-420.6712637243179,49.39371504153672,-98.04273841561943
12.592592592592593,621.994930152687,-422.6340813102162,49.39371504153672,-98.24293861581963
12.612612612612612,622.9837933166817,-424.60090690813047,49.39371504153672,-98.44313881601983
12.632632632632632,623.9726564806765,-426.5717405180608,49.39371504153672,-98.64333901622003
12.652652652652652,624.9615196446713,-428.5465821400071,49.39371504153672,-98.84353921642023
12.672672672672673,625.9503828086661,-430.52543177396944,49.39371504153672,-99.04373941662043
12.692692692692694,626.9392459726608,-432.50828941994786,49.39371504153672,-99.24393961682063
12.712712712712712,627.9281091366556,-434.4951550779423,49.39371504153672,-99.44413981702083
12.732732732732732,628.9169723006504,-436.48602874795273,49.39371504153672,-99.64434001722103
12.752752752752752,629.9058354646452,-438.4809104299792,49.39371504153672,-99.84454021742123
12.772772772772774,630.89469862864,-440.47980012402166,49.39371504153672,-100.04474041762143
12.792792792792794,631.8835617926347,-442.48269783008016,49.39371504153672,-100.24494061782163
12.812812812812812,632.8724249566295,-444.48960354815466,49.39371504153672,-100.44514081802183
12.832832832832832,633.8612881206243,-446.5005172782452,49.39371504153672,-100.64534101822203
12.852852852852852,634.8501512846191,-448.5154390203517,49.39371504153672,-100.84554121842223
12.872872872872874,635.8390144486139,-450.5343687744743,49.39371504153672,-101.04574141862243
12.892892892892894,636.8278776126086,-452.55730654061284,49.39371504153672,-101.24594161882263
12.912912912912912,637.8167407766034,-454.5842523187674,49.39371504153672,-101.44614181902283
12.932932932932932,638.8056039405982,-456.615206108938,49.39371504153672,-101.64634201922303
12.952952952952952,639.794467104593,-458.6501679111247,49.39371504153672,-101.84654221942323
12.972972972972974,640.7833302685877,-460.6891377253274,49.39371504153672,-102.04674241962343
12.992992992992994,641.7721934325825,-462.7321155515461,49.39371504153672,-102.24694261982363
13.013013013013012,642.7610565965773,-464.7791013897808,49.39371504153672,-102.44714282002383
13.033033033033032,643.7499197605721,-466.83009524003154,49.39371504153672,-102.64734302022403
13.053053053053052,644.7387829245669,-468.8850971022983,49.39371504153672,-102.84754322042423
13.073073073073074,645.7276460885616,-470.94410697658105,49.39371504153672,-103.04774342062443
13.093093093093094,646.7165092525564,-473.00712486287983,49.39371504153672,-103.24794362082463
13.113113113113112,647.7053724165512,-475.07415076119463,49.39371504153672,-103.44814382102483
13.133133133133132,648.694235580546,-477.14518467152544,49.39371504153672,-103.64834402122503
13.153153153153154,649.6830987445408,-479.22022659387227,49.39371504153672,-103.84854422142523
13.173173173173174,650.6719619085355,-481.2992765282351,49.39371504153672,-104.04874442162543
13.193193193193194,651.6608250725303,-483.382334474614,49.39371504153672,-104.24894462182563
13.213213213213212,652.6496882365251,-485.46940043300896,49.39371504153672,-104.44914482202583
13.233233233233232,653.6385514005199,-487.5604744034199,49.39371504153672,-104.64934502222603
13.253253253253254,654.6274145645147,-489.65555638584686,49.39371504153672,-104.84954522242623
13.273273273273274,655.6162777285094,-491.75464638028984,49.39371504153672,-105.04974542262643
13.293293293293294,656.6051408925042,-493.85774438674883,49.39371504153672,-105.24994562282663
13.313313313313312,657.594004056499,-495.96485040522384,49.39371504153672,-105.45014582302683
13.333333333333332,658.5828672204938,-498.07596443571487,49.39371504153672,-105.65034602322703
13.353353353353354,659.5717303844885,-500.1910864782219,49.39371504153672,-105.85054622342723
13.373373373373374,660.5605935484833,-502.31021653274496,49.39371504153672,-106.05074642362743
13.393393393393394,661.5494567124781,-504.43335459928403,49.39371504153672,-106.25094662382763
13.413413413413412,662.5383198764729,-506.5605006778391,49.39371504153672,-106.45114682402783
13.433433433433432,663.5271830404677,-508.6916547684102,49.39371504153672,-106.65134702422803
13.453453453453454,664.5160462044624,-510.8268168709974,49.39371504153672,-106.85154722442823
13.473473473473474,665.5049093684572,-512.9659869856006,49.39371504153672,-107.05174742462843
13.493493493493494,666.493772532452,-515.1091651122198,49.39371504153672,-107.25194762482863
13.513513513513512,667.4826356964468,-517.256351250855,49.39371504153672,-107.45214782502883
13.533533533533532,668.4714988604416,-519.4075454015062,49.39371504153672,-107.65234802522903
13.553553553553554,669.4603620244363,-521.5627475641735,49.39371504153672,-107.85254822542923
13.573573573573574,670.4492251884311,-523.7219577388568,49.39371504153672,-108.05274842562943
13.593593593593594,671.4380883524259,-525.885175925556,49.39371504153672,-108.25294862582963
13.613613613613612,672.4269515164207,-528.0524021242713,49.39371504153672,-108.45314882602983
13.633633633633632,673.4158146804155,-530.2236363350027,49.39371504153672,-108.65334902623003
13.653653653653654,674.4046778444102,-532.39887855775,49.39371504153672,-108.85354922643023
13.673673673673674,675.393541008405,-534.5781287925133,49.39371504153672,-109.05374942663043
13.693693693693694,676.3824041723998,-536.7613870392927,49.39371504153672,-109.25394962683063
13.713713713713712,677.3712673363946,-538.9486532980881,49.39371504153672,-109.45414982703083
13.733733733733732,678.3601305003893,-541.1399275688995,49.39371504153672,-109.65435002723103
13.753753753753754,679.3489936643841,-543.3352098517269,49.39371504153672,-109.85455022743123
13.773773773773774,680.3378568283789,-545.5345001465703,49.39371504153672,-110.05475042763143
13.793793793793794,681.3267199923737,-547.7377984534297,49.39371504153672,-110.25495062783163
13.813813813813812,682.3155831563685,-549.9451047723052,49.39371504153672,-110.45515082803183
13.833833833833832,683.3044463203632,-552.1564191031968,49.39371504153672,-110.65535102823203
13.853853853853854,684.293309484358,-554.3717414461044,49.39371504153672,-110.85555122843223
13.873873873873874,685.2821726483528,-556.591071801028,49.39371504153672,-111.05575142863243
13.893893893893894,686.2710358123476,-558.8144101679676,49.39371504153672,-111.25595162883263
13.913913913913913,687.2598989763424,-561.0417565469232,49.39371504153672,-111.45615182903283
13.933933933933933,688.2487621403371,-563.2731109378949,49.39371504153672,-111.65635202923303
13.953953953953954,689.2376253043319,-565.5084733408826,49.39371504153672,-111.85655222943323
13.973973973973974,690.2264884683267,-567.7478437558863,49.39371504153672,-112.05675242963343
13.993993993993994,691.2153516323215,-569.991222182906,49.39371504153672,-112.25695262983363
14.014014014014013,692.2042147963163,-572.2386086219417,49.39371504153672,-112.45715283003383
14.034034034034033,693.193077960311,-574.4900030729934,49.39371504153672,-112.65735303023403
14.054054054054054,694.1819411243058,-576.7454055360612,49.39371504153672,-112.85755323043423
14.074074074074074,695.1708042883006,-579.004816011145,49.39371504153672,-113.05775343063443
14.094094094094094,696.1596674522954,-581.2682344982447,49.39371504153672,-113.25795363083463
14.114114114114113,697.1485306162901,-583.5356609973605,49.39371504153672,-113.45815383103483
14.134134134134133,698.1373937802849,-585.8070955084924,49.39371504153672,-113.65835403123504
14.154154154154154,699.1262569442797,-588.0825380316402,49.39371504153672,-113.85855423143524
14.174174174174174,700.1151201082745,-590.361988566804,49.39371504153672,-114.05875443163544
14.194194194194194,701.1039832722693,-592.6454471139839,49.39371504153672,-114.25895463183564
14.214214214214213,702.092846436264,-594.9329136731798,49.39371504153672,-114.45915483203584
14.234234234234233,703.0817096002588,-597.2243882443917,49.39371504153672,-114.65935503223604
14.254254254254255,704.0705727642536,-599.5198708276196,49.39371504153672,-114.85955523243624
14.274274274274275,705.0594359282484,-601.8193614228635,49.39371504153672,-115.05975543263644
14.294294294294295,706.0482990922432,-604.1228600301234,49.39371504153672,-115.25995563283664
14.314314314314313,707.0371622562379,-606.4303666493994,49.39371504153672,-115.46015583303684
14.334334334334333,708.0260254202327,-608.7418812806915,49.39371504153672,-115.66035603323704
14.354354354354355,709.0148885842275,-611.0574039239996,49.39371504153672,-115.86055623343724
14.374374374374375,710.0037517482223,-613.3769345793237,49.39371504153672,-116.06075643363744
14.394394394394395,710.992614912217,-615.7004732466638,49.39371504153672,-116.26095663383764
14.414414414414413,711.9814780762118,-618.02801992602,49.39371504153672,-116.46115683403784
14.434434434434436,712.9703412402066,-620.3595746173921,49.39371504153672,-116.66135703423804
14.454454454454455,713.9592044042014,-622.6951373207803,49.39371504153672,-116.86155723443824
14.474474474474475,714.9480675681962,-625.0347080361845,49.39371504153672,-117.06175743463844
14.494494494494495,715.936930732191,-627.3782867636047,49.39371504153672,-117.26195763483864
14.514514514514513,716.9257938961857,-629.7258735030409,49.39371504153672,-117.46215783503884
14.534534534534536,717.9146570601805,-632.0774682544932,49.39371504153672,-117.66235803523904
14.554554554554555,718.9035202241753,-634.4330710179614,49.39371504153672,-117.86255823543924
14.574574574574575,719.8923833881701,-636.7926817934457,49.39371504153672,-118.06275843563944
14.594594594594595,720.8812465521648,-639.156300580946,49.39371504153672,-118.26295863583964
14.614614614614613,721.8701097161596,-641.5239273804623,49.39371504153672,-118.46315883603984
14.634634634634637,722.8589728801544,-643.8955621919946,49.39371504153672,-118.66335903624004
14.654654654654655,723.8478360441492,-646.2712050155429,49.39371504153672,-118.86355923644024
14.674674674674675,724.836699208144,-648.6508558511073,49.39371504153672,-119.06375943664044
14.694694694694695,725.8255623721387,-651.0345146986876,49.39371504153672,-119.26395963684064
14.714714714714713,726.8144255361335,-653.422181558284,49.39371504153672,-119.46415983704084
14.734734734734737,727.8032887001283,-655.8138564298964,49.39371504153672,-119.66436003724104
14.754754754754755,728.7921518641231,-658.2095393135248,49.39371504153672,-119.86456023744124
14.774774774774775,729.7810150281178,-660.6092302091693,49.39371504153672,-120.06476043764144
14.794794794794795,730.7698781921126,-663.0129291168297,49.39371504153672,-120.26496063784164
14.814814814814813,731.7587413561074,-665.4206360365062,49.39371504153672,-120.46516083804184
14.834834834834837,732.7476045201022,-667.8323509681986,49.39371504153672,-120.66536103824204
14.854854854854855,733.736467684097,-670.2480739119072,49.39371504153672,-120.86556123844224
14.874874874874875,734.7253308480917,-672.6678048676318,49.39371504153672,-121.06576143864244
14.894894894894895,735.7141940120865,-675.0915438353725,49.39371504153672,-121.26596163884264
14.914914914914913,736.7030571760813,-677.5192908151291,49.39371504153672,-121.46616183904284
14.934934934934937,737.6919203400761,-679.9510458069018,49.39371504153672,-121.66636203924304
14.954954954954955,738.6807835040709,-682.3868088106905,49.39371504153672,-121.86656223944324
14.974974974974975,739.6696466680656,-684.8265798264952,49.39371504153672,-122.06676243964344
14.994994994994995,740.6585098320604,-687.2703588543159,49.39371504153672,-122.26696263984364
15.015015015015013,741.6473729960552,-689.7181458941526,49.39371504153672,-122.46716284004384
15.035035035035037,742.63623616005,-692.1699409460053,49.39371504153672,-122.66736304024404
15.055055055055055,743.6250993240448,-694.6257440098741,49.39371504153672,-122.86756324044424
15.075075075075075,744.6139624880395,-697.0855550857589,49.39371504153672,-123.06776344064444
15.095095095095095,745.6028256520343,-699.5493741736597,49.39371504153672,-123.26796364084464
15.115115115115113,746.5916888160291,-702.0172012735765,49.39371504153672,-123.46816384104484
15.135135135135137,747.5805519800239,-704.4890363855093,49.39371504153672,-123.66836404124504
15.155155155155155,748.5694151440186,-706.9648795094581,49.39371504153672,-123.86856424144524
15.175175175175175,749.5582783080134,-709.444730645423,49.39371504153672,-124.06876444164544
15.195195195195195,750.5471414720082,-711.9285897934038,49.39371504153672,-124.26896464184564
15.215215215215213,751.536004636003,-714.4164569534007,49.39371504153672,-124.46916484204584
15.235235235235237,752.5248677999978,-716.9083321254136,49.39371504153672,-124.66936504224604
15.255255255255255,753.5137309639925,-719.4042153094425,49.39371504153672,-124.86956524244624
15.275275275275275,754.5025941279873,-721.9041065054874,49.39371504153672,-125.06976544264644
15.295295295295295,755.4914572919821,-724.4080057135484,49.39371504153672,-125.26996564284664
15.315315315315313,756.4803204559769,-726.9159129336253,49.39371504153672,-125.47016584304684
15.335335335335337,757.4691836199717,-729.4278281657183,49.39371504153672,-125.67036604324704
15.355355355355355,758.4580467839664,-731.9437514098274,49.39371504153672,-125.87056624344724
15.375375375375375,759.4469099479612,-734.4636826659525,49.39371504153672,-126.07076644364744
15.395395395395395,760.435773111956,-736.9876219340937,49.39371504153672,-126.27096664384764
15.415415415415413,761.4246362759508,-739.5155692142508,49.39371504153672,-126.47116684404784
15.435435435435437,762.4134994399456,-742.047524506424,49.39371504153672,-126.67136704424804
15.455455455455455,763.4023626039403,-744.5834878106132,49.39371504153672,-126.87156724444824
15.475475475475475,764.3912257679351,-747.1234591268184,49.39371504153672,-127.07176744464844
15.495495495495495,765.3800889319299,-749.6674384550396,49.39371504153672,-127.27196764484864
15.515515515515514,766.3689520959247,-752.2154257952768,49.39371504153672,-127.47216784504884
15.535535535535537,767.3578152599194,-754.7674211475301,49.39371504153672,-127.67236804524904
15.555555555555555,768.3466784239142,-757.3234245117993,49.39371504153672,-127.87256824544924
15.575575575575575,769.335541587909,-759.8834358880846,49.39371504153672,-128.07276844564944
15.595595595595595,770.3244047519038,-762.4474552763859,49.39371504153672,-128.27296864584966
15.615615615615614,771.3132679158986,-765.0154826767032,49.39371504153672,-128.47316884604987
15.635635635635637,772.3021310798933,-767.5875180890365,49.39371504153672,-128.6733690462501
15.655655655655655,773.2909942438881,-770.1635615133858,49.39371504153672,-128.8735692464503
15.675675675675675,774.2798574078829,-772.7436129497512,49.39371504153672,-129.07376944665052
15.695695695695695,775.2687205718777,-775.3276723981326,49.39371504153672,-129.27396964685073
15.715715715715717,776.2575837358725,-777.91573985853,49.39371504153672,-129.47416984705094
15.735735735735737,777.2464468998672,-780.5078153309433,49.39371504153672,-129.67437004725116
15.755755755755755,778.235310063862,-783.1038988153728,49.39371504153672,-129.87457024745137
15.775775775775776,779.2241732278568,-785.7039903118182,49.39371504153672,-130.0747704476516
15.795795795795796,780.2130363918516,-788.3080898202796,49.39371504153672,-130.2749706478518
15.815815815815817,781.2018995558464,-790.9161973407571,49.39371504153672,-130.47517084805202
15.835835835835837,782.1907627198411,-793.5283128732507,49.39371504153672,-130.67537104825223
15.855855855855856,783.1796258838359,-796.1444364177603,49.39371504153672,-130.87557124845245
15.875875875875876,784.1684890478307,-798.7645679742859,49.39371504153672,-131.07577144865266
15.895895895895896,785.1573522118255,-801.3887075428275,49.39371504153672,-131.27597164885287
15.915915915915917,786.1462153758202,-804.0168551233852,49.39371504153672,-131.4761718490531
15.935935935935937,787.135078539815,-806.6490107159589,49.39371504153672,-131.6763720492533
15.955955955955956,788.1239417038098,-809.2851743205485,49.39371504153672,-131.87657224945352
15.975975975975976,789.1128048678046,-811.9253459371542,49.39371504153672,-132.07677244965373
15.995995995995996,790.1016680317994,-814.569525565776,49.39371504153672,-132.27697264985395
16.016016016016017,791.0905311957941,-817.2177132064137,49.39371504153672,-132.47717285005416
16.036036036036037,792.0793943597889,-819.8699088590674,49.39371504153672,-132.67737305025437
16.056056056056057,793.0682575237837,-822.5261125237372,49.39371504153672,-132.8775732504546
16.076076076076077,794.0571206877785,-825.186324200423,49.39371504153672,-133.0777734506548
16.096096096096094,795.0459838517733,-827.8505438891248,49.39371504153672,-133.27797365085502
16.116116116116117,796.034847015768,-830.5187715898426,49.39371504153672,-133.47817385105523
16.136136136136138,797.0237101797628,-833.1910073025764,49.39371504153672,-133.67837405125545
16.156156156156158,798.0125733437576,-835.8672510273262,49.39371504153672,-133.87857425145566
16.176176176176178,799.0014365077524,-838.5475027640921,49.39371504153672,-134.07877445165587
16.196196196196194,799.9902996717472,-841.231762512874,49.39371504153672,-134.2789746518561
16.216216216216218,800.9791628357419,-843.9200302736718,49.39371504153672,-134.4791748520563
16.236236236236238,801.9680259997367,-846.6123060464857,49.39371504153672,-134.67937505225652
16.256256256256258,802.9568891637315,-849.3085898313157,49.39371504153672,-134.87957525245673
16.276276276276278,803.9457523277263,-852.0088816281616,49.39371504153672,-135.07977545265695
16.296296296296294,804.934615491721,-854.7131814370235,49.39371504153672,-135.27997565285716
16.316316316316318,805.9234786557158,-857.4214892579016,49.39371504153672,-135.48017585305737
16.336336336336338,806.9123418197106,-860.1338050907957,49.39371504153672,-135.6803760532576
16.356356356356358,807.9012049837054,-862.8501289357058,49.39371504153672,-135.8805762534578
16.376376376376378,808.8900681477002,-865.5704607926319,49.39371504153672,-136.08077645365802
16.396396396396394,809.8789313116949,-868.2948006615741,49.39371504153672,-136.28097665385823
16.416416416416418,810.8677944756897,-871.0231485425322,49.39371504153672,-136.48117685405845
16.436436436436438,811.8566576396845,-873.7555044355064,49.39371504153672,-136.68137705425866
16.456456456456458,812.8455208036793,-876.4918683404966,49.39371504153672,-136.88157725445888
16.476476476476478,813.8343839676741,-879.2322402575028,49.39371504153672,-137.0817774546591
16.496496496496494,814.8232471316688,-881.976620186525,49.39371504153672,-137.2819776548593
16.516516516516518,815.8121102956636,-884.7250081275632,49.39371504153672,-137.48217785505952
16.536536536536538,816.8009734596584,-887.4774040806175,49.39371504153672,-137.68237805525973
16.556556556556558,817.7898366236532,-890.2338080456877,49.39371504153672,-137.88257825545995
16.576576576576578,818.778699787648,-892.994220022774,49.39371504153672,-138.08277845566016
16.596596596596594,819.7675629516427,-895.7586400118763,49.39371504153672,-138.28297865586038
16.616616616616618,820.7564261156375,-898.5270680129946,49.39371504153672,-138.4831788560606
16.636636636636638,821.7452892796323,-901.299504026129,49.39371504153672,-138.6833790562608
16.656656656656658,822.7341524436271,-904.0759480512793,49.39371504153672,-138.88357925646102
16.676676676676678,823.7230156076218,-906.8564000884456,49.39371504153672,-139.08377945666123
16.696696696696694,824.7118787716166,-909.640860137628,49.39371504153672,-139.28397965686145
16.716716716716718,825.7007419356114,-912.4293281988264,49.39371504153672,-139.48417985706166
16.736736736736738,826.6896050996062,-915.2218042720408,49.39371504153672,-139.68438005726188
16.756756756756758,827.678468263601,-918.0182883572712,49.39371504153672,-139.8845802574621
16.776776776776778,828.6673314275957,-920.8187804545177,49.39371504153672,-140.0847804576623
16.796796796796794,829.6561945915905,-923.6232805637802,49.39371504153672,-140.28498065786252
16.816816816816818,830.6450577555853,-926.4317886850588,49.39371504153672,-140.48518085806273
16.836836836836838,831.6339209195801,-929.2443048183534,49.39371504153672,-140.68538105826295
16.856856856856858,832.6227840835749,-932.060828963664,49.39371504153672,-140.88558125846316
16.876876876876878,833.6116472475696,-934.8813611209906,49.39371504153672,-141.08578145866338
16.896896896896898,834.6005104115644,-937.7059012903333,49.39371504153672,-141.2859816588636
16.916916916916918,835.5893735755592,-940.5344494716919,49.39371504153672,-141.4861818590638
16.936936936936938,836.578236739554,-943.3670056650666,49.39371504153672,-141.68638205926402
16.956956956956958,837.5670999035488,-946.2035698704573,49.39371504153672,-141.88658225946423
16.976976976976978,838.5559630675435,-949.044142087864,49.39371504153672,-142.08678245966445
16.996996996996998,839.5448262315383,-951.8887223172867,49.39371504153672,-142.28698265986466
17.017017017017018,840.5336893955331,-954.7373105587254,49.39371504153672,-142.48718286006488
17.037037037037038,841.5225525595279,-957.5899068121802,49.39371504153672,-142.6873830602651
17.057057057057058,842.5114157235226,-960.4465110776509,49.39371504153672,-142.8875832604653
17.077077077077078,843.5002788875174,-963.3071233551377,49.39371504153672,-143.08778346066552
17.097097097097098,844.4891420515122,-966.1717436446405,49.39371504153672,-143.28798366086573
17.117117117117118,845.478005215507,-969.0403719461593,49.39371504153672,-143.48818386106595
17.137137137137138,846.4668683795018,-971.9130082596942,49.39371504153672,-143.68838406126616
17.157157157157158,847.4557315434965,-974.789652585245,49.39371504153672,-143.88858426146638
17.177177177177178,848.4445947074913,-977.6703049228119,49.39371504153672,-144.0887844616666
17.197197197197198,849.4334578714861,-980.5549652723947,49.39371504153672,-144.2889846618668
17.217217217217218,850.4223210354809,-983.4436336339936,49.39371504153672,-144.48918486206702
17.237237237237238,851.4111841994757,-986.3363100076085,49.39371504153672,-144.68938506226723
17.25725725725726,852.4000473634704,-989.2329943932394,49.39371504153672,-144.88958526246745
17.27727727727728,853.3889105274652,-992.1336867908865,49.39371504153672,-145.08978546266766
17.2972972972973,854.37777369146,-995.0383872005496,49.39371504153672,-145.28998566286788
17.31731731731732,855.3666368554548,-997.9470956222286,49.39371504153672,-145.4901858630681
17.33733733733734,856.3555000194496,-1000.8598120559237,49.39371504153672,-145.6903860632683
17.35735735735736,857.3443631834443,-1003.7765365016348,49.39371504153672,-145.89058626346852
17.37737737737738,858.3332263474391,-1006.697268959362,49.39371504153672,-146.09078646366873
17.3973973973974,859.3220895114339,-1009.6220094291051,49.39371504153672,-146.29098666386895
17.41741741741742,860.3109526754287,-1012.5507579108643,49.39371504153672,-146.49118686406916
17.43743743743744,861.2998158394234,-1015.4835144046394,49.39371504153672,-146.69138706426938
17.45745745745746,862.2886790034182,-1018.4202789104306,49.39371504153672,-146.8915872644696
17.47747747747748,863.277542167413,-1021.3610514282378,49.39371504153672,-147.0917874646698
17.4974974974975,864.2664053314078,-1024.305831958061,49.39371504153672,-147.29198766487002
17.51751751751752,865.2552684954026,-1027.2546204999003,49.39371504153672,-147.49218786507024
17.53753753753754,866.2441316593973,-1030.2074170537555,49.39371504153672,-147.69238806527045
17.55755755755756,867.2329948233921,-1033.164221619627,49.39371504153672,-147.89258826547066
17.57757757757758,868.2218579873869,-1036.1250341975142,49.39371504153672,-148.09278846567088
17.5975975975976,869.2107211513817,-1039.0898547874176,49.39371504153672,-148.2929886658711
17.61761761761762,870.1995843153765,-1042.058683389337,49.39371504153672,-148.4931888660713
17.63763763763764,871.1884474793712,-1045.0315200032724,49.39371504153672,-148.69338906627152
17.65765765765766,872.177310643366,-1048.0083646292237,49.39371504153672,-148.89358926647174
17.67767767767768,873.1661738073608,-1050.9892172671912,49.39371504153672,-149.09378946667195
17.6976976976977,874.1550369713556,-1053.9740779171746,49.39371504153672,-149.29398966687216
17.71771771771772,875.1439001353503,-1056.962946579174,49.39371504153672,-149.49418986707238
17.73773773773774,876.1327632993451,-1059.9558232531895,49.39371504153672,-149.6943900672726
17.75775775775776,877.1216264633399,-1062.952707939221,49.39371504153672,-149.8945902674728
17.77777777777778,878.1104896273347,-1065.9536006372684,49.39371504153672,-150.09479046767302
17.7977977977978,879.0993527913295,-1068.958501347332,49.39371504153672,-150.29499066787324
17.81781781781782,880.0882159553242,-1071.9674100694115,49.39371504153672,-150.49519086807345
17.83783783783784,881.077079119319,-1074.980326803507,49.39371504153672,-150.69539106827366
17.85785785785786,882.0659422833138,-1077.9972515496186,49.39371504153672,-150.89559126847388
17.87787787787788,883.0548054473086,-1081.0181843077462,49.39371504153672,-151.0957914686741
17.8978978978979,884.0436686113034,-1084.0431250778897,49.39371504153672,-151.2959916688743
17.91791791791792,885.0325317752981,-1087.0720738600494,49.39371504153672,-151.49619186907452
17.93793793793794,886.0213949392929,-1090.105030654225,49.39371504153672,-151.69639206927474
17.95795795795796,887.0102581032877,-1093.1419954604166,49.39371504153672,-151.89659226947495
17.97797797797798,887.9991212672825,-1096.1829682786245,49.39371504153672,-152.09679246967517
17.997997997998,888.9879844312773,-1099.2279491088482,49.39371504153672,-152.29699266987538
18.01801801801802,889.976847595272,-1102.276937951088,49.39371504153672,-152.4971928700756
18.03803803803804,890.9657107592668,-1105.3299348053438,49.39371504153672,-152.6973930702758
18.05805805805806,891.9545739232616,-1108.3869396716157,49.39371504153672,-152.89759327047602
18.07807807807808,892.9434370872564,-1111.4479525499034,49.39371504153672,-153.09779347067624
18.0980980980981,893.9323002512511,-1114.5129734402074,49.39371504153672,-153.29799367087645
18.11811811811812,894.9211634152459,-1117.5820023425272,49.39371504153672,-153.49819387107667
18.13813813813814,895.9100265792407,-1120.6550392568631,49.39371504153672,-153.69839407127688
18.15815815815816,896.8988897432355,-1123.732084183215,49.39371504153672,-153.8985942714771
18.17817817817818,897.8877529072303,-1126.813137121583,49.39371504153672,-154.0987944716773
18.1981981981982,898.876616071225,-1129.8981980719668,49.39371504153672,-154.29899467187752
18.21821821821822,899.8654792352198,-1132.9872670343668,49.39371504153672,-154.49919487207774
18.23823823823824,900.8543423992146,-1136.0803440087827,49.39371504153672,-154.69939507227795
18.25825825825826,901.8432055632094,-1139.1774289952148,49.39371504153672,-154.89959527247817
18.27827827827828,902.8320687272042,-1142.2785219936627,49.39371504153672,-155.09979547267838
18.2982982982983,903.8209318911989,-1145.3836230041268,49.39371504153672,-155.2999956728786
18.31831831831832,904.8097950551937,-1148.4927320266067,49.39371504153672,-155.5001958730788
18.33833833833834,905.7986582191885,-1151.6058490611028,49.39371504153672,-155.70039607327902
18.35835835835836,906.7875213831833,-1154.7229741076148,49.39371504153672,-155.90059627347924
18.37837837837838,907.776384547178,-1157.844107166143,49.39371504153672,-156.10079647367945
18.3983983983984,908.7652477111728,-1160.969248236687,49.39371504153672,-156.30099667387967
18.41841841841842,909.7541108751676,-1164.0983973192472,49.39371504153672,-156.50119687407988
18.43843843843844,910.7429740391624,-1167.2315544138232,49.39371504153672,-156.7013970742801
18.45845845845846,911.7318372031572,-1170.3687195204154,49.39371504153672,-156.9015972744803
18.47847847847848,912.720700367152,-1173.5098926390237,49.39371504153672,-157.10179747468052
18.4984984984985,913.7095635311467,-1176.655073769648,49.39371504153672,-157.30199767488074
18.51851851851852,914.6984266951415,-1179.8042629122883,49.39371504153672,-157.50219787508095
18.53853853853854,915.6872898591363,-1182.9574600669446,49.39371504153672,-157.70239807528117
18.55855855855856,916.6761530231311,-1186.114665233617,49.39371504153672,-157.90259827548138
18.57857857857858,917.6650161871258,-1189.2758784123052,49.39371504153672,-158.1027984756816
18.5985985985986,918.6538793511206,-1192.4410996030097,49.39371504153672,-158.3029986758818
18.61861861861862,919.6427425151154,-1195.61032880573,49.39371504153672,-158.50319887608202
18.63863863863864,920.6316056791102,-1198.7835660204664,49.39371504153672,-158.70339907628224
18.65865865865866,921.620468843105,-1201.9608112472188,49.39371504153672,-158.90359927648245
18.67867867867868,922.6093320070997,-1205.1420644859872,49.39371504153672,-159.10379947668267
18.6986986986987,923.5981951710945,-1208.3273257367716,49.39371504153672,-159.30399967688288
18.71871871871872,924.5870583350893,-1211.5165949995721,49.39371504153672,-159.5041998770831
18.73873873873874,925.5759214990841,-1214.7098722743885,49.39371504153672,-159.7044000772833
18.75875875875876,926.5647846630789,-1217.907157561221,49.39371504153672,-159.90460027748352
18.77877877877878,927.5536478270736,-1221.1084508600695,49.39371504153672,-160.10480047768374
18.7987987987988,928.5425109910684,-1224.313752170934,49.39371504153672,-160.30500067788395
18.81881881881882,929.5313741550632,-1227.5230614938146,49.39371504153672,-160.50520087808417
18.83883883883884,930.520237319058,-1230.7363788287112,49.39371504153672,-160.70540107828438
18.85885885885886,931.5091004830527,-1233.9537041756237,49.39371504153672,-160.9056012784846
18.87887887887888,932.4979636470475,-1237.1750375345523,49.39371504153672,-161.1058014786848
18.8988988988989,933.4868268110423,-1240.4003789054968,49.39371504153672,-161.30600167888502
18.91891891891892,934.4756899750371,-1243.6297282884575,49.39371504153672,-161.50620187908524
18.93893893893894,935.4645531390319,-1246.8630856834343,49.39371504153672,-161.70640207928545
18.95895895895896,936.4534163030266,-1250.100451090427,49.39371504153672,-161.90660227948567
18.97897897897898,937.4422794670214,-1253.3418245094358,49.39371504153672,-162.10680247968588
18.998998998999,938.4311426310162,-1256.5872059404605,49.39371504153672,-162.3070026798861
19.01901901901902,939.420005795011,-1259.8365953835014,49.39371504153672,-162.5072028800863
19.03903903903904,940.4088689590058,-1263.0899928385581,49.39371504153672,-162.70740308028653
19.05905905905906,941.3977321230005,-1266.347398305631,49.39371504153672,-162.90760328048674
19.07907907907908,942.3865952869953,-1269.6088117847198,49.39371504153672,-163.10780348068695
19.0990990990991,943.3754584509901,-1272.8742332758247,49.39371504153672,-163.30800368088717
19.11911911911912,944.3643216149849,-1276.1436627789456,49.39371504153672,-163.50820388108738
19.13913913913914,945.3531847789797,-1279.4171002940825,49.39371504153672,-163.7084040812876
19.15915915915916,946.3420479429744,-1282.6945458212354,49.39371504153672,-163.9086042814878
19.17917917917918,947.3309111069692,-1285.9759993604043,49.39371504153672,-164.10880448168803
19.1991991991992,948.319774270964,-1289.2614609115892,49.39371504153672,-164.30900468188824
19.21921921921922,949.3086374349588,-1292.5509304747902,49.39371504153672,-164.50920488208845
19.23923923923924,950.2975005989535,-1295.8444080500071,49.39371504153672,-164.70940508228867
19.25925925925926,951.2863637629483,-1299.1418936372402,49.39371504153672,-164.90960528248888
19.27927927927928,952.2752269269431,-1302.4433872364891,49.39371504153672,-165.1098054826891
19.2992992992993,953.2640900909379,-1305.7488888477542,49.39371504153672,-165.3100056828893
19.31931931931932,954.2529532549327,-1309.0583984710352,49.39371504153672,-165.51020588308953
19.33933933933934,955.2418164189274,-1312.3719161063323,49.39371504153672,-165.71040608328974
19.35935935935936,956.2306795829222,-1315.6894417536453,49.39371504153672,-165.91060628348995
19.37937937937938,957.219542746917,-1319.0109754129744,49.39371504153672,-166.11080648369017
19.3993993993994,958.2084059109118,-1322.3365170843194,49.39371504153672,-166.31100668389038
19.41941941941942,959.1972690749066,-1325.6660667676806,49.39371504153672,-166.5112068840906
19.43943943943944,960.1861322389013,-1328.999624463058,49.39371504153672,-166.7114070842908
19.45945945945946,961.1749954028961,-1332.337190170451,49.39371504153672,-166.91160728449103
19.47947947947948,962.1638585668909,-1335.6787638898604,49.39371504153672,-167.11180748469124
19.4994994994995,963.1527217308857,-1339.0243456212856,49.39371504153672,-167.31200768489146
19.51951951951952,964.1415848948805,-1342.373935364727,49.39371504153672,-167.51220788509167
19.53953953953954,965.1304480588752,-1345.7275331201843,49.39371504153672,-167.71240808529188
19.55955955955956,966.11931122287,-1349.0851388876576,49.39371504153672,-167.9126082854921
19.57957957957958,967.1081743868648,-1352.446752667147,49.39371504153672,-168.1128084856923
19.5995995995996,968.0970375508596,-1355.8123744586524,49.39371504153672,-168.31300868589253
19.61961961961962,969.0859007148543,-1359.1820042621737,49.39371504153672,-168.51320888609274
19.63963963963964,970.0747638788491,-1362.5556420777111,49.39371504153672,-168.71340908629296
19.65965965965966,971.0636270428439,-1365.9332879052645,49.39371504153672,-168.91360928649317
19.67967967967968,972.0524902068387,-1369.314941744834,49.39371504153672,-169.11380948669338
19.6996996996997,973.0413533708335,-1372.7006035964193,49.39371504153672,-169.3140096868936
19.71971971971972,974.0302165348282,-1376.0902734600209,49.39371504153672,-169.5142098870938
19.73973973973974,975.019079698823,-1379.4839513356383,49.39371504153672,-169.71441008729403
19.75975975975976,976.0079428628178,-1382.8816372232718,49.39371504153672,-169.91461028749424
19.77977977977978,976.9968060268126,-1386.2833311229213,49.39371504153672,-170.11481048769446
19.7997997997998,977.9856691908074,-1389.6890330345868,49.39371504153672,-170.31501068789467
19.81981981981982,978.9745323548021,-1393.0987429582683,49.39371504153672,-170.51521088809488
19.83983983983984,979.9633955187969,-1396.512460893966,49.39371504153672,-170.7154110882951
19.85985985985986,980.9522586827917,-1399.9301868416794,49.39371504153672,-170.9156112884953
19.87987987987988,981.9411218467865,-1403.351920801409,49.39371504153672,-171.11581148869553
19.8998998998999,982.9299850107813,-1406.7776627731548,49.39371504153672,-171.31601168889574
19.91991991991992,983.918848174776,-1410.2074127569165,49.39371504153672,-171.51621188909596
19.93993993993994,984.9077113387708,-1413.6411707526943,49.39371504153672,-171.71641208929617
19.95995995995996,985.8965745027656,-1417.078936760488,49.39371504153672,-171.91661228949638
19.97997997997998,986.8854376667604,-1420.5207107802978,49.39371504153672,-172.1168124896966
20.0,987.8743008307551,-1423.9664928121235,49.39371504153672,-172.3170126898968
