t,xpos,ypos,vx,vy
0.0,0.0,21.354961104969217,40.95383690003215,59.67237855053958
0.02002002002002002,0.8198966346352783,22.54960331819323,40.95383690003215,59.47217835033938
0.04004004004004004,1.6397932692705566,23.740237519401227,40.95383690003215,59.27197815013918
0.06006006006006006,2.4596899039058346,24.926863708593203,40.95383690003215,59.071777949938976
0.08008008008008008,3.279586538541113,26.109481885769156,40.95383690003215,58.871577749738776
0.10010010010010009,4.099483173176392,27.28809205092909,40.95383690003215,58.671377549538576
0.12012012012012012,4.91937980781167,28.462694204073006,40.95383690003215,58.471177349338376
0.14014014014014015,5.739276442446949,29.633288345200903,40.95383690003215,58.270977149138176
0.16016016016016016,6.559173077082227,30.799874474312777,40.95383690003215,58.070776948937976
0.18018018018018017,7.379069711717506,31.96245259140863,40.95383690003215,57.870576748737776
0.20020020020020018,8.198966346352783,33.12102269648847,40.95383690003215,57.670376548537575
0.22022022022022023,9.018862980988061,34.27558478955228,40.95383690003215,57.470176348337375
0.24024024024024024,9.838759615623339,35.42613887060008,40.95383690003215,57.269976148137175
0.2602602602602603,10.658656250258616,36.572684939631856,40.95383690003215,57.069775947936975
0.2802802802802803,11.478552884893894,37.71522299664761,40.95383690003215,56.869575747736775
0.3003003003003003,12.298449519529171,38.853753041647344,40.95383690003215,56.669375547536575
0.3203203203203203,13.118346154164449,39.98827507463106,40.95383690003215,56.469175347336375
0.3403403403403404,13.938242788799727,41.11878909559876,40.95383690003215,56.268975147136175
0.36036036036036034,14.758139423435004,42.24529510455043,40.95383690003215,56.068774946935974
0.3803803803803804,15.578036058070282,43.367793101486086,40.95383690003215,55.868574746735774
0.40040040040040037,16.39793269270556,44.48628308640572,40.95383690003215,55.668374546535574
0.42042042042042044,17.217829327340837,45.60076505930934,40.95383690003215,55.468174346335374
0.44044044044044045,18.037725961976115,46.711239020196935,40.95383690003215,55.267974146135174
0.4604604604604605,18.857622596611392,47.81770496906851,40.95383690003215,55.067773945934974
0.4804804804804805,19.67751923124667,48.920162905924066,40.95383690003215,54.867573745734774
0.5005005005005005,20.497415865881948,50.0186128307636,40.95383690003215,54.66737354553457
0.5205205205205206,21.317312500517225,51.113054743587114,40.95383690003215,54.46717334533437
0.5405405405405406,22.137209135152503,52.20348864439461,40.95383690003215,54.26697314513417
0.5605605605605606,22.95710576978778,53.289914533186085,40.95383690003215,54.06677294493397
0.5805805805805806,23.777002404423058,54.37233240996154,40.95383690003215,53.86657274473377
0.6006006006006006,24.596899039058336,55.45074227472097,40.95383690003215,53.66637254453357
0.6206206206206206,25.416795673693613,56.52514412746439,40.95383690003215,53.46617234433337
0.6406406406406406,26.23669230832889,57.595537968191785,40.95383690003215,53.26597214413317
0.6606606606606606,27.05658894296417,58.66192379690316,40.95383690003215,53.06577194393297
0.6806806806806808,27.876485577599446,59.72430161359851,40.95383690003215,52.86557174373277
0.7007007007007007,28.696382212234724,60.78267141827785,40.95383690003215,52.66537154353257
0.7207207207207207,29.51627884687,61.837033210941165,40.95383690003215,52.46517134333237
0.7407407407407407,30.33617548150528,62.88738699158846,40.95383690003215,52.26497114313217
0.7607607607607608,31.156072116140557,63.93373276021973,40.95383690003215,52.06477094293197
0.7807807807807808,31.975968750775834,64.976070516835,40.95383690003215,51.86457074273177
0.8008008008008007,32.79586538541111,66.01440026143423,40.95383690003215,51.66437054253157
0.8208208208208208,33.61576202004639,67.04872199401744,40.95383690003215,51.46417034233137
0.8408408408408409,34.43565865468167,68.07903571458463,40.95383690003215,51.26397014213117
0.8608608608608609,35.255555289316945,69.10534142313581,40.95383690003215,51.06376994193097
0.8808808808808809,36.07545192395222,70.12763911967096,40.95383690003215,50.86356974173077
0.9009009009009008,36.8953485585875,71.14592880419009,40.95383690003215,50.66336954153057
0.920920920920921,37.71524519322278,72.16021047669321,40.95383690003215,50.46316934133037
0.9409409409409409,38.535141827858055,73.17048413718031,40.95383690003215,50.26296914113017
0.960960960960961,39.35503846249333,74.17674978565138,40.95383690003215,50.06276894092997
0.980980980980981,40.17493509712861,75.17900742210644,40.95383690003215,49.86256874072977
1.001001001001001,40.99483173176389,76.17725704654548,40.95383690003215,49.66236854052957
1.021021021021021,41.814728366399166,77.17149865896849,40.95383690003215,49.46216834032937
1.0410410410410411,42.63462500103444,78.16173225937548,40.95383690003215,49.26196814012917
1.0610610610610611,43.45452163566972,79.14795784776646,40.95383690003215,49.06176793992897
1.0810810810810811,44.274418270305,80.13017542414141,40.95383690003215,48.86156773972877
1.1011011011011012,45.094314904940276,81.10838498850035,40.95383690003215,48.66136753952857
1.1211211211211212,45.914211539575554,82.08258654084327,40.95383690003215,48.46116733932837
1.1411411411411412,46.73410817421083,83.05278008117016,40.95383690003215,48.26096713912817
1.1611611611611612,47.55400480884611,84.01896560948103,40.95383690003215,48.06076693892797
1.1811811811811812,48.37390144348139,84.98114312577589,40.95383690003215,47.86056673872777
1.2012012012012012,49.193798078116664,85.93931263005472,40.95383690003215,47.66036653852757
1.2212212212212212,50.01369471275194,86.89347412231753,40.95383690003215,47.46016633832737
1.2412412412412412,50.83359134738722,87.84362760256433,40.95383690003215,47.25996613812717
1.2612612612612613,51.6534879820225,88.78977307079509,40.95383690003215,47.05976593792697
1.2812812812812813,52.473384616657775,89.73191052700984,40.95383690003215,46.85956573772677
1.3013013013013013,53.29328125129305,90.67003997120858,40.95383690003215,46.65936553752657
1.3213213213213213,54.11317788592833,91.6041614033913,40.95383690003215,46.45916533732637
1.3413413413413413,54.93307452056361,92.534274823558,40.95383690003215,46.25896513712617
1.3613613613613615,55.752971155198885,93.46038023170867,40.95383690003215,46.05876493692597
1.3813813813813813,56.57286778983416,94.38247762784333,40.95383690003215,45.85856473672577
1.4014014014014013,57.39276442446944,95.30056701196196,40.95383690003215,45.65836453652557
1.4214214214214214,58.21266105910472,96.21464838406457,40.95383690003215,45.45816433632537
1.4414414414414414,59.032557693739996,97.12472174415117,40.95383690003215,45.25796413612517
1.4614614614614616,59.85245432837527,98.03078709222174,40.95383690003215,45.05776393592497
1.4814814814814814,60.67235096301055,98.9328444282763,40.95383690003215,44.85756373572477
1.5015015015015014,61.49224759764583,99.83089375231484,40.95383690003215,44.65736353552457
1.5215215215215216,62.312144232281106,100.72493506433734,40.95383690003215,44.45716333532437
1.5415415415415414,63.132040866916384,101.61496836434384,40.95383690003215,44.25696313512417
1.5615615615615617,63.95193750155166,102.50099365233432,40.95383690003215,44.05676293492397
1.5815815815815815,64.77183413618694,103.38301092830876,40.95383690003215,43.85656273472377
1.6016016016016015,65.59173077082222,104.2610201922672,40.95383690003215,43.656362534523566
1.6216216216216217,66.41162740545751,105.13502144420961,40.95383690003215,43.456162334323366
1.6416416416416415,67.2315240400928,106.005014684136,40.95383690003215,43.255962134123166
1.6616616616616617,68.05142067472808,106.87099991204637,40.95383690003215,43.055761933922966
1.6816816816816818,68.87131730936336,107.73297712794073,40.95383690003215,42.855561733722766
1.7017017017017015,69.69121394399865,108.59094633181907,40.95383690003215,42.655361533522566
1.7217217217217218,70.51111057863393,109.44490752368138,40.95383690003215,42.455161333322366
1.7417417417417416,71.33100721326922,110.29486070352768,40.95383690003215,42.254961133122166
1.7617617617617618,72.1509038479045,111.14080587135795,40.95383690003215,42.054760932921965
1.7817817817817818,72.97080048253979,111.9827430271722,40.95383690003215,41.854560732721765
1.8018018018018016,73.79069711717507,112.82067217097044,40.95383690003215,41.654360532521565
1.8218218218218218,74.61059375181036,113.65459330275266,40.95383690003215,41.454160332321365
1.841841841841842,75.43049038644564,114.48450642251885,40.95383690003215,41.253960132121165
1.8618618618618619,76.25038702108093,115.31041153026902,40.95383690003215,41.053759931920965
1.8818818818818819,77.07028365571621,116.13230862600318,40.95383690003215,40.853559731720765
1.9019019019019017,77.8901802903515,116.95019770972131,40.95383690003215,40.653359531520564
1.921921921921922,78.71007692498678,117.76407878142342,40.95383690003215,40.453159331320364
1.9419419419419421,79.52997355962206,118.57395184110952,40.95383690003215,40.252959131120164
1.961961961961962,80.34987019425735,119.37981688877959,40.95383690003215,40.052758930919964
1.981981981981982,81.16976682889263,120.18167392443364,40.95383690003215,39.852558730719764
2.002002002002002,81.98966346352792,120.97952294807168,40.95383690003215,39.652358530519564
2.022022022022022,82.8095600981632,121.77336395969368,40.95383690003215,39.452158330319364
2.042042042042042,83.62945673279849,122.56319695929967,40.95383690003215,39.251958130119164
2.0620620620620618,84.44935336743377,123.34902194688965,40.95383690003215,39.05175792991896
2.0820820820820822,85.26925000206906,124.1308389224636,40.95383690003215,38.85155772971876
2.1021021021021022,86.08914663670434,124.90864788602153,40.95383690003215,38.65135752951856
2.1221221221221223,86.90904327133963,125.68244883756344,40.95383690003215,38.45115732931836
2.1421421421421423,87.72893990597491,126.45224177708934,40.95383690003215,38.25095712911816
2.1621621621621623,88.5488365406102,127.21802670459921,40.95383690003215,38.05075692891796
2.1821821821821823,89.36873317524548,127.97980362009307,40.95383690003215,37.85055672871776
2.2022022022022023,90.18862980988077,128.7375725235709,40.95383690003215,37.65035652851756
2.2222222222222223,91.00852644451605,129.4913334150327,40.95383690003215,37.45015632831736
2.2422422422422423,91.82842307915134,130.2410862944785,40.95383690003215,37.24995612811716
2.2622622622622623,92.64831971378662,130.98683116190827,40.95383690003215,37.04975592791696
2.2822822822822824,93.4682163484219,131.72856801732203,40.95383690003215,36.84955572771676
2.3023023023023024,94.28811298305719,132.46629686071978,40.95383690003215,36.64935552751656
2.3223223223223224,95.10800961769247,133.20001769210148,40.95383690003215,36.44915532731636
2.3423423423423424,95.92790625232776,133.92973051146717,40.95383690003215,36.24895512711616
2.3623623623623624,96.74780288696304,134.65543531881684,40.95383690003215,36.04875492691596
2.3823823823823824,97.56769952159833,135.3771321141505,40.95383690003215,35.84855472671576
2.4024024024024024,98.38759615623361,136.09482089746814,40.95383690003215,35.64835452651556
2.4224224224224224,99.2074927908689,136.80850166876976,40.95383690003215,35.44815432631536
2.4424424424424425,100.02738942550418,137.51817442805535,40.95383690003215,35.24795412611516
2.4624624624624625,100.84728606013947,138.2238391753249,40.95383690003215,35.04775392591496
2.4824824824824825,101.66718269477475,138.92549591057846,40.95383690003215,34.84755372571476
2.5025025025025025,102.48707932941004,139.623144633816,40.95383690003215,34.64735352551456
2.5225225225225225,103.30697596404532,140.31678534503752,40.95383690003215,34.44715332531436
2.5425425425425425,104.1268725986806,141.00641804424302,40.95383690003215,34.24695312511416
2.5625625625625625,104.94676923331589,141.69204273143248,40.95383690003215,34.04675292491396
2.5825825825825826,105.76666586795118,142.37365940660592,40.95383690003215,33.84655272471376
2.6026026026026026,106.58656250258646,143.05126806976335,40.95383690003215,33.64635252451356
2.6226226226226226,107.40645913722174,143.72486872090477,40.95383690003215,33.44615232431336
2.6426426426426426,108.22635577185703,144.39446136003016,40.95383690003215,33.24595212411316
2.6626626626626626,109.04625240649231,145.06004598713955,40.95383690003215,33.04575192391296
2.6826826826826826,109.8661490411276,145.7216226022329,40.95383690003215,32.84555172371276
2.7027027027027026,110.68604567576288,146.37919120531024,40.95383690003215,32.64535152351256
2.722722722722723,111.50594231039817,147.03275179637154,40.95383690003215,32.44515132331236
2.7427427427427427,112.32583894503345,147.68230437541683,40.95383690003215,32.24495112311216
2.7627627627627627,113.14573557966874,148.3278489424461,40.95383690003215,32.04475092291196
2.7827827827827827,113.96563221430402,148.96938549745937,40.95383690003215,31.84455072271176
2.8028028028028027,114.78552884893931,149.60691404045662,40.95383690003215,31.64435052251156
2.822822822822823,115.60542548357459,150.24043457143782,40.95383690003215,31.44415032231136
2.8428428428428427,116.42532211820988,150.869947090403,40.95383690003215,31.24395012211116
2.8628628628628627,117.24521875284516,151.49545159735217,40.95383690003215,31.04374992191096
2.8828828828828827,118.06511538748045,152.11694809228533,40.95383690003215,30.843549721710758
2.9029029029029028,118.88501202211573,152.73443657520247,40.95383690003215,30.643349521510558
2.922922922922923,119.70490865675102,153.3479170461036,40.95383690003215,30.443149321310358
2.942942942942943,120.5248052913863,153.95738950498867,40.95383690003215,30.242949121110158
2.962962962962963,121.34470192602159,154.56285395185773,40.95383690003215,30.042748920909958
2.982982982982983,122.16459856065687,155.16431038671078,40.95383690003215,29.842548720709758
3.003003003003003,122.98449519529215,155.7617588095478,40.95383690003215,29.642348520509557
3.0230230230230233,123.80439182992744,156.35519922036883,40.95383690003215,29.442148320309357
3.0430430430430433,124.62428846456272,156.94463161917383,40.95383690003215,29.241948120109157
3.063063063063063,125.44418509919801,157.53005600596282,40.95383690003215,29.041747919908957
3.083083083083083,126.2640817338333,158.11147238073576,40.95383690003215,28.841547719708757
3.103103103103103,127.08397836846858,158.6888807434927,40.95383690003215,28.641347519508557
3.1231231231231233,127.90387500310386,159.2622810942336,40.95383690003215,28.441147319308357
3.1431431431431434,128.72377163773913,159.8316734329585,40.95383690003215,28.240947119108156
3.163163163163163,129.54366827237442,160.39705775966738,40.95383690003215,28.040746918907956
3.183183183183183,130.3635649070097,160.95843407436024,40.95383690003215,27.840546718707756
3.203203203203203,131.183461541645,161.51580237703706,40.95383690003215,27.640346518507556
3.2232232232232234,132.00335817628027,162.06916266769787,40.95383690003215,27.440146318307356
3.2432432432432434,132.82325481091556,162.61851494634266,40.95383690003215,27.239946118107156
3.263263263263263,133.64315144555084,163.16385921297143,40.95383690003215,27.039745917906956
3.283283283283283,134.46304808018613,163.7051954675842,40.95383690003215,26.839545717706756
3.303303303303303,135.2829447148214,164.24252371018093,40.95383690003215,26.639345517506555
3.3233233233233235,136.1028413494567,164.77584394076163,40.95383690003215,26.439145317306355
3.3433433433433435,136.92273798409198,165.30515615932632,40.95383690003215,26.238945117106155
3.3633633633633635,137.74263461872727,165.83046036587498,40.95383690003215,26.038744916905955
3.383383383383383,138.56253125336255,166.35175656040764,40.95383690003215,25.838544716705755
3.403403403403403,139.38242788799784,166.86904474292427,40.95383690003215,25.638344516505555
3.4234234234234235,140.20232452263312,167.3823249134249,40.95383690003215,25.438144316305355
3.4434434434434436,141.0222211572684,167.89159707190947,40.95383690003215,25.237944116105155
3.4634634634634636,141.8421177919037,168.39686121837804,40.95383690003215,25.037743915904954
3.483483483483483,142.66201442653897,168.89811735283058,40.95383690003215,24.837543715704754
3.503503503503503,143.48191106117426,169.3953654752671,40.95383690003215,24.637343515504554
3.5235235235235236,144.30180769580954,169.88860558568763,40.95383690003215,24.437143315304354
3.5435435435435436,145.12170433044483,170.37783768409213,40.95383690003215,24.236943115104154
3.5635635635635636,145.9416009650801,170.8630617704806,40.95383690003215,24.036742914903954
3.583583583583583,146.7614975997154,171.34427784485305,40.95383690003215,23.836542714703754
3.603603603603603,147.58139423435068,171.82148590720948,40.95383690003215,23.636342514503554
3.6236236236236237,148.40129086898597,172.2946859575499,40.95383690003215,23.436142314303353
3.6436436436436437,149.22118750362125,172.76387799587428,40.95383690003215,23.235942114103153
3.6636636636636637,150.04108413825654,173.22906202218266,40.95383690003215,23.035741913902953
3.683683683683684,150.86098077289182,173.69023803647502,40.95383690003215,22.835541713702753
3.7037037037037033,151.6808774075271,174.14740603875134,40.95383690003215,22.635341513502553
3.7237237237237237,152.5007740421624,174.60056602901165,40.95383690003215,22.435141313302353
3.7437437437437437,153.32067067679768,175.04971800725593,40.95383690003215,22.234941113102153
3.7637637637637638,154.14056731143296,175.4948619734842,40.95383690003215,22.034740912901952
3.783783783783784,154.96046394606824,175.93599792769646,40.95383690003215,21.834540712701752
3.8038038038038033,155.78036058070353,176.3731258698927,40.95383690003215,21.634340512501552
3.823823823823824,156.60025721533881,176.8062458000729,40.95383690003215,21.434140312301352
3.843843843843844,157.4201538499741,177.23535771823708,40.95383690003215,21.233940112101152
3.863863863863864,158.24005048460938,177.66046162438525,40.95383690003215,21.033739911900952
3.8838838838838843,159.05994711924467,178.0815575185174,40.95383690003215,20.83353971170075
3.9039039039039034,159.87984375387995,178.49864540063354,40.95383690003215,20.63333951150055
3.923923923923924,160.69974038851524,178.91172527073365,40.95383690003215,20.43313931130035
3.943943943943944,161.51963702315052,179.32079712881776,40.95383690003215,20.23293911110015
3.963963963963964,162.3395336577858,179.72586097488582,40.95383690003215,20.03273891089995
3.9839839839839843,163.1594302924211,180.12691680893786,40.95383690003215,19.83253871069975
4.004004004004004,163.97932692705638,180.5239646309739,40.95383690003215,19.63233851049955
4.0240240240240235,164.79922356169166,180.9170044409939,40.95383690003215,19.43213831029935
4.044044044044044,165.61912019632695,181.3060362389979,40.95383690003215,19.23193811009915
4.064064064064064,166.43901683096223,181.6910600249859,40.95383690003215,19.03173790989895
4.084084084084084,167.25891346559752,182.07207579895783,40.95383690003215,18.83153770969875
4.104104104104104,168.0788101002328,182.44908356091375,40.95383690003215,18.63133750949855
4.1241241241241235,168.89870673486809,182.82208331085366,40.95383690003215,18.43113730929835
4.1441441441441444,169.71860336950337,183.19107504877755,40.95383690003215,18.23093710909815
4.1641641641641645,170.53850000413865,183.55605877468543,40.95383690003215,18.03073690889795
4.1841841841841845,171.35839663877394,183.9170344885773,40.95383690003215,17.83053670869775
4.2042042042042045,172.17829327340922,184.2740021904531,40.95383690003215,17.63033650849755
4.2242242242242245,172.9981899080445,184.6269618803129,40.95383690003215,17.43013630829735
4.2442442442442445,173.8180865426798,184.9759135581567,40.95383690003215,17.22993610809715
4.2642642642642645,174.63798317731508,185.32085722398446,40.95383690003215,17.02973590789695
4.2842842842842845,175.45787981195036,185.66179287779622,40.95383690003215,16.82953570769675
4.3043043043043046,176.27777644658565,185.99872051959196,40.95383690003215,16.62933550749655
4.324324324324325,177.09767308122093,186.33164014937168,40.95383690003215,16.42913530729635
4.344344344344345,177.91756971585622,186.66055176713536,40.95383690003215,16.22893510709615
4.364364364364365,178.7374663504915,186.98545537288302,40.95383690003215,16.02873490689595
4.384384384384385,179.5573629851268,187.30635096661467,40.95383690003215,15.828534706695748
4.404404404404405,180.37725961976207,187.6232385483303,40.95383690003215,15.628334506495548
4.424424424424425,181.19715625439736,187.93611811802992,40.95383690003215,15.428134306295348
4.444444444444445,182.01705288903264,188.24498967571353,40.95383690003215,15.227934106095148
4.464464464464465,182.83694952366793,188.54985322138108,40.95383690003215,15.027733905894948
4.484484484484485,183.6568461583032,188.85070875503263,40.95383690003215,14.827533705694748
4.504504504504505,184.4767427929385,189.14755627666815,40.95383690003215,14.627333505494548
4.524524524524525,185.29663942757378,189.44039578628767,40.95383690003215,14.427133305294348
4.544544544544545,186.11653606220906,189.72922728389116,40.95383690003215,14.226933105094147
4.564564564564565,186.93643269684435,190.01405076947864,40.95383690003215,14.026732904893947
4.584584584584585,187.75632933147963,190.29486624305008,40.95383690003215,13.826532704693747
4.604604604604605,188.57622596611492,190.5716737046055,40.95383690003215,13.626332504493547
4.624624624624625,189.3961226007502,190.8444731541449,40.95383690003215,13.426132304293347
4.644644644644645,190.2160192353855,191.1132645916683,40.95383690003215,13.225932104093147
4.664664664664665,191.03591587002077,191.37804801717567,40.95383690003215,13.025731903892947
4.684684684684685,191.85581250465606,191.63882343066703,40.95383690003215,12.825531703692747
4.704704704704705,192.67570913929134,191.89559083214237,40.95383690003215,12.625331503492546
4.724724724724725,193.49560577392663,192.14835022160167,40.95383690003215,12.425131303292346
4.744744744744745,194.3155024085619,192.39710159904496,40.95383690003215,12.224931103092146
4.764764764764765,195.1353990431972,192.64184496447223,40.95383690003215,12.024730902891946
4.784784784784785,195.95529567783248,192.88258031788348,40.95383690003215,11.824530702691746
4.804804804804805,196.77519231246777,193.11930765927872,40.95383690003215,11.624330502491546
4.824824824824825,197.59508894710305,193.35202698865794,40.95383690003215,11.424130302291346
4.844844844844845,198.41498558173834,193.58073830602112,40.95383690003215,11.223930102091145
4.864864864864865,199.23488221637362,193.80544161136828,40.95383690003215,11.023729901890945
4.884884884884885,200.0547788510089,194.02613690469943,40.95383690003215,10.823529701690745
4.904904904904905,200.8746754856442,194.24282418601456,40.95383690003215,10.623329501490545
4.924924924924925,201.69457212027947,194.45550345531367,40.95383690003215,10.423129301290345
4.944944944944945,202.51446875491476,194.66417471259678,40.95383690003215,10.222929101090145
4.964964964964965,203.33436538955004,194.86883795786383,40.95383690003215,10.022728900889945
4.984984984984985,204.15426202418533,195.06949319111487,40.95383690003215,9.822528700689745
5.005005005005005,204.9741586588206,195.2661404123499,40.95383690003215,9.622328500489544
5.025025025025025,205.7940552934559,195.4587796215689,40.95383690003215,9.422128300289344
5.045045045045045,206.61395192809118,195.6474108187719,40.95383690003215,9.221928100089144
5.065065065065065,207.43384856272647,195.83203400395888,40.95383690003215,9.021727899888944
5.085085085085085,208.25374519736175,196.01264917712984,40.95383690003215,8.821527699688744
5.105105105105105,209.07364183199704,196.18925633828476,40.95383690003215,8.621327499488544
5.125125125125125,209.89353846663232,196.36185548742367,40.95383690003215,8.421127299288344
5.145145145145145,210.7134351012676,196.53044662454656,40.95383690003215,8.220927099088144
5.165165165165165,211.5333317359029,196.69502974965343,40.95383690003215,8.020726898887943
5.185185185185185,212.35322837053818,196.8556048627443,40.95383690003215,7.820526698687743
5.205205205205205,213.17312500517346,197.01217196381913,40.95383690003215,7.620326498487543
5.225225225225225,213.99302163980875,197.16473105287793,40.95383690003215,7.420126298287343
5.245245245245245,214.81291827444403,197.3132821299207,40.95383690003215,7.219926098087143
5.265265265265265,215.63281490907931,197.45782519494747,40.95383690003215,7.019725897886943
5.285285285285285,216.4527115437146,197.59836024795823,40.95383690003215,6.819525697686743
5.305305305305305,217.27260817834988,197.73488728895296,40.95383690003215,6.6193254974865425
5.325325325325325,218.09250481298517,197.86740631793168,40.95383690003215,6.419125297286342
5.345345345345346,218.91240144762045,197.99591733489436,40.95383690003215,6.218925097086142
5.365365365365365,219.73229808225574,198.12042033984102,40.95383690003215,6.018724896885942
5.385385385385385,220.55219471689102,198.24091533277166,40.95383690003215,5.818524696685742
5.405405405405405,221.3720913515263,198.3574023136863,40.95383690003215,5.618324496485542
5.425425425425425,222.1919879861616,198.4698812825849,40.95383690003215,5.418124296285342
5.445445445445446,223.01188462079688,198.5783522394675,40.95383690003215,5.217924096085142
5.465465465465465,223.83178125543216,198.6828151843341,40.95383690003215,5.0177238958849415
5.485485485485485,224.65167789006745,198.78327011718463,40.95383690003215,4.817523695684741
5.505505505505505,225.47157452470273,198.87971703801915,40.95383690003215,4.617323495484541
5.525525525525525,226.29147115933802,198.97215594683766,40.95383690003215,4.417123295284341
5.545545545545546,227.1113677939733,199.06058684364015,40.95383690003215,4.216923095084141
5.565565565565565,227.93126442860859,199.14500972842663,40.95383690003215,4.016722894883941
5.585585585585585,228.75116106324387,199.2254246011971,40.95383690003215,3.8165226946837407
5.605605605605605,229.57105769787916,199.3018314619515,40.95383690003215,3.6163224944835406
5.625625625625625,230.39095433251444,199.3742303106899,40.95383690003215,3.4161222942833405
5.645645645645646,231.21085096714972,199.4426211474123,40.95383690003215,3.2159220940831403
5.665665665665665,232.030747601785,199.50700397211867,40.95383690003215,3.01572189388294
5.685685685685685,232.8506442364203,199.56737878480902,40.95383690003215,2.81552169368274
5.7057057057057055,233.67054087105558,199.62374558548336,40.95383690003215,2.61532149348254
5.7257257257257255,234.49043750569086,199.67610437414166,40.95383690003215,2.41512129328234
5.745745745745746,235.31033414032615,199.72445515078394,40.95383690003215,2.2149210930821397
5.7657657657657655,236.13023077496143,199.7687979154102,40.95383690003215,2.0147208928819396
5.7857857857857855,236.95012740959672,199.80913266802045,40.95383690003215,1.8145206926817394
5.8058058058058055,237.770024044232,199.8454594086147,40.95383690003215,1.6143204924815393
5.8258258258258255,238.5899206788673,199.8777781371929,40.95383690003215,1.4141202922813392
5.845845845845846,239.40981731350257,199.9060888537551,40.95383690003215,1.213920092081139
5.865865865865866,240.22971394813786,199.93039155830127,40.95383690003215,1.013719891880939
5.885885885885886,241.04961058277314,199.9506862508314,40.95383690003215,0.8135196916807388
5.905905905905906,241.86950721740843,199.96697293134554,40.95383690003215,0.6133194914805387
5.925925925925926,242.6894038520437,199.97925159984365,40.95383690003215,0.4131192912803385
5.9459459459459465,243.509300486679,199.98752225632575,40.95383690003215,0.2129190910801383
5.965965965965966,244.32919712131428,199.99178490079183,40.95383690003215,0.012718890879938105
5.9859859859859865,245.14909375594956,199.99203953324187,40.95383690003215,-0.18748130932026208
6.006006006006006,245.96899039058485,199.9882861536759,40.95383690003215,-0.38768150952046226
6.026026026026026,246.78888702522013,199.9805247620939,40.95383690003215,-0.5878817097206624
6.046046046046047,247.60878365985542,199.96875535849588,40.95383690003215,-0.7880819099208627
6.066066066066066,248.4286802944907,199.95297794288186,40.95383690003215,-0.9882821101210628
6.086086086086087,249.248576929126,199.93319251525182,40.95383690003215,-1.188482310321263
6.106106106106106,250.06847356376127,199.90939907560573,40.95383690003215,-1.388682510521463
6.126126126126126,250.88837019839656,199.88159762394363,40.95383690003215,-1.5888827107216632
6.146146146146147,251.70826683303184,199.84978816026552,40.95383690003215,-1.7890829109218633
6.166166166166166,252.52816346766713,199.8139706845714,40.95383690003215,-1.9892831111220635
6.186186186186187,253.3480601023024,199.77414519686124,40.95383690003215,-2.1894833113222636
6.206206206206206,254.1679567369377,199.73031169713508,40.95383690003215,-2.3896835115224637
6.226226226226226,254.98785337157298,199.6824701853929,40.95383690003215,-2.589883711722664
6.246246246246247,255.80775000620827,199.63062066163468,40.95383690003215,-2.790083911922864
6.266266266266266,256.6276466408435,199.57476312586044,40.95383690003215,-2.990284112123064
6.286286286286287,257.4475432754788,199.5148975780702,40.95383690003215,-3.1904843123232642
6.306306306306306,258.26743991011404,199.45102401826392,40.95383690003215,-3.3906845125234644
6.326326326326326,259.0873365447493,199.38314244644164,40.95383690003215,-3.5908847127236645
6.346346346346347,259.90723317938455,199.31125286260334,40.95383690003215,-3.7910849129238646
6.366366366366366,260.7271298140198,199.235355266749,40.95383690003215,-3.9912851131240648
6.386386386386387,261.54702644865506,199.15544965887864,40.95383690003215,-4.191485313324265
6.406406406406406,262.3669230832903,199.07153603899226,40.95383690003215,-4.3916855135244655
6.426426426426426,263.1868197179256,198.98361440708987,40.95383690003215,-4.591885713724666
6.446446446446447,264.00671635256083,198.89168476317147,40.95383690003215,-4.792085913924866
6.466466466466466,264.8266129871961,198.79574710723705,40.95383690003215,-4.992286114125066
6.486486486486487,265.64650962183134,198.69580143928658,40.95383690003215,-5.192486314325266
6.506506506506506,266.4664062564666,198.5918477593201,40.95383690003215,-5.392686514525466
6.526526526526526,267.28630289110185,198.4838860673376,40.95383690003215,-5.592886714725666
6.546546546546547,268.1061995257371,198.3719163633391,40.95383690003215,-5.793086914925866
6.566566566566566,268.92609616037237,198.25593864732457,40.95383690003215,-5.9932871151260665
6.586586586586587,269.7459927950076,198.13595291929403,40.95383690003215,-6.193487315326267
6.606606606606606,270.5658894296429,198.01195917924747,40.95383690003215,-6.393687515526467
6.626626626626627,271.38578606427814,197.88395742718487,40.95383690003215,-6.593887715726667
6.646646646646647,272.2056826989134,197.75194766310625,40.95383690003215,-6.794087915926867
6.666666666666666,273.02557933354865,197.61592988701162,40.95383690003215,-6.994288116127067
6.686686686686687,273.8454759681839,197.47590409890097,40.95383690003215,-7.194488316327267
6.706706706706706,274.66537260281916,197.3318702987743,40.95383690003215,-7.394688516527467
6.726726726726727,275.4852692374544,197.18382848663163,40.95383690003215,-7.5948887167276675
6.746746746746747,276.3051658720897,197.0317786624729,40.95383690003215,-7.795088916927868
6.766766766766766,277.12506250672493,196.87572082629816,40.95383690003215,-7.995289117128068
6.786786786786787,277.9449591413602,196.7156549781074,40.95383690003215,-8.195489317328269
6.806806806806806,278.76485577599544,196.55158111790064,40.95383690003215,-8.395689517528469
6.826826826826827,279.5847524106307,196.38349924567785,40.95383690003215,-8.595889717728669
6.846846846846847,280.40464904526596,196.21140936143905,40.95383690003215,-8.79608991792887
6.866866866866866,281.2245456799012,196.0353114651842,40.95383690003215,-8.99629011812907
6.886886886886887,282.04444231453647,195.85520555691335,40.95383690003215,-9.19649031832927
6.906906906906906,282.8643389491717,195.67109163662647,40.95383690003215,-9.39669051852947
6.926926926926927,283.684235583807,195.48296970432358,40.95383690003215,-9.59689071872967
6.946946946946947,284.50413221844224,195.29083976000467,40.95383690003215,-9.79709091892987
6.966966966966966,285.3240288530775,195.09470180366975,40.95383690003215,-9.99729111913007
6.986986986986987,286.14392548771275,194.89455583531878,40.95383690003215,-10.19749131933027
7.007007007007006,286.963822122348,194.6904018549518,40.95383690003215,-10.39769151953047
7.027027027027027,287.78371875698326,194.4822398625688,40.95383690003215,-10.59789171973067
7.047047047047047,288.6036153916185,194.2700698581698,40.95383690003215,-10.79809191993087
7.067067067067066,289.4235120262538,194.05389184175476,40.95383690003215,-10.99829212013107
7.087087087087087,290.24340866088903,193.83370581332372,40.95383690003215,-11.19849232033127
7.107107107107106,291.0633052955243,193.60951177287666,40.95383690003215,-11.39869252053147
7.127127127127127,291.88320193015954,193.38130972041355,40.95383690003215,-11.598892720731671
7.147147147147147,292.7030985647948,193.14909965593444,40.95383690003215,-11.799092920931871
7.167167167167166,293.52299519943006,192.9128815794393,40.95383690003215,-11.999293121132071
7.187187187187187,294.3428918340653,192.67265549092815,40.95383690003215,-12.199493321332271
7.207207207207206,295.16278846870057,192.42842139040098,40.95383690003215,-12.399693521532472
7.227227227227227,295.9826851033358,192.1801792778578,40.95383690003215,-12.599893721732672
7.247247247247247,296.8025817379711,191.92792915329858,40.95383690003215,-12.800093921932872
7.267267267267268,297.62247837260634,191.67167101672334,40.95383690003215,-13.000294122133072
7.287287287287287,298.4423750072416,191.41140486813208,40.95383690003215,-13.200494322333272
7.3073073073073065,299.26227164187685,191.1471307075248,40.95383690003215,-13.400694522533472
7.327327327327327,300.0821682765121,190.87884853490152,40.95383690003215,-13.600894722733672
7.347347347347347,300.90206491114736,190.60655835026222,40.95383690003215,-13.801094922933872
7.367367367367368,301.7219615457826,190.33026015360687,40.95383690003215,-14.001295123134073
7.387387387387387,302.5418581804179,190.0499539449355,40.95383690003215,-14.201495323334273
7.4074074074074066,303.36175481505313,189.76563972424813,40.95383690003215,-14.401695523534473
7.4274274274274275,304.1816514496884,189.47731749154474,40.95383690003215,-14.601895723734673
7.4474474474474475,305.00154808432364,189.18498724682533,40.95383690003215,-14.802095923934873
7.467467467467468,305.8214447189589,188.8886489900899,40.95383690003215,-15.002296124135073
7.4874874874874875,306.64134135359416,188.58830272133847,40.95383690003215,-15.202496324335273
7.507507507507507,307.4612379882294,188.28394844057098,40.95383690003215,-15.402696524535473
7.5275275275275275,308.28113462286467,187.97558614778748,40.95383690003215,-15.602896724735674
7.5475475475475475,309.1010312574999,187.66321584298797,40.95383690003215,-15.803096924935874
7.567567567567568,309.9209278921352,187.34683752617244,40.95383690003215,-16.003297125136076
7.587587587587588,310.74082452677044,187.0264511973409,40.95383690003215,-16.203497325336276
7.607607607607607,311.5607211614057,186.70205685649333,40.95383690003215,-16.403697525536476
7.627627627627628,312.38061779604095,186.37365450362972,40.95383690003215,-16.603897725736676
7.647647647647648,313.2005144306762,186.0412441387501,40.95383690003215,-16.804097925936876
7.6676676676676685,314.02041106531146,185.70482576185447,40.95383690003215,-17.004298126137076
7.687687687687688,314.8403076999467,185.3643993729428,40.95383690003215,-17.204498326337276
7.707707707707707,315.660204334582,185.01996497201515,40.95383690003215,-17.404698526537477
7.727727727727728,316.48010096921723,184.67152255907146,40.95383690003215,-17.604898726737677
7.747747747747748,317.2999976038525,184.31907213411174,40.95383690003215,-17.805098926937877
7.767767767767769,318.11989423848775,183.962613697136,40.95383690003215,-18.005299127138077
7.787787787787788,318.939790873123,183.60214724814423,40.95383690003215,-18.205499327338277
7.807807807807807,319.75968750775826,183.23767278713646,40.95383690003215,-18.405699527538477
7.827827827827828,320.5795841423935,182.86919031411267,40.95383690003215,-18.605899727738677
7.847847847847848,321.39948077702877,182.49669982907287,40.95383690003215,-18.806099927938877
7.867867867867869,322.219377411664,182.12020133201705,40.95383690003215,-19.006300128139078
7.887887887887888,323.0392740462993,181.73969482294518,40.95383690003215,-19.206500328339278
7.907907907907909,323.85917068093454,181.3551803018573,40.95383690003215,-19.406700528539478
7.927927927927928,324.6790673155698,180.9666577687534,40.95383690003215,-19.606900728739678
7.947947947947948,325.49896395020505,180.5741272236335,40.95383690003215,-19.807100928939878
7.967967967967969,326.3188605848403,180.17758866649757,40.95383690003215,-20.007301129140078
7.987987987987988,327.13875721947556,179.77704209734563,40.95383690003215,-20.20750132934028
8.008008008008009,327.9586538541108,179.37248751617764,40.95383690003215,-20.40770152954048
8.028028028028029,328.7785504887461,178.96392492299364,40.95383690003215,-20.60790172974068
8.048048048048047,329.59844712338133,178.55135431779362,40.95383690003215,-20.80810192994088
8.068068068068069,330.4183437580166,178.1347757005776,40.95383690003215,-21.00830213014108
8.088088088088089,331.23824039265185,177.71418907134554,40.95383690003215,-21.20850233034128
8.108108108108109,332.0581370272871,177.28959443009748,40.95383690003215,-21.40870253054148
8.128128128128129,332.87803366192236,176.86099177683337,40.95383690003215,-21.60890273074168
8.148148148148147,333.6979302965576,176.42838111155325,40.95383690003215,-21.80910293094188
8.168168168168169,334.5178269311929,175.9917624342571,40.95383690003215,-22.00930313114208
8.188188188188189,335.3377235658281,175.55113574494496,40.95383690003215,-22.20950333134228
8.208208208208209,336.1576202004634,175.1065010436168,40.95383690003215,-22.40970353154248
8.228228228228229,336.97751683509864,174.6578583302726,40.95383690003215,-22.60990373174268
8.248248248248247,337.7974134697339,174.2052076049124,40.95383690003215,-22.81010393194288
8.268268268268269,338.61731010436915,173.74854886753616,40.95383690003215,-23.01030413214308
8.288288288288289,339.4372067390044,173.2878821181439,40.95383690003215,-23.21050433234328
8.308308308308309,340.25710337363967,172.82320735673562,40.95383690003215,-23.41070453254348
8.328328328328329,341.0770000082749,172.35452458331133,40.95383690003215,-23.61090473274368
8.348348348348347,341.8968966429102,171.88183379787102,40.95383690003215,-23.81110493294388
8.368368368368369,342.71679327754543,171.4051350004147,40.95383690003215,-24.01130513314408
8.388388388388389,343.5366899121807,170.92442819094234,40.95383690003215,-24.21150533334428
8.408408408408409,344.35658654681595,170.43971336945395,40.95383690003215,-24.41170553354448
8.428428428428429,345.1764831814512,169.95099053594956,40.95383690003215,-24.61190573374468
8.448448448448449,345.99637981608646,169.45825969042914,40.95383690003215,-24.81210593394488
8.468468468468469,346.8162764507217,168.96152083289272,40.95383690003215,-25.01230613414508
8.488488488488489,347.636173085357,168.46077396334027,40.95383690003215,-25.21250633434528
8.508508508508509,348.45606971999223,167.95601908177179,40.95383690003215,-25.41270653454548
8.528528528528529,349.2759663546275,167.44725618818728,40.95383690003215,-25.612906734745682
8.548548548548549,350.09586298926274,166.93448528258676,40.95383690003215,-25.813106934945882
8.568568568568569,350.915759623898,166.41770636497023,40.95383690003215,-26.013307135146082
8.588588588588589,351.73565625853325,165.89691943533768,40.95383690003215,-26.213507335346282
8.608608608608609,352.5555528931685,165.3721244936891,40.95383690003215,-26.413707535546482
8.62862862862863,353.37544952780377,164.84332154002453,40.95383690003215,-26.613907735746682
8.64864864864865,354.195346162439,164.3105105743439,40.95383690003215,-26.814107935946883
8.66866866866867,355.0152427970743,163.77369159664727,40.95383690003215,-27.014308136147083
8.68868868868869,355.83513943170954,163.2328646069346,40.95383690003215,-27.214508336347283
8.70870870870871,356.6550360663448,162.68802960520594,40.95383690003215,-27.414708536547483
8.72872872872873,357.47493270098005,162.13918659146125,40.95383690003215,-27.614908736747683
8.74874874874875,358.2948293356153,161.58633556570055,40.95383690003215,-27.815108936947883
8.76876876876877,359.11472597025056,161.0294765279238,40.95383690003215,-28.015309137148083
8.78878878878879,359.9346226048858,160.46860947813104,40.95383690003215,-28.215509337348283
8.80880880880881,360.7545192395211,159.90373441632227,40.95383690003215,-28.415709537548484
8.82882882882883,361.57441587415633,159.33485134249747,40.95383690003215,-28.615909737748684
8.84884884884885,362.3943125087916,158.76196025665666,40.95383690003215,-28.816109937948884
8.86886886886887,363.21420914342684,158.18506115879984,40.95383690003215,-29.016310138149084
8.88888888888889,364.0341057780621,157.60415404892697,40.95383690003215,-29.216510338349284
8.90890890890891,364.85400241269735,157.0192389270381,40.95383690003215,-29.416710538549484
8.92892892892893,365.6738990473326,156.4303157931332,40.95383690003215,-29.616910738749684
8.94894894894895,366.49379568196787,155.83738464721228,40.95383690003215,-29.817110938949885
8.96896896896897,367.3136923166031,155.24044548927534,40.95383690003215,-30.017311139150085
8.98898898898899,368.1335889512384,154.6394983193224,40.95383690003215,-30.217511339350285
9.00900900900901,368.95348558587364,154.03454313735344,40.95383690003215,-30.417711539550485
9.02902902902903,369.7733822205089,153.42557994336843,40.95383690003215,-30.617911739750685
9.04904904904905,370.59327885514415,152.8126087373674,40.95383690003215,-30.818111939950885
9.06906906906907,371.4131754897794,152.19562951935038,40.95383690003215,-31.018312140151085
9.08908908908909,372.23307212441466,151.57464228931732,40.95383690003215,-31.218512340351285
9.10910910910911,373.0529687590499,150.94964704726826,40.95383690003215,-31.418712540551486
9.12912912912913,373.8728653936852,150.32064379320317,40.95383690003215,-31.618912740751686
9.14914914914915,374.69276202832043,149.68763252712205,40.95383690003215,-31.819112940951886
9.16916916916917,375.5126586629557,149.0506132490249,40.95383690003215,-32.01931314115209
9.18918918918919,376.33255529759094,148.40958595891175,40.95383690003215,-32.21951334135229
9.20920920920921,377.1524519322262,147.76455065678257,40.95383690003215,-32.41971354155249
9.22922922922923,377.97234856686146,147.1155073426374,40.95383690003215,-32.61991374175269
9.24924924924925,378.7922452014967,146.46245601647618,40.95383690003215,-32.82011394195289
9.26926926926927,379.61214183613197,145.80539667829893,40.95383690003215,-33.02031414215309
9.28928928928929,380.4320384707672,145.14432932810567,40.95383690003215,-33.22051434235329
9.30930930930931,381.2519351054025,144.4792539658964,40.95383690003215,-33.42071454255349
9.32932932932933,382.07183174003774,143.8101705916711,40.95383690003215,-33.62091474275369
9.34934934934935,382.891728374673,143.13707920542979,40.95383690003215,-33.82111494295389
9.36936936936937,383.71162500930825,142.45997980717246,40.95383690003215,-34.02131514315409
9.38938938938939,384.5315216439435,141.77887239689912,40.95383690003215,-34.22151534335429
9.40940940940941,385.35141827857876,141.09375697460973,40.95383690003215,-34.42171554355449
9.42942942942943,386.171314913214,140.40463354030433,40.95383690003215,-34.62191574375469
9.44944944944945,386.9912115478493,139.71150209398292,40.95383690003215,-34.82211594395489
9.46946946946947,387.81110818248453,139.01436263564548,40.95383690003215,-35.02231614415509
9.48948948948949,388.6310048171198,138.31321516529204,40.95383690003215,-35.22251634435529
9.50950950950951,389.45090145175504,137.60805968292257,40.95383690003215,-35.42271654455549
9.52952952952953,390.2707980863903,136.89889618853707,40.95383690003215,-35.62291674475569
9.54954954954955,391.09069472102556,136.18572468213554,40.95383690003215,-35.82311694495589
9.56956956956957,391.9105913556608,135.468545163718,40.95383690003215,-36.02331714515609
9.58958958958959,392.73048799029607,134.74735763328445,40.95383690003215,-36.22351734535629
9.60960960960961,393.5503846249313,134.02216209083488,40.95383690003215,-36.42371754555649
9.62962962962963,394.3702812595666,133.2929585363693,40.95383690003215,-36.62391774575669
9.64964964964965,395.19017789420184,132.55974696988767,40.95383690003215,-36.82411794595689
9.66966966966967,396.0100745288371,131.82252739139003,40.95383690003215,-37.02431814615709
9.68968968968969,396.82997116347235,131.08129980087637,40.95383690003215,-37.22451834635729
9.70970970970971,397.6498677981076,130.3360641983467,40.95383690003215,-37.42471854655749
9.72972972972973,398.46976443274286,129.586820583801,40.95383690003215,-37.62491874675769
9.74974974974975,399.2896610673781,128.8335689572393,40.95383690003215,-37.82511894695789
9.76976976976977,400.1095577020134,128.07630931866157,40.95383690003215,-38.02531914715809
9.78978978978979,400.92945433664863,127.31504166806782,40.95383690003215,-38.22551934735829
9.80980980980981,401.7493509712839,126.54976600545804,40.95383690003215,-38.425719547558494
9.82982982982983,402.56924760591914,125.78048233083224,40.95383690003215,-38.625919747758694
9.84984984984985,403.3891442405544,125.00719064419043,40.95383690003215,-38.826119947958894
9.86986986986987,404.20904087518966,124.22989094553259,40.95383690003215,-39.026320148159094
9.88988988988989,405.0289375098249,123.44858323485873,40.95383690003215,-39.226520348359294
9.90990990990991,405.84883414446017,122.66326751216886,40.95383690003215,-39.426720548559494
9.92992992992993,406.6687307790954,121.87394377746296,40.95383690003215,-39.626920748759694
9.94994994994995,407.4886274137307,121.08061203074104,40.95383690003215,-39.827120948959895
9.96996996996997,408.30852404836594,120.2832722720031,40.95383690003215,-40.027321149160095
9.98998998998999,409.1284206830012,119.48192450124915,40.95383690003215,-40.227521349360295
10.01001001001001,409.94831731763645,118.67656871847917,40.95383690003215,-40.427721549560495
10.03003003003003,410.7682139522717,117.86720492369318,40.95383690003215,-40.627921749760695
10.05005005005005,411.58811058690696,117.05383311689117,40.95383690003215,-40.828121949960895
10.07007007007007,412.4080072215422,116.23645329807313,40.95383690003215,-41.028322150161095
10.09009009009009,413.2279038561775,115.41506546723907,40.95383690003215,-41.228522350361295
10.11011011011011,414.04780049081273,114.589669624389,40.95383690003215,-41.428722550561496
10.13013013013013,414.867697125448,113.7602657695229,40.95383690003215,-41.628922750761696
10.15015015015015,415.68759376008325,112.92685390264079,40.95383690003215,-41.829122950961896
10.17017017017017,416.5074903947185,112.08943402374265,40.95383690003215,-42.029323151162096
10.19019019019019,417.32738702935376,111.2480061328285,40.95383690003215,-42.229523351362296
10.21021021021021,418.147283663989,110.40257022989832,40.95383690003215,-42.429723551562496
10.23023023023023,418.96718029862427,109.55312631495212,40.95383690003215,-42.629923751762696
10.25025025025025,419.7870769332595,108.6996743879899,40.95383690003215,-42.8301239519629
10.27027027027027,420.6069735678948,107.84221444901166,40.95383690003215,-43.0303241521631
10.29029029029029,421.42687020253004,106.98074649801741,40.95383690003215,-43.2305243523633
10.31031031031031,422.2467668371653,106.11527053500713,40.95383690003215,-43.4307245525635
10.33033033033033,423.06666347180055,105.24578655998083,40.95383690003215,-43.6309247527637
10.35035035035035,423.8865601064358,104.37229457293851,40.95383690003215,-43.8311249529639
10.37037037037037,424.70645674107107,103.49479457388018,40.95383690003215,-44.0313251531641
10.39039039039039,425.5263533757063,102.61328656280583,40.95383690003215,-44.2315253533643
10.41041041041041,426.3462500103416,101.72777053971545,40.95383690003215,-44.4317255535645
10.43043043043043,427.16614664497683,100.83824650460906,40.95383690003215,-44.6319257537647
10.45045045045045,427.9860432796121,99.94471445748664,40.95383690003215,-44.8321259539649
10.47047047047047,428.80593991424735,99.0471743983482,40.95383690003215,-45.0323261541651
10.49049049049049,429.6258365488826,98.14562632719375,40.95383690003215,-45.2325263543653
10.51051051051051,430.44573318351786,97.24007024402327,40.95383690003215,-45.4327265545655
10.53053053053053,431.2656298181531,96.33050614883678,40.95383690003215,-45.6329267547657
10.55055055055055,432.0855264527884,95.41693404163426,40.95383690003215,-45.8331269549659
10.57057057057057,432.9054230874236,94.49935392241572,40.95383690003215,-46.0333271551661
10.59059059059059,433.7253197220589,93.57776579118116,40.95383690003215,-46.2335273553663
10.61061061061061,434.54521635669414,92.65216964793059,40.95383690003215,-46.4337275555665
10.63063063063063,435.3651129913294,91.72256549266399,40.95383690003215,-46.6339277557667
10.65065065065065,436.18500962596465,90.78895332538137,40.95383690003215,-46.8341279559669
10.67067067067067,437.0049062605999,89.85133314608274,40.95383690003215,-47.0343281561671
10.690690690690692,437.82480289523517,88.90970495476807,40.95383690003215,-47.2345283563673
10.71071071071071,438.6446995298704,87.9640687514374,40.95383690003215,-47.4347285565675
10.73073073073073,439.4645961645057,87.0144245360907,40.95383690003215,-47.6349287567677
10.75075075075075,440.28449279914093,86.06077230872799,40.95383690003215,-47.8351289569679
10.77077077077077,441.1043894337762,85.10311206934925,40.95383690003215,-48.0353291571681
10.790790790790792,441.92428606841145,84.1414438179545,40.95383690003215,-48.2355293573683
10.81081081081081,442.7441827030467,83.17576755454373,40.95383690003215,-48.4357295575685
10.83083083083083,443.56407933768196,82.20608327911692,40.95383690003215,-48.6359297577687
10.85085085085085,444.3839759723172,81.23239099167411,40.95383690003215,-48.8361299579689
10.87087087087087,445.2038726069525,80.25469069221528,40.95383690003215,-49.0363301581691
10.890890890890892,446.02376924158773,79.27298238074042,40.95383690003215,-49.2365303583693
10.91091091091091,446.843665876223,78.28726605724954,40.95383690003215,-49.4367305585695
10.93093093093093,447.66356251085824,77.29754172174265,40.95383690003215,-49.6369307587697
10.95095095095095,448.4834591454935,76.30380937421972,40.95383690003215,-49.8371309589699
10.97097097097097,449.30335578012875,75.30606901468079,40.95383690003215,-50.0373311591701
10.990990990990992,450.123252414764,74.30432064312583,40.95383690003215,-50.2375313593703
11.01101101101101,450.94314904939927,73.29856425955485,40.95383690003215,-50.4377315595705
11.03103103103103,451.7630456840345,72.28879986396785,40.95383690003215,-50.6379317597707
11.05105105105105,452.5829423186698,71.27502745636484,40.95383690003215,-50.8381319599709
11.07107107107107,453.40283895330504,70.2572470367458,40.95383690003215,-51.0383321601711
11.091091091091092,454.2227355879403,69.23545860511074,40.95383690003215,-51.2385323603713
11.11111111111111,455.04263222257555,68.20966216145966,40.95383690003215,-51.4387325605715
11.13113113113113,455.8625288572108,67.17985770579257,40.95383690003215,-51.6389327607717
11.15115115115115,456.68242549184606,66.14604523810945,40.95383690003215,-51.8391329609719
11.17117117117117,457.5023221264813,65.10822475841032,40.95383690003215,-52.0393331611721
11.191191191191193,458.3222187611166,64.06639626669516,40.95383690003215,-52.2395333613723
11.21121121121121,459.14211539575183,63.020559762963984,40.95383690003215,-52.4397335615725
11.23123123123123,459.9620120303871,61.97071524721679,40.95383690003215,-52.6399337617727
11.25125125125125,460.78190866502234,60.91686271945357,40.95383690003215,-52.8401339619729
11.27127127127127,461.6018052996576,59.859002179674334,40.95383690003215,-53.0403341621731
11.291291291291293,462.42170193429286,58.79713362787908,40.95383690003215,-53.2405343623733
11.31131131131131,463.2415985689281,57.7312570640678,40.95383690003215,-53.4407345625735
11.33133133133133,464.06149520356337,56.6613724882405,40.95383690003215,-53.6409347627737
11.35135135135135,464.8813918381986,55.587479900397184,40.95383690003215,-53.841134962973904
11.37137137137137,465.7012884728339,54.509579300537844,40.95383690003215,-54.041335163174104
11.391391391391393,466.52118510746914,53.42767068866249,40.95383690003215,-54.241535363374304
11.411411411411411,467.3410817421044,52.34175406477111,40.95383690003215,-54.441735563574504
11.431431431431431,468.16097837673965,51.251829428863715,40.95383690003215,-54.641935763774704
11.451451451451451,468.9808750113749,50.1578967809403,40.95383690003215,-54.842135963974904
11.471471471471471,469.80077164601016,49.05995612100086,40.95383690003215,-55.042336164175104
11.491491491491493,470.6206682806454,47.958007449045404,40.95383690003215,-55.242536364375304
11.511511511511511,471.4405649152807,46.852050765073926,40.95383690003215,-55.442736564575505
11.531531531531531,472.26046154991593,45.742086069086426,40.95383690003215,-55.642936764775705
11.551551551551551,473.0803581845512,44.62811336108291,40.95383690003215,-55.843136964975905
11.571571571571571,473.90025481918644,43.51013264106337,40.95383690003215,-56.043337165176105
11.591591591591593,474.7201514538217,42.38814390902781,40.95383690003215,-56.243537365376305
11.611611611611611,475.54004808845696,41.262147164976234,40.95383690003215,-56.443737565576505
11.631631631631631,476.3599447230922,40.132142408908635,40.95383690003215,-56.643937765776705
11.651651651651651,477.17984135772747,38.99812964082502,40.95383690003215,-56.844137965976905
11.671671671671671,477.9997379923627,37.86010886072538,40.95383690003215,-57.044338166177106
11.691691691691693,478.819634626998,36.71808006860972,40.95383690003215,-57.244538366377306
11.711711711711711,479.63953126163324,35.57204326447805,40.95383690003215,-57.444738566577506
11.731731731731731,480.4594278962685,34.42199844833035,40.95383690003215,-57.644938766777706
11.751751751751751,481.27932453090375,33.26794562016663,40.95383690003215,-57.845138966977906
11.771771771771771,482.099221165539,32.10988477998689,40.95383690003215,-58.045339167178106
11.791791791791793,482.91911780017426,30.947815927791133,40.95383690003215,-58.245539367378306
11.811811811811811,483.7390144348095,29.781739063579355,40.95383690003215,-58.44573956757851
11.831831831831831,484.5589110694448,28.611654187351558,40.95383690003215,-58.64593976777871
11.851851851851851,485.37880770408003,27.43756129910774,40.95383690003215,-58.84613996797891
11.871871871871871,486.1987043387153,26.259460398847903,40.95383690003215,-59.04634016817911
11.891891891891893,487.01860097335054,25.077351486572045,40.95383690003215,-59.24654036837931
11.911911911911911,487.8384976079858,23.891234562280168,40.95383690003215,-59.44674056857951
11.931931931931931,488.65839424262106,22.70110962597227,40.95383690003215,-59.64694076877971
11.951951951951951,489.4782908772563,21.50697667764835,40.95383690003215,-59.84714096897991
11.971971971971973,490.29818751189157,20.308835717308412,40.95383690003215,-60.04734116918011
11.991991991991993,491.1180841465268,19.106686744952455,40.95383690003215,-60.24754136938031
12.012012012012011,491.9379807811621,17.900529760580476,40.95383690003215,-60.44774156958051
12.032032032032031,492.75787741579734,16.690364764192477,40.95383690003215,-60.64794176978071
12.052052052052051,493.5777740504326,15.47619175578846,40.95383690003215,-60.84814196998091
12.072072072072073,494.39767068506785,14.258010735368421,40.95383690003215,-61.04834217018111
12.092092092092093,495.2175673197031,13.035821702932363,40.95383690003215,-61.24854237038131
12.112112112112111,496.03746395433836,11.809624658480285,40.95383690003215,-61.44874257058151
12.132132132132131,496.8573605889736,10.579419602012187,40.95383690003215,-61.64894277078171
12.152152152152151,497.6772572236089,9.345206533528069,40.95383690003215,-61.84914297098191
12.172172172172173,498.49715385824413,8.106985453027931,40.95383690003215,-62.04934317118211
12.192192192192193,499.3170504928794,6.864756360511773,40.95383690003215,-62.24954337138231
12.212212212212211,500.13694712751465,5.618519255979595,40.95383690003215,-62.44974357158251
12.232232232232231,500.9568437621499,4.368274139431397,40.95383690003215,-62.64994377178271
12.252252252252251,501.77674039678516,3.1140210108671784,40.95383690003215,-62.85014397198291
12.272272272272273,502.5966370314204,1.85575987028694,40.95383690003215,-63.05034417218311
12.292292292292293,503.41653366605567,0.5934907176906816,40.95383690003215,-63.25054437238331
12.312312312312311,504.2364303006909,-0.6727864469215967,40.95383690003215,-63.45074457258351
12.332332332332332,505.0563269353262,-1.9430716235498953,40.95383690003215,-63.65094477278371
12.352352352352352,505.87622356996144,-3.217364812194214,40.95383690003215,-63.85114497298391
12.372372372372373,506.6961202045967,-4.495666012854553,40.95383690003215,-64.05134517318412
12.392392392392393,507.51601683923195,-5.777975225530912,40.95383690003215,-64.25154537338432
12.412412412412412,508.3359134738672,-7.064292450223291,40.95383690003215,-64.45174557358452
12.432432432432432,509.15581010850246,-8.35461768693169,40.95383690003215,-64.65194577378472
12.452452452452452,509.9757067431377,-9.648950935656108,40.95383690003215,-64.85214597398492
12.472472472472473,510.795603377773,-10.947292196396546,40.95383690003215,-65.05234617418512
12.492492492492493,511.61550001240823,-12.249641469153005,40.95383690003215,-65.25254637438532
12.512512512512512,512.4353966470435,-13.555998753925484,40.95383690003215,-65.45274657458552
12.532532532532532,513.2552932816787,-14.866364050713983,40.95383690003215,-65.65294677478572
12.552552552552552,514.075189916314,-16.180737359518503,40.95383690003215,-65.85314697498592
12.572572572572573,514.8950865509493,-17.49911868033904,40.95383690003215,-66.05334717518612
12.592592592592593,515.7149831855845,-18.8215080131756,40.95383690003215,-66.25354737538632
12.612612612612612,516.5348798202198,-20.14790535802818,40.95383690003215,-66.45374757558652
12.632632632632632,517.354776454855,-21.47831071489678,40.95383690003215,-66.65394777578672
12.652652652652652,518.1746730894903,-22.812724083781397,40.95383690003215,-66.85414797598692
12.672672672672673,518.9945697241255,-24.151145464682035,40.95383690003215,-67.05434817618712
12.692692692692694,519.8144663587608,-25.493574857598695,40.95383690003215,-67.25454837638732
12.712712712712712,520.634362993396,-26.840012262531374,40.95383690003215,-67.45474857658752
12.732732732732732,521.4542596280313,-28.190457679480073,40.95383690003215,-67.65494877678772
12.752752752752752,522.2741562626666,-29.544911108444794,40.95383690003215,-67.85514897698792
12.772772772772774,523.0940528973018,-30.903372549425534,40.95383690003215,-68.05534917718812
12.792792792792794,523.9139495319371,-32.26584200242229,40.95383690003215,-68.25554937738832
12.812812812812812,524.7338461665723,-33.63231946743507,40.95383690003215,-68.45574957758852
12.832832832832832,525.5537428012076,-35.00280494446387,40.95383690003215,-68.65594977778872
12.852852852852852,526.3736394358428,-36.377298433508685,40.95383690003215,-68.85614997798892
12.872872872872874,527.1935360704781,-37.755799934569524,40.95383690003215,-69.05635017818912
12.892892892892894,528.0134327051134,-39.138309447646385,40.95383690003215,-69.25655037838932
12.912912912912912,528.8333293397486,-40.52482697273926,40.95383690003215,-69.45675057858952
12.932932932932932,529.6532259743839,-41.91535250984816,40.95383690003215,-69.65695077878972
12.952952952952952,530.4731226090191,-43.309886058973085,40.95383690003215,-69.85715097898992
12.972972972972974,531.2930192436544,-44.70842762011402,40.95383690003215,-70.05735117919012
12.992992992992994,532.1129158782896,-46.11097719327098,40.95383690003215,-70.25755137939032
13.013013013013012,532.9328125129249,-47.51753477844396,40.95383690003215,-70.45775157959052
13.033033033033032,533.7527091475602,-48.92810037563296,40.95383690003215,-70.65795177979072
13.053053053053052,534.5726057821954,-50.34267398483798,40.95383690003215,-70.85815197999092
13.073073073073074,535.3925024168307,-51.76125560605902,40.95383690003215,-71.05835218019112
13.093093093093094,536.2123990514659,-53.183845239296076,40.95383690003215,-71.25855238039132
13.113113113113112,537.0322956861012,-54.61044288454916,40.95383690003215,-71.45875258059152
13.133133133133132,537.8521923207364,-56.041048541818256,40.95383690003215,-71.65895278079172
13.153153153153154,538.6720889553717,-57.475662211103376,40.95383690003215,-71.85915298099192
13.173173173173174,539.491985590007,-58.91428389240452,40.95383690003215,-72.05935318119212
13.193193193193194,540.3118822246422,-60.35691358572168,40.95383690003215,-72.25955338139232
13.213213213213212,541.1317788592775,-61.80355129105486,40.95383690003215,-72.45975358159252
13.233233233233232,541.9516754939127,-63.254197008404056,40.95383690003215,-72.65995378179272
13.253253253253254,542.771572128548,-64.70885073776928,40.95383690003215,-72.86015398199292
13.273273273273274,543.5914687631832,-66.16751247915052,40.95383690003215,-73.06035418219312
13.293293293293294,544.4113653978185,-67.63018223254778,40.95383690003215,-73.26055438239332
13.313313313313312,545.2312620324537,-69.09685999796106,40.95383690003215,-73.46075458259352
13.333333333333332,546.051158667089,-70.56754577539036,40.95383690003215,-73.66095478279372
13.353353353353354,546.8710553017243,-72.04223956483568,40.95383690003215,-73.86115498299392
13.373373373373374,547.6909519363595,-73.52094136629702,40.95383690003215,-74.06135518319412
13.393393393393394,548.5108485709948,-75.00365117977438,40.95383690003215,-74.26155538339432
13.413413413413412,549.33074520563,-76.49036900526777,40.95383690003215,-74.46175558359452
13.433433433433432,550.1506418402653,-77.98109484277717,40.95383690003215,-74.66195578379472
13.453453453453454,550.9705384749005,-79.47582869230258,40.95383690003215,-74.86215598399492
13.473473473473474,551.7904351095358,-80.97457055384402,40.95383690003215,-75.06235618419512
13.493493493493494,552.610331744171,-82.47732042740148,40.95383690003215,-75.26255638439532
13.513513513513512,553.4302283788063,-83.98407831297496,40.95383690003215,-75.46275658459552
13.533533533533532,554.2501250134416,-85.49484421056445,40.95383690003215,-75.66295678479572
13.553553553553554,555.0700216480768,-87.00961812016997,40.95383690003215,-75.86315698499592
13.573573573573574,555.8899182827121,-88.52840004179151,40.95383690003215,-76.06335718519612
13.593593593593594,556.7098149173473,-90.05118997542907,40.95383690003215,-76.26355738539633
13.613613613613612,557.5297115519826,-91.57798792108265,40.95383690003215,-76.46375758559653
13.633633633633632,558.3496081866178,-93.10879387875225,40.95383690003215,-76.66395778579673
13.653653653653654,559.1695048212531,-94.64360784843787,40.95383690003215,-76.86415798599693
13.673673673673674,559.9894014558884,-96.18242983013951,40.95383690003215,-77.06435818619713
13.693693693693694,560.8092980905236,-97.72525982385717,40.95383690003215,-77.26455838639733
13.713713713713712,561.6291947251589,-99.27209782959085,40.95383690003215,-77.46475858659753
13.733733733733732,562.4490913597941,-100.82294384734055,40.95383690003215,-77.66495878679773
13.753753753753754,563.2689879944294,-102.37779787710627,40.95383690003215,-77.86515898699793
13.773773773773774,564.0888846290646,-103.93665991888801,40.95383690003215,-78.06535918719813
13.793793793793794,564.9087812636999,-105.49952997268578,40.95383690003215,-78.26555938739833
13.813813813813812,565.7286778983351,-107.06640803849956,40.95383690003215,-78.46575958759853
13.833833833833832,566.5485745329704,-108.63729411632936,40.95383690003215,-78.66595978779873
13.853853853853854,567.3684711676057,-110.21218820617518,40.95383690003215,-78.86615998799893
13.873873873873874,568.1883678022409,-111.79109030803703,40.95383690003215,-79.06636018819913
13.893893893893894,569.0082644368762,-113.37400042191489,40.95383690003215,-79.26656038839933
13.913913913913913,569.8281610715114,-114.96091854780876,40.95383690003215,-79.46676058859953
13.933933933933933,570.6480577061467,-116.55184468571866,40.95383690003215,-79.66696078879973
13.953953953953954,571.467954340782,-118.14677883564458,40.95383690003215,-79.86716098899993
13.973973973973974,572.2878509754172,-119.74572099758652,40.95383690003215,-80.06736118920013
13.993993993993994,573.1077476100525,-121.34867117154448,40.95383690003215,-80.26756138940033
14.014014014014013,573.9276442446877,-122.95562935751846,40.95383690003215,-80.46776158960053
14.034034034034033,574.747540879323,-124.56659555550846,40.95383690003215,-80.66796178980073
14.054054054054054,575.5674375139582,-126.18156976551448,40.95383690003215,-80.86816199000093
14.074074074074074,576.3873341485935,-127.80055198753652,40.95383690003215,-81.06836219020113
14.094094094094094,577.2072307832287,-129.4235422215746,40.95383690003215,-81.26856239040133
14.114114114114113,578.027127417864,-131.05054046762868,40.95383690003215,-81.46876259060153
14.134134134134133,578.8470240524993,-132.68154672569878,40.95383690003215,-81.66896279080173
14.154154154154154,579.6669206871345,-134.3165609957849,40.95383690003215,-81.86916299100193
14.174174174174174,580.4868173217698,-135.95558327788703,40.95383690003215,-82.06936319120213
14.194194194194194,581.306713956405,-137.59861357200518,40.95383690003215,-82.26956339140233
14.214214214214213,582.1266105910403,-139.24565187813937,40.95383690003215,-82.46976359160253
14.234234234234233,582.9465072256755,-140.89669819628958,40.95383690003215,-82.66996379180273
14.254254254254255,583.7664038603108,-142.5517525264558,40.95383690003215,-82.87016399200293
14.274274274274275,584.586300494946,-144.21081486863804,40.95383690003215,-83.07036419220313
14.294294294294295,585.4061971295813,-145.8738852228363,40.95383690003215,-83.27056439240333
14.314314314314313,586.2260937642166,-147.54096358905056,40.95383690003215,-83.47076459260353
14.334334334334333,587.0459903988518,-149.21204996728088,40.95383690003215,-83.67096479280373
14.354354354354355,587.8658870334871,-150.8871443575272,40.95383690003215,-83.87116499300393
14.374374374374375,588.6857836681223,-152.56624675978955,40.95383690003215,-84.07136519320413
14.394394394394395,589.5056803027576,-154.2493571740679,40.95383690003215,-84.27156539340433
14.414414414414413,590.3255769373928,-155.9364756003623,40.95383690003215,-84.47176559360453
14.434434434434436,591.1454735720281,-157.62760203867268,40.95383690003215,-84.67196579380473
14.454454454454455,591.9653702066634,-159.3227364889991,40.95383690003215,-84.87216599400493
14.474474474474475,592.7852668412986,-161.02187895134156,40.95383690003215,-85.07236619420513
14.494494494494495,593.6051634759339,-162.72502942570003,40.95383690003215,-85.27256639440533
14.514514514514513,594.4250601105691,-164.4321879120745,40.95383690003215,-85.47276659460553
14.534534534534536,595.2449567452044,-166.143354410465,40.95383690003215,-85.67296679480573
14.554554554554555,596.0648533798396,-167.85852892087152,40.95383690003215,-85.87316699500593
14.574574574574575,596.8847500144749,-169.57771144329405,40.95383690003215,-86.07336719520613
14.594594594594595,597.7046466491101,-171.30090197773262,40.95383690003215,-86.27356739540633
14.614614614614613,598.5245432837454,-173.0281005241872,40.95383690003215,-86.47376759560653
14.634634634634637,599.3444399183807,-174.7593070826578,40.95383690003215,-86.67396779580673
14.654654654654655,600.1643365530159,-176.49452165314443,40.95383690003215,-86.87416799600693
14.674674674674675,600.9842331876512,-178.23374423564707,40.95383690003215,-87.07436819620713
14.694694694694695,601.8041298222864,-179.97697483016572,40.95383690003215,-87.27456839640733
14.714714714714713,602.6240264569217,-181.7242134367004,40.95383690003215,-87.47476859660753
14.734734734734737,603.4439230915569,-183.47546005525112,40.95383690003215,-87.67496879680773
14.754754754754755,604.2638197261922,-185.23071468581784,40.95383690003215,-87.87516899700793
14.774774774774775,605.0837163608275,-186.98997732840058,40.95383690003215,-88.07536919720813
14.794794794794795,605.9036129954627,-188.75324798299934,40.95383690003215,-88.27556939740833
14.814814814814813,606.723509630098,-190.5205266496141,40.95383690003215,-88.47576959760853
14.834834834834837,607.5434062647332,-192.29181332824493,40.95383690003215,-88.67596979780873
14.854854854854855,608.3633028993685,-194.06710801889176,40.95383690003215,-88.87616999800893
14.874874874874875,609.1831995340037,-195.8464107215546,40.95383690003215,-89.07637019820913
14.894894894894895,610.003096168639,-197.62972143623347,40.95383690003215,-89.27657039840933
14.914914914914913,610.8229928032742,-199.41704016292834,40.95383690003215,-89.47677059860953
14.934934934934937,611.6428894379095,-201.20836690163924,40.95383690003215,-89.67697079880973
14.954954954954955,612.4627860725448,-203.00370165236615,40.95383690003215,-89.87717099900993
14.974974974974975,613.28268270718,-204.8030444151091,40.95383690003215,-90.07737119921013
14.994994994994995,614.1025793418153,-206.60639518986807,40.95383690003215,-90.27757139941033
15.015015015015013,614.9224759764505,-208.41375397664305,40.95383690003215,-90.47777159961053
15.035035035035037,615.7423726110858,-210.22512077543405,40.95383690003215,-90.67797179981073
15.055055055055055,616.562269245721,-212.04049558624106,40.95383690003215,-90.87817200001093
15.075075075075075,617.3821658803563,-213.8598784090641,40.95383690003215,-91.07837220021113
15.095095095095095,618.2020625149916,-215.68326924390317,40.95383690003215,-91.27857240041133
15.115115115115113,619.0219591496268,-217.51066809075826,40.95383690003215,-91.47877260061153
15.135135135135137,619.8418557842621,-219.34207494962936,40.95383690003215,-91.67897280081174
15.155155155155155,620.6617524188973,-221.17748982051648,40.95383690003215,-91.87917300101194
15.175175175175175,621.4816490535326,-223.01691270341962,40.95383690003215,-92.07937320121214
15.195195195195195,622.3015456881678,-224.86034359833877,40.95383690003215,-92.27957340141234
15.215215215215213,623.1214423228031,-226.70778250527397,40.95383690003215,-92.47977360161254
15.235235235235237,623.9413389574383,-228.55922942422518,40.95383690003215,-92.67997380181274
15.255255255255255,624.7612355920736,-230.4146843551924,40.95383690003215,-92.88017400201294
15.275275275275275,625.5811322267089,-232.27414729817565,40.95383690003215,-93.08037420221314
15.295295295295295,626.4010288613441,-234.1376182531749,40.95383690003215,-93.28057440241334
15.315315315315313,627.2209254959794,-236.00509722019018,40.95383690003215,-93.48077460261354
15.335335335335337,628.0408221306146,-237.87658419922147,40.95383690003215,-93.68097480281374
15.355355355355355,628.8607187652499,-239.7520791902688,40.95383690003215,-93.88117500301394
15.375375375375375,629.6806153998851,-241.63158219333215,40.95383690003215,-94.08137520321414
15.395395395395395,630.5005120345204,-243.5150932084115,40.95383690003215,-94.28157540341434
15.415415415415413,631.3204086691557,-245.4026122355069,40.95383690003215,-94.48177560361454
15.435435435435437,632.1403053037909,-247.2941392746183,40.95383690003215,-94.68197580381474
15.455455455455455,632.9602019384262,-249.1896743257457,40.95383690003215,-94.88217600401494
15.475475475475475,633.7800985730614,-251.08921738888915,40.95383690003215,-95.08237620421514
15.495495495495495,634.5999952076967,-252.99276846404862,40.95383690003215,-95.28257640441534
15.515515515515514,635.4198918423319,-254.9003275512241,40.95383690003215,-95.48277660461554
15.535535535535537,636.2397884769672,-256.81189465041564,40.95383690003215,-95.68297680481574
15.555555555555555,637.0596851116024,-258.7274697616232,40.95383690003215,-95.88317700501594
15.575575575575575,637.8795817462377,-260.64705288484674,40.95383690003215,-96.08337720521614
15.595595595595595,638.699478380873,-262.5706440200863,40.95383690003215,-96.28357740541634
15.615615615615614,639.5193750155082,-264.4982431673419,40.95383690003215,-96.48377760561654
15.635635635635637,640.3392716501435,-266.4298503266135,40.95383690003215,-96.68397780581674
15.655655655655655,641.1591682847787,-268.36546549790114,40.95383690003215,-96.88417800601694
15.675675675675675,641.979064919414,-270.3050886812048,40.95383690003215,-97.08437820621714
15.695695695695695,642.7989615540492,-272.24871987652443,40.95383690003215,-97.28457840641734
15.715715715715717,643.6188581886845,-274.1963590838601,40.95383690003215,-97.48477860661754
15.735735735735737,644.4387548233198,-276.1480063032118,40.95383690003215,-97.68497880681774
15.755755755755755,645.258651457955,-278.1036615345795,40.95383690003215,-97.88517900701794
15.775775775775776,646.0785480925903,-280.0633247779632,40.95383690003215,-98.08537920721814
15.795795795795796,646.8984447272255,-282.026996033363,40.95383690003215,-98.28557940741834
15.815815815815817,647.7183413618608,-283.9946753007788,40.95383690003215,-98.48577960761854
15.835835835835837,648.538237996496,-285.9663625802106,40.95383690003215,-98.68597980781874
15.855855855855856,649.3581346311313,-287.94205787165845,40.95383690003215,-98.88618000801894
15.875875875875876,650.1780312657665,-289.9217611751223,40.95383690003215,-99.08638020821914
15.895895895895896,650.9979279004018,-291.90547249060216,40.95383690003215,-99.28658040841934
15.915915915915917,651.8178245350371,-293.89319181809805,40.95383690003215,-99.48678060861954
15.935935935935937,652.6377211696723,-295.88491915760994,40.95383690003215,-99.68698080881974
15.955955955955956,653.4576178043076,-297.88065450913786,40.95383690003215,-99.88718100901994
15.975975975975976,654.2775144389428,-299.8803978726818,40.95383690003215,-100.08738120922014
15.995995995995996,655.0974110735781,-301.8841492482417,40.95383690003215,-100.28758140942034
16.016016016016017,655.9173077082133,-303.8919086358177,40.95383690003215,-100.48778160962054
16.036036036036037,656.7372043428486,-305.9036760354097,40.95383690003215,-100.68798180982074
16.056056056056057,657.5571009774839,-307.91945144701776,40.95383690003215,-100.88818201002094
16.076076076076077,658.3769976121191,-309.9392348706418,40.95383690003215,-101.08838221022114
16.096096096096094,659.1968942467544,-311.9630263062819,40.95383690003215,-101.28858241042134
16.116116116116117,660.0167908813896,-313.990825753938,40.95383690003215,-101.48878261062154
16.136136136136138,660.8366875160249,-316.0226332136101,40.95383690003215,-101.68898281082174
16.156156156156158,661.6565841506601,-318.05844868529823,40.95383690003215,-101.88918301102194
16.176176176176178,662.4764807852954,-320.09827216900237,40.95383690003215,-102.08938321122214
16.196196196196194,663.2963774199306,-322.1421036647225,40.95383690003215,-102.28958341142234
16.216216216216218,664.1162740545659,-324.1899431724587,40.95383690003215,-102.48978361162254
16.236236236236238,664.9361706892012,-326.2417906922109,40.95383690003215,-102.68998381182274
16.256256256256258,665.7560673238364,-328.2976462239791,40.95383690003215,-102.89018401202294
16.276276276276278,666.5759639584717,-330.3575097677633,40.95383690003215,-103.09038421222314
16.296296296296294,667.3958605931069,-332.4213813235636,40.95383690003215,-103.29058441242334
16.316316316316318,668.2157572277422,-334.4892608913799,40.95383690003215,-103.49078461262354
16.336336336336338,669.0356538623774,-336.5611484712122,40.95383690003215,-103.69098481282374
16.356356356356358,669.8555504970127,-338.63704406306056,40.95383690003215,-103.89118501302394
16.376376376376378,670.675447131648,-340.7169476669249,40.95383690003215,-104.09138521322414
16.396396396396394,671.4953437662832,-342.8008592828053,40.95383690003215,-104.29158541342434
16.416416416416418,672.3152404009185,-344.88877891070166,40.95383690003215,-104.49178561362454
16.436436436436438,673.1351370355537,-346.98070655061406,40.95383690003215,-104.69198581382474
16.456456456456458,673.955033670189,-349.0766422025425,40.95383690003215,-104.89218601402494
16.476476476476478,674.7749303048242,-351.1765858664869,40.95383690003215,-105.09238621422514
16.496496496496494,675.5948269394595,-353.28053754244735,40.95383690003215,-105.29258641442534
16.516516516516518,676.4147235740948,-355.3884972304238,40.95383690003215,-105.49278661462554
16.536536536536538,677.23462020873,-357.5004649304163,40.95383690003215,-105.69298681482574
16.556556556556558,678.0545168433653,-359.61644064242483,40.95383690003215,-105.89318701502594
16.576576576576578,678.8744134780005,-361.7364243664494,40.95383690003215,-106.09338721522614
16.596596596596594,679.6943101126358,-363.86041610249,40.95383690003215,-106.29358741542634
16.616616616616618,680.514206747271,-365.9884158505466,40.95383690003215,-106.49378761562654
16.636636636636638,681.3341033819063,-368.1204236106192,40.95383690003215,-106.69398781582674
16.656656656656658,682.1540000165415,-370.2564393827078,40.95383690003215,-106.89418801602694
16.676676676676678,682.9738966511768,-372.39646316681245,40.95383690003215,-107.09438821622714
16.696696696696694,683.7937932858121,-374.5404949629331,40.95383690003215,-107.29458841642735
16.716716716716718,684.6136899204473,-376.6885347710698,40.95383690003215,-107.49478861662755
16.736736736736738,685.4335865550826,-378.84058259122247,40.95383690003215,-107.69498881682775
16.756756756756758,686.2534831897178,-380.9966384233912,40.95383690003215,-107.89518901702795
16.776776776776778,687.0733798243531,-383.1567022675759,40.95383690003215,-108.09538921722815
16.796796796796794,687.8932764589883,-385.3207741237767,40.95383690003215,-108.29558941742835
16.816816816816818,688.7131730936236,-387.4888539919935,40.95383690003215,-108.49578961762855
16.836836836836838,689.5330697282589,-389.6609418722263,40.95383690003215,-108.69598981782875
16.856856856856858,690.3529663628941,-391.83703776447516,40.95383690003215,-108.89619001802895
16.876876876876878,691.1728629975294,-394.01714166874,40.95383690003215,-109.09639021822915
16.896896896896898,691.9927596321646,-396.2012535850209,40.95383690003215,-109.29659041842935
16.916916916916918,692.8126562667999,-398.38937351331776,40.95383690003215,-109.49679061862955
16.936936936936938,693.6325529014351,-400.58150145363066,40.95383690003215,-109.69699081882975
16.956956956956958,694.4524495360704,-402.7776374059596,40.95383690003215,-109.89719101902995
16.976976976976978,695.2723461707056,-404.9777813703045,40.95383690003215,-110.09739121923015
16.996996996996998,696.0922428053409,-407.18193334666546,40.95383690003215,-110.29759141943035
17.017017017017018,696.9121394399762,-409.3900933350424,40.95383690003215,-110.49779161963055
17.037037037037038,697.7320360746114,-411.6022613354354,40.95383690003215,-110.69799181983075
17.057057057057058,698.5519327092467,-413.81843734784445,40.95383690003215,-110.89819202003095
17.077077077077078,699.3718293438819,-416.0386213722695,40.95383690003215,-111.09839222023115
17.097097097097098,700.1917259785172,-418.2628134087106,40.95383690003215,-111.29859242043135
17.117117117117118,701.0116226131524,-420.4910134571677,40.95383690003215,-111.49879262063155
17.137137137137138,701.8315192477877,-422.7232215176408,40.95383690003215,-111.69899282083175
17.157157157157158,702.651415882423,-424.95943759012994,40.95383690003215,-111.89919302103195
17.177177177177178,703.4713125170582,-427.1996616746351,40.95383690003215,-112.09939322123215
17.197197197197198,704.2912091516935,-429.44389377115624,40.95383690003215,-112.29959342143235
17.217217217217218,705.1111057863287,-431.6921338796934,40.95383690003215,-112.49979362163255
17.237237237237238,705.931002420964,-433.9443820002466,40.95383690003215,-112.69999382183275
17.25725725725726,706.7508990555992,-436.2006381328158,40.95383690003215,-112.90019402203295
17.27727727727728,707.5707956902345,-438.46090227740103,40.95383690003215,-113.10039422223315
17.2972972972973,708.3906923248697,-440.72517443400227,40.95383690003215,-113.30059442243335
17.31731731731732,709.210588959505,-442.9934546026196,40.95383690003215,-113.50079462263355
17.33733733733734,710.0304855941403,-445.2657427832529,40.95383690003215,-113.70099482283375
17.35735735735736,710.8503822287755,-447.54203897590224,40.95383690003215,-113.90119502303395
17.37737737737738,711.6702788634108,-449.8223431805676,40.95383690003215,-114.10139522323415
17.3973973973974,712.490175498046,-452.10665539724897,40.95383690003215,-114.30159542343435
17.41741741741742,713.3100721326813,-454.39497562594636,40.95383690003215,-114.50179562363455
17.43743743743744,714.1299687673165,-456.68730386665976,40.95383690003215,-114.70199582383475
17.45745745745746,714.9498654019518,-458.9836401193892,40.95383690003215,-114.90219602403495
17.47747747747748,715.769762036587,-461.2839843841346,40.95383690003215,-115.10239622423515
17.4974974974975,716.5896586712223,-463.58833666089606,40.95383690003215,-115.30259642443535
17.51751751751752,717.4095553058576,-465.8966969496735,40.95383690003215,-115.50279662463555
17.53753753753754,718.2294519404928,-468.209065250467,40.95383690003215,-115.70299682483575
17.55755755755756,719.0493485751281,-470.52544156327656,40.95383690003215,-115.90319702503595
17.57757757757758,719.8692452097633,-472.8458258881021,40.95383690003215,-116.10339722523615
17.5975975975976,720.6891418443986,-475.1702182249437,40.95383690003215,-116.30359742543635
17.61761761761762,721.5090384790338,-477.4986185738013,40.95383690003215,-116.50379762563655
17.63763763763764,722.3289351136691,-479.8310269346749,40.95383690003215,-116.70399782583675
17.65765765765766,723.1488317483044,-482.16744330756455,40.95383690003215,-116.90419802603695
17.67767767767768,723.9687283829396,-484.5078676924702,40.95383690003215,-117.10439822623715
17.6976976976977,724.7886250175749,-486.85230008939186,40.95383690003215,-117.30459842643735
17.71771771771772,725.6085216522101,-489.20074049832954,40.95383690003215,-117.50479862663755
17.73773773773774,726.4284182868454,-491.55318891928323,40.95383690003215,-117.70499882683775
17.75775775775776,727.2483149214806,-493.90964535225294,40.95383690003215,-117.90519902703795
17.77777777777778,728.0682115561159,-496.27010979723866,40.95383690003215,-118.10539922723815
17.7977977977978,728.8881081907512,-498.6345822542404,40.95383690003215,-118.30559942743835
17.81781781781782,729.7080048253864,-501.0030627232582,40.95383690003215,-118.50579962763855
17.83783783783784,730.5279014600217,-503.37555120429204,40.95383690003215,-118.70599982783875
17.85785785785786,731.3477980946569,-505.7520476973419,40.95383690003215,-118.90620002803895
17.87787787787788,732.1676947292922,-508.13255220240774,40.95383690003215,-119.10640022823915
17.8978978978979,732.9875913639274,-510.5170647194896,40.95383690003215,-119.30660042843935
17.91791791791792,733.8074879985627,-512.9055852485875,40.95383690003215,-119.50680062863955
17.93793793793794,734.627384633198,-515.2981137897015,40.95383690003215,-119.70700082883975
17.95795795795796,735.4472812678332,-517.6946503428314,40.95383690003215,-119.90720102903995
17.97797797797798,736.2671779024685,-520.0951949079774,40.95383690003215,-120.10740122924015
17.997997997998,737.0870745371037,-522.4997474851394,40.95383690003215,-120.30760142944035
18.01801801801802,737.906971171739,-524.9083080743175,40.95383690003215,-120.50780162964055
18.03803803803804,738.7268678063742,-527.3208766755115,40.95383690003215,-120.70800182984075
18.05805805805806,739.5467644410095,-529.7374532887216,40.95383690003215,-120.90820203004095
18.07807807807808,740.3666610756447,-532.1580379139476,40.95383690003215,-121.10840223024115
18.0980980980981,741.18655771028,-534.5826305511897,40.95383690003215,-121.30860243044135
18.11811811811812,742.0064543449153,-537.0112312004478,40.95383690003215,-121.50880263064155
18.13813813813814,742.8263509795505,-539.4438398617219,40.95383690003215,-121.70900283084175
18.15815815815816,743.6462476141858,-541.8804565350121,40.95383690003215,-121.90920303104195
18.17817817817818,744.466144248821,-544.3210812203182,40.95383690003215,-122.10940323124215
18.1981981981982,745.2860408834563,-546.7657139176404,40.95383690003215,-122.30960343144235
18.21821821821822,746.1059375180915,-549.2143546269785,40.95383690003215,-122.50980363164255
18.23823823823824,746.9258341527268,-551.6670033483327,40.95383690003215,-122.71000383184276
18.25825825825826,747.745730787362,-554.123660081703,40.95383690003215,-122.91020403204296
18.27827827827828,748.5656274219973,-556.5843248270892,40.95383690003215,-123.11040423224316
18.2982982982983,749.3855240566326,-559.0489975844914,40.95383690003215,-123.31060443244336
18.31831831831832,750.2054206912678,-561.5176783539097,40.95383690003215,-123.51080463264356
18.33833833833834,751.0253173259031,-563.990367135344,40.95383690003215,-123.71100483284376
18.35835835835836,751.8452139605383,-566.4670639287942,40.95383690003215,-123.91120503304396
18.37837837837838,752.6651105951736,-568.9477687342605,40.95383690003215,-124.11140523324416
18.3983983983984,753.4850072298088,-571.4324815517429,40.95383690003215,-124.31160543344436
18.41841841841842,754.3049038644441,-573.9212023812412,40.95383690003215,-124.51180563364456
18.43843843843844,755.1248004990794,-576.4139312227555,40.95383690003215,-124.71200583384476
18.45845845845846,755.9446971337146,-578.910668076286,40.95383690003215,-124.91220603404496
18.47847847847848,756.7645937683499,-581.4114129418325,40.95383690003215,-125.11240623424516
18.4984984984985,757.5844904029851,-583.916165819395,40.95383690003215,-125.31260643444536
18.51851851851852,758.4043870376204,-586.4249267089735,40.95383690003215,-125.51280663464556
18.53853853853854,759.2242836722556,-588.9376956105681,40.95383690003215,-125.71300683484576
18.55855855855856,760.0441803068909,-591.4544725241786,40.95383690003215,-125.91320703504596
18.57857857857858,760.8640769415262,-593.9752574498052,40.95383690003215,-126.11340723524616
18.5985985985986,761.6839735761614,-596.5000503874478,40.95383690003215,-126.31360743544636
18.61861861861862,762.5038702107967,-599.0288513371064,40.95383690003215,-126.51380763564656
18.63863863863864,763.3237668454319,-601.561660298781,40.95383690003215,-126.71400783584676
18.65865865865866,764.1436634800672,-604.0984772724717,40.95383690003215,-126.91420803604696
18.67867867867868,764.9635601147024,-606.6393022581783,40.95383690003215,-127.11440823624716
18.6986986986987,765.7834567493377,-609.184135255901,40.95383690003215,-127.31460843644736
18.71871871871872,766.603353383973,-611.7329762656396,40.95383690003215,-127.51480863664756
18.73873873873874,767.4232500186082,-614.2858252873943,40.95383690003215,-127.71500883684776
18.75875875875876,768.2431466532435,-616.8426823211651,40.95383690003215,-127.91520903704796
18.77877877877878,769.0630432878787,-619.4035473669518,40.95383690003215,-128.11540923724817
18.7987987987988,769.882939922514,-621.9684204247545,40.95383690003215,-128.3156094374484
18.81881881881882,770.7028365571492,-624.5373014945733,40.95383690003215,-128.5158096376486
18.83883883883884,771.5227331917845,-627.1101905764081,40.95383690003215,-128.71600983784882
18.85885885885886,772.3426298264197,-629.6870876702588,40.95383690003215,-128.91621003804903
18.87887887887888,773.162526461055,-632.2679927761257,40.95383690003215,-129.11641023824924
18.8988988988989,773.9824230956903,-634.8529058940085,40.95383690003215,-129.31661043844946
18.91891891891892,774.8023197303255,-637.4418270239073,40.95383690003215,-129.51681063864967
18.93893893893894,775.6222163649608,-640.0347561658223,40.95383690003215,-129.7170108388499
18.95895895895896,776.442112999596,-642.6316933197533,40.95383690003215,-129.9172110390501
18.97897897897898,777.2620096342313,-645.2326384857002,40.95383690003215,-130.11741123925032
18.998998998999,778.0819062688665,-647.8375916636633,40.95383690003215,-130.31761143945053
19.01901901901902,778.9018029035018,-650.4465528536423,40.95383690003215,-130.51781163965074
19.03903903903904,779.721699538137,-653.0595220556373,40.95383690003215,-130.71801183985096
19.05905905905906,780.5415961727723,-655.6764992696484,40.95383690003215,-130.91821204005117
19.07907907907908,781.3614928074076,-658.2974844956755,40.95383690003215,-131.1184122402514
19.0990990990991,782.1813894420428,-660.9224777337186,40.95383690003215,-131.3186124404516
19.11911911911912,783.0012860766781,-663.5514789837777,40.95383690003215,-131.51881264065182
19.13913913913914,783.8211827113133,-666.1844882458528,40.95383690003215,-131.71901284085203
19.15915915915916,784.6410793459486,-668.8215055199439,40.95383690003215,-131.91921304105225
19.17917917917918,785.4609759805838,-671.4625308060511,40.95383690003215,-132.11941324125246
19.1991991991992,786.2808726152191,-674.1075641041742,40.95383690003215,-132.31961344145267
19.21921921921922,787.1007692498544,-676.7566054143134,40.95383690003215,-132.5198136416529
19.23923923923924,787.9206658844896,-679.4096547364686,40.95383690003215,-132.7200138418531
19.25925925925926,788.7405625191249,-682.0667120706398,40.95383690003215,-132.92021404205332
19.27927927927928,789.5604591537601,-684.727777416827,40.95383690003215,-133.12041424225353
19.2992992992993,790.3803557883954,-687.3928507750303,40.95383690003215,-133.32061444245375
19.31931931931932,791.2002524230306,-690.0619321452496,40.95383690003215,-133.52081464265396
19.33933933933934,792.0201490576659,-692.7350215274848,40.95383690003215,-133.72101484285417
19.35935935935936,792.8400456923011,-695.4121189217361,40.95383690003215,-133.9212150430544
19.37937937937938,793.6599423269364,-698.0932243280034,40.95383690003215,-134.1214152432546
19.3993993993994,794.4798389615717,-700.7783377462868,40.95383690003215,-134.32161544345482
19.41941941941942,795.2997355962069,-703.4674591765862,40.95383690003215,-134.52181564365503
19.43943943943944,796.1196322308422,-706.1605886189017,40.95383690003215,-134.72201584385525
19.45945945945946,796.9395288654774,-708.8577260732332,40.95383690003215,-134.92221604405546
19.47947947947948,797.7594255001127,-711.5588715395807,40.95383690003215,-135.12241624425567
19.4994994994995,798.5793221347479,-714.2640250179442,40.95383690003215,-135.3226164444559
19.51951951951952,799.3992187693832,-716.9731865083237,40.95383690003215,-135.5228166446561
19.53953953953954,800.2191154040185,-719.6863560107192,40.95383690003215,-135.72301684485632
19.55955955955956,801.0390120386537,-722.4035335251308,40.95383690003215,-135.92321704505653
19.57957957957958,801.858908673289,-725.1247190515584,40.95383690003215,-136.12341724525675
19.5995995995996,802.6788053079242,-727.849912590002,40.95383690003215,-136.32361744545696
19.61961961961962,803.4987019425595,-730.5791141404616,40.95383690003215,-136.52381764565718
19.63963963963964,804.3185985771947,-733.3123237029372,40.95383690003215,-136.7240178458574
19.65965965965966,805.13849521183,-736.0495412774288,40.95383690003215,-136.9242180460576
19.67967967967968,805.9583918464652,-738.7907668639365,40.95383690003215,-137.12441824625782
19.6996996996997,806.7782884811005,-741.5360004624602,40.95383690003215,-137.32461844645803
19.71971971971972,807.5981851157358,-744.2852420729998,40.95383690003215,-137.52481864665825
19.73973973973974,808.418081750371,-747.0384916955555,40.95383690003215,-137.72501884685846
19.75975975975976,809.2379783850063,-749.7957493301273,40.95383690003215,-137.92521904705868
19.77977977977978,810.0578750196415,-752.557014976715,40.95383690003215,-138.1254192472589
19.7997997997998,810.8777716542768,-755.3222886353187,40.95383690003215,-138.3256194474591
19.81981981981982,811.697668288912,-758.0915703059385,40.95383690003215,-138.52581964765932
19.83983983983984,812.5175649235473,-760.8648599885743,40.95383690003215,-138.72601984785953
19.85985985985986,813.3374615581826,-763.6421576832261,40.95383690003215,-138.92622004805975
19.87987987987988,814.1573581928178,-766.4234633898939,40.95383690003215,-139.12642024825996
19.8998998998999,814.9772548274531,-769.2087771085778,40.95383690003215,-139.32662044846018
19.91991991991992,815.7971514620883,-771.9980988392778,40.95383690003215,-139.5268206486604
19.93993993993994,816.6170480967236,-774.7914285819937,40.95383690003215,-139.7270208488606
19.95995995995996,817.4369447313588,-777.5887663367257,40.95383690003215,-139.92722104906082
19.97997997997998,818.2568413659941,-780.3901121034737,40.95383690003215,-140.12742124926103
20.0,819.0767380006293,-783.1954658822377,40.95383690003215,-140.32762144946125
