t,xpos,ypos,vx,vy
0.0,0.0,22.198350022606295,42.50022031006703,90.10982554578494
0.02002002002002002,0.8508552614628033,24.002350534033422,42.50022031006703,89.90962534558474
0.04004004004004004,1.7017105229256067,25.80234303344453,42.50022031006703,89.70942514538454
0.06006006006006006,2.5525657843884098,27.598327520839614,42.50022031006703,89.50922494518434
0.08008008008008008,3.4034210458512133,29.39030399621868,42.50022031006703,89.30902474498414
0.10010010010010009,4.254276307314017,31.178272459581727,42.50022031006703,89.10882454478394
0.12012012012012012,5.10513156877682,32.962232910928755,42.50022031006703,88.90862434458374
0.14014014014014015,5.955986830239624,34.74218535025976,42.50022031006703,88.70842414438354
0.16016016016016016,6.8068420917024275,36.51812977757474,42.50022031006703,88.50822394418334
0.18018018018018017,7.657697353165231,38.29006619287371,42.50022031006703,88.30802374398314
0.20020020020020018,8.508552614628034,40.057994596156654,42.50022031006703,88.10782354378294
0.22022022022022023,9.359407876090836,41.82191498742358,42.50022031006703,87.90762334358274
0.24024024024024024,10.210263137553639,43.58182736667449,42.50022031006703,87.70742314338254
0.2602602602602603,11.061118399016442,45.33773173390937,42.50022031006703,87.50722294318234
0.2802802802802803,11.911973660479244,47.08962808912824,42.50022031006703,87.30702274298214
0.3003003003003003,12.762828921942047,48.837516432331086,42.50022031006703,87.10682254278194
0.3203203203203203,13.61368418340485,50.58139676351791,42.50022031006703,86.90662234258174
0.3403403403403404,14.464539444867652,52.321269082688715,42.50022031006703,86.70642214238154
0.36036036036036034,15.315394706330455,54.0571333898435,42.50022031006703,86.50622194218134
0.3803803803803804,16.16624996779326,55.78898968498227,42.50022031006703,86.30602174198114
0.40040040040040037,17.017105229256064,57.516837968105015,42.50022031006703,86.10582154178094
0.42042042042042044,17.86796049071887,59.24067823921174,42.50022031006703,85.90562134158074
0.44044044044044045,18.718815752181673,60.96051049830245,42.50022031006703,85.70542114138054
0.4604604604604605,19.569671013644477,62.67633474537713,42.50022031006703,85.50522094118034
0.4804804804804805,20.42052627510728,64.3881509804358,42.50022031006703,85.30502074098014
0.5005005005005005,21.271381536570086,66.09595920347844,42.50022031006703,85.10482054077994
0.5205205205205206,22.12223679803289,67.79975941450508,42.50022031006703,84.90462034057974
0.5405405405405406,22.973092059495695,69.49955161351568,42.50022031006703,84.70442014037954
0.5605605605605606,23.8239473209585,71.19533580051026,42.50022031006703,84.50421994017934
0.5805805805805806,24.674802582421304,72.88711197548884,42.50022031006703,84.30401973997914
0.6006006006006006,25.525657843884108,74.57488013845138,42.50022031006703,84.10381953977894
0.6206206206206206,26.376513105346913,76.2586402893979,42.50022031006703,83.90361933957874
0.6406406406406406,27.227368366809717,77.93839242832841,42.50022031006703,83.70341913937854
0.6606606606606606,28.07822362827252,79.6141365552429,42.50022031006703,83.50321893917834
0.6806806806806808,28.929078889735326,81.28587267014136,42.50022031006703,83.30301873897814
0.7007007007007007,29.77993415119813,82.95360077302381,42.50022031006703,83.10281853877794
0.7207207207207207,30.630789412660935,84.61732086389023,42.50022031006703,82.90261833857774
0.7407407407407407,31.48164467412374,86.27703294274063,42.50022031006703,82.70241813837754
0.7607607607607608,32.33249993558654,87.93273700957502,42.50022031006703,82.50221793817734
0.7807807807807808,33.183355197049345,89.58443306439338,42.50022031006703,82.30201773797714
0.8008008008008007,34.03421045851215,91.23212110719572,42.50022031006703,82.10181753777694
0.8208208208208208,34.88506571997495,92.87580113798205,42.50022031006703,81.90161733757674
0.8408408408408409,35.73592098143776,94.51547315675235,42.50022031006703,81.70141713737654
0.8608608608608609,36.58677624290056,96.15113716350663,42.50022031006703,81.50121693717634
0.8808808808808809,37.43763150436337,97.7827931582449,42.50022031006703,81.30101673697614
0.9009009009009008,38.28848676582617,99.41044114096715,42.50022031006703,81.10081653677594
0.920920920920921,39.139342027288976,101.03408111167337,42.50022031006703,80.90061633657574
0.9409409409409409,39.99019728875178,102.65371307036358,42.50022031006703,80.70041613637554
0.960960960960961,40.841052550214584,104.26933701703777,42.50022031006703,80.50021593617534
0.980980980980981,41.69190781167739,105.88095295169593,42.50022031006703,80.30001573597514
1.001001001001001,42.54276307314019,107.48856087433808,42.50022031006703,80.09981553577494
1.021021021021021,43.393618334603,109.09216078496421,42.50022031006703,79.89961533557474
1.0410410410410411,44.2444735960658,110.69175268357431,42.50022031006703,79.69941513537454
1.0610610610610611,45.09532885752861,112.28733657016839,42.50022031006703,79.49921493517434
1.0810810810810811,45.94618411899141,113.87891244474646,42.50022031006703,79.29901473497414
1.1011011011011012,46.797039380454216,115.4664803073085,42.50022031006703,79.09881453477394
1.1211211211211212,47.64789464191702,117.05004015785453,42.50022031006703,78.89861433457374
1.1411411411411412,48.498749903379824,118.62959199638453,42.50022031006703,78.69841413437354
1.1611611611611612,49.34960516484263,120.20513582289851,42.50022031006703,78.49821393417334
1.1811811811811812,50.20046042630543,121.77667163739648,42.50022031006703,78.29801373397314
1.2012012012012012,51.05131568776824,123.34419943987842,42.50022031006703,78.09781353377294
1.2212212212212212,51.90217094923104,124.90771923034434,42.50022031006703,77.89761333357274
1.2412412412412412,52.75302621069385,126.46723100879424,42.50022031006703,77.69741313337254
1.2612612612612613,53.60388147215665,128.02273477522812,42.50022031006703,77.49721293317234
1.2812812812812813,54.454736733619455,129.57423052964597,42.50022031006703,77.29701273297214
1.3013013013013013,55.30559199508226,131.12171827204781,42.50022031006703,77.09681253277193
1.3213213213213213,56.156447256545064,132.66519800243364,42.50022031006703,76.89661233257173
1.3413413413413413,57.00730251800787,134.20466972080345,42.50022031006703,76.69641213237153
1.3613613613613615,57.85815777947067,135.74013342715725,42.50022031006703,76.49621193217133
1.3813813813813813,58.70901304093348,137.271589121495,42.50022031006703,76.29601173197113
1.4014014014014013,59.55986830239628,138.79903680381673,42.50022031006703,76.09581153177093
1.4214214214214214,60.41072356385909,140.32247647412245,42.50022031006703,75.89561133157073
1.4414414414414414,61.26157882532189,141.84190813241216,42.50022031006703,75.69541113137053
1.4614614614614616,62.112434086784695,143.35733177868585,42.50022031006703,75.49521093117033
1.4814814814814814,62.9632893482475,144.86874741294352,42.50022031006703,75.29501073097013
1.5015015015015014,63.814144609710304,146.37615503518518,42.50022031006703,75.09481053076993
1.5215215215215216,64.66499987117311,147.8795546454108,42.50022031006703,74.89461033056973
1.5415415415415414,65.5158551326359,149.3789462436204,42.50022031006703,74.69441013036953
1.5615615615615617,66.3667103940987,150.87432982981397,42.50022031006703,74.49420993016933
1.5815815815815815,67.2175656555615,152.36570540399154,42.50022031006703,74.29400972996913
1.6016016016016015,68.0684209170243,153.8530729661531,42.50022031006703,74.09380952976893
1.6216216216216217,68.9192761784871,155.33643251629863,42.50022031006703,73.89360932956873
1.6416416416416415,69.77013143994989,156.81578405442812,42.50022031006703,73.69340912936853
1.6616616616616617,70.62098670141269,158.2911275805416,42.50022031006703,73.49320892916833
1.6816816816816818,71.47184196287549,159.76246309463906,42.50022031006703,73.29300872896813
1.7017017017017015,72.32269722433828,161.2297905967205,42.50022031006703,73.09280852876793
1.7217217217217218,73.17355248580108,162.69311008678594,42.50022031006703,72.89260832856773
1.7417417417417416,74.02440774726388,164.15242156483535,42.50022031006703,72.69240812836753
1.7617617617617618,74.87526300872668,165.60772503086872,42.50022031006703,72.49220792816733
1.7817817817817818,75.72611827018947,167.05902048488608,42.50022031006703,72.29200772796713
1.8018018018018016,76.57697353165227,168.50630792688742,42.50022031006703,72.09180752776693
1.8218218218218218,77.42782879311507,169.94958735687274,42.50022031006703,71.89160732756673
1.841841841841842,78.27868405457787,171.38885877484205,42.50022031006703,71.69140712736653
1.8618618618618619,79.12953931604066,172.82412218079534,42.50022031006703,71.49120692716633
1.8818818818818819,79.98039457750346,174.25537757473262,42.50022031006703,71.29100672696613
1.9019019019019017,80.83124983896626,175.68262495665385,42.50022031006703,71.09080652676593
1.921921921921922,81.68210510042906,177.10586432655907,42.50022031006703,70.89060632656573
1.9419419419419421,82.53296036189185,178.52509568444827,42.50022031006703,70.69040612636553
1.961961961961962,83.38381562335465,179.94031903032146,42.50022031006703,70.49020592616533
1.981981981981982,84.23467088481745,181.35153436417863,42.50022031006703,70.29000572596513
2.002002002002002,85.08552614628024,182.7587416860198,42.50022031006703,70.08980552576493
2.022022022022022,85.93638140774304,184.1619409958449,42.50022031006703,69.88960532556473
2.042042042042042,86.78723666920584,185.561132293654,42.50022031006703,69.68940512536453
2.0620620620620618,87.63809193066864,186.95631557944708,42.50022031006703,69.48920492516433
2.0820820820820822,88.48894719213143,188.34749085322414,42.50022031006703,69.28900472496413
2.1021021021021022,89.33980245359423,189.7346581149852,42.50022031006703,69.08880452476393
2.1221221221221223,90.19065771505703,191.11781736473023,42.50022031006703,68.88860432456373
2.1421421421421423,91.04151297651983,192.49696860245922,42.50022031006703,68.68840412436353
2.1621621621621623,91.89236823798262,193.8721118281722,42.50022031006703,68.48820392416333
2.1821821821821823,92.74322349944542,195.24324704186915,42.50022031006703,68.28800372396313
2.2022022022022023,93.59407876090822,196.6103742435501,42.50022031006703,68.08780352376293
2.2222222222222223,94.44493402237102,197.97349343321503,42.50022031006703,67.88760332356273
2.2422422422422423,95.29578928383381,199.33260461086394,42.50022031006703,67.68740312336253
2.2622622622622623,96.14664454529661,200.68770777649684,42.50022031006703,67.48720292316233
2.2822822822822824,96.99749980675941,202.0388029301137,42.50022031006703,67.28700272296213
2.3023023023023024,97.8483550682222,203.38589007171453,42.50022031006703,67.08680252276193
2.3223223223223224,98.699210329685,204.72896920129935,42.50022031006703,66.88660232256173
2.3423423423423424,99.5500655911478,206.06804031886816,42.50022031006703,66.68640212236153
2.3623623623623624,100.4009208526106,207.40310342442095,42.50022031006703,66.48620192216133
2.3823823823823824,101.2517761140734,208.73415851795772,42.50022031006703,66.28600172196113
2.4024024024024024,102.10263137553619,210.06120559947846,42.50022031006703,66.08580152176093
2.4224224224224224,102.95348663699899,211.38424466898317,42.50022031006703,65.88560132156073
2.4424424424424425,103.80434189846179,212.70327572647187,42.50022031006703,65.68540112136053
2.4624624624624625,104.65519715992458,214.01829877194456,42.50022031006703,65.48520092116033
2.4824824824824825,105.50605242138738,215.32931380540123,42.50022031006703,65.28500072096013
2.5025025025025025,106.35690768285018,216.63632082684188,42.50022031006703,65.08480052075993
2.5225225225225225,107.20776294431298,217.9393198362665,42.50022031006703,64.88460032055973
2.5425425425425425,108.05861820577577,219.2383108336751,42.50022031006703,64.68440012035953
2.5625625625625625,108.90947346723857,220.53329381906767,42.50022031006703,64.48419992015933
2.5825825825825826,109.76032872870137,221.82426879244423,42.50022031006703,64.28399971995913
2.6026026026026026,110.61118399016416,223.11123575380478,42.50022031006703,64.08379951975893
2.6226226226226226,111.46203925162696,224.3941947031493,42.50022031006703,63.883599319558726
2.6426426426426426,112.31289451308976,225.67314564047783,42.50022031006703,63.683399119358526
2.6626626626626626,113.16374977455256,226.9480885657903,42.50022031006703,63.483198919158326
2.6826826826826826,114.01460503601535,228.21902347908676,42.50022031006703,63.282998718958126
2.7027027027027026,114.86546029747815,229.4859503803672,42.50022031006703,63.082798518757926
2.722722722722723,115.71631555894095,230.74886926963163,42.50022031006703,62.882598318557726
2.7427427427427427,116.56717082040375,232.00778014688004,42.50022031006703,62.682398118357526
2.7627627627627627,117.41802608186654,233.26268301211243,42.50022031006703,62.482197918157325
2.7827827827827827,118.26888134332934,234.51357786532878,42.50022031006703,62.281997717957125
2.8028028028028027,119.11973660479214,235.76046470652912,42.50022031006703,62.081797517756925
2.822822822822823,119.97059186625494,237.00334353571344,42.50022031006703,61.881597317556725
2.8428428428428427,120.82144712771773,238.24221435288175,42.50022031006703,61.681397117356525
2.8628628628628627,121.67230238918053,239.47707715803404,42.50022031006703,61.481196917156325
2.8828828828828827,122.52315765064333,240.7079319511703,42.50022031006703,61.280996716956125
2.9029029029029028,123.37401291210612,241.93477873229054,42.50022031006703,61.080796516755925
2.922922922922923,124.22486817356892,243.15761750139475,42.50022031006703,60.880596316555724
2.942942942942943,125.07572343503172,244.37644825848295,42.50022031006703,60.680396116355524
2.962962962962963,125.92657869649452,245.59127100355514,42.50022031006703,60.480195916155324
2.982982982982983,126.77743395795731,246.8020857366113,42.50022031006703,60.279995715955124
3.003003003003003,127.62828921942011,248.00889245765146,42.50022031006703,60.079795515754924
3.0230230230230233,128.47914448088292,249.21169116667556,42.50022031006703,59.879595315554724
3.0430430430430433,129.32999974234573,250.41048186368366,42.50022031006703,59.679395115354524
3.063063063063063,130.18085500380855,251.60526454867573,42.50022031006703,59.479194915154324
3.083083083083083,131.03171026527136,252.7960392216518,42.50022031006703,59.27899471495412
3.103103103103103,131.88256552673417,253.98280588261184,42.50022031006703,59.07879451475392
3.1231231231231233,132.73342078819698,255.16556453155587,42.50022031006703,58.87859431455372
3.1431431431431434,133.5842760496598,256.3443151684839,42.50022031006703,58.67839411435352
3.163163163163163,134.4351313111226,257.51905779339586,42.50022031006703,58.47819391415332
3.183183183183183,135.28598657258541,258.6897924062918,42.50022031006703,58.27799371395312
3.203203203203203,136.13684183404823,259.85651900717176,42.50022031006703,58.07779351375292
3.2232232232232234,136.98769709551104,261.0192375960357,42.50022031006703,57.87759331355272
3.2432432432432434,137.83855235697385,262.1779481728836,42.50022031006703,57.67739311335252
3.263263263263263,138.68940761843666,263.3326507377155,42.50022031006703,57.47719291315232
3.283283283283283,139.54026287989947,264.48334529053136,42.50022031006703,57.27699271295212
3.303303303303303,140.39111814136228,265.6300318313312,42.50022031006703,57.07679251275192
3.3233233233233235,141.2419734028251,266.77271036011507,42.50022031006703,56.87659231255172
3.3433433433433435,142.0928286642879,267.91138087688284,42.50022031006703,56.67639211235152
3.3633633633633635,142.94368392575072,269.0460433816346,42.50022031006703,56.47619191215132
3.383383383383383,143.79453918721353,270.17669787437035,42.50022031006703,56.27599171195112
3.403403403403403,144.64539444867634,271.3033443550901,42.50022031006703,56.07579151175092
3.4234234234234235,145.49624971013915,272.4259828237938,42.50022031006703,55.87559131155072
3.4434434434434436,146.34710497160196,273.5446132804815,42.50022031006703,55.67539111135052
3.4634634634634636,147.19796023306478,274.65923572515317,42.50022031006703,55.47519091115032
3.483483483483483,148.0488154945276,275.76985015780883,42.50022031006703,55.27499071095012
3.503503503503503,148.8996707559904,276.8764565784485,42.50022031006703,55.07479051074992
3.5235235235235236,149.7505260174532,277.9790549870721,42.50022031006703,54.87459031054972
3.5435435435435436,150.60138127891602,279.07764538367974,42.50022031006703,54.67439011034952
3.5635635635635636,151.45223654037883,280.17222776827134,42.50022031006703,54.47418991014932
3.583583583583583,152.30309180184165,281.26280214084693,42.50022031006703,54.27398970994912
3.603603603603603,153.15394706330446,282.34936850140645,42.50022031006703,54.07378950974892
3.6236236236236237,154.00480232476727,283.43192684994995,42.50022031006703,53.87358930954872
3.6436436436436437,154.85565758623008,284.51047718647743,42.50022031006703,53.67338910934852
3.6636636636636637,155.7065128476929,285.5850195109889,42.50022031006703,53.47318890914832
3.683683683683684,156.5573681091557,286.65555382348435,42.50022031006703,53.27298870894812
3.7037037037037033,157.40822337061851,287.7220801239638,42.50022031006703,53.07278850874792
3.7237237237237237,158.25907863208133,288.7845984124272,42.50022031006703,52.87258830854772
3.7437437437437437,159.10993389354414,289.8431086888746,42.50022031006703,52.67238810834752
3.7637637637637638,159.96078915500695,290.897610953306,42.50022031006703,52.47218790814732
3.783783783783784,160.81164441646976,291.9481052057214,42.50022031006703,52.27198770794712
3.8038038038038033,161.66249967793257,292.99459144612075,42.50022031006703,52.07178750774692
3.823823823823824,162.51335493939538,294.0370696745041,42.50022031006703,51.87158730754672
3.843843843843844,163.3642102008582,295.0755398908714,42.50022031006703,51.67138710734652
3.863863863863864,164.215065462321,296.1100020952227,42.50022031006703,51.47118690714632
3.8838838838838843,165.06592072378382,297.1404562875579,42.50022031006703,51.27098670694612
3.9039039039039034,165.91677598524663,298.16690246787715,42.50022031006703,51.07078650674592
3.923923923923924,166.76763124670944,299.18934063618036,42.50022031006703,50.87058630654572
3.943943943943944,167.61848650817225,300.20777079246756,42.50022031006703,50.67038610634552
3.963963963963964,168.46934176963507,301.22219293673874,42.50022031006703,50.47018590614532
3.9839839839839843,169.32019703109788,302.2326070689939,42.50022031006703,50.26998570594512
4.004004004004004,170.1710522925607,303.23901318923305,42.50022031006703,50.06978550574492
4.0240240240240235,171.0219075540235,304.2414112974562,42.50022031006703,49.86958530554472
4.044044044044044,171.8727628154863,305.2398013936633,42.50022031006703,49.66938510534452
4.064064064064064,172.72361807694912,306.2341834778544,42.50022031006703,49.46918490514432
4.084084084084084,173.57447333841193,307.2245575500295,42.50022031006703,49.26898470494412
4.104104104104104,174.42532859987475,308.2109236101885,42.50022031006703,49.06878450474392
4.1241241241241235,175.27618386133756,309.1932816583315,42.50022031006703,48.86858430454372
4.1441441441441444,176.12703912280037,310.1716316944585,42.50022031006703,48.66838410434352
4.1641641641641645,176.97789438426318,311.14597371856945,42.50022031006703,48.46818390414332
4.1841841841841845,177.828749645726,312.1163077306644,42.50022031006703,48.267983703943116
4.2042042042042045,178.6796049071888,313.08263373074334,42.50022031006703,48.067783503742916
4.2242242242242245,179.53046016865162,314.04495171880626,42.50022031006703,47.867583303542716
4.2442442442442445,180.38131543011443,315.00326169485317,42.50022031006703,47.667383103342516
4.2642642642642645,181.23217069157724,315.95756365888406,42.50022031006703,47.467182903142316
4.2842842842842845,182.08302595304005,316.90785761089893,42.50022031006703,47.266982702942116
4.3043043043043046,182.93388121450286,317.8541435508978,42.50022031006703,47.066782502741916
4.324324324324325,183.78473647596567,318.79642147888063,42.50022031006703,46.866582302541715
4.344344344344345,184.63559173742848,319.73469139484746,42.50022031006703,46.666382102341515
4.364364364364365,185.4864469988913,320.6689532987982,42.50022031006703,46.466181902141315
4.384384384384385,186.3373022603541,321.59920719073295,42.50022031006703,46.265981701941115
4.404404404404405,187.18815752181692,322.5254530706517,42.50022031006703,46.065781501740915
4.424424424424425,188.03901278327973,323.4476909385544,42.50022031006703,45.865581301540715
4.444444444444445,188.88986804474254,324.3659207944411,42.50022031006703,45.665381101340515
4.464464464464465,189.74072330620535,325.28014263831176,42.50022031006703,45.465180901140315
4.484484484484485,190.59157856766817,326.1903564701664,42.50022031006703,45.264980700940114
4.504504504504505,191.44243382913098,327.09656229000507,42.50022031006703,45.064780500739914
4.524524524524525,192.2932890905938,327.9987600978277,42.50022031006703,44.864580300539714
4.544544544544545,193.1441443520566,328.8969498936343,42.50022031006703,44.664380100339514
4.564564564564565,193.9949996135194,329.7911316774249,42.50022031006703,44.464179900139314
4.584584584584585,194.84585487498222,330.6813054491995,42.50022031006703,44.263979699939114
4.604604604604605,195.69671013644503,331.56747120895807,42.50022031006703,44.063779499738914
4.624624624624625,196.54756539790785,332.44962895670056,42.50022031006703,43.86357929953871
4.644644644644645,197.39842065937066,333.32777869242705,42.50022031006703,43.66337909933851
4.664664664664665,198.24927592083347,334.2019204161375,42.50022031006703,43.46317889913831
4.684684684684685,199.10013118229628,335.07205412783196,42.50022031006703,43.26297869893811
4.704704704704705,199.9509864437591,335.9381798275104,42.50022031006703,43.06277849873791
4.724724724724725,200.8018417052219,336.8002975151728,42.50022031006703,42.86257829853771
4.744744744744745,201.65269696668472,337.6584071908192,42.50022031006703,42.66237809833751
4.764764764764765,202.50355222814753,338.5125088544496,42.50022031006703,42.46217789813731
4.784784784784785,203.35440748961034,339.362602506064,42.50022031006703,42.26197769793711
4.804804804804805,204.20526275107315,340.20868814566234,42.50022031006703,42.06177749773691
4.824824824824825,205.05611801253596,341.0507657732447,42.50022031006703,41.86157729753671
4.844844844844845,205.90697327399877,341.888835388811,42.50022031006703,41.66137709733651
4.864864864864865,206.75782853546158,342.72289699236126,42.50022031006703,41.46117689713631
4.884884884884885,207.6086837969244,343.5529505838955,42.50022031006703,41.26097669693611
4.904904904904905,208.4595390583872,344.3789961634137,42.50022031006703,41.06077649673591
4.924924924924925,209.31039431985002,345.2010337309159,42.50022031006703,40.86057629653571
4.944944944944945,210.16124958131283,346.0190632864021,42.50022031006703,40.66037609633551
4.964964964964965,211.01210484277564,346.8330848298723,42.50022031006703,40.46017589613531
4.984984984984985,211.86296010423845,347.64309836132645,42.50022031006703,40.25997569593511
5.005005005005005,212.71381536570127,348.4491038807646,42.50022031006703,40.05977549573491
5.025025025025025,213.56467062716408,349.2511013881867,42.50022031006703,39.85957529553471
5.045045045045045,214.4155258886269,350.04909088359284,42.50022031006703,39.65937509533451
5.065065065065065,215.2663811500897,350.84307236698294,42.50022031006703,39.45917489513431
5.085085085085085,216.1172364115525,351.633045838357,42.50022031006703,39.25897469493411
5.105105105105105,216.96809167301532,352.4190112977151,42.50022031006703,39.05877449473391
5.125125125125125,217.81894693447813,353.2009687450571,42.50022031006703,38.85857429453371
5.145145145145145,218.66980219594095,353.97891818038306,42.50022031006703,38.65837409433351
5.165165165165165,219.52065745740376,354.752859603693,42.50022031006703,38.45817389413331
5.185185185185185,220.37151271886657,355.522793014987,42.50022031006703,38.25797369393311
5.205205205205205,221.22236798032938,356.2887184142649,42.50022031006703,38.05777349373291
5.225225225225225,222.0732232417922,357.0506358015268,42.50022031006703,37.85757329353271
5.245245245245245,222.924078503255,357.8085451767727,42.50022031006703,37.65737309333251
5.265265265265265,223.77493376471782,358.5624465400026,42.50022031006703,37.45717289313231
5.285285285285285,224.62578902618063,359.3123398912165,42.50022031006703,37.25697269293211
5.305305305305305,225.47664428764344,360.05822523041434,42.50022031006703,37.05677249273191
5.325325325325325,226.32749954910625,360.8001025575962,42.50022031006703,36.85657229253171
5.345345345345346,227.17835481056906,361.537971872762,42.50022031006703,36.65637209233151
5.365365365365365,228.02921007203187,362.27183317591175,42.50022031006703,36.45617189213131
5.385385385385385,228.88006533349468,363.0016864670455,42.50022031006703,36.25597169193111
5.405405405405405,229.7309205949575,363.7275317461632,42.50022031006703,36.05577149173091
5.425425425425425,230.5817758564203,364.4493690132649,42.50022031006703,35.85557129153071
5.445445445445446,231.43263111788312,365.1671982683506,42.50022031006703,35.65537109133051
5.465465465465465,232.28348637934593,365.8810195114203,42.50022031006703,35.45517089113031
5.485485485485485,233.13434164080874,366.59083274247394,42.50022031006703,35.25497069093011
5.505505505505505,233.98519690227155,367.2966379615116,42.50022031006703,35.05477049072991
5.525525525525525,234.83605216373437,367.9984351685332,42.50022031006703,34.85457029052971
5.545545545545546,235.68690742519718,368.6962243635388,42.50022031006703,34.65437009032951
5.565565565565565,236.53776268666,369.3900055465284,42.50022031006703,34.45416989012931
5.585585585585585,237.3886179481228,370.079778717502,42.50022031006703,34.25396968992911
5.605605605605605,238.2394732095856,370.76554387645956,42.50022031006703,34.05376948972891
5.625625625625625,239.09032847104842,371.44730102340105,42.50022031006703,33.85356928952871
5.645645645645646,239.94118373251123,372.12505015832653,42.50022031006703,33.65336908932851
5.665665665665665,240.79203899397405,372.798791281236,42.50022031006703,33.45316888912831
5.685685685685685,241.64289425543686,373.46852439212944,42.50022031006703,33.25296868892811
5.7057057057057055,242.49374951689967,374.13424949100687,42.50022031006703,33.05276848872791
5.7257257257257255,243.34460477836248,374.7959665778683,42.50022031006703,32.852568288527706
5.745745745745746,244.1954600398253,375.4536756527137,42.50022031006703,32.652368088327506
5.7657657657657655,245.0463153012881,376.10737671554307,42.50022031006703,32.452167888127306
5.7857857857857855,245.89717056275092,376.75706976635644,42.50022031006703,32.251967687927106
5.8058058058058055,246.74802582421373,377.4027548051538,42.50022031006703,32.051767487726906
5.8258258258258255,247.59888108567654,378.0444318319351,42.50022031006703,31.851567287526706
5.845845845845846,248.44973634713935,378.68210084670045,42.50022031006703,31.651367087326506
5.865865865865866,249.30059160860216,379.31576184944976,42.50022031006703,31.451166887126305
5.885885885885886,250.15144687006497,379.945414840183,42.50022031006703,31.250966686926105
5.905905905905906,251.00230213152778,380.5710598189002,42.50022031006703,31.050766486725905
5.925925925925926,251.8531573929906,381.1926967856014,42.50022031006703,30.850566286525705
5.9459459459459465,252.7040126544534,381.8103257402866,42.50022031006703,30.650366086325505
5.965965965965966,253.55486791591622,382.4239466829558,42.50022031006703,30.450165886125305
5.9859859859859865,254.40572317737903,383.03355961360893,42.50022031006703,30.249965685925105
6.006006006006006,255.25657843884184,383.63916453224607,42.50022031006703,30.049765485724905
6.026026026026026,256.1074337003046,384.2407614388672,42.50022031006703,29.849565285524704
6.046046046046047,256.95828896176744,384.8383503334723,42.50022031006703,29.649365085324504
6.066066066066066,257.80914422323025,385.4319312160614,42.50022031006703,29.449164885124304
6.086086086086087,258.65999948469306,386.0215040866345,42.50022031006703,29.248964684924104
6.106106106106106,259.51085474615587,386.60706894519154,42.50022031006703,29.048764484723904
6.126126126126126,260.3617100076187,387.18862579173253,42.50022031006703,28.848564284523704
6.146146146146147,261.2125652690815,387.7661746262575,42.50022031006703,28.648364084323504
6.166166166166166,262.0634205305443,388.33971544876647,42.50022031006703,28.448163884123304
6.186186186186187,262.9142757920071,388.9092482592594,42.50022031006703,28.247963683923103
6.206206206206206,263.76513105346993,389.47477305773634,42.50022031006703,28.047763483722903
6.226226226226226,264.61598631493274,390.03628984419726,42.50022031006703,27.847563283522703
6.246246246246247,265.46684157639555,390.59379861864215,42.50022031006703,27.647363083322503
6.266266266266266,266.31769683785836,391.14729938107104,42.50022031006703,27.447162883122303
6.286286286286287,267.1685520993212,391.6967921314839,42.50022031006703,27.246962682922103
6.306306306306306,268.019407360784,392.24227686988075,42.50022031006703,27.046762482721903
6.326326326326326,268.8702626222468,392.7837535962616,42.50022031006703,26.846562282521703
6.346346346346347,269.7211178837096,393.3212223106264,42.50022031006703,26.646362082321502
6.366366366366366,270.5719731451724,393.8546830129752,42.50022031006703,26.446161882121302
6.386386386386387,271.42282840663523,394.38413570330795,42.50022031006703,26.245961681921102
6.406406406406406,272.27368366809804,394.90958038162466,42.50022031006703,26.045761481720902
6.426426426426426,273.12453892956086,395.43101704792537,42.50022031006703,25.845561281520702
6.446446446446447,273.97539419102367,395.94844570221005,42.50022031006703,25.6453610813205
6.466466466466466,274.8262494524865,396.4618663444787,42.50022031006703,25.4451608811203
6.486486486486487,275.6771047139493,396.9712789747314,42.50022031006703,25.2449606809201
6.506506506506506,276.5279599754121,397.476683592968,42.50022031006703,25.0447604807199
6.526526526526526,277.3788152368749,397.97808019918864,42.50022031006703,24.8445602805197
6.546546546546547,278.2296704983377,398.47546879339325,42.50022031006703,24.6443600803195
6.566566566566566,279.08052575980054,398.96884937558184,42.50022031006703,24.4441598801193
6.586586586586587,279.93138102126335,399.4582219457544,42.50022031006703,24.2439596799191
6.606606606606606,280.78223628272616,399.943586503911,42.50022031006703,24.0437594797189
6.626626626626627,281.63309154418897,400.4249430500515,42.50022031006703,23.8435592795187
6.646646646646647,282.4839468056518,400.902291584176,42.50022031006703,23.6433590793185
6.666666666666666,283.3348020671146,401.37563210628446,42.50022031006703,23.4431588791183
6.686686686686687,284.1856573285774,401.8449646163769,42.50022031006703,23.2429586789181
6.706706706706706,285.0365125900402,402.3102891144533,42.50022031006703,23.0427584787179
6.726726726726727,285.88736785150303,402.77160560051374,42.50022031006703,22.8425582785177
6.746746746746747,286.73822311296584,403.22891407455813,42.50022031006703,22.6423580783175
6.766766766766766,287.58907837442865,403.6822145365865,42.50022031006703,22.4421578781173
6.786786786786787,288.43993363589146,404.1315069865989,42.50022031006703,22.2419576779171
6.806806806806806,289.2907888973543,404.5767914245952,42.50022031006703,22.0417574777169
6.826826826826827,290.1416441588171,405.01806785057556,42.50022031006703,21.8415572775167
6.846846846846847,290.9924994202799,405.4553362645399,42.50022031006703,21.6413570773165
6.866866866866866,291.8433546817427,405.8885966664882,42.50022031006703,21.4411568771163
6.886886886886887,292.6942099432055,406.3178490564204,42.50022031006703,21.2409566769161
6.906906906906906,293.54506520466833,406.74309343433663,42.50022031006703,21.0407564767159
6.926926926926927,294.39592046613114,407.1643298002368,42.50022031006703,20.8405562765157
6.946946946946947,295.24677572759396,407.581558154121,42.50022031006703,20.6403560763155
6.966966966966966,296.09763098905677,407.9947784959892,42.50022031006703,20.4401558761153
6.986986986986987,296.9484862505196,408.40399082584133,42.50022031006703,20.2399556759151
7.007007007007006,297.7993415119824,408.80919514367747,42.50022031006703,20.039755475714898
7.027027027027027,298.6501967734452,409.2103914494976,42.50022031006703,19.839555275514698
7.047047047047047,299.501052034908,409.6075797433017,42.50022031006703,19.639355075314498
7.067067067067066,300.3519072963708,410.0007600250898,42.50022031006703,19.439154875114298
7.087087087087087,301.20276255783364,410.38993229486186,42.50022031006703,19.238954674914098
7.107107107107106,302.05361781929645,410.7750965526179,42.50022031006703,19.038754474713897
7.127127127127127,302.90447308075926,411.15625279835797,42.50022031006703,18.838554274513697
7.147147147147147,303.75532834222207,411.53340103208194,42.50022031006703,18.638354074313497
7.167167167167166,304.6061836036849,411.9065412537899,42.50022031006703,18.438153874113297
7.187187187187187,305.4570388651477,412.27567346348184,42.50022031006703,18.237953673913097
7.207207207207206,306.3078941266105,412.64079766115776,42.50022031006703,18.037753473712897
7.227227227227227,307.1587493880733,413.0019138468177,42.50022031006703,17.837553273512697
7.247247247247247,308.00960464953613,413.35902202046157,42.50022031006703,17.637353073312497
7.267267267267268,308.86045991099894,413.71212218208944,42.50022031006703,17.437152873112296
7.287287287287287,309.71131517246175,414.0612143317013,42.50022031006703,17.236952672912096
7.3073073073073065,310.56217043392456,414.40629846929716,42.50022031006703,17.036752472711896
7.327327327327327,311.4130256953874,414.747374594877,42.50022031006703,16.836552272511696
7.347347347347347,312.2638809568502,415.0844427084408,42.50022031006703,16.636352072311496
7.367367367367368,313.114736218313,415.4175028099886,42.50022031006703,16.436151872111296
7.387387387387387,313.9655914797758,415.7465548995204,42.50022031006703,16.235951671911096
7.4074074074074066,314.8164467412386,416.0715989770361,42.50022031006703,16.035751471710896
7.4274274274274275,315.66730200270143,416.3926350425358,42.50022031006703,15.835551271510695
7.4474474474474475,316.51815726416424,416.7096630960195,42.50022031006703,15.635351071310495
7.467467467467468,317.36901252562706,417.02268313748715,42.50022031006703,15.435150871110295
7.4874874874874875,318.21986778708987,417.3316951669388,42.50022031006703,15.234950670910095
7.507507507507507,319.0707230485527,417.63669918437444,42.50022031006703,15.034750470709895
7.5275275275275275,319.9215783100155,417.93769518979406,42.50022031006703,14.834550270509695
7.5475475475475475,320.7724335714783,418.23468318319766,42.50022031006703,14.634350070309495
7.567567567567568,321.6232888329411,418.52766316458525,42.50022031006703,14.434149870109295
7.587587587587588,322.4741440944039,418.8166351339568,42.50022031006703,14.233949669909094
7.607607607607607,323.32499935586674,419.1015990913124,42.50022031006703,14.033749469708894
7.627627627627628,324.17585461732955,419.3825550366519,42.50022031006703,13.833549269508694
7.647647647647648,325.02670987879236,419.6595029699754,42.50022031006703,13.633349069308494
7.6676676676676685,325.8775651402552,419.93244289128285,42.50022031006703,13.433148869108294
7.687687687687688,326.728420401718,420.2013748005743,42.50022031006703,13.232948668908094
7.707707707707707,327.5792756631808,420.4662986978497,42.50022031006703,13.032748468707894
7.727727727727728,328.4301309246436,420.7272145831091,42.50022031006703,12.832548268507693
7.747747747747748,329.2809861861064,420.9841224563525,42.50022031006703,12.632348068307493
7.767767767767769,330.13184144756923,421.2370223175799,42.50022031006703,12.432147868107293
7.787787787787788,330.98269670903204,421.48591416679125,42.50022031006703,12.231947667907093
7.807807807807807,331.83355197049485,421.7307980039866,42.50022031006703,12.031747467706893
7.827827827827828,332.68440723195766,421.9716738291659,42.50022031006703,11.831547267506693
7.847847847847848,333.5352624934205,422.20854164232924,42.50022031006703,11.631347067306493
7.867867867867869,334.3861177548833,422.44140144347654,42.50022031006703,11.431146867106293
7.887887887887888,335.2369730163461,422.6702532326078,42.50022031006703,11.230946666906092
7.907907907907909,336.0878282778089,422.89509700972303,42.50022031006703,11.030746466705892
7.927927927927928,336.9386835392717,423.1159327748222,42.50022031006703,10.830546266505692
7.947947947947948,337.78953880073453,423.3327605279054,42.50022031006703,10.630346066305492
7.967967967967969,338.64039406219734,423.54558026897257,42.50022031006703,10.430145866105292
7.987987987987988,339.49124932366016,423.7543919980237,42.50022031006703,10.229945665905092
8.008008008008009,340.34210458512297,423.95919571505885,42.50022031006703,10.029745465704892
8.028028028028029,341.1929598465858,424.159991420078,42.50022031006703,9.829545265504692
8.048048048048047,342.0438151080486,424.3567791130811,42.50022031006703,9.629345065304491
8.068068068068069,342.8946703695114,424.54955879406816,42.50022031006703,9.429144865104291
8.088088088088089,343.7455256309742,424.73833046303923,42.50022031006703,9.228944664904091
8.108108108108109,344.596380892437,424.9230941199943,42.50022031006703,9.028744464703891
8.128128128128129,345.44723615389984,425.10384976493333,42.50022031006703,8.828544264503691
8.148148148148147,346.29809141536265,425.28059739785635,42.50022031006703,8.62834406430349
8.168168168168169,347.14894667682546,425.4533370187633,42.50022031006703,8.42814386410329
8.188188188188189,347.9998019382883,425.62206862765424,42.50022031006703,8.22794366390309
8.208208208208209,348.8506571997511,425.78679222452917,42.50022031006703,8.02774346370289
8.228228228228229,349.7015124612139,425.94750780938807,42.50022031006703,7.82754326350269
8.248248248248247,350.5523677226767,426.10421538223096,42.50022031006703,7.62734306330249
8.268268268268269,351.4032229841395,426.25691494305784,42.50022031006703,7.42714286310229
8.288288288288289,352.25407824560233,426.4056064918687,42.50022031006703,7.22694266290209
8.308308308308309,353.10493350706514,426.55029002866354,42.50022031006703,7.02674246270189
8.328328328328329,353.95578876852795,426.69096555344237,42.50022031006703,6.82654226250169
8.348348348348347,354.80664402999076,426.8276330662052,42.50022031006703,6.6263420623014895
8.368368368368369,355.6574992914536,426.960292566952,42.50022031006703,6.426141862101289
8.388388388388389,356.5083545529164,427.08894405568276,42.50022031006703,6.225941661901089
8.408408408408409,357.3592098143792,427.21358753239747,42.50022031006703,6.025741461700889
8.428428428428429,358.210065075842,427.33422299709616,42.50022031006703,5.825541261500689
8.448448448448449,359.0609203373048,427.45085044977884,42.50022031006703,5.625341061300489
8.468468468468469,359.91177559876763,427.5634698904455,42.50022031006703,5.425140861100289
8.488488488488489,360.76263086023044,427.67208131909615,42.50022031006703,5.224940660900089
8.508508508508509,361.61348612169326,427.7766847357308,42.50022031006703,5.0247404606998884
8.528528528528529,362.46434138315607,427.8772801403494,42.50022031006703,4.824540260499688
8.548548548548549,363.3151966446189,427.973867532952,42.50022031006703,4.624340060299488
8.568568568568569,364.1660519060817,428.0664469135386,42.50022031006703,4.424139860099288
8.588588588588589,365.0169071675445,428.15501828210915,42.50022031006703,4.223939659899088
8.608608608608609,365.8677624290073,428.2395816386637,42.50022031006703,4.023739459698888
8.62862862862863,366.7186176904701,428.32013698320225,42.50022031006703,3.8235392594986877
8.64864864864865,367.56947295193294,428.39668431572477,42.50022031006703,3.6233390592984875
8.66866866866867,368.42032821339575,428.4692236362312,42.50022031006703,3.4231388590982874
8.68868868868869,369.27118347485856,428.53775494472166,42.50022031006703,3.2229386588980873
8.70870870870871,370.1220387363214,428.6022782411961,42.50022031006703,3.022738458697887
8.72872872872873,370.9728939977842,428.6627935256545,42.50022031006703,2.822538258497687
8.74874874874875,371.823749259247,428.71930079809687,42.50022031006703,2.622338058297487
8.76876876876877,372.6746045207098,428.77180005852324,42.50022031006703,2.4221378580972868
8.78878878878879,373.5254597821726,428.8202913069336,42.50022031006703,2.2219376578970866
8.80880880880881,374.37631504363543,428.86477454332794,42.50022031006703,2.0217374576968865
8.82882882882883,375.22717030509824,428.90524976770627,42.50022031006703,1.8215372574966864
8.84884884884885,376.07802556656105,428.9417169800686,42.50022031006703,1.6213370572964863
8.86886886886887,376.92888082802386,428.9741761804149,42.50022031006703,1.4211368570962861
8.88888888888889,377.7797360894867,429.00262736874515,42.50022031006703,1.220936656896086
8.90890890890891,378.6305913509495,429.0270705450594,42.50022031006703,1.0207364566958859
8.92892892892893,379.4814466124123,429.0475057093576,42.50022031006703,0.8205362564956857
8.94894894894895,380.3323018738751,429.0639328616398,42.50022031006703,0.6203360562954856
8.96896896896897,381.1831571353379,429.07635200190595,42.50022031006703,0.4201358560952854
8.98898898898899,382.03401239680073,429.0847631301561,42.50022031006703,0.21993565589508524
9.00900900900901,382.88486765826354,429.0891662463902,42.50022031006703,0.01973545569488505
9.02902902902903,383.73572291972636,429.08956135060834,42.50022031006703,-0.18046474450531513
9.04904904904905,384.58657818118917,429.08594844281043,42.50022031006703,-0.3806649447055153
9.06906906906907,385.437433442652,429.0783275229965,42.50022031006703,-0.5808651449057155
9.08908908908909,386.2882887041148,429.0666985911666,42.50022031006703,-0.7810653451059157
9.10910910910911,387.1391439655776,429.05106164732064,42.50022031006703,-0.9812655453061159
9.12912912912913,387.9899992270404,429.0314166914587,42.50022031006703,-1.181465745506316
9.14914914914915,388.8408544885032,429.0077637235807,42.50022031006703,-1.3816659457065161
9.16916916916917,389.69170974996604,428.98010274368664,42.50022031006703,-1.5818661459067163
9.18918918918919,390.54256501142885,428.9484337517766,42.50022031006703,-1.7820663461069164
9.20920920920921,391.39342027289166,428.9127567478505,42.50022031006703,-1.9822665463071165
9.22922922922923,392.2442755343545,428.8730717319084,42.50022031006703,-2.1824667465073166
9.24924924924925,393.0951307958173,428.8293787039503,42.50022031006703,-2.3826669467075168
9.26926926926927,393.9459860572801,428.78167766397615,42.50022031006703,-2.582867146907717
9.28928928928929,394.7968413187429,428.729968611986,42.50022031006703,-2.783067347107917
9.30930930930931,395.6476965802057,428.67425154797985,42.50022031006703,-2.983267547308117
9.32932932932933,396.49855184166853,428.6145264719577,42.50022031006703,-3.1834677475083173
9.34934934934935,397.34940710313134,428.5507933839195,42.50022031006703,-3.3836679477085174
9.36936936936937,398.20026236459415,428.4830522838653,42.50022031006703,-3.5838681479087175
9.38938938938939,399.05111762605696,428.41130317179505,42.50022031006703,-3.7840683481089177
9.40940940940941,399.9019728875198,428.3355460477088,42.50022031006703,-3.984268548309118
9.42942942942943,400.7528281489826,428.2557809116065,42.50022031006703,-4.184468748509318
9.44944944944945,401.6036834104454,428.1720077634882,42.50022031006703,-4.3846689487095185
9.46946946946947,402.4545386719082,428.08422660335384,42.50022031006703,-4.584869148909719
9.48948948948949,403.305393933371,427.9924374312035,42.50022031006703,-4.785069349109919
9.50950950950951,404.15624919483383,427.8966402470371,42.50022031006703,-4.985269549310119
9.52952952952953,405.00710445629664,427.7968350508547,42.50022031006703,-5.185469749510319
9.54954954954955,405.85795971775946,427.6930218426563,42.50022031006703,-5.385669949710519
9.56956956956957,406.70881497922227,427.5852006224419,42.50022031006703,-5.585870149910719
9.58958958958959,407.5596702406851,427.47337139021147,42.50022031006703,-5.786070350110919
9.60960960960961,408.4105255021479,427.357534145965,42.50022031006703,-5.9862705503111195
9.62962962962963,409.2613807636107,427.23768888970255,42.50022031006703,-6.18647075051132
9.64964964964965,410.1122360250735,427.1138356214241,42.50022031006703,-6.38667095071152
9.66966966966967,410.9630912865363,426.9859743411295,42.50022031006703,-6.58687115091172
9.68968968968969,411.81394654799914,426.85410504881895,42.50022031006703,-6.78707135111192
9.70970970970971,412.66480180946195,426.71822774449237,42.50022031006703,-6.98727155131212
9.72972972972973,413.51565707092476,426.57834242814977,42.50022031006703,-7.18747175151232
9.74974974974975,414.3665123323876,426.43444909979115,42.50022031006703,-7.3876719517125204
9.76976976976977,415.2173675938504,426.2865477594165,42.50022031006703,-7.587872151912721
9.78978978978979,416.0682228553132,426.1346384070259,42.50022031006703,-7.788072352112921
9.80980980980981,416.919078116776,425.9787210426192,42.50022031006703,-7.988272552313121
9.82982982982983,417.7699333782388,425.81879566619654,42.50022031006703,-8.188472752513322
9.84984984984985,418.62078863970163,425.65486227775784,42.50022031006703,-8.388672952713522
9.86986986986987,419.47164390116444,425.48692087730313,42.50022031006703,-8.588873152913722
9.88988988988989,420.32249916262725,425.3149714648324,42.50022031006703,-8.789073353113922
9.90990990990991,421.17335442409006,425.13901404034567,42.50022031006703,-8.989273553314122
9.92992992992993,422.0242096855529,424.95904860384286,42.50022031006703,-9.189473753514322
9.94994994994995,422.8750649470157,424.77507515532403,42.50022031006703,-9.389673953714523
9.96996996996997,423.7259202084785,424.5870936947892,42.50022031006703,-9.589874153914723
9.98998998998999,424.5767754699413,424.39510422223833,42.50022031006703,-9.790074354114923
10.01001001001001,425.4276307314041,424.19910673767146,42.50022031006703,-9.990274554315123
10.03003003003003,426.27848599286693,423.99910124108857,42.50022031006703,-10.190474754515323
10.05005005005005,427.12934125432974,423.79508773248966,42.50022031006703,-10.390674954715523
10.07007007007007,427.98019651579256,423.58706621187474,42.50022031006703,-10.590875154915723
10.09009009009009,428.83105177725537,423.3750366792438,42.50022031006703,-10.791075355115924
10.11011011011011,429.6819070387182,423.15899913459685,42.50022031006703,-10.991275555316124
10.13013013013013,430.532762300181,422.9389535779339,42.50022031006703,-11.191475755516324
10.15015015015015,431.3836175616438,422.7149000092549,42.50022031006703,-11.391675955716524
10.17017017017017,432.2344728231066,422.4868384285599,42.50022031006703,-11.591876155916724
10.19019019019019,433.0853280845694,422.25476883584884,42.50022031006703,-11.792076356116924
10.21021021021021,433.93618334603224,422.01869123112175,42.50022031006703,-11.992276556317124
10.23023023023023,434.78703860749505,421.77860561437865,42.50022031006703,-12.192476756517324
10.25025025025025,435.63789386895786,421.53451198561953,42.50022031006703,-12.392676956717525
10.27027027027027,436.4887491304207,421.2864103448444,42.50022031006703,-12.592877156917725
10.29029029029029,437.3396043918835,421.03430069205325,42.50022031006703,-12.793077357117925
10.31031031031031,438.1904596533463,420.7781830272461,42.50022031006703,-12.993277557318125
10.33033033033033,439.0413149148091,420.5180573504229,42.50022031006703,-13.193477757518325
10.35035035035035,439.8921701762719,420.2539236615837,42.50022031006703,-13.393677957718525
10.37037037037037,440.74302543773473,419.9857819607285,42.50022031006703,-13.593878157918725
10.39039039039039,441.59388069919754,419.7136322478573,42.50022031006703,-13.794078358118925
10.41041041041041,442.44473596066035,419.43747452297004,42.50022031006703,-13.994278558319126
10.43043043043043,443.29559122212316,419.1573087860667,42.50022031006703,-14.194478758519326
10.45045045045045,444.146446483586,418.8731350371474,42.50022031006703,-14.394678958719526
10.47047047047047,444.9973017450488,418.58495327621205,42.50022031006703,-14.594879158919726
10.49049049049049,445.8481570065116,418.2927635032607,42.50022031006703,-14.795079359119926
10.51051051051051,446.6990122679744,417.9965657182933,42.50022031006703,-14.995279559320126
10.53053053053053,447.5498675294372,417.6963599213099,42.50022031006703,-15.195479759520326
10.55055055055055,448.40072279090003,417.3921461123105,42.50022031006703,-15.395679959720526
10.57057057057057,449.25157805236285,417.0839242912951,42.50022031006703,-15.595880159920727
10.59059059059059,450.10243331382566,416.77169445826365,42.50022031006703,-15.796080360120927
10.61061061061061,450.95328857528847,416.4554566132162,42.50022031006703,-15.996280560321127
10.63063063063063,451.8041438367513,416.13521075615273,42.50022031006703,-16.19648076052133
10.65065065065065,452.6549990982141,415.81095688707325,42.50022031006703,-16.39668096072153
10.67067067067067,453.5058543596769,415.48269500597775,42.50022031006703,-16.59688116092173
10.690690690690692,454.3567096211397,415.1504251128662,42.50022031006703,-16.79708136112193
10.71071071071071,455.2075648826025,414.8141472077386,42.50022031006703,-16.99728156132213
10.73073073073073,456.05842014406534,414.473861290595,42.50022031006703,-17.19748176152233
10.75075075075075,456.90927540552815,414.12956736143536,42.50022031006703,-17.39768196172253
10.77077077077077,457.76013066699096,413.78126542025973,42.50022031006703,-17.59788216192273
10.790790790790792,458.6109859284538,413.4289554670681,42.50022031006703,-17.79808236212293
10.81081081081081,459.4618411899166,413.0726375018604,42.50022031006703,-17.99828256232313
10.83083083083083,460.3126964513794,412.71231152463673,42.50022031006703,-18.19848276252333
10.85085085085085,461.1635517128422,412.34797753539704,42.50022031006703,-18.39868296272353
10.87087087087087,462.014406974305,411.9796355341413,42.50022031006703,-18.59888316292373
10.890890890890892,462.86526223576783,411.6072855208696,42.50022031006703,-18.79908336312393
10.91091091091091,463.71611749723064,411.23092749558185,42.50022031006703,-18.99928356332413
10.93093093093093,464.56697275869345,410.8505614582781,42.50022031006703,-19.19948376352433
10.95095095095095,465.41782802015626,410.46618740895826,42.50022031006703,-19.39968396372453
10.97097097097097,466.2686832816191,410.0778053476224,42.50022031006703,-19.59988416392473
10.990990990990992,467.1195385430819,409.68541527427055,42.50022031006703,-19.80008436412493
11.01101101101101,467.9703938045447,409.2890171889027,42.50022031006703,-20.00028456432513
11.03103103103103,468.8212490660075,408.8886110915188,42.50022031006703,-20.20048476452533
11.05105105105105,469.6721043274703,408.4841969821189,42.50022031006703,-20.40068496472553
11.07107107107107,470.52295958893313,408.07577486070295,42.50022031006703,-20.60088516492573
11.091091091091092,471.37381485039595,407.663344727271,42.50022031006703,-20.80108536512593
11.11111111111111,472.22467011185876,407.24690658182305,42.50022031006703,-21.001285565326132
11.13113113113113,473.07552537332157,406.8264604243591,42.50022031006703,-21.201485765526332
11.15115115115115,473.9263806347844,406.4020062548791,42.50022031006703,-21.401685965726532
11.17117117117117,474.7772358962472,405.9735440733831,42.50022031006703,-21.601886165926732
11.191191191191193,475.62809115771,405.541073879871,42.50022031006703,-21.802086366126932
11.21121121121121,476.4789464191728,405.10459567434293,42.50022031006703,-22.002286566327133
11.23123123123123,477.3298016806356,404.6641094567988,42.50022031006703,-22.202486766527333
11.25125125125125,478.18065694209844,404.2196152272387,42.50022031006703,-22.402686966727533
11.27127127127127,479.03151220356125,403.77111298566257,42.50022031006703,-22.602887166927733
11.291291291291293,479.88236746502406,403.3186027320704,42.50022031006703,-22.803087367127933
11.31131131131131,480.7332227264869,402.86208446646225,42.50022031006703,-23.003287567328133
11.33133133133133,481.5840779879497,402.40155818883807,42.50022031006703,-23.203487767528333
11.35135135135135,482.4349332494125,401.93702389919787,42.50022031006703,-23.403687967728533
11.37137137137137,483.2857885108753,401.46848159754165,42.50022031006703,-23.603888167928734
11.391391391391393,484.1366437723381,400.9959312838694,42.50022031006703,-23.804088368128934
11.411411411411411,484.98749903380093,400.5193729581812,42.50022031006703,-24.004288568329134
11.431431431431431,485.83835429526374,400.0388066204769,42.50022031006703,-24.204488768529334
11.451451451451451,486.68920955672655,399.5542322707566,42.50022031006703,-24.404688968729534
11.471471471471471,487.54006481818936,399.06564990902024,42.50022031006703,-24.604889168929734
11.491491491491493,488.3909200796522,398.5730595352679,42.50022031006703,-24.805089369129934
11.511511511511511,489.241775341115,398.0764611494995,42.50022031006703,-25.005289569330134
11.531531531531531,490.0926306025778,397.5758547517151,42.50022031006703,-25.205489769530335
11.551551551551551,490.9434858640406,397.0712403419147,42.50022031006703,-25.405689969730535
11.571571571571571,491.7943411255034,396.56261792009826,42.50022031006703,-25.605890169930735
11.591591591591593,492.64519638696623,396.0499874862658,42.50022031006703,-25.806090370130935
11.611611611611611,493.49605164842905,395.53334904041736,42.50022031006703,-26.006290570331135
11.631631631631631,494.34690690989186,395.0127025825529,42.50022031006703,-26.206490770531335
11.651651651651651,495.19776217135467,394.4880481126724,42.50022031006703,-26.406690970731535
11.671671671671671,496.0486174328175,393.9593856307759,42.50022031006703,-26.606891170931736
11.691691691691693,496.8994726942803,393.4267151368634,42.50022031006703,-26.807091371131936
11.711711711711711,497.7503279557431,392.8900366309348,42.50022031006703,-27.007291571332136
11.731731731731731,498.6011832172059,392.3493501129902,42.50022031006703,-27.207491771532336
11.751751751751751,499.4520384786687,391.80465558302956,42.50022031006703,-27.407691971732536
11.771771771771771,500.30289374013154,391.2559530410529,42.50022031006703,-27.607892171932736
11.791791791791793,501.15374900159435,390.70324248706027,42.50022031006703,-27.808092372132936
11.811811811811811,502.00460426305716,390.1465239210516,42.50022031006703,-28.008292572333136
11.831831831831831,502.85545952452,389.5857973430269,42.50022031006703,-28.208492772533337
11.851851851851851,503.7063147859828,389.0210627529862,42.50022031006703,-28.408692972733537
11.871871871871871,504.5571700474456,388.4523201509295,42.50022031006703,-28.608893172933737
11.891891891891893,505.4080253089084,387.87956953685676,42.50022031006703,-28.809093373133937
11.911911911911911,506.2588805703712,387.302810910768,42.50022031006703,-29.009293573334137
11.931931931931931,507.10973583183403,386.72204427266325,42.50022031006703,-29.209493773534337
11.951951951951951,507.96059109329684,386.1372696225424,42.50022031006703,-29.409693973734537
11.971971971971973,508.81144635475965,385.54848696040557,42.50022031006703,-29.609894173934737
11.991991991991993,509.66230161622246,384.9556962862527,42.50022031006703,-29.810094374134938
12.012012012012011,510.5131568776853,384.3588976000838,42.50022031006703,-30.010294574335138
12.032032032032031,511.3640121391481,383.7580909018989,42.50022031006703,-30.210494774535338
12.052052052052051,512.2148674006108,383.153276191698,42.50022031006703,-30.410694974735538
12.072072072072073,513.0657226620737,382.5444534694811,42.50022031006703,-30.610895174935738
12.092092092092093,513.9165779235365,381.93162273524814,42.50022031006703,-30.811095375135938
12.112112112112111,514.7674331849993,381.3147839889992,42.50022031006703,-31.01129557533614
12.132132132132131,515.6182884464621,380.6939372307342,42.50022031006703,-31.21149577553634
12.152152152152151,516.4691437079249,380.0690824604532,42.50022031006703,-31.41169597573654
12.172172172172173,517.3199989693877,379.4402196781562,42.50022031006703,-31.61189617593674
12.192192192192193,518.1708542308505,378.8073488838432,42.50022031006703,-31.81209637613694
12.212212212212211,519.0217094923133,378.1704700775141,42.50022031006703,-32.01229657633714
12.232232232232231,519.8725647537761,377.529583259169,42.50022031006703,-32.21249677653734
12.252252252252251,520.723420015239,376.88468842880786,42.50022031006703,-32.41269697673754
12.272272272272273,521.5742752767018,376.2357855864307,42.50022031006703,-32.61289717693774
12.292292292292293,522.4251305381646,375.58287473203757,42.50022031006703,-32.81309737713794
12.312312312312311,523.2759857996274,374.9259558656284,42.50022031006703,-33.01329757733814
12.332332332332332,524.1268410610902,374.2650289872032,42.50022031006703,-33.21349777753834
12.352352352352352,524.977696322553,373.600094096762,42.50022031006703,-33.41369797773854
12.372372372372373,525.8285515840158,372.9311511943048,42.50022031006703,-33.613898177938744
12.392392392392393,526.6794068454786,372.25820027983156,42.50022031006703,-33.814098378138944
12.412412412412412,527.5302621069414,371.5812413533423,42.50022031006703,-34.014298578339144
12.432432432432432,528.3811173684043,370.90027441483704,42.50022031006703,-34.214498778539344
12.452452452452452,529.2319726298671,370.21529946431576,42.50022031006703,-34.414698978739544
12.472472472472473,530.0828278913299,369.5263165017784,42.50022031006703,-34.614899178939744
12.492492492492493,530.9336831527927,368.83332552722504,42.50022031006703,-34.815099379139944
12.512512512512512,531.7845384142555,368.13632654065566,42.50022031006703,-35.015299579340144
12.532532532532532,532.6353936757183,367.43531954207026,42.50022031006703,-35.215499779540345
12.552552552552552,533.4862489371811,366.73030453146885,42.50022031006703,-35.415699979740545
12.572572572572573,534.3371041986439,366.0212815088514,42.50022031006703,-35.615900179940745
12.592592592592593,535.1879594601068,365.30825047421797,42.50022031006703,-35.816100380140945
12.612612612612612,536.0388147215696,364.5912114275685,42.50022031006703,-36.016300580341145
12.632632632632632,536.8896699830324,363.87016436890303,42.50022031006703,-36.216500780541345
12.652652652652652,537.7405252444952,363.14510929822154,42.50022031006703,-36.416700980741545
12.672672672672673,538.591380505958,362.41604621552403,42.50022031006703,-36.616901180941746
12.692692692692694,539.4422357674208,361.6829751208105,42.50022031006703,-36.817101381141946
12.712712712712712,540.2930910288836,360.9458960140809,42.50022031006703,-37.017301581342146
12.732732732732732,541.1439462903464,360.2048088953353,42.50022031006703,-37.217501781542346
12.752752752752752,541.9948015518092,359.4597137645737,42.50022031006703,-37.417701981742546
12.772772772772774,542.8456568132721,358.71061062179604,42.50022031006703,-37.617902181942746
12.792792792792794,543.6965120747349,357.9574994670024,42.50022031006703,-37.818102382142946
12.812812812812812,544.5473673361977,357.2003803001927,42.50022031006703,-38.018302582343146
12.832832832832832,545.3982225976605,356.439253121367,42.50022031006703,-38.21850278254335
12.852852852852852,546.2490778591233,355.6741179305253,42.50022031006703,-38.41870298274355
12.872872872872874,547.0999331205861,354.9049747276676,42.50022031006703,-38.61890318294375
12.892892892892894,547.9507883820489,354.13182351279386,42.50022031006703,-38.81910338314395
12.912912912912912,548.8016436435117,353.3546642859041,42.50022031006703,-39.01930358334415
12.932932932932932,549.6524989049745,352.57349704699834,42.50022031006703,-39.21950378354435
12.952952952952952,550.5033541664374,351.78832179607656,42.50022031006703,-39.41970398374455
12.972972972972974,551.3542094279002,350.9991385331387,42.50022031006703,-39.61990418394475
12.992992992992994,552.205064689363,350.20594725818484,42.50022031006703,-39.82010438414495
13.013013013013012,553.0559199508258,349.40874797121495,42.50022031006703,-40.02030458434515
13.033033033033032,553.9067752122886,348.60754067222905,42.50022031006703,-40.22050478454535
13.053053053053052,554.7576304737514,347.80232536122713,42.50022031006703,-40.42070498474555
13.073073073073074,555.6084857352142,346.9931020382092,42.50022031006703,-40.62090518494575
13.093093093093094,556.459340996677,346.17987070317525,42.50022031006703,-40.82110538514595
13.113113113113112,557.3101962581399,345.3626313561253,42.50022031006703,-41.02130558534615
13.133133133133132,558.1610515196027,344.5413839970593,42.50022031006703,-41.22150578554635
13.153153153153154,559.0119067810655,343.7161286259773,42.50022031006703,-41.42170598574655
13.173173173173174,559.8627620425283,342.8868652428793,42.50022031006703,-41.62190618594675
13.193193193193194,560.7136173039911,342.0535938477653,42.50022031006703,-41.82210638614695
13.213213213213212,561.5644725654539,341.2163144406352,42.50022031006703,-42.02230658634715
13.233233233233232,562.4153278269167,340.3750270214891,42.50022031006703,-42.22250678654735
13.253253253253254,563.2661830883795,339.52973159032695,42.50022031006703,-42.42270698674755
13.273273273273274,564.1170383498423,338.6804281471488,42.50022031006703,-42.62290718694775
13.293293293293294,564.9678936113052,337.82711669195464,42.50022031006703,-42.82310738714795
13.313313313313312,565.818748872768,336.96979722474447,42.50022031006703,-43.02330758734815
13.333333333333332,566.6696041342308,336.1084697455183,42.50022031006703,-43.22350778754835
13.353353353353354,567.5204593956936,335.2431342542761,42.50022031006703,-43.42370798774855
13.373373373373374,568.3713146571564,334.37379075101785,42.50022031006703,-43.62390818794875
13.393393393393394,569.2221699186192,333.5004392357436,42.50022031006703,-43.82410838814895
13.413413413413412,570.073025180082,332.62307970845336,42.50022031006703,-44.02430858834915
13.433433433433432,570.9238804415448,331.7417121691471,42.50022031006703,-44.22450878854935
13.453453453453454,571.7747357030077,330.8563366178248,42.50022031006703,-44.42470898874955
13.473473473473474,572.6255909644705,329.96695305448645,42.50022031006703,-44.62490918894975
13.493493493493494,573.4764462259333,329.0735614791321,42.50022031006703,-44.82510938914995
13.513513513513512,574.3273014873961,328.1761618917617,42.50022031006703,-45.02530958935015
13.533533533533532,575.1781567488589,327.2747542923753,42.50022031006703,-45.22550978955035
13.553553553553554,576.0290120103217,326.3693386809729,42.50022031006703,-45.42570998975055
13.573573573573574,576.8798672717845,325.45991505755444,42.50022031006703,-45.62591018995075
13.593593593593594,577.7307225332473,324.54648342212,42.50022031006703,-45.82611039015095
13.613613613613612,578.5815777947101,323.6290437746695,42.50022031006703,-46.02631059035115
13.633633633633632,579.432433056173,322.70759611520305,42.50022031006703,-46.22651079055135
13.653653653653654,580.2832883176358,321.78214044372055,42.50022031006703,-46.42671099075155
13.673673673673674,581.1341435790986,320.85267676022204,42.50022031006703,-46.62691119095175
13.693693693693694,581.9849988405614,319.9192050647075,42.50022031006703,-46.82711139115195
13.713713713713712,582.8358541020242,318.98172535717697,42.50022031006703,-47.02731159135215
13.733733733733732,583.686709363487,318.04023763763036,42.50022031006703,-47.22751179155235
13.753753753753754,584.5375646249498,317.0947419060677,42.50022031006703,-47.42771199175255
13.773773773773774,585.3884198864126,316.1452381624891,42.50022031006703,-47.62791219195275
13.793793793793794,586.2392751478754,315.1917264068944,42.50022031006703,-47.82811239215295
13.813813813813812,587.0901304093383,314.23420663928374,42.50022031006703,-48.02831259235315
13.833833833833832,587.9409856708011,313.27267885965705,42.50022031006703,-48.22851279255335
13.853853853853854,588.7918409322639,312.30714306801434,42.50022031006703,-48.42871299275355
13.873873873873874,589.6426961937267,311.3375992643556,42.50022031006703,-48.62891319295375
13.893893893893894,590.4935514551895,310.3640474486809,42.50022031006703,-48.82911339315395
13.913913913913913,591.3444067166523,309.3864876209901,42.50022031006703,-49.02931359335415
13.933933933933933,592.1952619781151,308.40491978128335,42.50022031006703,-49.229513793554354
13.953953953953954,593.0461172395779,307.41934392956057,42.50022031006703,-49.429713993754554
13.973973973973974,593.8969725010408,306.4297600658217,42.50022031006703,-49.629914193954754
13.993993993993994,594.7478277625036,305.43616819006684,42.50022031006703,-49.830114394154954
14.014014014014013,595.5986830239664,304.43856830229595,42.50022031006703,-50.030314594355154
14.034034034034033,596.4495382854292,303.43696040250904,42.50022031006703,-50.230514794555354
14.054054054054054,597.300393546892,302.4313444907061,42.50022031006703,-50.430714994755554
14.074074074074074,598.1512488083548,301.4217205668872,42.50022031006703,-50.630915194955755
14.094094094094094,599.0021040698176,300.40808863105224,42.50022031006703,-50.831115395155955
14.114114114114113,599.8529593312804,299.39044868320127,42.50022031006703,-51.031315595356155
14.134134134134133,600.7038145927432,298.3688007233343,42.50022031006703,-51.231515795556355
14.154154154154154,601.554669854206,297.3431447514513,42.50022031006703,-51.431715995756555
14.174174174174174,602.4055251156689,296.3134807675523,42.50022031006703,-51.631916195956755
14.194194194194194,603.2563803771317,295.27980877163725,42.50022031006703,-51.832116396156955
14.214214214214213,604.1072356385945,294.2421287637062,42.50022031006703,-52.032316596357155
14.234234234234233,604.9580909000573,293.2004407437591,42.50022031006703,-52.232516796557356
14.254254254254255,605.8089461615201,292.15474471179596,42.50022031006703,-52.432716996757556
14.274274274274275,606.6598014229829,291.1050406678168,42.50022031006703,-52.632917196957756
14.294294294294295,607.5106566844457,290.05132861182165,42.50022031006703,-52.833117397157956
14.314314314314313,608.3615119459085,288.99360854381047,42.50022031006703,-53.033317597358156
14.334334334334333,609.2123672073714,287.9318804637833,42.50022031006703,-53.233517797558356
14.354354354354355,610.0632224688342,286.86614437174006,42.50022031006703,-53.433717997758556
14.374374374374375,610.914077730297,285.79640026768084,42.50022031006703,-53.63391819795876
14.394394394394395,611.7649329917598,284.7226481516056,42.50022031006703,-53.83411839815896
14.414414414414413,612.6157882532226,283.64488802351434,42.50022031006703,-54.03431859835916
14.434434434434436,613.4666435146854,282.56311988340707,42.50022031006703,-54.23451879855936
14.454454454454455,614.3174987761482,281.4773437312838,42.50022031006703,-54.43471899875956
14.474474474474475,615.168354037611,280.3875595671445,42.50022031006703,-54.63491919895976
14.494494494494495,616.0192092990739,279.2937673909891,42.50022031006703,-54.83511939915996
14.514514514514513,616.8700645605367,278.1959672028177,42.50022031006703,-55.03531959936016
14.534534534534536,617.7209198219995,277.0941590026303,42.50022031006703,-55.23551979956036
14.554554554554555,618.5717750834623,275.9883427904269,42.50022031006703,-55.43571999976056
14.574574574574575,619.4226303449251,274.87851856620745,42.50022031006703,-55.63592019996076
14.594594594594595,620.2734856063879,273.764686329972,42.50022031006703,-55.83612040016096
14.614614614614613,621.1243408678507,272.6468460817205,42.50022031006703,-56.03632060036116
14.634634634634637,621.9751961293135,271.52499782145304,42.50022031006703,-56.23652080056136
14.654654654654655,622.8260513907763,270.39914154916954,42.50022031006703,-56.43672100076156
14.674674674674675,623.6769066522392,269.26927726487,42.50022031006703,-56.63692120096176
14.694694694694695,624.527761913702,268.1354049685545,42.50022031006703,-56.83712140116196
14.714714714714713,625.3786171751648,266.99752466022295,42.50022031006703,-57.03732160136216
14.734734734734737,626.2294724366276,265.85563633987533,42.50022031006703,-57.23752180156236
14.754754754754755,627.0803276980904,264.7097400075117,42.50022031006703,-57.43772200176256
14.774774774774775,627.9311829595532,263.55983566313205,42.50022031006703,-57.63792220196276
14.794794794794795,628.782038221016,262.4059233067364,42.50022031006703,-57.83812240216296
14.814814814814813,629.6328934824788,261.2480029383247,42.50022031006703,-58.03832260236316
14.834834834834837,630.4837487439416,260.086074557897,42.50022031006703,-58.23852280256336
14.854854854854855,631.3346040054045,258.9201381654533,42.50022031006703,-58.43872300276356
14.874874874874875,632.1854592668673,257.75019376099357,42.50022031006703,-58.63892320296376
14.894894894894895,633.0363145283301,256.5762413445178,42.50022031006703,-58.83912340316396
14.914914914914913,633.8871697897929,255.39828091602607,42.50022031006703,-59.03932360336416
14.934934934934937,634.7380250512557,254.21631247551827,42.50022031006703,-59.23952380356436
14.954954954954955,635.5888803127185,253.03033602299445,42.50022031006703,-59.43972400376456
14.974974974974975,636.4397355741813,251.8403515584546,42.50022031006703,-59.63992420396476
14.994994994994995,637.2905908356441,250.64635908189877,42.50022031006703,-59.84012440416496
15.015015015015013,638.141446097107,249.4483585933269,42.50022031006703,-60.04032460436516
15.035035035035037,638.9923013585698,248.24635009273902,42.50022031006703,-60.24052480456536
15.055055055055055,639.8431566200326,247.0403335801351,42.50022031006703,-60.44072500476556
15.075075075075075,640.6940118814954,245.83030905551516,42.50022031006703,-60.64092520496576
15.095095095095095,641.5448671429582,244.6162765188792,42.50022031006703,-60.84112540516596
15.115115115115113,642.395722404421,243.39823597022723,42.50022031006703,-61.04132560536616
15.135135135135137,643.2465776658838,242.17618740955925,42.50022031006703,-61.24152580556636
15.155155155155155,644.0974329273466,240.95013083687525,42.50022031006703,-61.44172600576656
15.175175175175175,644.9482881888094,239.7200662521752,42.50022031006703,-61.64192620596676
15.195195195195195,645.7991434502723,238.48599365545914,42.50022031006703,-61.84212640616696
15.215215215215213,646.6499987117351,237.24791304672706,42.50022031006703,-62.04232660636716
15.235235235235237,647.5008539731979,236.00582442597897,42.50022031006703,-62.24252680656736
15.255255255255255,648.3517092346607,234.75972779321486,42.50022031006703,-62.44272700676756
15.275275275275275,649.2025644961235,233.50962314843474,42.50022031006703,-62.64292720696776
15.295295295295295,650.0534197575863,232.2555104916386,42.50022031006703,-62.84312740716796
15.315315315315313,650.9042750190491,230.99738982282642,42.50022031006703,-63.04332760736816
15.335335335335337,651.7551302805119,229.73526114199822,42.50022031006703,-63.24352780756836
15.355355355355355,652.6059855419747,228.469124449154,42.50022031006703,-63.44372800776856
15.375375375375375,653.4568408034376,227.19897974429378,42.50022031006703,-63.64392820796876
15.395395395395395,654.3076960649004,225.92482702741754,42.50022031006703,-63.84412840816896
15.415415415415413,655.1585513263632,224.64666629852528,42.50022031006703,-64.04432860836917
15.435435435435437,656.009406587826,223.36449755761697,42.50022031006703,-64.24452880856937
15.455455455455455,656.8602618492888,222.07832080469265,42.50022031006703,-64.44472900876957
15.475475475475475,657.7111171107516,220.78813603975232,42.50022031006703,-64.64492920896977
15.495495495495495,658.5619723722144,219.49394326279597,42.50022031006703,-64.84512940916997
15.515515515515514,659.4128276336772,218.1957424738236,42.50022031006703,-65.04532960937017
15.535535535535537,660.26368289514,216.89353367283522,42.50022031006703,-65.24552980957037
15.555555555555555,661.1145381566029,215.5873168598308,42.50022031006703,-65.44573000977057
15.575575575575575,661.9653934180657,214.27709203481035,42.50022031006703,-65.64593020997077
15.595595595595595,662.8162486795285,212.9628591977739,42.50022031006703,-65.84613041017097
15.615615615615614,663.6671039409913,211.64461834872142,42.50022031006703,-66.04633061037117
15.635635635635637,664.5179592024541,210.32236948765294,42.50022031006703,-66.24653081057137
15.655655655655655,665.3688144639169,208.99611261456843,42.50022031006703,-66.44673101077157
15.675675675675675,666.2196697253797,207.6658477294679,42.50022031006703,-66.64693121097177
15.695695695695695,667.0705249868425,206.33157483235135,42.50022031006703,-66.84713141117197
15.715715715715717,667.9213802483054,204.99329392321877,42.50022031006703,-67.04733161137217
15.735735735735737,668.7722355097682,203.65100500207018,42.50022031006703,-67.24753181157237
15.755755755755755,669.623090771231,202.30470806890557,42.50022031006703,-67.44773201177257
15.775775775775776,670.4739460326938,200.95440312372494,42.50022031006703,-67.64793221197277
15.795795795795796,671.3248012941566,199.6000901665283,42.50022031006703,-67.84813241217297
15.815815815815817,672.1756565556194,198.24176919731562,42.50022031006703,-68.04833261237317
15.835835835835837,673.0265118170822,196.87944021608692,42.50022031006703,-68.24853281257337
15.855855855855856,673.877367078545,195.5131032228422,42.50022031006703,-68.44873301277357
15.875875875875876,674.7282223400078,194.14275821758147,42.50022031006703,-68.64893321297377
15.895895895895896,675.5790776014707,192.76840520030473,42.50022031006703,-68.84913341317397
15.915915915915917,676.4299328629335,191.39004417101197,42.50022031006703,-69.04933361337417
15.935935935935937,677.2807881243963,190.00767512970316,42.50022031006703,-69.24953381357437
15.955955955955956,678.1316433858591,188.62129807637834,42.50022031006703,-69.44973401377457
15.975975975975976,678.9824986473219,187.2309130110375,42.50022031006703,-69.64993421397477
15.995995995995996,679.8333539087847,185.83651993368065,42.50022031006703,-69.85013441417497
16.016016016016017,680.6842091702475,184.43811884430778,42.50022031006703,-70.05033461437517
16.036036036036037,681.5350644317103,183.0357097429189,42.50022031006703,-70.25053481457537
16.056056056056057,682.3859196931732,181.629292629514,42.50022031006703,-70.45073501477557
16.076076076076077,683.236774954636,180.21886750409305,42.50022031006703,-70.65093521497577
16.096096096096094,684.0876302160988,178.8044343666561,42.50022031006703,-70.85113541517597
16.116116116116117,684.9384854775616,177.38599321720312,42.50022031006703,-71.05133561537617
16.136136136136138,685.7893407390244,175.96354405573413,42.50022031006703,-71.25153581557637
16.156156156156158,686.6401960004872,174.53708688224913,42.50022031006703,-71.45173601577658
16.176176176176178,687.49105126195,173.1066216967481,42.50022031006703,-71.65193621597678
16.196196196196194,688.3419065234128,171.67214849923104,42.50022031006703,-71.85213641617698
16.216216216216218,689.1927617848756,170.23366728969796,42.50022031006703,-72.05233661637718
16.236236236236238,690.0436170463385,168.79117806814887,42.50022031006703,-72.25253681657738
16.256256256256258,690.8944723078013,167.34468083458376,42.50022031006703,-72.45273701677758
16.276276276276278,691.7453275692641,165.89417558900263,42.50022031006703,-72.65293721697778
16.296296296296294,692.5961828307269,164.4396623314055,42.50022031006703,-72.85313741717798
16.316316316316318,693.4470380921897,162.9811410617923,42.50022031006703,-73.05333761737818
16.336336336336338,694.2978933536525,161.5186117801631,42.50022031006703,-73.25353781757838
16.356356356356358,695.1487486151153,160.05207448651788,42.50022031006703,-73.45373801777858
16.376376376376378,695.9996038765781,158.58152918085665,42.50022031006703,-73.65393821797878
16.396396396396394,696.850459138041,157.1069758631794,42.50022031006703,-73.85413841817898
16.416416416416418,697.7013143995038,155.62841453348614,42.50022031006703,-74.05433861837918
16.436436436436438,698.5521696609666,154.14584519177686,42.50022031006703,-74.25453881857938
16.456456456456458,699.4030249224294,152.65926783805153,42.50022031006703,-74.45473901877958
16.476476476476478,700.2538801838922,151.1686824723102,42.50022031006703,-74.65493921897978
16.496496496496494,701.104735445355,149.67408909455284,42.50022031006703,-74.85513941917998
16.516516516516518,701.9555907068178,148.17548770477947,42.50022031006703,-75.05533961938018
16.536536536536538,702.8064459682806,146.67287830299009,42.50022031006703,-75.25553981958038
16.556556556556558,703.6573012297434,145.16626088918468,42.50022031006703,-75.45574001978058
16.576576576576578,704.5081564912063,143.65563546336324,42.50022031006703,-75.65594021998078
16.596596596596594,705.3590117526691,142.14100202552578,42.50022031006703,-75.85614042018098
16.616616616616618,706.2098670141319,140.6223605756723,42.50022031006703,-76.05634062038118
16.636636636636638,707.0607222755947,139.0997111138028,42.50022031006703,-76.25654082058138
16.656656656656658,707.9115775370575,137.5730536399173,42.50022031006703,-76.45674102078158
16.676676676676678,708.7624327985203,136.04238815401578,42.50022031006703,-76.65694122098178
16.696696696696694,709.6132880599831,134.50771465609822,42.50022031006703,-76.85714142118198
16.716716716716718,710.4641433214459,132.96903314616463,42.50022031006703,-77.05734162138218
16.736736736736738,711.3149985829087,131.42634362421504,42.50022031006703,-77.25754182158238
16.756756756756758,712.1658538443716,129.87964609024942,42.50022031006703,-77.45774202178258
16.776776776776778,713.0167091058344,128.3289405442678,42.50022031006703,-77.65794222198278
16.796796796796794,713.8675643672972,126.77422698627014,42.50022031006703,-77.85814242218298
16.816816816816818,714.71841962876,125.21550541625646,42.50022031006703,-78.05834262238318
16.836836836836838,715.5692748902228,123.65277583422677,42.50022031006703,-78.25854282258338
16.856856856856858,716.4201301516856,122.08603824018105,42.50022031006703,-78.45874302278358
16.876876876876878,717.2709854131484,120.51529263411932,42.50022031006703,-78.65894322298378
16.896896896896898,718.1218406746112,118.94053901604157,42.50022031006703,-78.85914342318398
16.916916916916918,718.972695936074,117.36177738594779,42.50022031006703,-79.05934362338418
16.936936936936938,719.8235511975369,115.779007743838,42.50022031006703,-79.25954382358438
16.956956956956958,720.6744064589997,114.19223008971218,42.50022031006703,-79.45974402378458
16.976976976976978,721.5252617204625,112.60144442357036,42.50022031006703,-79.65994422398478
16.996996996996998,722.3761169819253,111.0066507454125,42.50022031006703,-79.86014442418498
17.017017017017018,723.2269722433881,109.40784905523863,42.50022031006703,-80.06034462438518
17.037037037037038,724.0778275048509,107.80503935304874,42.50022031006703,-80.26054482458538
17.057057057057058,724.9286827663137,106.19822163884282,42.50022031006703,-80.46074502478558
17.077077077077078,725.7795380277765,104.58739591262089,42.50022031006703,-80.66094522498578
17.097097097097098,726.6303932892394,102.97256217438294,42.50022031006703,-80.86114542518598
17.117117117117118,727.4812485507022,101.35372042412897,42.50022031006703,-81.06134562538618
17.137137137137138,728.332103812165,99.73087066185897,42.50022031006703,-81.26154582558638
17.157157157157158,729.1829590736278,98.10401288757296,42.50022031006703,-81.46174602578658
17.177177177177178,730.0338143350906,96.47314710127092,42.50022031006703,-81.66194622598678
17.197197197197198,730.8846695965534,94.83827330295287,42.50022031006703,-81.86214642618698
17.217217217217218,731.7355248580162,93.1993914926188,42.50022031006703,-82.06234662638718
17.237237237237238,732.586380119479,91.5565016702687,42.50022031006703,-82.26254682658738
17.25725725725726,733.4372353809418,89.90960383590259,42.50022031006703,-82.46274702678758
17.27727727727728,734.2880906424047,88.25869798952046,42.50022031006703,-82.66294722698778
17.2972972972973,735.1389459038675,86.6037841311223,42.50022031006703,-82.86314742718798
17.31731731731732,735.9898011653303,84.94486226070812,42.50022031006703,-83.06334762738818
17.33733733733734,736.8406564267931,83.28193237827793,42.50022031006703,-83.26354782758838
17.35735735735736,737.6915116882559,81.61499448383171,42.50022031006703,-83.46374802778858
17.37737737737738,738.5423669497187,79.94404857736947,42.50022031006703,-83.66394822798878
17.3973973973974,739.3932222111815,78.26909465889122,42.50022031006703,-83.86414842818898
17.41741741741742,740.2440774726443,76.59013272839695,42.50022031006703,-84.06434862838918
17.43743743743744,741.0949327341071,74.90716278588665,42.50022031006703,-84.26454882858938
17.45745745745746,741.94578799557,73.22018483136034,42.50022031006703,-84.46474902878958
17.47747747747748,742.7966432570328,71.52919886481801,42.50022031006703,-84.66494922898978
17.4974974974975,743.6474985184956,69.83420488625966,42.50022031006703,-84.86514942918998
17.51751751751752,744.4983537799584,68.13520289568528,42.50022031006703,-85.06534962939018
17.53753753753754,745.3492090414212,66.43219289309489,42.50022031006703,-85.26554982959038
17.55755755755756,746.200064302884,64.72517487848847,42.50022031006703,-85.46575002979058
17.57757757757758,747.0509195643468,63.01414885186604,42.50022031006703,-85.66595022999078
17.5975975975976,747.9017748258096,61.29911481322758,42.50022031006703,-85.86615043019098
17.61761761761762,748.7526300872725,59.58007276257311,42.50022031006703,-86.06635063039118
17.63763763763764,749.6034853487353,57.857022699902615,42.50022031006703,-86.26655083059138
17.65765765765766,750.4543406101981,56.129964625216104,42.50022031006703,-86.46675103079158
17.67767767767768,751.3051958716609,54.39889853851357,42.50022031006703,-86.66695123099178
17.6976976976977,752.1560511331237,52.663824439795015,42.50022031006703,-86.86715143119199
17.71771771771772,753.0069063945865,50.92474232906044,42.50022031006703,-87.06735163139219
17.73773773773774,753.8577616560493,49.18165220630985,42.50022031006703,-87.26755183159239
17.75775775775776,754.7086169175121,47.43455407154323,42.50022031006703,-87.46775203179259
17.77777777777778,755.5594721789749,45.6834479247606,42.50022031006703,-87.66795223199279
17.7977977977978,756.4103274404378,43.928333765961945,42.50022031006703,-87.86815243219299
17.81781781781782,757.2611827019006,42.16921159514727,42.50022031006703,-88.06835263239319
17.83783783783784,758.1120379633634,40.406081412316574,42.50022031006703,-88.26855283259339
17.85785785785786,758.9628932248262,38.63894321746986,42.50022031006703,-88.46875303279359
17.87787787787788,759.813748486289,36.86779701060713,42.50022031006703,-88.66895323299379
17.8978978978979,760.6646037477518,35.09264279172837,42.50022031006703,-88.86915343319399
17.91791791791792,761.5154590092146,33.3134805608336,42.50022031006703,-89.06935363339419
17.93793793793794,762.3663142706774,31.5303103179228,42.50022031006703,-89.26955383359439
17.95795795795796,763.2171695321402,29.743132062995986,42.50022031006703,-89.46975403379459
17.97797797797798,764.0680247936031,27.951945796053153,42.50022031006703,-89.66995423399479
17.997997997998,764.9188800550659,26.1567515170943,42.50022031006703,-89.87015443419499
18.01801801801802,765.7697353165287,24.357549226119424,42.50022031006703,-90.07035463439519
18.03803803803804,766.6205905779915,22.55433892312853,42.50022031006703,-90.27055483459539
18.05805805805806,767.4714458394543,20.747120608121616,42.50022031006703,-90.47075503479559
18.07807807807808,768.3223011009171,18.93589428109868,42.50022031006703,-90.67095523499579
18.0980980980981,769.1731563623799,17.120659942059724,42.50022031006703,-90.87115543519599
18.11811811811812,770.0240116238427,15.30141759100475,42.50022031006703,-91.07135563539619
18.13813813813814,770.8748668853056,13.478167227933755,42.50022031006703,-91.27155583559639
18.15815815815816,771.7257221467684,11.65090885284674,42.50022031006703,-91.47175603579659
18.17817817817818,772.5765774082312,9.819642465743705,42.50022031006703,-91.67195623599679
18.1981981981982,773.427432669694,7.984368066624651,42.50022031006703,-91.87215643619699
18.21821821821822,774.2782879311568,6.145085655489575,42.50022031006703,-92.07235663639719
18.23823823823824,775.1291431926196,4.30179523233848,42.50022031006703,-92.27255683659739
18.25825825825826,775.9799984540824,2.454496797171365,42.50022031006703,-92.47275703679759
18.27827827827828,776.8308537155452,0.6031903499882303,42.50022031006703,-92.67295723699779
18.2982982982983,777.681708977008,-1.2521241092109245,42.50022031006703,-92.87315743719799
18.31831831831832,778.5325642384709,-3.1114465804260996,42.50022031006703,-93.07335763739819
18.33833833833834,779.3834194999337,-4.974777063657294,42.50022031006703,-93.27355783759839
18.35835835835836,780.2342747613965,-6.842115558904509,42.50022031006703,-93.47375803779859
18.37837837837838,781.0851300228593,-8.713462066167743,42.50022031006703,-93.67395823799879
18.3983983983984,781.9359852843221,-10.588816585446999,42.50022031006703,-93.87415843819899
18.41841841841842,782.7868405457849,-12.468179116742274,42.50022031006703,-94.07435863839919
18.43843843843844,783.6376958072477,-14.35154966005357,42.50022031006703,-94.27455883859939
18.45845845845846,784.4885510687105,-16.238928215380884,42.50022031006703,-94.47475903879959
18.47847847847848,785.3394063301733,-18.13031478272422,42.50022031006703,-94.67495923899979
18.4984984984985,786.1902615916362,-20.025709362083575,42.50022031006703,-94.87515943919999
18.51851851851852,787.041116853099,-21.92511195345895,42.50022031006703,-95.07535963940019
18.53853853853854,787.8919721145618,-23.828522556850345,42.50022031006703,-95.27555983960039
18.55855855855856,788.7428273760246,-25.73594117225776,42.50022031006703,-95.47576003980059
18.57857857857858,789.5936826374874,-27.647367799681195,42.50022031006703,-95.67596024000079
18.5985985985986,790.4445378989502,-29.56280243912065,42.50022031006703,-95.87616044020099
18.61861861861862,791.295393160413,-31.482245090576125,42.50022031006703,-96.07636064040119
18.63863863863864,792.1462484218758,-33.40569575404762,42.50022031006703,-96.27656084060139
18.65865865865866,792.9971036833387,-35.333154429535135,42.50022031006703,-96.47676104080159
18.67867867867868,793.8479589448015,-37.26462111703867,42.50022031006703,-96.67696124100179
18.6986986986987,794.6988142062643,-39.200095816558225,42.50022031006703,-96.87716144120199
18.71871871871872,795.5496694677271,-41.1395785280938,42.50022031006703,-97.07736164140219
18.73873873873874,796.4005247291899,-43.0830692516454,42.50022031006703,-97.27756184160239
18.75875875875876,797.2513799906527,-45.03056798721301,42.50022031006703,-97.47776204180259
18.77877877877878,798.1022352521155,-46.98207473479665,42.50022031006703,-97.67796224200279
18.7987987987988,798.9530905135783,-48.937589494396306,42.50022031006703,-97.87816244220299
18.81881881881882,799.8039457750411,-50.89711226601198,42.50022031006703,-98.07836264240319
18.83883883883884,800.654801036504,-52.86064304964368,42.50022031006703,-98.27856284260339
18.85885885885886,801.5056562979668,-54.82818184529139,42.50022031006703,-98.47876304280359
18.87887887887888,802.3565115594296,-56.799728652955125,42.50022031006703,-98.67896324300379
18.8988988988989,803.2073668208924,-58.77528347263488,42.50022031006703,-98.87916344320399
18.91891891891892,804.0582220823552,-60.754846304330655,42.50022031006703,-99.07936364340419
18.93893893893894,804.909077343818,-62.73841714804245,42.50022031006703,-99.2795638436044
18.95895895895896,805.7599326052808,-64.72599600377026,42.50022031006703,-99.4797640438046
18.97897897897898,806.6107878667436,-66.7175828715141,42.50022031006703,-99.6799642440048
18.998998998999,807.4616431282064,-68.71317775127395,42.50022031006703,-99.880164444205
19.01901901901902,808.3124983896693,-70.71278064304983,42.50022031006703,-100.0803646444052
19.03903903903904,809.1633536511321,-72.71639154684172,42.50022031006703,-100.2805648446054
19.05905905905906,810.0142089125949,-74.72401046264963,42.50022031006703,-100.4807650448056
19.07907907907908,810.8650641740577,-76.73563739047357,42.50022031006703,-100.6809652450058
19.0990990990991,811.7159194355205,-78.75127233031353,42.50022031006703,-100.881165445206
19.11911911911912,812.5667746969833,-80.7709152821695,42.50022031006703,-101.0813656454062
19.13913913913914,813.4176299584461,-82.7945662460415,42.50022031006703,-101.2815658456064
19.15915915915916,814.2684852199089,-84.82222522192951,42.50022031006703,-101.4817660458066
19.17917917917918,815.1193404813718,-86.85389220983355,42.50022031006703,-101.6819662460068
19.1991991991992,815.9701957428346,-88.88956720975361,42.50022031006703,-101.882166446207
19.21921921921922,816.8210510042974,-90.92925022168968,42.50022031006703,-102.0823666464072
19.23923923923924,817.6719062657602,-92.97294124564178,42.50022031006703,-102.2825668466074
19.25925925925926,818.522761527223,-95.0206402816099,42.50022031006703,-102.4827670468076
19.27927927927928,819.3736167886858,-97.07234732959404,42.50022031006703,-102.6829672470078
19.2992992992993,820.2244720501486,-99.12806238959419,42.50022031006703,-102.883167447208
19.31931931931932,821.0753273116114,-101.18778546161036,42.50022031006703,-103.0833676474082
19.33933933933934,821.9261825730742,-103.25151654564256,42.50022031006703,-103.2835678476084
19.35935935935936,822.777037834537,-105.31925564169077,42.50022031006703,-103.4837680478086
19.37937937937938,823.6278930959999,-107.391002749755,42.50022031006703,-103.6839682480088
19.3993993993994,824.4787483574627,-109.46675786983526,42.50022031006703,-103.884168448209
19.41941941941942,825.3296036189255,-111.54652100193154,42.50022031006703,-104.0843686484092
19.43943943943944,826.1804588803883,-113.63029214604383,42.50022031006703,-104.2845688486094
19.45945945945946,827.0313141418511,-115.71807130217215,42.50022031006703,-104.4847690488096
19.47947947947948,827.8821694033139,-117.80985847031648,42.50022031006703,-104.6849692490098
19.4994994994995,828.7330246647767,-119.90565365047684,42.50022031006703,-104.88516944921
19.51951951951952,829.5838799262395,-122.00545684265322,42.50022031006703,-105.0853696494102
19.53953953953954,830.4347351877024,-124.10926804684561,42.50022031006703,-105.2855698496104
19.55955955955956,831.2855904491652,-126.21708726305403,42.50022031006703,-105.4857700498106
19.57957957957958,832.136445710628,-128.32891449127845,42.50022031006703,-105.6859702500108
19.5995995995996,832.9873009720908,-130.4447497315189,42.50022031006703,-105.886170450211
19.61961961961962,833.8381562335536,-132.56459298377538,42.50022031006703,-106.0863706504112
19.63963963963964,834.6890114950164,-134.6884442480479,42.50022031006703,-106.2865708506114
19.65965965965966,835.5398667564792,-136.8163035243364,42.50022031006703,-106.4867710508116
19.67967967967968,836.390722017942,-138.94817081264094,42.50022031006703,-106.6869712510118
19.6996996996997,837.2415772794049,-141.0840461129615,42.50022031006703,-106.887171451212
19.71971971971972,838.0924325408677,-143.22392942529805,42.50022031006703,-107.0873716514122
19.73973973973974,838.9432878023305,-145.36782074965066,42.50022031006703,-107.2875718516124
19.75975975975976,839.7941430637933,-147.5157200860193,42.50022031006703,-107.4877720518126
19.77977977977978,840.6449983252561,-149.66762743440393,42.50022031006703,-107.6879722520128
19.7997997997998,841.4958535867189,-151.82354279480458,42.50022031006703,-107.888172452213
19.81981981981982,842.3467088481817,-153.98346616722125,42.50022031006703,-108.0883726524132
19.83983983983984,843.1975641096445,-156.14739755165394,42.50022031006703,-108.2885728526134
19.85985985985986,844.0484193711073,-158.31533694810267,42.50022031006703,-108.4887730528136
19.87987987987988,844.8992746325702,-160.48728435656741,42.50022031006703,-108.6889732530138
19.8998998998999,845.750129894033,-162.66323977704818,42.50022031006703,-108.889173453214
19.91991991991992,846.6009851554958,-164.84320320954495,42.50022031006703,-109.0893736534142
19.93993993993994,847.4518404169586,-167.02717465405775,42.50022031006703,-109.2895738536144
19.95995995995996,848.3026956784214,-169.21515411058655,42.50022031006703,-109.4897740538146
19.97997997997998,849.1535509398842,-171.40714157913138,42.50022031006703,-109.6899742540148
20.0,850.004406201347,-173.60313705969224,42.50022031006703,-109.890174454215
