t,xpos,ypos,vx,vy
0.0,0.0,23.318785977114654,60.68667122350685,55.25788123047234
0.02002002002002002,1.21494837284298,24.4250498656126,60.68667122350685,55.05768103027214
0.04004004004004004,2.42989674568596,25.527305742094526,60.68667122350685,54.85748083007194
0.06006006006006006,3.6448451185289397,26.62555360656043,60.68667122350685,54.65728062987174
0.08008008008008008,4.85979349137192,27.719793459010315,60.68667122350685,54.45708042967154
0.10010010010010009,6.0747418642149,28.81002529944418,60.68667122350685,54.25688022947134
0.12012012012012012,7.28969023705788,29.896249127862024,60.68667122350685,54.05668002927114
0.14014014014014015,8.50463860990086,30.97846494426385,60.68667122350685,53.85647982907094
0.16016016016016016,9.71958698274384,32.05667274864965,60.68667122350685,53.65627962887074
0.18018018018018017,10.934535355586819,33.130872541019436,60.68667122350685,53.45607942867054
0.20020020020020018,12.149483728429798,34.2010643213732,60.68667122350685,53.25587922847034
0.22022022022022023,13.364432101272778,35.26724808971095,60.68667122350685,53.05567902827014
0.24024024024024024,14.579380474115757,36.32942384603267,60.68667122350685,52.85547882806994
0.2602602602602603,15.794328846958736,37.387591590338374,60.68667122350685,52.65527862786974
0.2802802802802803,17.009277219801717,38.44175132262806,60.68667122350685,52.45507842766954
0.3003003003003003,18.224225592644697,39.491903042901725,60.68667122350685,52.25487822746934
0.3203203203203203,19.439173965487676,40.53804675115937,60.68667122350685,52.05467802726914
0.3403403403403404,20.654122338330655,41.58018244740099,60.68667122350685,51.85447782706894
0.36036036036036034,21.869070711173634,42.6183101316266,60.68667122350685,51.65427762686874
0.3803803803803804,23.084019084016614,43.652429803836185,60.68667122350685,51.45407742666854
0.40040040040040037,24.298967456859593,44.68254146402975,60.68667122350685,51.25387722646834
0.42042042042042044,25.513915829702572,45.70864511220729,60.68667122350685,51.05367702626814
0.44044044044044045,26.72886420254555,46.73074074836882,60.68667122350685,50.85347682606794
0.4604604604604605,27.94381257538853,47.74882837251432,60.68667122350685,50.65327662586774
0.4804804804804805,29.15876094823151,48.7629079846438,60.68667122350685,50.45307642566754
0.5005005005005005,30.37370932107449,49.772979584757266,60.68667122350685,50.25287622546734
0.5205205205205206,31.58865769391747,50.77904317285471,60.68667122350685,50.05267602526714
0.5405405405405406,32.80360606676045,51.78109874893614,60.68667122350685,49.85247582506694
0.5605605605605606,34.018554439603435,52.77914631300154,60.68667122350685,49.65227562486674
0.5805805805805806,35.23350281244642,53.77318586505093,60.68667122350685,49.45207542466654
0.6006006006006006,36.4484511852894,54.76321740508429,60.68667122350685,49.25187522446634
0.6206206206206206,37.66339955813238,55.74924093310163,60.68667122350685,49.05167502426614
0.6406406406406406,38.878347930975366,56.73125644910296,60.68667122350685,48.85147482406594
0.6606606606606606,40.09329630381835,57.70926395308826,60.68667122350685,48.65127462386574
0.6806806806806808,41.30824467666133,58.68326344505755,60.68667122350685,48.45107442366554
0.7007007007007007,42.523193049504314,59.65325492501081,60.68667122350685,48.25087422346534
0.7207207207207207,43.7381414223473,60.619238392948056,60.68667122350685,48.05067402326514
0.7407407407407407,44.95308979519028,61.58121384886928,60.68667122350685,47.85047382306494
0.7607607607607608,46.16803816803326,62.53918129277449,60.68667122350685,47.65027362286474
0.7807807807807808,47.382986540876246,63.49314072466367,60.68667122350685,47.45007342266454
0.8008008008008007,48.59793491371923,64.44309214453683,60.68667122350685,47.24987322246434
0.8208208208208208,49.81288328656221,65.38903555239398,60.68667122350685,47.04967302226414
0.8408408408408409,51.027831659405194,66.3309709482351,60.68667122350685,46.84947282206394
0.8608608608608609,52.24278003224818,67.2688983320602,60.68667122350685,46.64927262186374
0.8808808808808809,53.45772840509116,68.20281770386929,60.68667122350685,46.44907242166354
0.9009009009009008,54.67267677793414,69.13272906366235,60.68667122350685,46.24887222146334
0.920920920920921,55.887625150777126,70.05863241143939,60.68667122350685,46.04867202126314
0.9409409409409409,57.10257352362011,70.98052774720041,60.68667122350685,45.84847182106294
0.960960960960961,58.31752189646309,71.89841507094542,60.68667122350685,45.64827162086274
0.980980980980981,59.532470269306074,72.81229438267441,60.68667122350685,45.44807142066254
1.001001001001001,60.74741864214906,73.72216568238737,60.68667122350685,45.247871220462336
1.021021021021021,61.96236701499204,74.62802897008432,60.68667122350685,45.047671020262136
1.0410410410410411,63.17731538783502,75.52988424576525,60.68667122350685,44.847470820061936
1.0610610610610611,64.392263760678,76.42773150943015,60.68667122350685,44.647270619861736
1.0810810810810811,65.60721213352099,77.32157076107903,60.68667122350685,44.447070419661536
1.1011011011011012,66.82216050636397,78.2114020007119,60.68667122350685,44.246870219461336
1.1211211211211212,68.03710887920695,79.09722522832874,60.68667122350685,44.046670019261136
1.1411411411411412,69.25205725204994,79.97904044392956,60.68667122350685,43.846469819060935
1.1611611611611612,70.46700562489292,80.85684764751437,60.68667122350685,43.646269618860735
1.1811811811811812,71.6819539977359,81.73064683908315,60.68667122350685,43.446069418660535
1.2012012012012012,72.89690237057889,82.60043801863591,60.68667122350685,43.245869218460335
1.2212212212212212,74.11185074342187,83.46622118617266,60.68667122350685,43.045669018260135
1.2412412412412412,75.32679911626485,84.32799634169338,60.68667122350685,42.845468818059935
1.2612612612612613,76.54174748910783,85.18576348519808,60.68667122350685,42.645268617859735
1.2812812812812813,77.75669586195082,86.03952261668677,60.68667122350685,42.445068417659535
1.3013013013013013,78.9716442347938,86.88927373615942,60.68667122350685,42.244868217459334
1.3213213213213213,80.18659260763678,87.73501684361607,60.68667122350685,42.044668017259134
1.3413413413413413,81.40154098047977,88.57675193905669,60.68667122350685,41.844467817058934
1.3613613613613615,82.61648935332275,89.41447902248129,60.68667122350685,41.644267616858734
1.3813813813813813,83.83143772616573,90.24819809388987,60.68667122350685,41.444067416658534
1.4014014014014013,85.04638609900871,91.07790915328243,60.68667122350685,41.243867216458334
1.4214214214214214,86.2613344718517,91.90361220065898,60.68667122350685,41.043667016258134
1.4414414414414414,87.47628284469468,92.7253072360195,60.68667122350685,40.84346681605793
1.4614614614614616,88.69123121753766,93.54299425936401,60.68667122350685,40.64326661585773
1.4814814814814814,89.90617959038065,94.3566732706925,60.68667122350685,40.44306641565753
1.5015015015015014,91.12112796322363,95.16634427000496,60.68667122350685,40.24286621545733
1.5215215215215216,92.33607633606661,95.9720072573014,60.68667122350685,40.04266601525713
1.5415415415415414,93.5510247089096,96.77366223258183,60.68667122350685,39.84246581505693
1.5615615615615617,94.76597308175258,97.57130919584623,60.68667122350685,39.64226561485673
1.5815815815815815,95.98092145459556,98.36494814709461,60.68667122350685,39.44206541465653
1.6016016016016015,97.19586982743854,99.15457908632698,60.68667122350685,39.24186521445633
1.6216216216216217,98.41081820028153,99.94020201354331,60.68667122350685,39.04166501425613
1.6416416416416415,99.62576657312451,100.72181692874364,60.68667122350685,38.84146481405593
1.6616616616616617,100.84071494596749,101.49942383192794,60.68667122350685,38.64126461385573
1.6816816816816818,102.05566331881047,102.27302272309622,60.68667122350685,38.44106441365553
1.7017017017017015,103.27061169165346,103.04261360224848,60.68667122350685,38.24086421345533
1.7217217217217218,104.48556006449644,103.80819646938473,60.68667122350685,38.04066401325513
1.7417417417417416,105.70050843733942,104.56977132450494,60.68667122350685,37.84046381305493
1.7617617617617618,106.9154568101824,105.32733816760914,60.68667122350685,37.64026361285473
1.7817817817817818,108.13040518302539,106.08089699869733,60.68667122350685,37.44006341265453
1.8018018018018016,109.34535355586837,106.8304478177695,60.68667122350685,37.23986321245433
1.8218218218218218,110.56030192871135,107.57599062482564,60.68667122350685,37.03966301225413
1.841841841841842,111.77525030155434,108.31752541986576,60.68667122350685,36.83946281205393
1.8618618618618619,112.99019867439732,109.05505220288987,60.68667122350685,36.63926261185373
1.8818818818818819,114.2051470472403,109.78857097389795,60.68667122350685,36.43906241165353
1.9019019019019017,115.42009542008329,110.51808173289001,60.68667122350685,36.23886221145333
1.921921921921922,116.63504379292627,111.24358447986606,60.68667122350685,36.03866201125313
1.9419419419419421,117.84999216576925,111.96507921482608,60.68667122350685,35.83846181105293
1.961961961961962,119.06494053861223,112.68256593777008,60.68667122350685,35.63826161085273
1.981981981981982,120.27988891145522,113.39604464869807,60.68667122350685,35.43806141065253
2.002002002002002,121.4948372842982,114.10551534761002,60.68667122350685,35.23786121045233
2.022022022022022,122.70978565714118,114.81097803450596,60.68667122350685,35.03766101025213
2.042042042042042,123.92473402998417,115.51243270938589,60.68667122350685,34.83746081005193
2.0620620620620618,125.13968240282715,116.20987937224979,60.68667122350685,34.63726060985173
2.0820820820820822,126.35463077567013,116.90331802309767,60.68667122350685,34.43706040965153
2.1021021021021022,127.56957914851311,117.59274866192953,60.68667122350685,34.23686020945133
2.1221221221221223,128.7845275213561,118.27817128874537,60.68667122350685,34.03666000925113
2.1421421421421423,129.99947589419907,118.95958590354519,60.68667122350685,33.83645980905093
2.1621621621621623,131.21442426704203,119.636992506329,60.68667122350685,33.63625960885073
2.1821821821821823,132.429372639885,120.31039109709678,60.68667122350685,33.43605940865053
2.2022022022022023,133.64432101272797,120.97978167584854,60.68667122350685,33.23585920845033
2.2222222222222223,134.85926938557094,121.64516424258429,60.68667122350685,33.03565900825013
2.2422422422422423,136.0742177584139,122.30653879730401,60.68667122350685,32.83545880804993
2.2622622622622623,137.28916613125688,122.96390534000771,60.68667122350685,32.63525860784973
2.2822822822822824,138.50411450409985,123.6172638706954,60.68667122350685,32.43505840764953
2.3023023023023024,139.71906287694281,124.26661438936706,60.68667122350685,32.23485820744933
2.3223223223223224,140.93401124978578,124.9119568960227,60.68667122350685,32.03465800724913
2.3423423423423424,142.14895962262875,125.55329139066232,60.68667122350685,31.834457807048928
2.3623623623623624,143.36390799547172,126.19061787328593,60.68667122350685,31.634257606848728
2.3823823823823824,144.5788563683147,126.82393634389351,60.68667122350685,31.434057406648527
2.4024024024024024,145.79380474115766,127.45324680248507,60.68667122350685,31.233857206448327
2.4224224224224224,147.00875311400063,128.07854924906061,60.68667122350685,31.033657006248127
2.4424424424424425,148.2237014868436,128.69984368362014,60.68667122350685,30.833456806047927
2.4624624624624625,149.43864985968656,129.31713010616366,60.68667122350685,30.633256605847727
2.4824824824824825,150.65359823252953,129.93040851669113,60.68667122350685,30.433056405647527
2.5025025025025025,151.8685466053725,130.5396789152026,60.68667122350685,30.232856205447327
2.5225225225225225,153.08349497821547,131.14494130169803,60.68667122350685,30.032656005247127
2.5425425425425425,154.29844335105844,131.74619567617745,60.68667122350685,29.832455805046926
2.5625625625625625,155.5133917239014,132.34344203864086,60.68667122350685,29.632255604846726
2.5825825825825826,156.72834009674438,132.93668038908825,60.68667122350685,29.432055404646526
2.6026026026026026,157.94328846958734,133.5259107275196,60.68667122350685,29.231855204446326
2.6226226226226226,159.1582368424303,134.11113305393494,60.68667122350685,29.031655004246126
2.6426426426426426,160.37318521527328,134.69234736833425,60.68667122350685,28.831454804045926
2.6626626626626626,161.58813358811625,135.26955367071756,60.68667122350685,28.631254603845726
2.6826826826826826,162.80308196095922,135.84275196108484,60.68667122350685,28.431054403645525
2.7027027027027026,164.0180303338022,136.41194223943612,60.68667122350685,28.230854203445325
2.722722722722723,165.23297870664516,136.97712450577134,60.68667122350685,28.030654003245125
2.7427427427427427,166.44792707948812,137.53829876009056,60.68667122350685,27.830453803044925
2.7627627627627627,167.6628754523311,138.09546500239375,60.68667122350685,27.630253602844725
2.7827827827827827,168.87782382517406,138.64862323268093,60.68667122350685,27.430053402644525
2.8028028028028027,170.09277219801703,139.1977734509521,60.68667122350685,27.229853202444325
2.822822822822823,171.30772057086,139.74291565720725,60.68667122350685,27.029653002244125
2.8428428428428427,172.52266894370297,140.28404985144638,60.68667122350685,26.829452802043924
2.8628628628628627,173.73761731654594,140.82117603366947,60.68667122350685,26.629252601843724
2.8828828828828827,174.9525656893889,141.35429420387655,60.68667122350685,26.429052401643524
2.9029029029029028,176.16751406223187,141.8834043620676,60.68667122350685,26.228852201443324
2.922922922922923,177.38246243507484,142.40850650824265,60.68667122350685,26.028652001243124
2.942942942942943,178.5974108079178,142.92960064240168,60.68667122350685,25.828451801042924
2.962962962962963,179.81235918076078,143.4466867645447,60.68667122350685,25.628251600842724
2.982982982982983,181.02730755360375,143.95976487467166,60.68667122350685,25.428051400642524
3.003003003003003,182.24225592644672,144.46883497278262,60.68667122350685,25.227851200442323
3.0230230230230233,183.45720429928969,144.97389705887755,60.68667122350685,25.027651000242123
3.0430430430430433,184.67215267213265,145.47495113295648,60.68667122350685,24.827450800041923
3.063063063063063,185.88710104497562,145.97199719501938,60.68667122350685,24.627250599841723
3.083083083083083,187.1020494178186,146.46503524506628,60.68667122350685,24.427050399641523
3.103103103103103,188.31699779066156,146.95406528309712,60.68667122350685,24.226850199441323
3.1231231231231233,189.53194616350453,147.43908730911195,60.68667122350685,24.026649999241123
3.1431431431431434,190.7468945363475,147.92010132311077,60.68667122350685,23.826449799040923
3.163163163163163,191.96184290919047,148.39710732509357,60.68667122350685,23.626249598840722
3.183183183183183,193.17679128203343,148.87010531506036,60.68667122350685,23.426049398640522
3.203203203203203,194.3917396548764,149.33909529301113,60.68667122350685,23.225849198440322
3.2232232232232234,195.60668802771937,149.80407725894588,60.68667122350685,23.025648998240122
3.2432432432432434,196.82163640056234,150.2650512128646,60.68667122350685,22.825448798039922
3.263263263263263,198.0365847734053,150.7220171547673,60.68667122350685,22.62524859783972
3.283283283283283,199.25153314624828,151.17497508465397,60.68667122350685,22.42504839763952
3.303303303303303,200.46648151909125,151.62392500252463,60.68667122350685,22.22484819743932
3.3233233233233235,201.68142989193421,152.06886690837928,60.68667122350685,22.02464799723912
3.3433433433433435,202.89637826477718,152.5098008022179,60.68667122350685,21.82444779703892
3.3633633633633635,204.11132663762015,152.9467266840405,60.68667122350685,21.62424759683872
3.383383383383383,205.32627501046312,153.37964455384707,60.68667122350685,21.42404739663852
3.403403403403403,206.5412233833061,153.80855441163763,60.68667122350685,21.22384719643832
3.4234234234234235,207.75617175614906,154.23345625741217,60.68667122350685,21.02364699623812
3.4434434434434436,208.97112012899203,154.6543500911707,60.68667122350685,20.82344679603792
3.4634634634634636,210.186068501835,155.0712359129132,60.68667122350685,20.62324659583772
3.483483483483483,211.40101687467796,155.48411372263968,60.68667122350685,20.42304639563752
3.503503503503503,212.61596524752093,155.89298352035013,60.68667122350685,20.22284619543732
3.5235235235235236,213.8309136203639,156.29784530604456,60.68667122350685,20.02264599523712
3.5435435435435436,215.04586199320687,156.69869907972299,60.68667122350685,19.82244579503692
3.5635635635635636,216.26081036604984,157.0955448413854,60.68667122350685,19.62224559483672
3.583583583583583,217.4757587388928,157.48838259103178,60.68667122350685,19.42204539463652
3.603603603603603,218.69070711173578,157.87721232866215,60.68667122350685,19.22184519443632
3.6236236236236237,219.90565548457874,158.26203405427648,60.68667122350685,19.02164499423612
3.6436436436436437,221.1206038574217,158.6428477678748,60.68667122350685,18.82144479403592
3.6636636636636637,222.33555223026468,159.0196534694571,60.68667122350685,18.62124459383572
3.683683683683684,223.55050060310765,159.39245115902338,60.68667122350685,18.42104439363552
3.7037037037037033,224.76544897595062,159.76124083657365,60.68667122350685,18.22084419343532
3.7237237237237237,225.9803973487936,160.1260225021079,60.68667122350685,18.02064399323512
3.7437437437437437,227.19534572163656,160.4867961556261,60.68667122350685,17.82044379303492
3.7637637637637638,228.41029409447953,160.8435617971283,60.68667122350685,17.62024359283472
3.783783783783784,229.6252424673225,161.19631942661448,60.68667122350685,17.42004339263452
3.8038038038038033,230.84019084016546,161.54506904408464,60.68667122350685,17.21984319243432
3.823823823823824,232.05513921300843,161.8898106495388,60.68667122350685,17.019642992234118
3.843843843843844,233.2700875858514,162.23054424297692,60.68667122350685,16.819442792033918
3.863863863863864,234.48503595869437,162.567269824399,60.68667122350685,16.619242591833718
3.8838838838838843,235.69998433153734,162.89998739380508,60.68667122350685,16.419042391633518
3.9039039039039034,236.9149327043803,163.22869695119513,60.68667122350685,16.218842191433318
3.923923923923924,238.12988107722327,163.55339849656917,60.68667122350685,16.018641991233117
3.943943943943944,239.34482945006624,163.8740920299272,60.68667122350685,15.818441791032917
3.963963963963964,240.5597778229092,164.1907775512692,60.68667122350685,15.618241590832717
3.9839839839839843,241.77472619575218,164.5034550605952,60.68667122350685,15.418041390632517
4.004004004004004,242.98967456859515,164.81212455790515,60.68667122350685,15.217841190432317
4.0240240240240235,244.20462294143812,165.11678604319908,60.68667122350685,15.017640990232117
4.044044044044044,245.4195713142811,165.417439516477,60.68667122350685,14.817440790031917
4.064064064064064,246.63451968712405,165.7140849777389,60.68667122350685,14.617240589831717
4.084084084084084,247.84946805996702,166.0067224269848,60.68667122350685,14.417040389631516
4.104104104104104,249.06441643281,166.29535186421467,60.68667122350685,14.216840189431316
4.1241241241241235,250.27936480565296,166.5799732894285,60.68667122350685,14.016639989231116
4.1441441441441444,251.49431317849593,166.8605867026263,60.68667122350685,13.816439789030916
4.1641641641641645,252.7092615513389,167.1371921038081,60.68667122350685,13.616239588830716
4.1841841841841845,253.92420992418187,167.40978949297389,60.68667122350685,13.416039388630516
4.2042042042042045,255.13915829702484,167.67837887012365,60.68667122350685,13.215839188430316
4.2242242242242245,256.3541066698678,167.9429602352574,60.68667122350685,13.015638988230116
4.2442442442442445,257.5690550427108,168.2035335883751,60.68667122350685,12.815438788029915
4.2642642642642645,258.78400341555374,168.4600989294768,60.68667122350685,12.615238587829715
4.2842842842842845,259.9989517883967,168.71265625856248,60.68667122350685,12.415038387629515
4.3043043043043046,261.2139001612397,168.96120557563214,60.68667122350685,12.214838187429315
4.324324324324325,262.42884853408265,169.20574688068578,60.68667122350685,12.014637987229115
4.344344344344345,263.6437969069256,169.4462801737234,60.68667122350685,11.814437787028915
4.364364364364365,264.8587452797686,169.68280545474502,60.68667122350685,11.614237586828715
4.384384384384385,266.07369365261155,169.9153227237506,60.68667122350685,11.414037386628515
4.404404404404405,267.2886420254545,170.14383198074015,60.68667122350685,11.213837186428314
4.424424424424425,268.5035903982975,170.36833322571368,60.68667122350685,11.013636986228114
4.444444444444445,269.71853877114046,170.5888264586712,60.68667122350685,10.813436786027914
4.464464464464465,270.9334871439834,170.80531167961271,60.68667122350685,10.613236585827714
4.484484484484485,272.1484355168264,171.0177888885382,60.68667122350685,10.413036385627514
4.504504504504505,273.36338388966936,171.22625808544765,60.68667122350685,10.212836185427314
4.524524524524525,274.57833226251233,171.4307192703411,60.68667122350685,10.012635985227114
4.544544544544545,275.7932806353553,171.6311724432185,60.68667122350685,9.812435785026913
4.564564564564565,277.00822900819827,171.8276176040799,60.68667122350685,9.612235584826713
4.584584584584585,278.22317738104124,172.0200547529253,60.68667122350685,9.412035384626513
4.604604604604605,279.4381257538842,172.20848388975466,60.68667122350685,9.211835184426313
4.624624624624625,280.6530741267272,172.392905014568,60.68667122350685,9.011634984226113
4.644644644644645,281.86802249957015,172.5733181273653,60.68667122350685,8.811434784025913
4.664664664664665,283.0829708724131,172.7497232281466,60.68667122350685,8.611234583825713
4.684684684684685,284.2979192452561,172.92212031691187,60.68667122350685,8.411034383625513
4.704704704704705,285.51286761809905,173.09050939366114,60.68667122350685,8.210834183425312
4.724724724724725,286.727815990942,173.25489045839439,60.68667122350685,8.010633983225112
4.744744744744745,287.942764363785,173.41526351111162,60.68667122350685,7.810433783024912
4.764764764764765,289.15771273662796,173.5716285518128,60.68667122350685,7.610233582824712
4.784784784784785,290.3726611094709,173.72398558049798,60.68667122350685,7.410033382624512
4.804804804804805,291.5876094823139,173.87233459716714,60.68667122350685,7.209833182424312
4.824824824824825,292.80255785515686,174.01667560182028,60.68667122350685,7.009632982224112
4.844844844844845,294.01750622799983,174.1570085944574,60.68667122350685,6.809432782023912
4.864864864864865,295.2324546008428,174.29333357507852,60.68667122350685,6.609232581823711
4.884884884884885,296.44740297368577,174.4256505436836,60.68667122350685,6.409032381623511
4.904904904904905,297.66235134652874,174.55395950027264,60.68667122350685,6.208832181423311
4.924924924924925,298.8772997193717,174.67826044484568,60.68667122350685,6.008631981223111
4.944944944944945,300.0922480922147,174.7985533774027,60.68667122350685,5.808431781022911
4.964964964964965,301.30719646505764,174.9148382979437,60.68667122350685,5.608231580822711
4.984984984984985,302.5221448379006,175.0271152064687,60.68667122350685,5.408031380622511
5.005005005005005,303.7370932107436,175.13538410297764,60.68667122350685,5.2078311804223105
5.025025025025025,304.95204158358655,175.23964498747057,60.68667122350685,5.00763098022211
5.045045045045045,306.1669899564295,175.33989785994748,60.68667122350685,4.80743078002191
5.065065065065065,307.3819383292725,175.43614272040838,60.68667122350685,4.60723057982171
5.085085085085085,308.59688670211546,175.52837956885327,60.68667122350685,4.40703037962151
5.105105105105105,309.8118350749584,175.61660840528214,60.68667122350685,4.20683017942131
5.125125125125125,311.0267834478014,175.700829229695,60.68667122350685,4.00662997922111
5.145145145145145,312.24173182064436,175.7810420420918,60.68667122350685,3.8064297790209096
5.165165165165165,313.45668019348733,175.8572468424726,60.68667122350685,3.6062295788207095
5.185185185185185,314.6716285663303,175.92944363083737,60.68667122350685,3.4060293786205094
5.205205205205205,315.88657693917327,175.99763240718613,60.68667122350685,3.2058291784203092
5.225225225225225,317.10152531201624,176.06181317151888,60.68667122350685,3.005628978220109
5.245245245245245,318.3164736848592,176.1219859238356,60.68667122350685,2.805428778019909
5.265265265265265,319.5314220577022,176.1781506641363,60.68667122350685,2.605228577819709
5.285285285285285,320.74637043054514,176.23030739242097,60.68667122350685,2.4050283776195087
5.305305305305305,321.9613188033881,176.27845610868962,60.68667122350685,2.2048281774193086
5.325325325325325,323.1762671762311,176.32259681294227,60.68667122350685,2.0046279772191085
5.345345345345346,324.39121554907405,176.3627295051789,60.68667122350685,1.8044277770189083
5.365365365365365,325.606163921917,176.3988541853995,60.68667122350685,1.6042275768187082
5.385385385385385,326.82111229476,176.43097085360407,60.68667122350685,1.404027376618508
5.405405405405405,328.03606066760295,176.45907950979262,60.68667122350685,1.203827176418308
5.425425425425425,329.2510090404459,176.48318015396515,60.68667122350685,1.0036269762181078
5.445445445445446,330.4659574132889,176.50327278612167,60.68667122350685,0.8034267760179077
5.465465465465465,331.68090578613186,176.51935740626217,60.68667122350685,0.6032265758177076
5.485485485485485,332.8958541589748,176.53143401438666,60.68667122350685,0.40302637561750737
5.505505505505505,334.1108025318178,176.53950261049513,60.68667122350685,0.2028261754173072
5.525525525525525,335.32575090466077,176.54356319458756,60.68667122350685,0.0026259752171070017
5.545545545545546,336.54069927750373,176.54361576666398,60.68667122350685,-0.19757422498309318
5.565565565565565,337.7556476503467,176.53966032672437,60.68667122350685,-0.39777442518329337
5.585585585585585,338.97059602318967,176.53169687476876,60.68667122350685,-0.5979746253834936
5.605605605605605,340.18554439603264,176.51972541079712,60.68667122350685,-0.7981748255836938
5.625625625625625,341.4004927688756,176.50374593480947,60.68667122350685,-0.9983750257838939
5.645645645645646,342.6154411417186,176.48375844680578,60.68667122350685,-1.198575225984094
5.665665665665665,343.83038951456155,176.45976294678607,60.68667122350685,-1.3987754261842942
5.685685685685685,345.0453378874045,176.43175943475035,60.68667122350685,-1.5989756263844943
5.7057057057057055,346.2602862602475,176.3997479106986,60.68667122350685,-1.7991758265846944
5.7257257257257255,347.47523463309045,176.36372837463085,60.68667122350685,-1.9993760267848946
5.745745745745746,348.6901830059334,176.32370082654708,60.68667122350685,-2.1995762269850947
5.7657657657657655,349.9051313787764,176.27966526644727,60.68667122350685,-2.399776427185295
5.7857857857857855,351.12007975161936,176.23162169433144,60.68667122350685,-2.599976627385495
5.8058058058058055,352.3350281244623,176.1795701101996,60.68667122350685,-2.800176827585695
5.8258258258258255,353.5499764973053,176.12351051405173,60.68667122350685,-3.000377027785895
5.845845845845846,354.76492487014826,176.06344290588785,60.68667122350685,-3.2005772279860953
5.865865865865866,355.97987324299123,175.99936728570796,60.68667122350685,-3.4007774281862955
5.885885885885886,357.1948216158342,175.93128365351205,60.68667122350685,-3.6009776283864956
5.905905905905906,358.40976998867717,175.8591920093001,60.68667122350685,-3.8011778285866957
5.925925925925926,359.62471836152014,175.78309235307213,60.68667122350685,-4.001378028786896
5.9459459459459465,360.8396667343631,175.70298468482815,60.68667122350685,-4.201578228987096
5.965965965965966,362.0546151072061,175.61886900456815,60.68667122350685,-4.401778429187297
5.9859859859859865,363.26956348004904,175.53074531229214,60.68667122350685,-4.601978629387497
6.006006006006006,364.484511852892,175.4386136080001,60.68667122350685,-4.802178829587697
6.026026026026026,365.699460225735,175.34247389169204,60.68667122350685,-5.002379029787897
6.046046046046047,366.91440859857795,175.24232616336795,60.68667122350685,-5.202579229988097
6.066066066066066,368.1293569714209,175.13817042302784,60.68667122350685,-5.402779430188297
6.086086086086087,369.3443053442639,175.03000667067172,60.68667122350685,-5.602979630388497
6.106106106106106,370.55925371710686,174.9178349062996,60.68667122350685,-5.8031798305886975
6.126126126126126,371.7742020899498,174.80165512991144,60.68667122350685,-6.003380030788898
6.146146146146147,372.9891504627928,174.68146734150724,60.68667122350685,-6.203580230989098
6.166166166166166,374.20409883563576,174.55727154108703,60.68667122350685,-6.403780431189298
6.186186186186187,375.41904720847873,174.4290677286508,60.68667122350685,-6.603980631389498
6.206206206206206,376.6339955813217,174.29685590419857,60.68667122350685,-6.804180831589698
6.226226226226226,377.84894395416467,174.1606360677303,60.68667122350685,-7.004381031789898
6.246246246246247,379.06389232700764,174.02040821924604,60.68667122350685,-7.204581231990098
6.266266266266266,380.2788406998506,173.87617235874572,60.68667122350685,-7.4047814321902985
6.286286286286287,381.4937890726936,173.7279284862294,60.68667122350685,-7.604981632390499
6.306306306306306,382.70873744553654,173.57567660169704,60.68667122350685,-7.805181832590699
6.326326326326326,383.9236858183795,173.41941670514868,60.68667122350685,-8.0053820327909
6.346346346346347,385.1386341912225,173.2591487965843,60.68667122350685,-8.2055822329911
6.366366366366366,386.35358256406545,173.0948728760039,60.68667122350685,-8.4057824331913
6.386386386386387,387.5685309369084,172.9265889434075,60.68667122350685,-8.6059826333915
6.406406406406406,388.7834793097514,172.75429699879504,60.68667122350685,-8.8061828335917
6.426426426426426,389.99842768259435,172.57799704216657,60.68667122350685,-9.0063830337919
6.446446446446447,391.2133760554373,172.3976890735221,60.68667122350685,-9.2065832339921
6.466466466466466,392.4283244282803,172.2133730928616,60.68667122350685,-9.4067834341923
6.486486486486487,393.64327280112326,172.02504910018507,60.68667122350685,-9.6069836343925
6.506506506506506,394.85822117396623,171.83271709549254,60.68667122350685,-9.807183834592701
6.526526526526526,396.0731695468092,171.63637707878397,60.68667122350685,-10.007384034792901
6.546546546546547,397.28811791965217,171.43602905005937,60.68667122350685,-10.207584234993101
6.566566566566566,398.50306629249513,171.23167300931877,60.68667122350685,-10.407784435193301
6.586586586586587,399.7180146653381,171.02330895656215,60.68667122350685,-10.607984635393501
6.606606606606606,400.9329630381811,170.8109368917895,60.68667122350685,-10.808184835593702
6.626626626626627,402.14791141102404,170.59455681500086,60.68667122350685,-11.008385035793902
6.646646646646647,403.362859783867,170.37416872619616,60.68667122350685,-11.208585235994102
6.666666666666666,404.57780815671,170.14977262537545,60.68667122350685,-11.408785436194302
6.686686686686687,405.79275652955295,169.92136851253872,60.68667122350685,-11.608985636394502
6.706706706706706,407.0077049023959,169.68895638768598,60.68667122350685,-11.809185836594702
6.726726726726727,408.2226532752389,169.45253625081722,60.68667122350685,-12.009386036794902
6.746746746746747,409.43760164808185,169.21210810193244,60.68667122350685,-12.209586236995102
6.766766766766766,410.6525500209248,168.96767194103165,60.68667122350685,-12.409786437195303
6.786786786786787,411.8674983937678,168.71922776811482,60.68667122350685,-12.609986637395503
6.806806806806806,413.08244676661076,168.46677558318197,60.68667122350685,-12.810186837595703
6.826826826826827,414.2973951394537,168.2103153862331,60.68667122350685,-13.010387037795903
6.846846846846847,415.5123435122967,167.94984717726823,60.68667122350685,-13.210587237996103
6.866866866866866,416.72729188513966,167.68537095628733,60.68667122350685,-13.410787438196303
6.886886886886887,417.94224025798263,167.41688672329042,60.68667122350685,-13.610987638396503
6.906906906906906,419.1571886308256,167.14439447827746,60.68667122350685,-13.811187838596704
6.926926926926927,420.37213700366857,166.8678942212485,60.68667122350685,-14.011388038796904
6.946946946946947,421.58708537651154,166.5873859522035,60.68667122350685,-14.211588238997104
6.966966966966966,422.8020337493545,166.3028696711425,60.68667122350685,-14.411788439197304
6.986986986986987,424.0169821221975,166.01434537806549,60.68667122350685,-14.611988639397504
7.007007007007006,425.23193049504044,165.72181307297245,60.68667122350685,-14.812188839597704
7.027027027027027,426.4468788678834,165.42527275586338,60.68667122350685,-15.012389039797904
7.047047047047047,427.6618272407264,165.12472442673828,60.68667122350685,-15.212589239998104
7.067067067067066,428.87677561356935,164.82016808559717,60.68667122350685,-15.412789440198305
7.087087087087087,430.0917239864123,164.51160373244005,60.68667122350685,-15.612989640398505
7.107107107107106,431.3066723592553,164.1990313672669,60.68667122350685,-15.813189840598705
7.127127127127127,432.52162073209826,163.88245099007776,60.68667122350685,-16.013390040798907
7.147147147147147,433.7365691049412,163.5618626008726,60.68667122350685,-16.213590240999107
7.167167167167166,434.9515174777842,163.23726619965137,60.68667122350685,-16.413790441199307
7.187187187187187,436.16646585062716,162.90866178641414,60.68667122350685,-16.613990641399507
7.207207207207206,437.38141422347013,162.5760493611609,60.68667122350685,-16.814190841599707
7.227227227227227,438.5963625963131,162.23942892389164,60.68667122350685,-17.014391041799907
7.247247247247247,439.81131096915607,161.89880047460636,60.68667122350685,-17.214591242000107
7.267267267267268,441.02625934199904,161.55416401330507,60.68667122350685,-17.414791442200308
7.287287287287287,442.241207714842,161.20551953998773,60.68667122350685,-17.614991642400508
7.3073073073073065,443.456156087685,160.85286705465438,60.68667122350685,-17.815191842600708
7.327327327327327,444.67110446052794,160.49620655730502,60.68667122350685,-18.015392042800908
7.347347347347347,445.8860528333709,160.13553804793963,60.68667122350685,-18.215592243001108
7.367367367367368,447.1010012062139,159.77086152655824,60.68667122350685,-18.41579244320131
7.387387387387387,448.31594957905685,159.40217699316082,60.68667122350685,-18.61599264340151
7.4074074074074066,449.5308979518998,159.02948444774736,60.68667122350685,-18.81619284360171
7.4274274274274275,450.7458463247428,158.6527838903179,60.68667122350685,-19.01639304380191
7.4474474474474475,451.96079469758575,158.2720753208724,60.68667122350685,-19.21659324400211
7.467467467467468,453.1757430704287,157.8873587394109,60.68667122350685,-19.41679344420231
7.4874874874874875,454.3906914432717,157.49863414593338,60.68667122350685,-19.61699364440251
7.507507507507507,455.60563981611466,157.10590154043985,60.68667122350685,-19.81719384460271
7.5275275275275275,456.82058818895763,156.7091609229303,60.68667122350685,-20.01739404480291
7.5475475475475475,458.0355365618006,156.3084122934047,60.68667122350685,-20.21759424500311
7.567567567567568,459.25048493464357,155.9036556518631,60.68667122350685,-20.41779444520331
7.587587587587588,460.46543330748653,155.49489099830546,60.68667122350685,-20.61799464540351
7.607607607607607,461.6803816803295,155.08211833273182,60.68667122350685,-20.81819484560371
7.627627627627628,462.8953300531725,154.66533765514217,60.68667122350685,-21.01839504580391
7.647647647647648,464.11027842601544,154.2445489655365,60.68667122350685,-21.21859524600411
7.6676676676676685,465.3252267988584,153.81975226391478,60.68667122350685,-21.41879544620431
7.687687687687688,466.5401751717014,153.39094755027705,60.68667122350685,-21.61899564640451
7.707707707707707,467.75512354454435,152.9581348246233,60.68667122350685,-21.81919584660471
7.727727727727728,468.9700719173873,152.52131408695354,60.68667122350685,-22.01939604680491
7.747747747747748,470.1850202902303,152.08048533726776,60.68667122350685,-22.21959624700511
7.767767767767769,471.39996866307325,151.63564857556597,60.68667122350685,-22.41979644720531
7.787787787787788,472.6149170359162,151.18680380184813,60.68667122350685,-22.61999664740551
7.807807807807807,473.8298654087592,150.73395101611428,60.68667122350685,-22.82019684760571
7.827827827827828,475.04481378160216,150.2770902183644,60.68667122350685,-23.02039704780591
7.847847847847848,476.2597621544451,149.81622140859852,60.68667122350685,-23.22059724800611
7.867867867867869,477.4747105272881,149.35134458681662,60.68667122350685,-23.42079744820631
7.887887887887888,478.68965890013106,148.8824597530187,60.68667122350685,-23.62099764840651
7.907907907907909,479.90460727297403,148.40956690720478,60.68667122350685,-23.82119784860671
7.927927927927928,481.119555645817,147.9326660493748,60.68667122350685,-24.021398048806912
7.947947947947948,482.33450401865997,147.4517571795288,60.68667122350685,-24.221598249007112
7.967967967967969,483.54945239150294,146.9668402976668,60.68667122350685,-24.421798449207312
7.987987987987988,484.7644007643459,146.47791540378878,60.68667122350685,-24.621998649407512
8.008008008008009,485.9793491371889,145.98498249789475,60.68667122350685,-24.822198849607712
8.028028028028029,487.19429751003184,145.4880415799847,60.68667122350685,-25.022399049807913
8.048048048048047,488.4092458828748,144.9870926500586,60.68667122350685,-25.222599250008113
8.068068068068069,489.6241942557178,144.4821357081165,60.68667122350685,-25.422799450208313
8.088088088088089,490.83914262856075,143.97317075415836,60.68667122350685,-25.622999650408513
8.108108108108109,492.0540910014037,143.46019778818422,60.68667122350685,-25.823199850608713
8.128128128128129,493.2690393742467,142.94321681019406,60.68667122350685,-26.023400050808913
8.148148148148147,494.48398774708966,142.42222782018789,60.68667122350685,-26.223600251009113
8.168168168168169,495.6989361199326,141.89723081816567,60.68667122350685,-26.423800451209313
8.188188188188189,496.9138844927756,141.36822580412743,60.68667122350685,-26.624000651409514
8.208208208208209,498.12883286561856,140.83521277807318,60.68667122350685,-26.824200851609714
8.228228228228229,499.34378123846153,140.29819174000292,60.68667122350685,-27.024401051809914
8.248248248248247,500.5587296113045,139.75716268991664,60.68667122350685,-27.224601252010114
8.268268268268269,501.77367798414747,139.21212562781434,60.68667122350685,-27.424801452210314
8.288288288288289,502.98862635699044,138.66308055369603,60.68667122350685,-27.625001652410514
8.308308308308309,504.2035747298334,138.11002746756168,60.68667122350685,-27.825201852610714
8.328328328328329,505.4185231026764,137.5529663694113,60.68667122350685,-28.025402052810914
8.348348348348347,506.63347147551934,136.99189725924492,60.68667122350685,-28.225602253011115
8.368368368368369,507.8484198483623,136.42682013706252,60.68667122350685,-28.425802453211315
8.388388388388389,509.0633682212053,135.8577350028641,60.68667122350685,-28.626002653411515
8.408408408408409,510.27831659404825,135.28464185664967,60.68667122350685,-28.826202853611715
8.428428428428429,511.4932649668912,134.7075406984192,60.68667122350685,-29.026403053811915
8.448448448448449,512.7082133397342,134.1264315281727,60.68667122350685,-29.226603254012115
8.468468468468469,513.9231617125772,133.5413143459102,60.68667122350685,-29.426803454212315
8.488488488488489,515.1381100854202,132.95218915163167,60.68667122350685,-29.627003654412515
8.508508508508509,516.3530584582631,132.35905594533713,60.68667122350685,-29.827203854612716
8.528528528528529,517.5680068311061,131.76191472702658,60.68667122350685,-30.027404054812916
8.548548548548549,518.7829552039491,131.16076549669998,60.68667122350685,-30.227604255013116
8.568568568568569,519.997903576792,130.55560825435737,60.68667122350685,-30.427804455213316
8.588588588588589,521.212851949635,129.94644299999874,60.68667122350685,-30.628004655413516
8.608608608608609,522.427800322478,129.3332697336241,60.68667122350685,-30.828204855613716
8.62862862862863,523.642748695321,128.71608845523343,60.68667122350685,-31.028405055813916
8.64864864864865,524.8576970681639,128.09489916482676,60.68667122350685,-31.228605256014117
8.66866866866867,526.0726454410069,127.46970186240405,60.68667122350685,-31.428805456214317
8.68868868868869,527.2875938138499,126.84049654796533,60.68667122350685,-31.629005656414517
8.70870870870871,528.5025421866928,126.20728322151058,60.68667122350685,-31.829205856614717
8.72872872872873,529.7174905595358,125.57006188303981,60.68667122350685,-32.02940605681492
8.74874874874875,530.9324389323788,124.92883253255303,60.68667122350685,-32.22960625701512
8.76876876876877,532.1473873052217,124.28359517005022,60.68667122350685,-32.42980645721532
8.78878878878879,533.3623356780647,123.63434979553139,60.68667122350685,-32.63000665741552
8.80880880880881,534.5772840509077,122.98109640899655,60.68667122350685,-32.83020685761572
8.82882882882883,535.7922324237506,122.32383501044569,60.68667122350685,-33.03040705781592
8.84884884884885,537.0071807965936,121.6625655998788,60.68667122350685,-33.23060725801612
8.86886886886887,538.2221291694366,120.9972881772959,60.68667122350685,-33.43080745821632
8.88888888888889,539.4370775422796,120.32800274269698,60.68667122350685,-33.63100765841652
8.90890890890891,540.6520259151225,119.65470929608203,60.68667122350685,-33.83120785861672
8.92892892892893,541.8669742879655,118.97740783745107,60.68667122350685,-34.03140805881692
8.94894894894895,543.0819226608085,118.29609836680409,60.68667122350685,-34.23160825901712
8.96896896896897,544.2968710336514,117.61078088414108,60.68667122350685,-34.43180845921732
8.98898898898899,545.5118194064944,116.92145538946205,60.68667122350685,-34.63200865941752
9.00900900900901,546.7267677793374,116.22812188276701,60.68667122350685,-34.83220885961772
9.02902902902903,547.9417161521803,115.53078036405594,60.68667122350685,-35.03240905981792
9.04904904904905,549.1566645250233,114.82943083332886,60.68667122350685,-35.23260926001812
9.06906906906907,550.3716128978663,114.12407329058576,60.68667122350685,-35.43280946021832
9.08908908908909,551.5865612707092,113.41470773582662,60.68667122350685,-35.63300966041852
9.10910910910911,552.8015096435522,112.70133416905148,60.68667122350685,-35.83320986061872
9.12912912912913,554.0164580163952,111.98395259026032,60.68667122350685,-36.03341006081892
9.14914914914915,555.2314063892381,111.26256299945312,60.68667122350685,-36.23361026101912
9.16916916916917,556.4463547620811,110.53716539662992,60.68667122350685,-36.43381046121932
9.18918918918919,557.6613031349241,109.8077597817907,60.68667122350685,-36.634010661419524
9.20920920920921,558.876251507767,109.07434615493544,60.68667122350685,-36.834210861619724
9.22922922922923,560.09119988061,108.33692451606417,60.68667122350685,-37.034411061819924
9.24924924924925,561.306148253453,107.59549486517689,60.68667122350685,-37.234611262020124
9.26926926926927,562.521096626296,106.85005720227359,60.68667122350685,-37.434811462220324
9.28928928928929,563.7360449991389,106.10061152735426,60.68667122350685,-37.635011662420524
9.30930930930931,564.9509933719819,105.34715784041892,60.68667122350685,-37.835211862620724
9.32932932932933,566.1659417448249,104.58969614146756,60.68667122350685,-38.035412062820924
9.34934934934935,567.3808901176678,103.82822643050017,60.68667122350685,-38.235612263021125
9.36936936936937,568.5958384905108,103.06274870751676,60.68667122350685,-38.435812463221325
9.38938938938939,569.8107868633538,102.29326297251734,60.68667122350685,-38.636012663421525
9.40940940940941,571.0257352361967,101.51976922550189,60.68667122350685,-38.836212863621725
9.42942942942943,572.2406836090397,100.74226746647042,60.68667122350685,-39.036413063821925
9.44944944944945,573.4556319818827,99.96075769542294,60.68667122350685,-39.236613264022125
9.46946946946947,574.6705803547256,99.17523991235943,60.68667122350685,-39.436813464222325
9.48948948948949,575.8855287275686,98.3857141172799,60.68667122350685,-39.637013664422525
9.50950950950951,577.1004771004116,97.59218031018436,60.68667122350685,-39.837213864622726
9.52952952952953,578.3154254732545,96.79463849107279,60.68667122350685,-40.037414064822926
9.54954954954955,579.5303738460975,95.9930886599452,60.68667122350685,-40.237614265023126
9.56956956956957,580.7453222189405,95.1875308168016,60.68667122350685,-40.437814465223326
9.58958958958959,581.9602705917835,94.37796496164196,60.68667122350685,-40.638014665423526
9.60960960960961,583.1752189646264,93.56439109446632,60.68667122350685,-40.838214865623726
9.62962962962963,584.3901673374694,92.74680921527465,60.68667122350685,-41.038415065823926
9.64964964964965,585.6051157103124,91.92521932406697,60.68667122350685,-41.23861526602413
9.66966966966967,586.8200640831553,91.09962142084326,60.68667122350685,-41.43881546622433
9.68968968968969,588.0350124559983,90.27001550560354,60.68667122350685,-41.63901566642453
9.70970970970971,589.2499608288413,89.4364015783478,60.68667122350685,-41.83921586662473
9.72972972972973,590.4649092016842,88.59877963907603,60.68667122350685,-42.03941606682493
9.74974974974975,591.6798575745272,87.75714968778824,60.68667122350685,-42.23961626702513
9.76976976976977,592.8948059473702,86.91151172448444,60.68667122350685,-42.43981646722533
9.78978978978979,594.1097543202131,86.06186574916461,60.68667122350685,-42.64001666742553
9.80980980980981,595.3247026930561,85.20821176182876,60.68667122350685,-42.84021686762573
9.82982982982983,596.5396510658991,84.3505497624769,60.68667122350685,-43.04041706782593
9.84984984984985,597.754599438742,83.48887975110901,60.68667122350685,-43.24061726802613
9.86986986986987,598.969547811585,82.6232017277251,60.68667122350685,-43.44081746822633
9.88988988988989,600.184496184428,81.75351569232518,60.68667122350685,-43.64101766842653
9.90990990990991,601.399444557271,80.87982164490923,60.68667122350685,-43.84121786862673
9.92992992992993,602.6143929301139,80.00211958547726,60.68667122350685,-44.04141806882693
9.94994994994995,603.8293413029569,79.12040951402928,60.68667122350685,-44.24161826902713
9.96996996996997,605.0442896757999,78.23469143056526,60.68667122350685,-44.44181846922733
9.98998998998999,606.2592380486428,77.34496533508523,60.68667122350685,-44.64201866942753
10.01001001001001,607.4741864214858,76.45123122758919,60.68667122350685,-44.84221886962773
10.03003003003003,608.6891347943288,75.55348910807713,60.68667122350685,-45.04241906982793
10.05005005005005,609.9040831671717,74.65173897654904,60.68667122350685,-45.24261927002813
10.07007007007007,611.1190315400147,73.74598083300494,60.68667122350685,-45.44281947022833
10.09009009009009,612.3339799128577,72.83621467744481,60.68667122350685,-45.64301967042853
10.11011011011011,613.5489282857006,71.92244050986866,60.68667122350685,-45.84321987062873
10.13013013013013,614.7638766585436,71.0046583302765,60.68667122350685,-46.04342007082893
10.15015015015015,615.9788250313866,70.08286813866832,60.68667122350685,-46.24362027102913
10.17017017017017,617.1937734042295,69.1570699350441,60.68667122350685,-46.44382047122933
10.19019019019019,618.4087217770725,68.22726371940388,60.68667122350685,-46.64402067142953
10.21021021021021,619.6236701499155,67.29344949174764,60.68667122350685,-46.84422087162973
10.23023023023023,620.8386185227585,66.35562725207537,60.68667122350685,-47.04442107182993
10.25025025025025,622.0535668956014,65.41379700038708,60.68667122350685,-47.24462127203013
10.27027027027027,623.2685152684444,64.46795873668277,60.68667122350685,-47.44482147223033
10.29029029029029,624.4834636412874,63.51811246096245,60.68667122350685,-47.64502167243053
10.31031031031031,625.6984120141303,62.5642581732261,60.68667122350685,-47.84522187263073
10.33033033033033,626.9133603869733,61.60639587347374,60.68667122350685,-48.04542207283093
10.35035035035035,628.1283087598163,60.64452556170535,60.68667122350685,-48.24562227303113
10.37037037037037,629.3432571326592,59.67864723792094,60.68667122350685,-48.44582247323133
10.39039039039039,630.5582055055022,58.70876090212052,60.68667122350685,-48.64602267343153
10.41041041041041,631.7731538783452,57.73486655430407,60.68667122350685,-48.84622287363173
10.43043043043043,632.9881022511881,56.7569641944716,60.68667122350685,-49.04642307383193
10.45045045045045,634.2030506240311,55.775053822623114,60.68667122350685,-49.24662327403213
10.47047047047047,635.4179989968741,54.789135438758606,60.68667122350685,-49.44682347423233
10.49049049049049,636.632947369717,53.799209042878076,60.68667122350685,-49.64702367443253
10.51051051051051,637.84789574256,52.80527463498153,60.68667122350685,-49.84722387463273
10.53053053053053,639.062844115403,51.80733221506896,60.68667122350685,-50.04742407483293
10.55055055055055,640.277792488246,50.805381783140376,60.68667122350685,-50.24762427503313
10.57057057057057,641.4927408610889,49.79942333919577,60.68667122350685,-50.44782447523333
10.59059059059059,642.7076892339319,48.78945688323514,60.68667122350685,-50.64802467543353
10.61061061061061,643.9226376067749,47.775482415258494,60.68667122350685,-50.84822487563373
10.63063063063063,645.1375859796178,46.75749993526583,60.68667122350685,-51.04842507583393
10.65065065065065,646.3525343524608,45.735509443257136,60.68667122350685,-51.24862527603413
10.67067067067067,647.5674827253038,44.70951093923243,60.68667122350685,-51.44882547623433
10.690690690690692,648.7824310981467,43.6795044231917,60.68667122350685,-51.64902567643453
10.71071071071071,649.9973794709897,42.64548989513496,60.68667122350685,-51.84922587663473
10.73073073073073,651.2123278438327,41.60746735506219,60.68667122350685,-52.04942607683493
10.75075075075075,652.4272762166756,40.5654368029734,60.68667122350685,-52.249626277035134
10.77077077077077,653.6422245895186,39.5193982388686,60.68667122350685,-52.449826477235334
10.790790790790792,654.8571729623616,38.46935166274777,60.68667122350685,-52.650026677435534
10.81081081081081,656.0721213352045,37.41529707461092,60.68667122350685,-52.850226877635734
10.83083083083083,657.2870697080475,36.35723447445805,60.68667122350685,-53.050427077835934
10.85085085085085,658.5020180808905,35.295163862289165,60.68667122350685,-53.250627278036134
10.87087087087087,659.7169664537334,34.229085238104254,60.68667122350685,-53.450827478236334
10.890890890890892,660.9319148265764,33.15899860190333,60.68667122350685,-53.651027678436535
10.91091091091091,662.1468631994194,32.08490395368638,60.68667122350685,-53.851227878636735
10.93093093093093,663.3618115722624,31.00680129345341,60.68667122350685,-54.051428078836935
10.95095095095095,664.5767599451053,29.924690621204423,60.68667122350685,-54.251628279037135
10.97097097097097,665.7917083179483,28.838571936939417,60.68667122350685,-54.451828479237335
10.990990990990992,667.0066566907913,27.748445240658388,60.68667122350685,-54.652028679437535
11.01101101101101,668.2216050636342,26.65431053236134,60.68667122350685,-54.852228879637735
11.03103103103103,669.4365534364772,25.556167812048272,60.68667122350685,-55.052429079837935
11.05105105105105,670.6515018093202,24.454017079719186,60.68667122350685,-55.252629280038136
11.07107107107107,671.8664501821631,23.347858335374077,60.68667122350685,-55.452829480238336
11.091091091091092,673.0813985550061,22.23769157901295,60.68667122350685,-55.653029680438536
11.11111111111111,674.2963469278491,21.123516810635802,60.68667122350685,-55.853229880638736
11.13113113113113,675.511295300692,20.005334030242636,60.68667122350685,-56.053430080838936
11.15115115115115,676.726243673535,18.883143237833448,60.68667122350685,-56.253630281039136
11.17117117117117,677.941192046378,17.75694443340824,60.68667122350685,-56.453830481239336
11.191191191191193,679.156140419221,16.626737616967013,60.68667122350685,-56.65403068143954
11.21121121121121,680.3710887920639,15.492522788509765,60.68667122350685,-56.85423088163974
11.23123123123123,681.5860371649069,14.354299948036497,60.68667122350685,-57.05443108183994
11.25125125125125,682.8009855377499,13.212069095547209,60.68667122350685,-57.25463128204014
11.27127127127127,684.0159339105928,12.0658302310419,60.68667122350685,-57.45483148224034
11.291291291291293,685.2308822834358,10.915583354520573,60.68667122350685,-57.65503168244054
11.31131131131131,686.4458306562788,9.761328465983224,60.68667122350685,-57.85523188264074
11.33133133133133,687.6607790291217,8.603065565429857,60.68667122350685,-58.05543208284094
11.35135135135135,688.8757274019647,7.440794652860468,60.68667122350685,-58.25563228304114
11.37137137137137,690.0906757748077,6.27451572827506,60.68667122350685,-58.45583248324134
11.391391391391393,691.3056241476506,5.1042287916736315,60.68667122350685,-58.65603268344154
11.411411411411411,692.5205725204936,3.929933843056183,60.68667122350685,-58.85623288364174
11.431431431431431,693.7355208933366,2.751630882422715,60.68667122350685,-59.05643308384194
11.451451451451451,694.9504692661795,1.5693199097732267,60.68667122350685,-59.25663328404214
11.471471471471471,696.1654176390225,0.38300092510771844,60.68667122350685,-59.45683348424234
11.491491491491493,697.3803660118655,-0.8073260715738098,60.68667122350685,-59.65703368444254
11.511511511511511,698.5953143847084,-2.001661080271358,60.68667122350685,-59.85723388464274
11.531531531531531,699.8102627575514,-3.200004100984926,60.68667122350685,-60.05743408484294
11.551551551551551,701.0252111303944,-4.402355133714514,60.68667122350685,-60.25763428504314
11.571571571571571,702.2401595032374,-5.608714178460122,60.68667122350685,-60.45783448524334
11.591591591591593,703.4551078760803,-6.81908123522175,60.68667122350685,-60.65803468544354
11.611611611611611,704.6700562489233,-8.0334563039994,60.68667122350685,-60.85823488564374
11.631631631631631,705.8850046217663,-9.251839384793067,60.68667122350685,-61.05843508584394
11.651651651651651,707.0999529946092,-10.474230477602756,60.68667122350685,-61.25863528604414
11.671671671671671,708.3149013674522,-11.700629582428464,60.68667122350685,-61.45883548624434
11.691691691691693,709.5298497402952,-12.931036699270193,60.68667122350685,-61.65903568644454
11.711711711711711,710.7447981131381,-14.16545182812794,60.68667122350685,-61.85923588664474
11.731731731731731,711.9597464859811,-15.40387496900171,60.68667122350685,-62.05943608684494
11.751751751751751,713.1746948588241,-16.6463061218915,60.68667122350685,-62.25963628704514
11.771771771771771,714.389643231667,-17.892745286797307,60.68667122350685,-62.45983648724534
11.791791791791793,715.60459160451,-19.143192463719135,60.68667122350685,-62.66003668744554
11.811811811811811,716.819539977353,-20.397647652656985,60.68667122350685,-62.86023688764574
11.831831831831831,718.0344883501959,-21.656110853610855,60.68667122350685,-63.06043708784594
11.851851851851851,719.2494367230389,-22.918582066580743,60.68667122350685,-63.26063728804614
11.871871871871871,720.4643850958819,-24.18506129156665,60.68667122350685,-63.46083748824634
11.891891891891893,721.6793334687248,-25.45554852856858,60.68667122350685,-63.66103768844654
11.911911911911911,722.8942818415678,-26.73004377758653,60.68667122350685,-63.86123788864674
11.931931931931931,724.1092302144108,-28.0085470386205,60.68667122350685,-64.06143808884694
11.951951951951951,725.3241785872538,-29.291058311670486,60.68667122350685,-64.26163828904714
11.971971971971973,726.5391269600967,-30.577577596736496,60.68667122350685,-64.46183848924734
11.991991991991993,727.7540753329397,-31.868104893818526,60.68667122350685,-64.66203868944754
12.012012012012011,728.9690237057827,-33.16264020291658,60.68667122350685,-64.86223888964774
12.032032032032031,730.1839720786256,-34.461183524030645,60.68667122350685,-65.06243908984794
12.052052052052051,731.3989204514686,-35.763734857160735,60.68667122350685,-65.26263929004814
12.072072072072073,732.6138688243116,-37.07029420230684,60.68667122350685,-65.46283949024834
12.092092092092093,733.8288171971545,-38.38086155946897,60.68667122350685,-65.66303969044854
12.112112112112111,735.0437655699975,-39.69543692864712,60.68667122350685,-65.86323989064874
12.132132132132131,736.2587139428405,-41.014020309841285,60.68667122350685,-66.06344009084894
12.152152152152151,737.4736623156834,-42.336611703051474,60.68667122350685,-66.26364029104914
12.172172172172173,738.6886106885264,-43.663211108277686,60.68667122350685,-66.46384049124934
12.192192192192193,739.9035590613694,-44.99381852551991,60.68667122350685,-66.66404069144954
12.212212212212211,741.1185074342123,-46.32843395477816,60.68667122350685,-66.86424089164974
12.232232232232231,742.3334558070553,-47.667057396052435,60.68667122350685,-67.06444109184994
12.252252252252251,743.5484041798983,-49.00968884934272,60.68667122350685,-67.26464129205014
12.272272272272273,744.7633525527413,-50.35632831464903,60.68667122350685,-67.46484149225034
12.292292292292293,745.9783009255842,-51.70697579197136,60.68667122350685,-67.66504169245054
12.312312312312311,747.1932492984272,-53.06163128130971,60.68667122350685,-67.86524189265074
12.332332332332332,748.4081976712702,-54.42029478266408,60.68667122350685,-68.06544209285094
12.352352352352352,749.6231460441131,-55.782966296034466,60.68667122350685,-68.26564229305114
12.372372372372373,750.8380944169561,-57.149645821420876,60.68667122350685,-68.46584249325134
12.392392392392393,752.0530427897991,-58.52033335882331,60.68667122350685,-68.66604269345154
12.412412412412412,753.267991162642,-59.895028908241756,60.68667122350685,-68.86624289365174
12.432432432432432,754.482939535485,-61.273732469676226,60.68667122350685,-69.06644309385194
12.452452452452452,755.697887908328,-62.65644404312671,60.68667122350685,-69.26664329405214
12.472472472472473,756.9128362811709,-64.04316362859322,60.68667122350685,-69.46684349425234
12.492492492492493,758.1277846540139,-65.43389122607574,60.68667122350685,-69.66704369445254
12.512512512512512,759.3427330268569,-66.8286268355743,60.68667122350685,-69.86724389465274
12.532532532532532,760.5576813996998,-68.22737045708887,60.68667122350685,-70.06744409485295
12.552552552552552,761.7726297725428,-69.63012209061945,60.68667122350685,-70.26764429505315
12.572572572572573,762.9875781453858,-71.03688173616607,60.68667122350685,-70.46784449525335
12.592592592592593,764.2025265182288,-72.4476493937287,60.68667122350685,-70.66804469545355
12.612612612612612,765.4174748910717,-73.86242506330734,60.68667122350685,-70.86824489565375
12.632632632632632,766.6324232639147,-75.28120874490202,60.68667122350685,-71.06844509585395
12.652652652652652,767.8473716367577,-76.70400043851271,60.68667122350685,-71.26864529605415
12.672672672672673,769.0623200096006,-78.13080014413941,60.68667122350685,-71.46884549625435
12.692692692692694,770.2772683824436,-79.56160786178215,60.68667122350685,-71.66904569645455
12.712712712712712,771.4922167552866,-80.9964235914409,60.68667122350685,-71.86924589665475
12.732732732732732,772.7071651281295,-82.43524733311567,60.68667122350685,-72.06944609685495
12.752752752752752,773.9221135009725,-83.87807908680645,60.68667122350685,-72.26964629705515
12.772772772772774,775.1370618738155,-85.32491885251326,60.68667122350685,-72.46984649725535
12.792792792792794,776.3520102466584,-86.77576663023609,60.68667122350685,-72.67004669745555
12.812812812812812,777.5669586195014,-88.23062241997494,60.68667122350685,-72.87024689765575
12.832832832832832,778.7819069923444,-89.68948622172981,60.68667122350685,-73.07044709785595
12.852852852852852,779.9968553651873,-91.1523580355007,60.68667122350685,-73.27064729805615
12.872872872872874,781.2118037380303,-92.6192378612876,60.68667122350685,-73.47084749825635
12.892892892892894,782.4267521108733,-94.09012569909054,60.68667122350685,-73.67104769845655
12.912912912912912,783.6417004837162,-95.56502154890948,60.68667122350685,-73.87124789865675
12.932932932932932,784.8566488565592,-97.04392541074445,60.68667122350685,-74.07144809885695
12.952952952952952,786.0715972294022,-98.52683728459544,60.68667122350685,-74.27164829905715
12.972972972972974,787.2865456022452,-100.01375717046245,60.68667122350685,-74.47184849925735
12.992992992992994,788.5014939750881,-101.50468506834548,60.68667122350685,-74.67204869945755
13.013013013013012,789.7164423479311,-102.99962097824454,60.68667122350685,-74.87224889965775
13.033033033033032,790.9313907207741,-104.49856490015961,60.68667122350685,-75.07244909985795
13.053053053053052,792.146339093617,-106.0015168340907,60.68667122350685,-75.27264930005815
13.073073073073074,793.36128746646,-107.50847678003781,60.68667122350685,-75.47284950025835
13.093093093093094,794.576235839303,-109.01944473800094,60.68667122350685,-75.67304970045855
13.113113113113112,795.7911842121459,-110.53442070798009,60.68667122350685,-75.87324990065875
13.133133133133132,797.0061325849889,-112.05340468997525,60.68667122350685,-76.07345010085895
13.153153153153154,798.2210809578319,-113.57639668398645,60.68667122350685,-76.27365030105915
13.173173173173174,799.4360293306748,-115.10339669001365,60.68667122350685,-76.47385050125935
13.193193193193194,800.6509777035178,-116.63440470805688,60.68667122350685,-76.67405070145955
13.213213213213212,801.8659260763608,-118.16942073811613,60.68667122350685,-76.87425090165975
13.233233233233232,803.0808744492037,-119.7084447801914,60.68667122350685,-77.07445110185995
13.253253253253254,804.2958228220467,-121.25147683428268,60.68667122350685,-77.27465130206015
13.273273273273274,805.5107711948897,-122.79851690039,60.68667122350685,-77.47485150226035
13.293293293293294,806.7257195677327,-124.34956497851333,60.68667122350685,-77.67505170246055
13.313313313313312,807.9406679405756,-125.90462106865267,60.68667122350685,-77.87525190266075
13.333333333333332,809.1556163134186,-127.46368517080805,60.68667122350685,-78.07545210286095
13.353353353353354,810.3705646862616,-129.02675728497942,60.68667122350685,-78.27565230306115
13.373373373373374,811.5855130591045,-130.59383741116685,60.68667122350685,-78.47585250326135
13.393393393393394,812.8004614319475,-132.16492554937028,60.68667122350685,-78.67605270346155
13.413413413413412,814.0154098047905,-133.74002169958973,60.68667122350685,-78.87625290366175
13.433433433433432,815.2303581776334,-135.3191258618252,60.68667122350685,-79.07645310386195
13.453453453453454,816.4453065504764,-136.90223803607668,60.68667122350685,-79.27665330406215
13.473473473473474,817.6602549233194,-138.48935822234418,60.68667122350685,-79.47685350426235
13.493493493493494,818.8752032961623,-140.08048642062772,60.68667122350685,-79.67705370446255
13.513513513513512,820.0901516690053,-141.67562263092728,60.68667122350685,-79.87725390466275
13.533533533533532,821.3051000418483,-143.27476685324285,60.68667122350685,-80.07745410486295
13.553553553553554,822.5200484146912,-144.87791908757444,60.68667122350685,-80.27765430506315
13.573573573573574,823.7349967875342,-146.48507933392204,60.68667122350685,-80.47785450526335
13.593593593593594,824.9499451603772,-148.09624759228566,60.68667122350685,-80.67805470546355
13.613613613613612,826.1648935332202,-149.71142386266533,60.68667122350685,-80.87825490566375
13.633633633633632,827.3798419060631,-151.330608145061,60.68667122350685,-81.07845510586395
13.653653653653654,828.5947902789061,-152.9538004394727,60.68667122350685,-81.27865530606415
13.673673673673674,829.8097386517491,-154.5810007459004,60.68667122350685,-81.47885550626435
13.693693693693694,831.024687024592,-156.21220906434414,60.68667122350685,-81.67905570646455
13.713713713713712,832.239635397435,-157.84742539480388,60.68667122350685,-81.87925590666475
13.733733733733732,833.454583770278,-159.48664973727966,60.68667122350685,-82.07945610686495
13.753753753753754,834.6695321431209,-161.12988209177146,60.68667122350685,-82.27965630706515
13.773773773773774,835.8844805159639,-162.77712245827928,60.68667122350685,-82.47985650726535
13.793793793793794,837.0994288888069,-164.4283708368031,60.68667122350685,-82.68005670746555
13.813813813813812,838.3143772616498,-166.08362722734296,60.68667122350685,-82.88025690766575
13.833833833833832,839.5293256344928,-167.74289162989882,60.68667122350685,-83.08045710786595
13.853853853853854,840.7442740073358,-169.4061640444707,60.68667122350685,-83.28065730806615
13.873873873873874,841.9592223801787,-171.07344447105862,60.68667122350685,-83.48085750826635
13.893893893893894,843.1741707530217,-172.74473290966256,60.68667122350685,-83.68105770846655
13.913913913913913,844.3891191258647,-174.4200293602825,60.68667122350685,-83.88125790866675
13.933933933933933,845.6040674987076,-176.09933382291848,60.68667122350685,-84.08145810886695
13.953953953953954,846.8190158715506,-177.78264629757047,60.68667122350685,-84.28165830906715
13.973973973973974,848.0339642443936,-179.46996678423847,60.68667122350685,-84.48185850926735
13.993993993993994,849.2489126172366,-181.1612952829225,60.68667122350685,-84.68205870946755
14.014014014014013,850.4638609900795,-182.85663179362257,60.68667122350685,-84.88225890966775
14.034034034034033,851.6788093629225,-184.55597631633864,60.68667122350685,-85.08245910986795
14.054054054054054,852.8937577357655,-186.25932885107073,60.68667122350685,-85.28265931006815
14.074074074074074,854.1087061086084,-187.96668939781884,60.68667122350685,-85.48285951026836
14.094094094094094,855.3236544814514,-189.67805795658296,60.68667122350685,-85.68305971046856
14.114114114114113,856.5386028542944,-191.39343452736313,60.68667122350685,-85.88325991066876
14.134134134134133,857.7535512271373,-193.1128191101593,60.68667122350685,-86.08346011086896
14.154154154154154,858.9684995999803,-194.8362117049715,60.68667122350685,-86.28366031106916
14.174174174174174,860.1834479728233,-196.56361231179972,60.68667122350685,-86.48386051126936
14.194194194194194,861.3983963456662,-198.29502093064394,60.68667122350685,-86.68406071146956
14.214214214214213,862.6133447185092,-200.0304375615042,60.68667122350685,-86.88426091166976
14.234234234234233,863.8282930913522,-201.76986220438044,60.68667122350685,-87.08446111186996
14.254254254254255,865.0432414641951,-203.51329485927275,60.68667122350685,-87.28466131207016
14.274274274274275,866.2581898370381,-205.26073552618107,60.68667122350685,-87.48486151227036
14.294294294294295,867.4731382098811,-207.0121842051054,60.68667122350685,-87.68506171247056
14.314314314314313,868.688086582724,-208.76764089604575,60.68667122350685,-87.88526191267076
14.334334334334333,869.903034955567,-210.5271055990021,60.68667122350685,-88.08546211287096
14.354354354354355,871.11798332841,-212.2905783139745,60.68667122350685,-88.28566231307116
14.374374374374375,872.332931701253,-214.05805904096292,60.68667122350685,-88.48586251327136
14.394394394394395,873.5478800740959,-215.82954777996736,60.68667122350685,-88.68606271347156
14.414414414414413,874.7628284469389,-217.6050445309878,60.68667122350685,-88.88626291367176
14.434434434434436,875.9777768197819,-219.38454929402428,60.68667122350685,-89.08646311387196
14.454454454454455,877.1927251926248,-221.16806206907677,60.68667122350685,-89.28666331407216
14.474474474474475,878.4076735654678,-222.95558285614527,60.68667122350685,-89.48686351427236
14.494494494494495,879.6226219383108,-224.74711165522982,60.68667122350685,-89.68706371447256
14.514514514514513,880.8375703111537,-226.54264846633038,60.68667122350685,-89.88726391467276
14.534534534534536,882.0525186839967,-228.34219328944695,60.68667122350685,-90.08746411487296
14.554554554554555,883.2674670568397,-230.14574612457955,60.68667122350685,-90.28766431507316
14.574574574574575,884.4824154296826,-231.95330697172815,60.68667122350685,-90.48786451527336
14.594594594594595,885.6973638025256,-233.76487583089278,60.68667122350685,-90.68806471547356
14.614614614614613,886.9123121753686,-235.58045270207342,60.68667122350685,-90.88826491567376
14.634634634634637,888.1272605482116,-237.4000375852701,60.68667122350685,-91.08846511587396
14.654654654654655,889.3422089210545,-239.2236304804828,60.68667122350685,-91.28866531607416
14.674674674674675,890.5571572938975,-241.0512313877115,60.68667122350685,-91.48886551627436
14.694694694694695,891.7721056667405,-242.88284030695624,60.68667122350685,-91.68906571647456
14.714714714714713,892.9870540395834,-244.71845723821698,60.68667122350685,-91.88926591667476
14.734734734734737,894.2020024124264,-246.55808218149375,60.68667122350685,-92.08946611687496
14.754754754754755,895.4169507852694,-248.40171513678655,60.68667122350685,-92.28966631707516
14.774774774774775,896.6318991581123,-250.24935610409537,60.68667122350685,-92.48986651727536
14.794794794794795,897.8468475309553,-252.1010050834202,60.68667122350685,-92.69006671747556
14.814814814814813,899.0617959037983,-253.95666207476106,60.68667122350685,-92.89026691767576
14.834834834834837,900.2767442766412,-255.81632707811792,60.68667122350685,-93.09046711787596
14.854854854854855,901.4916926494842,-257.68000009349083,60.68667122350685,-93.29066731807616
14.874874874874875,902.7066410223272,-259.54768112087976,60.68667122350685,-93.49086751827636
14.894894894894895,903.9215893951701,-261.4193701602847,60.68667122350685,-93.69106771847656
14.914914914914913,905.1365377680131,-263.29506721170566,60.68667122350685,-93.89126791867676
14.934934934934937,906.3514861408561,-265.17477227514263,60.68667122350685,-94.09146811887696
14.954954954954955,907.566434513699,-267.0584853505956,60.68667122350685,-94.29166831907716
14.974974974974975,908.781382886542,-268.9462064380646,60.68667122350685,-94.49186851927736
14.994994994994995,909.996331259385,-270.83793553754964,60.68667122350685,-94.69206871947756
15.015015015015013,911.211279632228,-272.7336726490507,60.68667122350685,-94.89226891967776
15.035035035035037,912.4262280050709,-274.6334177725677,60.68667122350685,-95.09246911987796
15.055055055055055,913.6411763779139,-276.5371709081008,60.68667122350685,-95.29266932007816
15.075075075075075,914.8561247507569,-278.44493205564993,60.68667122350685,-95.49286952027836
15.095095095095095,916.0710731235998,-280.3567012152151,60.68667122350685,-95.69306972047856
15.115115115115113,917.2860214964428,-282.27247838679625,60.68667122350685,-95.89326992067876
15.135135135135137,918.5009698692858,-284.19226357039344,60.68667122350685,-96.09347012087896
15.155155155155155,919.7159182421287,-286.11605676600664,60.68667122350685,-96.29367032107916
15.175175175175175,920.9308666149717,-288.04385797363585,60.68667122350685,-96.49387052127936
15.195195195195195,922.1458149878147,-289.9756671932811,60.68667122350685,-96.69407072147956
15.215215215215213,923.3607633606576,-291.91148442494233,60.68667122350685,-96.89427092167976
15.235235235235237,924.5757117335006,-293.8513096686196,60.68667122350685,-97.09447112187996
15.255255255255255,925.7906601063436,-295.79514292431287,60.68667122350685,-97.29467132208016
15.275275275275275,927.0056084791865,-297.74298419202216,60.68667122350685,-97.49487152228036
15.295295295295295,928.2205568520295,-299.6948334717475,60.68667122350685,-97.69507172248056
15.315315315315313,929.4355052248725,-301.6506907634888,60.68667122350685,-97.89527192268076
15.335335335335337,930.6504535977155,-303.6105560672462,60.68667122350685,-98.09547212288096
15.355355355355355,931.8654019705584,-305.5744293830196,60.68667122350685,-98.29567232308116
15.375375375375375,933.0803503434014,-307.54231071080903,60.68667122350685,-98.49587252328136
15.395395395395395,934.2952987162444,-309.5142000506145,60.68667122350685,-98.69607272348156
15.415415415415413,935.5102470890873,-311.49009740243594,60.68667122350685,-98.89627292368176
15.435435435435437,936.7251954619303,-313.4700027662734,60.68667122350685,-99.09647312388196
15.455455455455455,937.9401438347733,-315.4539161421269,60.68667122350685,-99.29667332408216
15.475475475475475,939.1550922076162,-317.4418375299964,60.68667122350685,-99.49687352428236
15.495495495495495,940.3700405804592,-319.4337669298819,60.68667122350685,-99.69707372448256
15.515515515515514,941.5849889533022,-321.42970434178346,60.68667122350685,-99.89727392468276
15.535535535535537,942.7999373261451,-323.429649765701,60.68667122350685,-100.09747412488296
15.555555555555555,944.0148856989881,-325.4336032016346,60.68667122350685,-100.29767432508316
15.575575575575575,945.2298340718311,-327.4415646495842,60.68667122350685,-100.49787452528336
15.595595595595595,946.444782444674,-329.4535341095499,60.68667122350685,-100.69807472548356
15.615615615615614,947.659730817517,-331.46951158153155,60.68667122350685,-100.89827492568376
15.635635635635637,948.87467919036,-333.48949706552924,60.68667122350685,-101.09847512588397
15.655655655655655,950.089627563203,-335.51349056154294,60.68667122350685,-101.29867532608417
15.675675675675675,951.3045759360459,-337.54149206957266,60.68667122350685,-101.49887552628437
15.695695695695695,952.5195243088889,-339.5735015896184,60.68667122350685,-101.69907572648457
15.715715715715717,953.7344726817319,-341.60951912168014,60.68667122350685,-101.89927592668477
15.735735735735737,954.9494210545748,-343.6495446657579,60.68667122350685,-102.09947612688497
15.755755755755755,956.1643694274178,-345.6935782218517,60.68667122350685,-102.29967632708517
15.775775775775776,957.3793178002608,-347.7416197899615,60.68667122350685,-102.49987652728537
15.795795795795796,958.5942661731037,-349.7936693700873,60.68667122350685,-102.70007672748557
15.815815815815817,959.8092145459467,-351.8497269622291,60.68667122350685,-102.90027692768577
15.835835835835837,961.0241629187897,-353.909792566387,60.68667122350685,-103.10047712788597
15.855855855855856,962.2391112916326,-355.9738661825609,60.68667122350685,-103.30067732808617
15.875875875875876,963.4540596644756,-358.04194781075086,60.68667122350685,-103.50087752828637
15.895895895895896,964.6690080373186,-360.1140374509568,60.68667122350685,-103.70107772848657
15.915915915915917,965.8839564101615,-362.19013510317876,60.68667122350685,-103.90127792868677
15.935935935935937,967.0989047830045,-364.27024076741674,60.68667122350685,-104.10147812888697
15.955955955955956,968.3138531558475,-366.35435444367073,60.68667122350685,-104.30167832908717
15.975975975975976,969.5288015286905,-368.44247613194074,60.68667122350685,-104.50187852928737
15.995995995995996,970.7437499015334,-370.53460583222676,60.68667122350685,-104.70207872948757
16.016016016016017,971.9586982743764,-372.6307435445288,60.68667122350685,-104.90227892968777
16.036036036036037,973.1736466472194,-374.73088926884685,60.68667122350685,-105.10247912988797
16.056056056056057,974.3885950200623,-376.8350430051809,60.68667122350685,-105.30267933008817
16.076076076076077,975.6035433929053,-378.94320475353106,60.68667122350685,-105.50287953028837
16.096096096096094,976.8184917657483,-381.0553745138972,60.68667122350685,-105.70307973048857
16.116116116116117,978.0334401385912,-383.1715522862794,60.68667122350685,-105.90327993068877
16.136136136136138,979.2483885114342,-385.2917380706776,60.68667122350685,-106.10348013088897
16.156156156156158,980.4633368842772,-387.4159318670918,60.68667122350685,-106.30368033108917
16.176176176176178,981.6782852571201,-389.544133675522,60.68667122350685,-106.50388053128937
16.196196196196194,982.8932336299631,-391.67634349596824,60.68667122350685,-106.70408073148957
16.216216216216218,984.1081820028061,-393.8125613284305,60.68667122350685,-106.90428093168977
16.236236236236238,985.323130375649,-395.95278717290876,60.68667122350685,-107.10448113188997
16.256256256256258,986.538078748492,-398.09702102940304,60.68667122350685,-107.30468133209017
16.276276276276278,987.753027121335,-400.24526289791334,60.68667122350685,-107.50488153229037
16.296296296296294,988.967975494178,-402.39751277843965,60.68667122350685,-107.70508173249057
16.316316316316318,990.1829238670209,-404.553770670982,60.68667122350685,-107.90528193269077
16.336336336336338,991.3978722398639,-406.7140365755404,60.68667122350685,-108.10548213289097
16.356356356356358,992.6128206127069,-408.8783104921148,60.68667122350685,-108.30568233309117
16.376376376376378,993.8277689855498,-411.0465924207052,60.68667122350685,-108.50588253329137
16.396396396396394,995.0427173583928,-413.21888236131167,60.68667122350685,-108.70608273349157
16.416416416416418,996.2576657312358,-415.39518031393413,60.68667122350685,-108.90628293369177
16.436436436436438,997.4726141040787,-417.5754862785726,60.68667122350685,-109.10648313389197
16.456456456456458,998.6875624769217,-419.7598002552271,60.68667122350685,-109.30668333409217
16.476476476476478,999.9025108497647,-421.9481222438976,60.68667122350685,-109.50688353429237
16.496496496496494,1001.1174592226076,-424.14045224458414,60.68667122350685,-109.70708373449257
16.516516516516518,1002.3324075954506,-426.3367902572867,60.68667122350685,-109.90728393469277
16.536536536536538,1003.5473559682936,-428.53713628200524,60.68667122350685,-110.10748413489297
16.556556556556558,1004.7623043411365,-430.7414903187398,60.68667122350685,-110.30768433509317
16.576576576576578,1005.9772527139795,-432.9498523674904,60.68667122350685,-110.50788453529337
16.596596596596594,1007.1922010868225,-435.16222242825705,60.68667122350685,-110.70808473549357
16.616616616616618,1008.4071494596654,-437.3786005010397,60.68667122350685,-110.90828493569377
16.636636636636638,1009.6220978325084,-439.5989865858384,60.68667122350685,-111.10848513589397
16.656656656656658,1010.8370462053514,-441.8233806826531,60.68667122350685,-111.30868533609417
16.676676676676678,1012.0519945781944,-444.05178279148384,60.68667122350685,-111.50888553629437
16.696696696696694,1013.2669429510373,-446.2841929123306,60.68667122350685,-111.70908573649457
16.716716716716718,1014.4818913238803,-448.52061104519333,60.68667122350685,-111.90928593669477
16.736736736736738,1015.6968396967233,-450.7610371900721,60.68667122350685,-112.10948613689497
16.756756756756758,1016.9117880695662,-453.0054713469669,60.68667122350685,-112.30968633709517
16.776776776776778,1018.1267364424092,-455.2539135158777,60.68667122350685,-112.50988653729537
16.796796796796794,1019.3416848152522,-457.5063636968045,60.68667122350685,-112.71008673749557
16.816816816816818,1020.5566331880951,-459.76282188974733,60.68667122350685,-112.91028693769577
16.836836836836838,1021.7715815609381,-462.02328809470623,60.68667122350685,-113.11048713789597
16.856856856856858,1022.9865299337811,-464.28776231168115,60.68667122350685,-113.31068733809617
16.876876876876878,1024.201478306624,-466.5562445406721,60.68667122350685,-113.51088753829637
16.896896896896898,1025.4164266794671,-468.82873478167903,60.68667122350685,-113.71108773849657
16.916916916916918,1026.6313750523102,-471.105233034702,60.68667122350685,-113.91128793869677
16.936936936936938,1027.8463234251533,-473.385739299741,60.68667122350685,-114.11148813889697
16.956956956956958,1029.0612717979964,-475.670253576796,60.68667122350685,-114.31168833909717
16.976976976976978,1030.2762201708395,-477.958775865867,60.68667122350685,-114.51188853929737
16.996996996996998,1031.4911685436825,-480.251306166954,60.68667122350685,-114.71208873949757
17.017017017017018,1032.7061169165256,-482.54784448005705,60.68667122350685,-114.91228893969777
17.037037037037038,1033.9210652893687,-484.8483908051761,60.68667122350685,-115.11248913989797
17.057057057057058,1035.1360136622118,-487.1529451423112,60.68667122350685,-115.31268934009817
17.077077077077078,1036.3509620350549,-489.46150749146227,60.68667122350685,-115.51288954029837
17.097097097097098,1037.565910407898,-491.77407785262943,60.68667122350685,-115.71308974049857
17.117117117117118,1038.780858780741,-494.0906562258126,60.68667122350685,-115.91328994069877
17.137137137137138,1039.995807153584,-496.4112426110118,60.68667122350685,-116.11349014089897
17.157157157157158,1041.2107555264272,-498.735837008227,60.68667122350685,-116.31369034109917
17.177177177177178,1042.4257038992703,-501.06443941745823,60.68667122350685,-116.51389054129938
17.197197197197198,1043.6406522721134,-503.39704983870547,60.68667122350685,-116.71409074149958
17.217217217217218,1044.8556006449564,-505.7336682719687,60.68667122350685,-116.91429094169978
17.237237237237238,1046.0705490177995,-508.074294717248,60.68667122350685,-117.11449114189998
17.25725725725726,1047.2854973906426,-510.4189291745433,60.68667122350685,-117.31469134210018
17.27727727727728,1048.5004457634857,-512.7675716438546,60.68667122350685,-117.51489154230038
17.2972972972973,1049.7153941363288,-515.120222125182,60.68667122350685,-117.71509174250058
17.31731731731732,1050.9303425091719,-517.4768806185253,60.68667122350685,-117.91529194270078
17.33733733733734,1052.145290882015,-519.8375471238847,60.68667122350685,-118.11549214290098
17.35735735735736,1053.360239254858,-522.2022216412602,60.68667122350685,-118.31569234310118
17.37737737737738,1054.575187627701,-524.5709041706516,60.68667122350685,-118.51589254330138
17.3973973973974,1055.7901360005442,-526.943594712059,60.68667122350685,-118.71609274350158
17.41741741741742,1057.0050843733873,-529.3202932654825,60.68667122350685,-118.91629294370178
17.43743743743744,1058.2200327462303,-531.700999830922,60.68667122350685,-119.11649314390198
17.45745745745746,1059.4349811190734,-534.0857144083775,60.68667122350685,-119.31669334410218
17.47747747747748,1060.6499294919165,-536.474436997849,60.68667122350685,-119.51689354430238
17.4974974974975,1061.8648778647596,-538.8671675993365,60.68667122350685,-119.71709374450258
17.51751751751752,1063.0798262376027,-541.2639062128401,60.68667122350685,-119.91729394470278
17.53753753753754,1064.2947746104458,-543.6646528383596,60.68667122350685,-120.11749414490298
17.55755755755756,1065.5097229832888,-546.0694074758952,60.68667122350685,-120.31769434510318
17.57757757757758,1066.724671356132,-548.4781701254468,60.68667122350685,-120.51789454530338
17.5975975975976,1067.939619728975,-550.8909407870144,60.68667122350685,-120.71809474550358
17.61761761761762,1069.154568101818,-553.307719460598,60.68667122350685,-120.91829494570378
17.63763763763764,1070.3695164746612,-555.7285061461977,60.68667122350685,-121.11849514590398
17.65765765765766,1071.5844648475043,-558.1533008438133,60.68667122350685,-121.31869534610418
17.67767767767768,1072.7994132203473,-560.582103553445,60.68667122350685,-121.51889554630438
17.6976976976977,1074.0143615931904,-563.0149142750927,60.68667122350685,-121.71909574650458
17.71771771771772,1075.2293099660335,-565.4517330087564,60.68667122350685,-121.91929594670478
17.73773773773774,1076.4442583388766,-567.8925597544362,60.68667122350685,-122.11949614690498
17.75775775775776,1077.6592067117197,-570.337394512132,60.68667122350685,-122.31969634710518
17.77777777777778,1078.8741550845627,-572.7862372818439,60.68667122350685,-122.51989654730538
17.7977977977978,1080.0891034574058,-575.2390880635718,60.68667122350685,-122.72009674750558
17.81781781781782,1081.304051830249,-577.6959468573157,60.68667122350685,-122.92029694770578
17.83783783783784,1082.519000203092,-580.1568136630756,60.68667122350685,-123.12049714790598
17.85785785785786,1083.733948575935,-582.6216884808515,60.68667122350685,-123.32069734810618
17.87787787787788,1084.9488969487782,-585.0905713106434,60.68667122350685,-123.52089754830638
17.8978978978979,1086.1638453216212,-587.5634621524514,60.68667122350685,-123.72109774850658
17.91791791791792,1087.3787936944643,-590.0403610062754,60.68667122350685,-123.92129794870678
17.93793793793794,1088.5937420673074,-592.5212678721153,60.68667122350685,-124.12149814890698
17.95795795795796,1089.8086904401505,-595.0061827499713,60.68667122350685,-124.32169834910718
17.97797797797798,1091.0236388129936,-597.4951056398434,60.68667122350685,-124.52189854930738
17.997997997998,1092.2385871858366,-599.9880365417314,60.68667122350685,-124.72209874950758
18.01801801801802,1093.4535355586797,-602.4849754556354,60.68667122350685,-124.92229894970778
18.03803803803804,1094.6684839315228,-604.9859223815555,60.68667122350685,-125.12249914990798
18.05805805805806,1095.883432304366,-607.4908773194916,60.68667122350685,-125.32269935010818
18.07807807807808,1097.098380677209,-609.9998402694437,60.68667122350685,-125.52289955030838
18.0980980980981,1098.313329050052,-612.5128112314118,60.68667122350685,-125.72309975050858
18.11811811811812,1099.5282774228951,-615.0297902053959,60.68667122350685,-125.92329995070878
18.13813813813814,1100.7432257957382,-617.550777191396,60.68667122350685,-126.12350015090898
18.15815815815816,1101.9581741685813,-620.0757721894122,60.68667122350685,-126.32370035110918
18.17817817817818,1103.1731225414244,-622.6047751994444,60.68667122350685,-126.52390055130938
18.1981981981982,1104.3880709142675,-625.1377862214925,60.68667122350685,-126.72410075150958
18.21821821821822,1105.6030192871106,-627.6748052555567,60.68667122350685,-126.92430095170978
18.23823823823824,1106.8179676599536,-630.2158323016371,60.68667122350685,-127.12450115190998
18.25825825825826,1108.0329160327967,-632.7608673597334,60.68667122350685,-127.32470135211018
18.27827827827828,1109.2478644056398,-635.3099104298458,60.68667122350685,-127.52490155231038
18.2982982982983,1110.4628127784829,-637.8629615119742,60.68667122350685,-127.72510175251058
18.31831831831832,1111.677761151326,-640.4200206061186,60.68667122350685,-127.92530195271078
18.33833833833834,1112.892709524169,-642.981087712279,60.68667122350685,-128.125502152911
18.35835835835836,1114.1076578970121,-645.5461628304554,60.68667122350685,-128.3257023531112
18.37837837837838,1115.3226062698552,-648.1152459606478,60.68667122350685,-128.52590255331143
18.3983983983984,1116.5375546426983,-650.6883371028563,60.68667122350685,-128.72610275351164
18.41841841841842,1117.7525030155414,-653.2654362570808,60.68667122350685,-128.92630295371185
18.43843843843844,1118.9674513883845,-655.8465434233212,60.68667122350685,-129.12650315391207
18.45845845845846,1120.1823997612275,-658.4316586015777,60.68667122350685,-129.32670335411228
18.47847847847848,1121.3973481340706,-661.0207817918503,60.68667122350685,-129.5269035543125
18.4984984984985,1122.6122965069137,-663.6139129941388,60.68667122350685,-129.7271037545127
18.51851851851852,1123.8272448797568,-666.2110522084433,60.68667122350685,-129.92730395471293
18.53853853853854,1125.0421932525999,-668.8121994347639,60.68667122350685,-130.12750415491314
18.55855855855856,1126.257141625443,-671.4173546731005,60.68667122350685,-130.32770435511335
18.57857857857858,1127.472089998286,-674.0265179234531,60.68667122350685,-130.52790455531357
18.5985985985986,1128.6870383711291,-676.6396891858217,60.68667122350685,-130.72810475551378
18.61861861861862,1129.9019867439722,-679.2568684602063,60.68667122350685,-130.928304955714
18.63863863863864,1131.1169351168153,-681.878055746607,60.68667122350685,-131.1285051559142
18.65865865865866,1132.3318834896584,-684.5032510450236,60.68667122350685,-131.32870535611443
18.67867867867868,1133.5468318625014,-687.1324543554563,60.68667122350685,-131.52890555631464
18.6986986986987,1134.7617802353445,-689.765665677905,60.68667122350685,-131.72910575651485
18.71871871871872,1135.9767286081876,-692.4028850123698,60.68667122350685,-131.92930595671507
18.73873873873874,1137.1916769810307,-695.0441123588506,60.68667122350685,-132.12950615691528
18.75875875875876,1138.4066253538738,-697.6893477173475,60.68667122350685,-132.3297063571155
18.77877877877878,1139.6215737267169,-700.3385910878603,60.68667122350685,-132.5299065573157
18.7987987987988,1140.83652209956,-702.9918424703892,60.68667122350685,-132.73010675751593
18.81881881881882,1142.051470472403,-705.6491018649341,60.68667122350685,-132.93030695771614
18.83883883883884,1143.266418845246,-708.310369271495,60.68667122350685,-133.13050715791636
18.85885885885886,1144.4813672180892,-710.9756446900719,60.68667122350685,-133.33070735811657
18.87887887887888,1145.6963155909323,-713.6449281206649,60.68667122350685,-133.53090755831678
18.8988988988989,1146.9112639637754,-716.3182195632738,60.68667122350685,-133.731107758517
18.91891891891892,1148.1262123366184,-718.9955190178988,60.68667122350685,-133.9313079587172
18.93893893893894,1149.3411607094615,-721.6768264845398,60.68667122350685,-134.13150815891743
18.95895895895896,1150.5561090823046,-724.3621419631968,60.68667122350685,-134.33170835911764
18.97897897897898,1151.7710574551477,-727.0514654538698,60.68667122350685,-134.53190855931786
18.998998998999,1152.9860058279908,-729.7447969565588,60.68667122350685,-134.73210875951807
19.01901901901902,1154.2009542008338,-732.4421364712639,60.68667122350685,-134.93230895971828
19.03903903903904,1155.415902573677,-735.143483997985,60.68667122350685,-135.1325091599185
19.05905905905906,1156.63085094652,-737.848839536722,60.68667122350685,-135.3327093601187
19.07907907907908,1157.845799319363,-740.5582030874751,60.68667122350685,-135.53290956031893
19.0990990990991,1159.0607476922062,-743.2715746502442,60.68667122350685,-135.73310976051914
19.11911911911912,1160.2756960650493,-745.9889542250294,60.68667122350685,-135.93330996071936
19.13913913913914,1161.4906444378923,-748.7103418118305,60.68667122350685,-136.13351016091957
19.15915915915916,1162.7055928107354,-751.4357374106477,60.68667122350685,-136.33371036111978
19.17917917917918,1163.9205411835785,-754.1651410214808,60.68667122350685,-136.53391056132
19.1991991991992,1165.1354895564216,-756.8985526443302,60.68667122350685,-136.7341107615202
19.21921921921922,1166.3504379292647,-759.6359722791955,60.68667122350685,-136.93431096172043
19.23923923923924,1167.5653863021078,-762.3773999260768,60.68667122350685,-137.13451116192064
19.25925925925926,1168.7803346749508,-765.1228355849742,60.68667122350685,-137.33471136212086
19.27927927927928,1169.995283047794,-767.8722792558875,60.68667122350685,-137.53491156232107
19.2992992992993,1171.210231420637,-770.6257309388169,60.68667122350685,-137.73511176252129
19.31931931931932,1172.42517979348,-773.3831906337623,60.68667122350685,-137.9353119627215
19.33933933933934,1173.6401281663232,-776.1446583407237,60.68667122350685,-138.1355121629217
19.35935935935936,1174.8550765391662,-778.9101340597011,60.68667122350685,-138.33571236312193
19.37937937937938,1176.0700249120093,-781.6796177906946,60.68667122350685,-138.53591256332214
19.3993993993994,1177.2849732848524,-784.453109533704,60.68667122350685,-138.73611276352236
19.41941941941942,1178.4999216576955,-787.2306092887295,60.68667122350685,-138.93631296372257
19.43943943943944,1179.7148700305386,-790.012117055771,60.68667122350685,-139.13651316392279
19.45945945945946,1180.9298184033817,-792.7976328348285,60.68667122350685,-139.336713364123
19.47947947947948,1182.1447667762247,-795.587156625902,60.68667122350685,-139.5369135643232
19.4994994994995,1183.3597151490678,-798.3806884289916,60.68667122350685,-139.73711376452343
19.51951951951952,1184.574663521911,-801.1782282440971,60.68667122350685,-139.93731396472364
19.53953953953954,1185.789611894754,-803.9797760712187,60.68667122350685,-140.13751416492386
19.55955955955956,1187.004560267597,-806.7853319103563,60.68667122350685,-140.33771436512407
19.57957957957958,1188.2195086404402,-809.5948957615099,60.68667122350685,-140.5379145653243
19.5995995995996,1189.4344570132832,-812.4084676246795,60.68667122350685,-140.7381147655245
19.61961961961962,1190.6494053861263,-815.2260474998651,60.68667122350685,-140.93831496572471
19.63963963963964,1191.8643537589694,-818.0476353870667,60.68667122350685,-141.13851516592493
19.65965965965966,1193.0793021318125,-820.8732312862844,60.68667122350685,-141.33871536612514
19.67967967967968,1194.2942505046556,-823.7028351975182,60.68667122350685,-141.53891556632536
19.6996996996997,1195.5091988774986,-826.536447120768,60.68667122350685,-141.73911576652557
19.71971971971972,1196.7241472503417,-829.3740670560338,60.68667122350685,-141.9393159667258
19.73973973973974,1197.9390956231848,-832.2156950033157,60.68667122350685,-142.139516166926
19.75975975975976,1199.154043996028,-835.0613309626135,60.68667122350685,-142.33971636712621
19.77977977977978,1200.368992368871,-837.9109749339274,60.68667122350685,-142.53991656732643
19.7997997997998,1201.583940741714,-840.7646269172573,60.68667122350685,-142.74011676752664
19.81981981981982,1202.7988891145571,-843.6222869126032,60.68667122350685,-142.94031696772686
19.83983983983984,1204.0138374874002,-846.4839549199651,60.68667122350685,-143.14051716792707
19.85985985985986,1205.2287858602433,-849.349630939343,60.68667122350685,-143.3407173681273
19.87987987987988,1206.4437342330864,-852.219314970737,60.68667122350685,-143.5409175683275
19.8998998998999,1207.6586826059295,-855.0930070141469,60.68667122350685,-143.74111776852772
19.91991991991992,1208.8736309787726,-857.9707070695729,60.68667122350685,-143.94131796872793
19.93993993993994,1210.0885793516156,-860.8524151370149,60.68667122350685,-144.14151816892814
19.95995995995996,1211.3035277244587,-863.7381312164729,60.68667122350685,-144.34171836912836
19.97997997997998,1212.5184760973018,-866.6278553079469,60.68667122350685,-144.54191856932857
20.0,1213.7334244701449,-869.5215874114369,60.68667122350685,-144.7421187695288
