t,xpos,ypos,vx,vy
0.0,0.0,27.276542327669173,11.05921419041146,3.8584898147514504
0.02002002002002002,0.22140568949772693,27.35378937100754,11.05921419041146,3.6582896145512502
0.04004004004004004,0.44281137899545386,27.42702840232989,11.05921419041146,3.45808941435105
0.06006006006006006,0.6642170684931807,27.496259421636214,11.05921419041146,3.25788921415085
0.08008008008008008,0.8856227579909077,27.56148242892652,11.05921419041146,3.05768901395065
0.10010010010010009,1.1070284474886347,27.62269742420081,11.05921419041146,2.8574888137504497
0.12012012012012012,1.3284341369863617,27.679904407459077,11.05921419041146,2.6572886135502496
0.14014014014014015,1.5498398264840887,27.733103378701323,11.05921419041146,2.4570884133500495
0.16016016016016016,1.7712455159818157,27.78229433792755,11.05921419041146,2.2568882131498493
0.18018018018018017,1.9926512054795427,27.827477285137757,11.05921419041146,2.056688012949649
0.20020020020020018,2.2140568949772694,27.868652220331946,11.05921419041146,1.856487812749449
0.22022022022022023,2.435462584474996,27.90581914351011,11.05921419041146,1.656287612549249
0.24024024024024024,2.656868273972723,27.93897805467226,11.05921419041146,1.4560874123490488
0.2602602602602603,2.8782739634704497,27.968128953818386,11.05921419041146,1.2558872121488487
0.2802802802802803,3.0996796529681765,27.993271840948495,11.05921419041146,1.0556870119486486
0.3003003003003003,3.3210853424659033,28.01440671606258,11.05921419041146,0.8554868117484484
0.3203203203203203,3.54249103196363,28.031533579160648,11.05921419041146,0.6552866115482483
0.3403403403403404,3.763896721461357,28.044652430242696,11.05921419041146,0.4550864113480481
0.36036036036036034,3.9853024109590836,28.05376326930872,11.05921419041146,0.25488621114784793
0.3803803803803804,4.206708100456811,28.058866096358727,11.05921419041146,0.054686010947647745
0.40040040040040037,4.428113789954538,28.059960911392714,11.05921419041146,-0.14551418925255244
0.42042042042042044,4.649519479452265,28.057047714410682,11.05921419041146,-0.3457143894527526
0.44044044044044045,4.870925168949992,28.050126505412628,11.05921419041146,-0.5459145896529528
0.4604604604604605,5.09233085844772,28.039197284398554,11.05921419041146,-0.746114789853153
0.4804804804804805,5.313736547945447,28.02426005136846,11.05921419041146,-0.9463149900533532
0.5005005005005005,5.535142237443174,28.00531480632235,11.05921419041146,-1.1465151902535533
0.5205205205205206,5.756547926940901,27.982361549260215,11.05921419041146,-1.3467153904537534
0.5405405405405406,5.977953616438628,27.95540028018206,11.05921419041146,-1.5469155906539536
0.5605605605605606,6.199359305936356,27.92443099908789,11.05921419041146,-1.7471157908541537
0.5805805805805806,6.420764995434083,27.889453705977697,11.05921419041146,-1.9473159910543538
0.6006006006006006,6.64217068493181,27.850468400851483,11.05921419041146,-2.147516191254554
0.6206206206206206,6.863576374429537,27.80747508370925,11.05921419041146,-2.347716391454754
0.6406406406406406,7.0849820639272645,27.760473754550997,11.05921419041146,-2.547916591654954
0.6606606606606606,7.306387753424992,27.709464413376722,11.05921419041146,-2.7481167918551543
0.6806806806806808,7.527793442922719,27.654447060186428,11.05921419041146,-2.9483169920553545
0.7007007007007007,7.749199132420446,27.595421694980114,11.05921419041146,-3.1485171922555546
0.7207207207207207,7.970604821918173,27.532388317757782,11.05921419041146,-3.3487173924557547
0.7407407407407407,8.1920105114159,27.465346928519427,11.05921419041146,-3.548917592655955
0.7607607607607608,8.413416200913627,27.394297527265053,11.05921419041146,-3.749117792856155
0.7807807807807808,8.634821890411354,27.31924011399466,11.05921419041146,-3.949317993056355
0.8008008008008007,8.856227579909081,27.240174688708247,11.05921419041146,-4.149518193256555
0.8208208208208208,9.077633269406808,27.157101251405813,11.05921419041146,-4.349718393456755
0.8408408408408409,9.299038958904536,27.07001980208736,11.05921419041146,-4.5499185936569555
0.8608608608608609,9.520444648402263,26.978930340752886,11.05921419041146,-4.750118793857156
0.8808808808808809,9.74185033789999,26.883832867402393,11.05921419041146,-4.950318994057356
0.9009009009009008,9.963256027397717,26.78472738203588,11.05921419041146,-5.150519194257556
0.920920920920921,10.184661716895445,26.681613884653345,11.05921419041146,-5.350719394457756
0.9409409409409409,10.406067406393172,26.574492375254792,11.05921419041146,-5.550919594657956
0.960960960960961,10.627473095890899,26.46336285384022,11.05921419041146,-5.751119794858156
0.980980980980981,10.848878785388626,26.348225320409625,11.05921419041146,-5.951319995058356
1.001001001001001,11.070284474886353,26.22907977496301,11.05921419041146,-6.1515201952585565
1.021021021021021,11.29169016438408,26.10592621750038,11.05921419041146,-6.351720395458757
1.0410410410410411,11.513095853881808,25.978764648021723,11.05921419041146,-6.551920595658957
1.0610610610610611,11.734501543379535,25.84759506652705,11.05921419041146,-6.752120795859157
1.0810810810810811,11.955907232877262,25.712417473016355,11.05921419041146,-6.952320996059357
1.1011011011011012,12.17731292237499,25.573231867489643,11.05921419041146,-7.152521196259557
1.1211211211211212,12.398718611872717,25.430038249946907,11.05921419041146,-7.352721396459757
1.1411411411411412,12.620124301370444,25.282836620388153,11.05921419041146,-7.552921596659957
1.1611611611611612,12.841529990868171,25.13162697881338,11.05921419041146,-7.753121796860158
1.1811811811811812,13.062935680365898,24.976409325222587,11.05921419041146,-7.953321997060358
1.2012012012012012,13.284341369863625,24.81718365961577,11.05921419041146,-8.153522197260559
1.2212212212212212,13.505747059361353,24.653949981992938,11.05921419041146,-8.353722397460759
1.2412412412412412,13.72715274885908,24.486708292354084,11.05921419041146,-8.553922597660959
1.2612612612612613,13.948558438356807,24.315458590699212,11.05921419041146,-8.754122797861159
1.2812812812812813,14.169964127854534,24.140200877028317,11.05921419041146,-8.95432299806136
1.3013013013013013,14.391369817352262,23.960935151341403,11.05921419041146,-9.15452319826156
1.3213213213213213,14.612775506849989,23.77766141363847,11.05921419041146,-9.35472339846176
1.3413413413413413,14.834181196347716,23.590379663919514,11.05921419041146,-9.55492359866196
1.3613613613613615,15.055586885845443,23.39908990218454,11.05921419041146,-9.75512379886216
1.3813813813813813,15.27699257534317,23.203792128433545,11.05921419041146,-9.95532399906236
1.4014014014014013,15.498398264840898,23.00448634266653,11.05921419041146,-10.15552419926256
1.4214214214214214,15.719803954338625,22.801172544883496,11.05921419041146,-10.35572439946276
1.4414414414414414,15.941209643836352,22.59385073508444,11.05921419041146,-10.55592459966296
1.4614614614614616,16.162615333334077,22.382520913269367,11.05921419041146,-10.75612479986316
1.4814814814814814,16.384021022831803,22.167183079438274,11.05921419041146,-10.95632500006336
1.5015015015015014,16.60542671232953,21.94783723359116,11.05921419041146,-11.15652520026356
1.5215215215215216,16.826832401827254,21.724483375728024,11.05921419041146,-11.35672540046376
1.5415415415415414,17.04823809132498,21.49712150584887,11.05921419041146,-11.556925600663961
1.5615615615615617,17.269643780822705,21.265751623953697,11.05921419041146,-11.757125800864161
1.5815815815815815,17.49104947032043,21.030373730042502,11.05921419041146,-11.957326001064361
1.6016016016016015,17.712455159818155,20.790987824115287,11.05921419041146,-12.157526201264561
1.6216216216216217,17.93386084931588,20.547593906172054,11.05921419041146,-12.357726401464761
1.6416416416416415,18.155266538813606,20.3001919762128,11.05921419041146,-12.557926601664962
1.6616616616616617,18.37667222831133,20.048782034237526,11.05921419041146,-12.758126801865162
1.6816816816816818,18.598077917809057,19.79336408024623,11.05921419041146,-12.958327002065362
1.7017017017017015,18.819483607306783,19.533938114238918,11.05921419041146,-13.158527202265562
1.7217217217217218,19.040889296804508,19.270504136215582,11.05921419041146,-13.358727402465762
1.7417417417417416,19.262294986302233,19.003062146176227,11.05921419041146,-13.558927602665962
1.7617617617617618,19.48370067579996,18.731612144120852,11.05921419041146,-13.759127802866162
1.7817817817817818,19.705106365297684,18.45615413004946,11.05921419041146,-13.959328003066362
1.8018018018018016,19.92651205479541,18.176688103962043,11.05921419041146,-14.159528203266563
1.8218218218218218,20.147917744293135,17.893214065858608,11.05921419041146,-14.359728403466763
1.841841841841842,20.36932343379086,17.605732015739154,11.05921419041146,-14.559928603666963
1.8618618618618619,20.590729123288586,17.31424195360368,11.05921419041146,-14.760128803867163
1.8818818818818819,20.81213481278631,17.018743879452185,11.05921419041146,-14.960329004067363
1.9019019019019017,21.033540502284037,16.71923779328467,11.05921419041146,-15.160529204267563
1.921921921921922,21.254946191781762,16.415723695101136,11.05921419041146,-15.360729404467763
1.9419419419419421,21.476351881279488,16.108201584901582,11.05921419041146,-15.560929604667963
1.961961961961962,21.697757570777213,15.796671462686007,11.05921419041146,-15.761129804868164
1.981981981981982,21.91916326027494,15.481133328454412,11.05921419041146,-15.961330005068364
2.002002002002002,22.140568949772664,15.161587182206796,11.05921419041146,-16.161530205268566
2.022022022022022,22.36197463927039,14.838033023943161,11.05921419041146,-16.361730405468766
2.042042042042042,22.583380328768115,14.510470853663506,11.05921419041146,-16.561930605668966
2.0620620620620618,22.80478601826584,14.178900671367831,11.05921419041146,-16.762130805869166
2.0820820820820822,23.026191707763566,13.843322477056136,11.05921419041146,-16.962331006069366
2.1021021021021022,23.24759739726129,13.503736270728421,11.05921419041146,-17.162531206269566
2.1221221221221223,23.469003086759017,13.160142052384685,11.05921419041146,-17.362731406469766
2.1421421421421423,23.690408776256742,12.812539822024931,11.05921419041146,-17.562931606669967
2.1621621621621623,23.911814465754468,12.460929579649155,11.05921419041146,-17.763131806870167
2.1821821821821823,24.133220155252193,12.105311325257361,11.05921419041146,-17.963332007070367
2.2022022022022023,24.35462584474992,11.745685058849546,11.05921419041146,-18.163532207270567
2.2222222222222223,24.576031534247644,11.382050780425711,11.05921419041146,-18.363732407470767
2.2422422422422423,24.79743722374537,11.014408489985856,11.05921419041146,-18.563932607670967
2.2622622622622623,25.018842913243095,10.642758187529981,11.05921419041146,-18.764132807871167
2.2822822822822824,25.24024860274082,10.267099873058086,11.05921419041146,-18.964333008071367
2.3023023023023024,25.461654292238546,9.88743354657017,11.05921419041146,-19.164533208271568
2.3223223223223224,25.68305998173627,9.503759208066235,11.05921419041146,-19.364733408471768
2.3423423423423424,25.904465671233996,9.116076857546279,11.05921419041146,-19.564933608671968
2.3623623623623624,26.125871360731722,8.724386495010304,11.05921419041146,-19.765133808872168
2.3823823823823824,26.347277050229447,8.328688120458308,11.05921419041146,-19.965334009072368
2.4024024024024024,26.568682739727173,7.928981733890293,11.05921419041146,-20.16553420927257
2.4224224224224224,26.790088429224898,7.525267335306258,11.05921419041146,-20.36573440947277
2.4424424424424425,27.011494118722624,7.117544924706202,11.05921419041146,-20.56593460967297
2.4624624624624625,27.23289980822035,6.705814502090126,11.05921419041146,-20.76613480987317
2.4824824824824825,27.454305497718074,6.29007606745803,11.05921419041146,-20.96633501007337
2.5025025025025025,27.6757111872158,5.8703296208099145,11.05921419041146,-21.16653521027357
2.5225225225225225,27.897116876713525,5.446575162145779,11.05921419041146,-21.36673541047377
2.5425425425425425,28.11852256621125,5.018812691465623,11.05921419041146,-21.56693561067397
2.5625625625625625,28.339928255708976,4.587042208769447,11.05921419041146,-21.76713581087417
2.5825825825825826,28.5613339452067,4.151263714057252,11.05921419041146,-21.96733601107437
2.6026026026026026,28.782739634704427,3.711477207329036,11.05921419041146,-22.16753621127457
2.6226226226226226,29.004145324202153,3.2676826885848005,11.05921419041146,-22.36773641147477
2.6426426426426426,29.225551013699878,2.819880157824545,11.05921419041146,-22.56793661167497
2.6626626626626626,29.446956703197603,2.3680696150482694,11.05921419041146,-22.76813681187517
2.6826826826826826,29.66836239269533,1.9122510602559737,11.05921419041146,-22.96833701207537
2.7027027027027026,29.889768082193054,1.452424493447658,11.05921419041146,-23.16853721227557
2.722722722722723,30.11117377169078,0.9885899146233224,11.05921419041146,-23.36873741247577
2.7427427427427427,30.332579461188505,0.5207473237829666,11.05921419041146,-23.56893761267597
2.7627627627627627,30.55398515068623,0.048896720926590864,11.05921419041146,-23.76913781287617
2.7827827827827827,30.775390840183956,-0.4269618939458049,11.05921419041146,-23.96933801307637
2.8028028028028027,30.99679652968168,-0.9068285208342207,11.05921419041146,-24.16953821327657
2.822822822822823,31.218202219179407,-1.3907031597386565,11.05921419041146,-24.36973841347677
2.8428428428428427,31.439607908677132,-1.8785858106591125,11.05921419041146,-24.56993861367697
2.8628628628628627,31.661013598174858,-2.3704764735955886,11.05921419041146,-24.77013881387717
2.8828828828828827,31.882419287672583,-2.8663751485480846,11.05921419041146,-24.97033901407737
2.9029029029029028,32.10382497717031,-3.3662818355166007,11.05921419041146,-25.17053921427757
2.922922922922923,32.32523066666804,-3.8701965345011367,11.05921419041146,-25.37073941447777
2.942942942942943,32.54663635616577,-4.378119245501693,11.05921419041146,-25.57093961467797
2.962962962962963,32.7680420456635,-4.890049968518269,11.05921419041146,-25.771139814878172
2.982982982982983,32.98944773516123,-5.4059887035508645,11.05921419041146,-25.971340015078372
3.003003003003003,33.21085342465896,-5.92593545059948,11.05921419041146,-26.171540215278572
3.0230230230230233,33.432259114156686,-6.449890209664116,11.05921419041146,-26.371740415478772
3.0430430430430433,33.653664803654415,-6.977852980744772,11.05921419041146,-26.571940615678972
3.063063063063063,33.875070493152144,-7.509823763841448,11.05921419041146,-26.772140815879172
3.083083083083083,34.09647618264987,-8.045802558954144,11.05921419041146,-26.972341016079373
3.103103103103103,34.3178818721476,-8.58578936608286,11.05921419041146,-27.172541216279573
3.1231231231231233,34.53928756164533,-9.129784185227596,11.05921419041146,-27.372741416479773
3.1431431431431434,34.76069325114306,-9.677787016388352,11.05921419041146,-27.572941616679973
3.163163163163163,34.98209894064079,-10.229797859565128,11.05921419041146,-27.773141816880173
3.183183183183183,35.20350463013852,-10.785816714757924,11.05921419041146,-27.973342017080373
3.203203203203203,35.42491031963625,-11.34584358196674,11.05921419041146,-28.173542217280573
3.2232232232232234,35.646316009133976,-11.909878461191576,11.05921419041146,-28.373742417480774
3.2432432432432434,35.867721698631705,-12.477921352432432,11.05921419041146,-28.573942617680974
3.263263263263263,36.089127388129434,-13.049972255689308,11.05921419041146,-28.774142817881174
3.283283283283283,36.31053307762716,-13.626031170962204,11.05921419041146,-28.974343018081374
3.303303303303303,36.53193876712489,-14.20609809825112,11.05921419041146,-29.174543218281574
3.3233233233233235,36.75334445662262,-14.790173037556057,11.05921419041146,-29.374743418481774
3.3433433433433435,36.97475014612035,-15.378255988877013,11.05921419041146,-29.574943618681974
3.3633633633633635,37.19615583561808,-15.97034695221399,11.05921419041146,-29.775143818882174
3.383383383383383,37.41756152511581,-16.56644592756699,11.05921419041146,-29.975344019082375
3.403403403403403,37.63896721461354,-17.166552914936005,11.05921419041146,-30.175544219282575
3.4234234234234235,37.860372904111266,-17.77066791432104,11.05921419041146,-30.375744419482775
3.4434434434434436,38.081778593608995,-18.378790925722097,11.05921419041146,-30.575944619682975
3.4634634634634636,38.303184283106724,-18.990921949139175,11.05921419041146,-30.776144819883175
3.483483483483483,38.52458997260445,-19.60706098457227,11.05921419041146,-30.976345020083375
3.503503503503503,38.74599566210218,-20.227208032021387,11.05921419041146,-31.176545220283575
3.5235235235235236,38.96740135159991,-20.851363091486522,11.05921419041146,-31.376745420483775
3.5435435435435436,39.18880704109764,-21.47952616296768,11.05921419041146,-31.576945620683976
3.5635635635635636,39.41021273059537,-22.111697246464857,11.05921419041146,-31.777145820884176
3.583583583583583,39.6316184200931,-22.747876341978053,11.05921419041146,-31.977346021084376
3.603603603603603,39.85302410959083,-23.38806344950727,11.05921419041146,-32.17754622128458
3.6236236236236237,40.074429799088556,-24.03225856905251,11.05921419041146,-32.37774642148478
3.6436436436436437,40.295835488586285,-24.680461700613765,11.05921419041146,-32.57794662168498
3.6636636636636637,40.517241178084014,-25.33267284419104,11.05921419041146,-32.77814682188518
3.683683683683684,40.73864686758174,-25.98889199978434,11.05921419041146,-32.97834702208538
3.7037037037037033,40.96005255707947,-26.649119167393657,11.05921419041146,-33.17854722228558
3.7237237237237237,41.1814582465772,-27.313354347018993,11.05921419041146,-33.37874742248578
3.7437437437437437,41.40286393607493,-27.98159753866035,11.05921419041146,-33.57894762268598
3.7637637637637638,41.62426962557266,-28.653848742317727,11.05921419041146,-33.77914782288618
3.783783783783784,41.84567531507039,-29.330107957991125,11.05921419041146,-33.97934802308638
3.8038038038038033,42.06708100456812,-30.01037518568054,11.05921419041146,-34.17954822328658
3.823823823823824,42.288486694065845,-30.694650425385976,11.05921419041146,-34.37974842348678
3.843843843843844,42.509892383563574,-31.382933677107435,11.05921419041146,-34.57994862368698
3.863863863863864,42.7312980730613,-32.07522494084491,11.05921419041146,-34.78014882388718
3.8838838838838843,42.95270376255903,-32.77152421659841,11.05921419041146,-34.98034902408738
3.9039039039039034,43.17410945205676,-33.47183150436793,11.05921419041146,-35.18054922428758
3.923923923923924,43.39551514155449,-34.17614680415346,11.05921419041146,-35.38074942448778
3.943943943943944,43.61692083105222,-34.88447011595502,11.05921419041146,-35.58094962468798
3.963963963963964,43.83832652054995,-35.5968014397726,11.05921419041146,-35.78114982488818
3.9839839839839843,44.05973221004768,-36.31314077560619,11.05921419041146,-35.98135002508838
4.004004004004004,44.281137899545406,-37.03348812345581,11.05921419041146,-36.18155022528858
4.0240240240240235,44.502543589043135,-37.75784348332145,11.05921419041146,-36.38175042548878
4.044044044044044,44.723949278540864,-38.48620685520311,11.05921419041146,-36.58195062568898
4.064064064064064,44.94535496803859,-39.218578239100786,11.05921419041146,-36.78215082588918
4.084084084084084,45.16676065753632,-39.95495763501448,11.05921419041146,-36.98235102608938
4.104104104104104,45.38816634703405,-40.6953450429442,11.05921419041146,-37.18255122628958
4.1241241241241235,45.60957203653178,-41.43974046288994,11.05921419041146,-37.38275142648978
4.1441441441441444,45.83097772602951,-42.18814389485169,11.05921419041146,-37.58295162668998
4.1641641641641645,46.05238341552724,-42.94055533882947,11.05921419041146,-37.78315182689018
4.1841841841841845,46.27378910502497,-43.69697479482327,11.05921419041146,-37.98335202709038
4.2042042042042045,46.495194794522696,-44.457402262833085,11.05921419041146,-38.18355222729058
4.2242242242242245,46.716600484020425,-45.22183774285892,11.05921419041146,-38.38375242749078
4.2442442442442445,46.938006173518154,-45.99028123490078,11.05921419041146,-38.583952627690984
4.2642642642642645,47.15941186301588,-46.762732738958654,11.05921419041146,-38.784152827891184
4.2842842842842845,47.38081755251361,-47.53919225503255,11.05921419041146,-38.984353028091384
4.3043043043043046,47.60222324201134,-48.31965978312247,11.05921419041146,-39.184553228291584
4.324324324324325,47.82362893150907,-49.104135323228405,11.05921419041146,-39.384753428491784
4.344344344344345,48.0450346210068,-49.892618875350365,11.05921419041146,-39.584953628691984
4.364364364364365,48.26644031050453,-50.68511043948834,11.05921419041146,-39.785153828892184
4.384384384384385,48.48784600000226,-51.48161001564234,11.05921419041146,-39.985354029092385
4.404404404404405,48.709251689499986,-52.28211760381236,11.05921419041146,-40.185554229292585
4.424424424424425,48.930657378997715,-53.086633203998396,11.05921419041146,-40.385754429492785
4.444444444444445,49.152063068495444,-53.895156816200455,11.05921419041146,-40.585954629692985
4.464464464464465,49.37346875799317,-54.70768844041853,11.05921419041146,-40.786154829893185
4.484484484484485,49.5948744474909,-55.524228076652626,11.05921419041146,-40.986355030093385
4.504504504504505,49.81628013698863,-56.344775724902746,11.05921419041146,-41.186555230293585
4.524524524524525,50.03768582648636,-57.16933138516888,11.05921419041146,-41.386755430493785
4.544544544544545,50.25909151598409,-57.99789505745104,11.05921419041146,-41.586955630693986
4.564564564564565,50.48049720548182,-58.83046674174922,11.05921419041146,-41.787155830894186
4.584584584584585,50.70190289497955,-59.667046438063416,11.05921419041146,-41.987356031094386
4.604604604604605,50.923308584477276,-60.507634146393634,11.05921419041146,-42.187556231294586
4.624624624624625,51.144714273975005,-61.352229866739876,11.05921419041146,-42.387756431494786
4.644644644644645,51.366119963472734,-62.20083359910213,11.05921419041146,-42.587956631694986
4.664664664664665,51.58752565297046,-63.05344534348041,11.05921419041146,-42.788156831895186
4.684684684684685,51.80893134246819,-63.91006509987471,11.05921419041146,-42.98835703209539
4.704704704704705,52.03033703196592,-64.77069286828502,11.05921419041146,-43.18855723229559
4.724724724724725,52.25174272146365,-65.63532864871136,11.05921419041146,-43.38875743249579
4.744744744744745,52.47314841096138,-66.50397244115372,11.05921419041146,-43.58895763269599
4.764764764764765,52.69455410045911,-67.37662424561209,11.05921419041146,-43.78915783289619
4.784784784784785,52.91595978995684,-68.2532840620865,11.05921419041146,-43.98935803309639
4.804804804804805,53.137365479454566,-69.13395189057691,11.05921419041146,-44.18955823329659
4.824824824824825,53.358771168952295,-70.01862773108334,11.05921419041146,-44.38975843349679
4.844844844844845,53.580176858450024,-70.9073115836058,11.05921419041146,-44.58995863369699
4.864864864864865,53.80158254794775,-71.80000344814428,11.05921419041146,-44.79015883389719
4.884884884884885,54.02298823744548,-72.69670332469877,11.05921419041146,-44.99035903409739
4.904904904904905,54.24439392694321,-73.5974112132693,11.05921419041146,-45.19055923429759
4.924924924924925,54.46579961644094,-74.50212711385583,11.05921419041146,-45.39075943449779
4.944944944944945,54.68720530593867,-75.41085102645839,11.05921419041146,-45.59095963469799
4.964964964964965,54.9086109954364,-76.32358295107697,11.05921419041146,-45.79115983489819
4.984984984984985,55.13001668493413,-77.24032288771157,11.05921419041146,-45.99136003509839
5.005005005005005,55.351422374431856,-78.16107083636219,11.05921419041146,-46.19156023529859
5.025025025025025,55.572828063929585,-79.08582679702883,11.05921419041146,-46.39176043549879
5.045045045045045,55.794233753427314,-80.01459076971149,11.05921419041146,-46.59196063569899
5.065065065065065,56.01563944292504,-80.94736275441016,11.05921419041146,-46.79216083589919
5.085085085085085,56.23704513242277,-81.88414275112487,11.05921419041146,-46.99236103609939
5.105105105105105,56.4584508219205,-82.82493075985559,11.05921419041146,-47.19256123629959
5.125125125125125,56.67985651141823,-83.76972678060233,11.05921419041146,-47.39276143649979
5.145145145145145,56.90126220091596,-84.71853081336508,11.05921419041146,-47.59296163669999
5.165165165165165,57.12266789041369,-85.67134285814386,11.05921419041146,-47.79316183690019
5.185185185185185,57.34407357991142,-86.62816291493866,11.05921419041146,-47.99336203710039
5.205205205205205,57.565479269409146,-87.58899098374947,11.05921419041146,-48.19356223730059
5.225225225225225,57.786884958906874,-88.55382706457631,11.05921419041146,-48.39376243750079
5.245245245245245,58.0082906484046,-89.52267115741917,11.05921419041146,-48.59396263770099
5.265265265265265,58.22969633790233,-90.49552326227804,11.05921419041146,-48.79416283790119
5.285285285285285,58.45110202740006,-91.47238337915294,11.05921419041146,-48.99436303810139
5.305305305305305,58.67250771689779,-92.45325150804386,11.05921419041146,-49.19456323830159
5.325325325325325,58.89391340639552,-93.4381276489508,11.05921419041146,-49.39476343850179
5.345345345345346,59.11531909589325,-94.42701180187376,11.05921419041146,-49.59496363870199
5.365365365365365,59.33672478539098,-95.41990396681274,11.05921419041146,-49.79516383890219
5.385385385385385,59.558130474888706,-96.41680414376773,11.05921419041146,-49.99536403910239
5.405405405405405,59.779536164386435,-97.41771233273876,11.05921419041146,-50.19556423930259
5.425425425425425,60.000941853884164,-98.4226285337258,11.05921419041146,-50.39576443950279
5.445445445445446,60.22234754338189,-99.43155274672885,11.05921419041146,-50.59596463970299
5.465465465465465,60.44375323287962,-100.44448497174794,11.05921419041146,-50.79616483990319
5.485485485485485,60.66515892237735,-101.46142520878304,11.05921419041146,-50.99636504010339
5.505505505505505,60.88656461187508,-102.48237345783416,11.05921419041146,-51.19656524030359
5.525525525525525,61.10797030137281,-103.5073297189013,11.05921419041146,-51.39676544050379
5.545545545545546,61.32937599087054,-104.53629399198446,11.05921419041146,-51.59696564070399
5.565565565565565,61.55078168036827,-105.56926627708364,11.05921419041146,-51.79716584090419
5.585585585585585,61.772187369865996,-106.60624657419883,11.05921419041146,-51.99736604110439
5.605605605605605,61.993593059363725,-107.64723488333006,11.05921419041146,-52.19756624130459
5.625625625625625,62.214998748861454,-108.6922312044773,11.05921419041146,-52.39776644150479
5.645645645645646,62.43640443835918,-109.74123553764055,11.05921419041146,-52.59796664170499
5.665665665665665,62.65781012785691,-110.79424788281983,11.05921419041146,-52.79816684190519
5.685685685685685,62.87921581735464,-111.85126824001513,11.05921419041146,-52.99836704210539
5.7057057057057055,63.10062150685237,-112.91229660922644,11.05921419041146,-53.19856724230559
5.7257257257257255,63.3220271963501,-113.97733299045379,11.05921419041146,-53.39876744250579
5.745745745745746,63.54343288584783,-115.04637738369715,11.05921419041146,-53.59896764270599
5.7657657657657655,63.76483857534556,-116.11942978895652,11.05921419041146,-53.79916784290619
5.7857857857857855,63.986244264843286,-117.19649020623193,11.05921419041146,-53.999368043106394
5.8058058058058055,64.20764995434101,-118.27755863552335,11.05921419041146,-54.199568243306594
5.8258258258258255,64.42905564383874,-119.36263507683078,11.05921419041146,-54.399768443506794
5.845845845845846,64.65046133333647,-120.45171953015425,11.05921419041146,-54.599968643706994
5.865865865865866,64.8718670228342,-121.54481199549373,11.05921419041146,-54.800168843907194
5.885885885885886,65.09327271233192,-122.64191247284923,11.05921419041146,-55.000369044107394
5.905905905905906,65.31467840182965,-123.74302096222075,11.05921419041146,-55.200569244307594
5.925925925925926,65.53608409132738,-124.8481374636083,11.05921419041146,-55.400769444507795
5.9459459459459465,65.75748978082511,-125.95726197701185,11.05921419041146,-55.600969644707995
5.965965965965966,65.97889547032284,-127.07039450243143,11.05921419041146,-55.801169844908195
5.9859859859859865,66.20030115982057,-128.18753503986702,11.05921419041146,-56.001370045108395
6.006006006006006,66.4217068493183,-129.30868358931863,11.05921419041146,-56.201570245308595
6.026026026026026,66.64311253881603,-130.43384015078627,11.05921419041146,-56.401770445508795
6.046046046046047,66.86451822831376,-131.56300472426992,11.05921419041146,-56.601970645708995
6.066066066066066,67.08592391781148,-132.6961773097696,11.05921419041146,-56.802170845909195
6.086086086086087,67.30732960730921,-133.83335790728532,11.05921419041146,-57.002371046109396
6.106106106106106,67.52873529680694,-134.97454651681704,11.05921419041146,-57.202571246309596
6.126126126126126,67.75014098630467,-136.11974313836478,11.05921419041146,-57.402771446509796
6.146146146146147,67.9715466758024,-137.26894777192854,11.05921419041146,-57.602971646709996
6.166166166166166,68.19295236530013,-138.4221604175083,11.05921419041146,-57.803171846910196
6.186186186186187,68.41435805479786,-139.5793810751041,11.05921419041146,-58.003372047110396
6.206206206206206,68.63576374429559,-140.74060974471593,11.05921419041146,-58.203572247310596
6.226226226226226,68.85716943379332,-141.90584642634377,11.05921419041146,-58.403772447510796
6.246246246246247,69.07857512329105,-143.07509111998763,11.05921419041146,-58.603972647711
6.266266266266266,69.29998081278877,-144.2483438256475,11.05921419041146,-58.8041728479112
6.286286286286287,69.5213865022865,-145.4256045433234,11.05921419041146,-59.0043730481114
6.306306306306306,69.74279219178423,-146.6068732730153,11.05921419041146,-59.2045732483116
6.326326326326326,69.96419788128196,-147.79215001472326,11.05921419041146,-59.4047734485118
6.346346346346347,70.18560357077969,-148.98143476844723,11.05921419041146,-59.604973648712
6.366366366366366,70.40700926027742,-150.1747275341872,11.05921419041146,-59.8051738489122
6.386386386386387,70.62841494977515,-151.3720283119432,11.05921419041146,-60.0053740491124
6.406406406406406,70.84982063927288,-152.57333710171523,11.05921419041146,-60.2055742493126
6.426426426426426,71.0712263287706,-153.77865390350325,11.05921419041146,-60.4057744495128
6.446446446446447,71.29263201826834,-154.98797871730733,11.05921419041146,-60.605974649713
6.466466466466466,71.51403770776606,-156.20131154312742,11.05921419041146,-60.8061748499132
6.486486486486487,71.7354433972638,-157.41865238096352,11.05921419041146,-61.0063750501134
6.506506506506506,71.95684908676152,-158.64000123081564,11.05921419041146,-61.2065752503136
6.526526526526526,72.17825477625925,-159.86535809268378,11.05921419041146,-61.4067754505138
6.546546546546547,72.39966046575698,-161.09472296656793,11.05921419041146,-61.606975650714
6.566566566566566,72.62106615525471,-162.3280958524681,11.05921419041146,-61.8071758509142
6.586586586586587,72.84247184475244,-163.5654767503843,11.05921419041146,-62.0073760511144
6.606606606606606,73.06387753425017,-164.80686566031653,11.05921419041146,-62.2075762513146
6.626626626626627,73.2852832237479,-166.05226258226477,11.05921419041146,-62.4077764515148
6.646646646646647,73.50668891324563,-167.30166751622903,11.05921419041146,-62.607976651715
6.666666666666666,73.72809460274335,-168.5550804622093,11.05921419041146,-62.8081768519152
6.686686686686687,73.94950029224108,-169.8125014202056,11.05921419041146,-63.0083770521154
6.706706706706706,74.17090598173881,-171.07393039021792,11.05921419041146,-63.2085772523156
6.726726726726727,74.39231167123654,-172.33936737224627,11.05921419041146,-63.4087774525158
6.746746746746747,74.61371736073427,-173.60881236629064,11.05921419041146,-63.608977652716
6.766766766766766,74.835123050232,-174.88226537235101,11.05921419041146,-63.8091778529162
6.786786786786787,75.05652873972973,-176.1597263904274,11.05921419041146,-64.00937805311641
6.806806806806806,75.27793442922746,-177.44119542051982,11.05921419041146,-64.20957825331661
6.826826826826827,75.49934011872519,-178.72667246262827,11.05921419041146,-64.40977845351681
6.846846846846847,75.72074580822292,-180.01615751675274,11.05921419041146,-64.60997865371701
6.866866866866866,75.94215149772064,-181.30965058289323,11.05921419041146,-64.81017885391721
6.886886886886887,76.16355718721837,-182.60715166104973,11.05921419041146,-65.01037905411741
6.906906906906906,76.3849628767161,-183.90866075122224,11.05921419041146,-65.21057925431761
6.926926926926927,76.60636856621383,-185.21417785341077,11.05921419041146,-65.41077945451781
6.946946946946947,76.82777425571156,-186.52370296761532,11.05921419041146,-65.61097965471801
6.966966966966966,77.04917994520929,-187.8372360938359,11.05921419041146,-65.81117985491821
6.986986986986987,77.27058563470702,-189.15477723207252,11.05921419041146,-66.01138005511841
7.007007007007006,77.49199132420475,-190.47632638232514,11.05921419041146,-66.21158025531861
7.027027027027027,77.71339701370248,-191.80188354459378,11.05921419041146,-66.41178045551881
7.047047047047047,77.9348027032002,-193.13144871887843,11.05921419041146,-66.61198065571901
7.067067067067066,78.15620839269793,-194.4650219051791,11.05921419041146,-66.81218085591921
7.087087087087087,78.37761408219566,-195.8026031034958,11.05921419041146,-67.01238105611941
7.107107107107106,78.59901977169339,-197.14419231382854,11.05921419041146,-67.21258125631961
7.127127127127127,78.82042546119112,-198.48978953617728,11.05921419041146,-67.41278145651981
7.147147147147147,79.04183115068885,-199.83939477054204,11.05921419041146,-67.61298165672001
7.167167167167166,79.26323684018658,-201.19300801692282,11.05921419041146,-67.81318185692021
7.187187187187187,79.48464252968431,-202.5506292753196,11.05921419041146,-68.01338205712041
7.207207207207206,79.70604821918204,-203.91225854573244,11.05921419041146,-68.21358225732061
7.227227227227227,79.92745390867977,-205.2778958281613,11.05921419041146,-68.41378245752081
7.247247247247247,80.1488595981775,-206.64754112260616,11.05921419041146,-68.61398265772101
7.267267267267268,80.37026528767522,-208.02119442906704,11.05921419041146,-68.81418285792121
7.287287287287287,80.59167097717295,-209.39885574754393,11.05921419041146,-69.01438305812141
7.3073073073073065,80.81307666667068,-210.78052507803685,11.05921419041146,-69.21458325832161
7.327327327327327,81.03448235616841,-212.16620242054577,11.05921419041146,-69.41478345852181
7.347347347347347,81.25588804566614,-213.55588777507074,11.05921419041146,-69.61498365872201
7.367367367367368,81.47729373516387,-214.94958114161173,11.05921419041146,-69.81518385892221
7.387387387387387,81.6986994246616,-216.34728252016873,11.05921419041146,-70.01538405912241
7.4074074074074066,81.92010511415933,-217.74899191074175,11.05921419041146,-70.21558425932261
7.4274274274274275,82.14151080365706,-219.15470931333078,11.05921419041146,-70.41578445952281
7.4474474474474475,82.36291649315478,-220.56443472793583,11.05921419041146,-70.61598465972301
7.467467467467468,82.58432218265251,-221.97816815455693,11.05921419041146,-70.81618485992321
7.4874874874874875,82.80572787215024,-223.39590959319403,11.05921419041146,-71.01638506012341
7.507507507507507,83.02713356164797,-224.81765904384716,11.05921419041146,-71.21658526032361
7.5275275275275275,83.2485392511457,-226.2434165065163,11.05921419041146,-71.41678546052381
7.5475475475475475,83.46994494064343,-227.67318198120145,11.05921419041146,-71.61698566072401
7.567567567567568,83.69135063014116,-229.10695546790262,11.05921419041146,-71.81718586092421
7.587587587587588,83.91275631963889,-230.54473696661984,11.05921419041146,-72.01738606112441
7.607607607607607,84.13416200913662,-231.98652647735307,11.05921419041146,-72.21758626132461
7.627627627627628,84.35556769863435,-233.4323240001023,11.05921419041146,-72.41778646152481
7.647647647647648,84.57697338813207,-234.88212953486757,11.05921419041146,-72.61798666172501
7.6676676676676685,84.7983790776298,-236.33594308164885,11.05921419041146,-72.81818686192521
7.687687687687688,85.01978476712753,-237.79376464044614,11.05921419041146,-73.01838706212541
7.707707707707707,85.24119045662526,-239.25559421125945,11.05921419041146,-73.21858726232561
7.727727727727728,85.46259614612299,-240.7214317940888,11.05921419041146,-73.41878746252581
7.747747747747748,85.68400183562072,-242.19127738893417,11.05921419041146,-73.61898766272601
7.767767767767769,85.90540752511845,-243.66513099579555,11.05921419041146,-73.81918786292621
7.787787787787788,86.12681321461618,-245.14299261467295,11.05921419041146,-74.01938806312641
7.807807807807807,86.3482189041139,-246.62486224556636,11.05921419041146,-74.21958826332661
7.827827827827828,86.56962459361164,-248.1107398884758,11.05921419041146,-74.41978846352681
7.847847847847848,86.79103028310936,-249.60062554340126,11.05921419041146,-74.61998866372701
7.867867867867869,87.0124359726071,-251.09451921034275,11.05921419041146,-74.82018886392721
7.887887887887888,87.23384166210482,-252.59242088930026,11.05921419041146,-75.02038906412741
7.907907907907909,87.45524735160255,-254.09433058027378,11.05921419041146,-75.22058926432761
7.927927927927928,87.67665304110028,-255.6002482832633,11.05921419041146,-75.42078946452781
7.947947947947948,87.89805873059801,-257.11017399826886,11.05921419041146,-75.62098966472801
7.967967967967969,88.11946442009574,-258.62410772529046,11.05921419041146,-75.82118986492821
7.987987987987988,88.34087010959347,-260.14204946432807,11.05921419041146,-76.02139006512841
8.008008008008009,88.5622757990912,-261.6639992153817,11.05921419041146,-76.22159026532862
8.028028028028029,88.78368148858893,-263.18995697845133,11.05921419041146,-76.42179046552882
8.048048048048047,89.00508717808665,-264.719922753537,11.05921419041146,-76.62199066572902
8.068068068068069,89.22649286758438,-266.25389654063866,11.05921419041146,-76.82219086592922
8.088088088088089,89.44789855708211,-267.79187833975635,11.05921419041146,-77.02239106612942
8.108108108108109,89.66930424657984,-269.33386815089005,11.05921419041146,-77.22259126632962
8.128128128128129,89.89070993607757,-270.8798659740398,11.05921419041146,-77.42279146652982
8.148148148148147,90.1121156255753,-272.4298718092055,11.05921419041146,-77.62299166673002
8.168168168168169,90.33352131507303,-273.9838856563873,11.05921419041146,-77.82319186693022
8.188188188188189,90.55492700457076,-275.54190751558514,11.05921419041146,-78.02339206713042
8.208208208208209,90.77633269406849,-277.103937386799,11.05921419041146,-78.22359226733062
8.228228228228229,90.99773838356622,-278.66997527002883,11.05921419041146,-78.42379246753082
8.248248248248247,91.21914407306394,-280.2400211652747,11.05921419041146,-78.62399266773102
8.268268268268269,91.44054976256167,-281.8140750725366,11.05921419041146,-78.82419286793122
8.288288288288289,91.6619554520594,-283.3921369918145,11.05921419041146,-79.02439306813142
8.308308308308309,91.88336114155713,-284.9742069231084,11.05921419041146,-79.22459326833162
8.328328328328329,92.10476683105486,-286.5602848664183,11.05921419041146,-79.42479346853182
8.348348348348347,92.32617252055259,-288.1503708217443,11.05921419041146,-79.62499366873202
8.368368368368369,92.54757821005032,-289.74446478908624,11.05921419041146,-79.82519386893222
8.388388388388389,92.76898389954805,-291.3425667684442,11.05921419041146,-80.02539406913242
8.408408408408409,92.99038958904578,-292.94467675981826,11.05921419041146,-80.22559426933262
8.428428428428429,93.2117952785435,-294.55079476320833,11.05921419041146,-80.42579446953282
8.448448448448449,93.43320096804123,-296.1609207786144,11.05921419041146,-80.62599466973302
8.468468468468469,93.65460665753896,-297.7750548060365,11.05921419041146,-80.82619486993322
8.488488488488489,93.87601234703669,-299.3931968454746,11.05921419041146,-81.02639507013342
8.508508508508509,94.09741803653442,-301.01534689692875,11.05921419041146,-81.22659527033362
8.528528528528529,94.31882372603215,-302.6415049603989,11.05921419041146,-81.42679547053382
8.548548548548549,94.54022941552988,-304.27167103588505,11.05921419041146,-81.62699567073402
8.568568568568569,94.76163510502761,-305.9058451233872,11.05921419041146,-81.82719587093422
8.588588588588589,94.98304079452534,-307.5440272229054,11.05921419041146,-82.02739607113442
8.608608608608609,95.20444648402307,-309.1862173344396,11.05921419041146,-82.22759627133462
8.62862862862863,95.4258521735208,-310.83241545798984,11.05921419041146,-82.42779647153482
8.64864864864865,95.64725786301852,-312.4826215935561,11.05921419041146,-82.62799667173502
8.66866866866867,95.86866355251625,-314.1368357411384,11.05921419041146,-82.82819687193522
8.68868868868869,96.09006924201398,-315.7950579007367,11.05921419041146,-83.02839707213542
8.70870870870871,96.31147493151171,-317.45728807235105,11.05921419041146,-83.22859727233562
8.72872872872873,96.53288062100944,-319.1235262559814,11.05921419041146,-83.42879747253582
8.74874874874875,96.75428631050717,-320.7937724516278,11.05921419041146,-83.62899767273602
8.76876876876877,96.9756920000049,-322.46802665929016,11.05921419041146,-83.82919787293622
8.78878878878879,97.19709768950263,-324.14628887896856,11.05921419041146,-84.02939807313642
8.80880880880881,97.41850337900036,-325.828559110663,11.05921419041146,-84.22959827333662
8.82882882882883,97.63990906849808,-327.5148373543734,11.05921419041146,-84.42979847353682
8.84884884884885,97.86131475799581,-329.20512361009986,11.05921419041146,-84.62999867373702
8.86886886886887,98.08272044749354,-330.8994178778423,11.05921419041146,-84.83019887393722
8.88888888888889,98.30412613699127,-332.5977201576008,11.05921419041146,-85.03039907413742
8.90890890890891,98.525531826489,-334.3000304493753,11.05921419041146,-85.23059927433762
8.92892892892893,98.74693751598673,-336.00634875316587,11.05921419041146,-85.43079947453782
8.94894894894895,98.96834320548446,-337.71667506897245,11.05921419041146,-85.63099967473802
8.96896896896897,99.18974889498219,-339.43100939679505,11.05921419041146,-85.83119987493822
8.98898898898899,99.41115458447992,-341.14935173663366,11.05921419041146,-86.03140007513842
9.00900900900901,99.63256027397765,-342.8717020884883,11.05921419041146,-86.23160027533862
9.02902902902903,99.85396596347537,-344.59806045235894,11.05921419041146,-86.43180047553882
9.04904904904905,100.0753716529731,-346.3284268282456,11.05921419041146,-86.63200067573902
9.06906906906907,100.29677734247083,-348.0628012161483,11.05921419041146,-86.83220087593922
9.08908908908909,100.51818303196856,-349.80118361606696,11.05921419041146,-87.03240107613942
9.10910910910911,100.73958872146629,-351.5435740280017,11.05921419041146,-87.23260127633962
9.12912912912913,100.96099441096402,-353.2899724519524,11.05921419041146,-87.43280147653982
9.14914914914915,101.18240010046175,-355.04037888791913,11.05921419041146,-87.63300167674002
9.16916916916917,101.40380578995948,-356.79479333590194,11.05921419041146,-87.83320187694022
9.18918918918919,101.6252114794572,-358.55321579590077,11.05921419041146,-88.03340207714042
9.20920920920921,101.84661716895494,-360.3156462679156,11.05921419041146,-88.23360227734062
9.22922922922923,102.06802285845266,-362.08208475194647,11.05921419041146,-88.43380247754082
9.24924924924925,102.2894285479504,-363.85253124799334,11.05921419041146,-88.63400267774102
9.26926926926927,102.51083423744812,-365.62698575605623,11.05921419041146,-88.83420287794122
9.28928928928929,102.73223992694585,-367.40544827613513,11.05921419041146,-89.03440307814142
9.30930930930931,102.95364561644358,-369.18791880823005,11.05921419041146,-89.23460327834162
9.32932932932933,103.17505130594131,-370.974397352341,11.05921419041146,-89.43480347854182
9.34934934934935,103.39645699543904,-372.76488390846794,11.05921419041146,-89.63500367874202
9.36936936936937,103.61786268493677,-374.5593784766109,11.05921419041146,-89.83520387894222
9.38938938938939,103.8392683744345,-376.3578810567699,11.05921419041146,-90.03540407914242
9.40940940940941,104.06067406393223,-378.1603916489449,11.05921419041146,-90.23560427934262
9.42942942942943,104.28207975342995,-379.96691025313595,11.05921419041146,-90.43580447954282
9.44944944944945,104.50348544292768,-381.77743686934303,11.05921419041146,-90.63600467974302
9.46946946946947,104.72489113242541,-383.59197149756613,11.05921419041146,-90.83620487994322
9.48948948948949,104.94629682192314,-385.41051413780525,11.05921419041146,-91.03640508014342
9.50950950950951,105.16770251142087,-387.2330647900604,11.05921419041146,-91.23660528034362
9.52952952952953,105.3891082009186,-389.05962345433153,11.05921419041146,-91.43680548054382
9.54954954954955,105.61051389041633,-390.8901901306187,11.05921419041146,-91.63700568074402
9.56956956956957,105.83191957991406,-392.72476481892187,11.05921419041146,-91.83720588094423
9.58958958958959,106.05332526941179,-394.56334751924106,11.05921419041146,-92.03740608114443
9.60960960960961,106.27473095890952,-396.4059382315763,11.05921419041146,-92.23760628134463
9.62962962962963,106.49613664840724,-398.2525369559275,11.05921419041146,-92.43780648154483
9.64964964964965,106.71754233790497,-400.10314369229474,11.05921419041146,-92.63800668174503
9.66966966966967,106.9389480274027,-401.957758440678,11.05921419041146,-92.83820688194523
9.68968968968969,107.16035371690043,-403.8163812010773,11.05921419041146,-93.03840708214543
9.70970970970971,107.38175940639816,-405.67901197349266,11.05921419041146,-93.23860728234563
9.72972972972973,107.60316509589589,-407.545650757924,11.05921419041146,-93.43880748254583
9.74974974974975,107.82457078539362,-409.4162975543714,11.05921419041146,-93.63900768274603
9.76976976976977,108.04597647489135,-411.2909523628348,11.05921419041146,-93.83920788294623
9.78978978978979,108.26738216438908,-413.1696151833142,11.05921419041146,-94.03940808314643
9.80980980980981,108.4887878538868,-415.0522860158096,11.05921419041146,-94.23960828334663
9.82982982982983,108.71019354338453,-416.93896486032105,11.05921419041146,-94.43980848354683
9.84984984984985,108.93159923288226,-418.8296517168485,11.05921419041146,-94.64000868374703
9.86986986986987,109.15300492237999,-420.72434658539197,11.05921419041146,-94.84020888394723
9.88988988988989,109.37441061187772,-422.62304946595145,11.05921419041146,-95.04040908414743
9.90990990990991,109.59581630137545,-424.52576035852695,11.05921419041146,-95.24060928434763
9.92992992992993,109.81722199087318,-426.4324792631185,11.05921419041146,-95.44080948454783
9.94994994994995,110.03862768037091,-428.3432061797261,11.05921419041146,-95.64100968474803
9.96996996996997,110.26003336986864,-430.2579411083497,11.05921419041146,-95.84120988494823
9.98998998998999,110.48143905936637,-432.17668404898933,11.05921419041146,-96.04141008514843
10.01001001001001,110.7028447488641,-434.09943500164496,11.05921419041146,-96.24161028534863
10.03003003003003,110.92425043836182,-436.0261939663166,11.05921419041146,-96.44181048554883
10.05005005005005,111.14565612785955,-437.9569609430043,11.05921419041146,-96.64201068574903
10.07007007007007,111.36706181735728,-439.89173593170796,11.05921419041146,-96.84221088594923
10.09009009009009,111.58846750685501,-441.83051893242765,11.05921419041146,-97.04241108614943
10.11011011011011,111.80987319635274,-443.77330994516336,11.05921419041146,-97.24261128634963
10.13013013013013,112.03127888585047,-445.7201089699151,11.05921419041146,-97.44281148654983
10.15015015015015,112.2526845753482,-447.67091600668283,11.05921419041146,-97.64301168675003
10.17017017017017,112.47409026484593,-449.6257310554666,11.05921419041146,-97.84321188695023
10.19019019019019,112.69549595434366,-451.5845541162664,11.05921419041146,-98.04341208715043
10.21021021021021,112.91690164384138,-453.54738518908226,11.05921419041146,-98.24361228735063
10.23023023023023,113.13830733333911,-455.5142242739141,11.05921419041146,-98.44381248755083
10.25025025025025,113.35971302283684,-457.485071370762,11.05921419041146,-98.64401268775103
10.27027027027027,113.58111871233457,-459.4599264796259,11.05921419041146,-98.84421288795123
10.29029029029029,113.8025244018323,-461.4387896005058,11.05921419041146,-99.04441308815143
10.31031031031031,114.02393009133003,-463.4216607334017,11.05921419041146,-99.24461328835163
10.33033033033033,114.24533578082776,-465.40853987831366,11.05921419041146,-99.44481348855183
10.35035035035035,114.46674147032549,-467.3994270352416,11.05921419041146,-99.64501368875203
10.37037037037037,114.68814715982322,-469.3943222041856,11.05921419041146,-99.84521388895223
10.39039039039039,114.90955284932095,-471.39322538514557,11.05921419041146,-100.04541408915243
10.41041041041041,115.13095853881867,-473.39613657812157,11.05921419041146,-100.24561428935263
10.43043043043043,115.3523642283164,-475.4030557831136,11.05921419041146,-100.44581448955283
10.45045045045045,115.57376991781413,-477.4139830001217,11.05921419041146,-100.64601468975303
10.47047047047047,115.79517560731186,-479.4289182291458,11.05921419041146,-100.84621488995323
10.49049049049049,116.01658129680959,-481.4478614701859,11.05921419041146,-101.04641509015343
10.51051051051051,116.23798698630732,-483.47081272324203,11.05921419041146,-101.24661529035363
10.53053053053053,116.45939267580505,-485.4977719883142,11.05921419041146,-101.44681549055383
10.55055055055055,116.68079836530278,-487.52873926540235,11.05921419041146,-101.64701569075403
10.57057057057057,116.9022040548005,-489.56371455450653,11.05921419041146,-101.84721589095423
10.59059059059059,117.12360974429824,-491.60269785562673,11.05921419041146,-102.04741609115443
10.61061061061061,117.34501543379596,-493.64568916876294,11.05921419041146,-102.24761629135463
10.63063063063063,117.5664211232937,-495.69268849391517,11.05921419041146,-102.44781649155483
10.65065065065065,117.78782681279142,-497.7436958310834,11.05921419041146,-102.64801669175503
10.67067067067067,118.00923250228915,-499.7987111802677,11.05921419041146,-102.84821689195523
10.690690690690692,118.23063819178688,-501.857734541468,11.05921419041146,-103.04841709215543
10.71071071071071,118.45204388128461,-503.92076591468435,11.05921419041146,-103.24861729235563
10.73073073073073,118.67344957078234,-505.9878052999167,11.05921419041146,-103.44881749255583
10.75075075075075,118.89485526028007,-508.0588526971651,11.05921419041146,-103.64901769275603
10.77077077077077,119.1162609497778,-510.1339081064295,11.05921419041146,-103.84921789295623
10.790790790790792,119.33766663927553,-512.2129715277099,11.05921419041146,-104.04941809315643
10.81081081081081,119.55907232877325,-514.2960429610064,11.05921419041146,-104.24961829335663
10.83083083083083,119.78047801827098,-516.3831224063189,11.05921419041146,-104.44981849355683
10.85085085085085,120.00188370776871,-518.4742098636474,11.05921419041146,-104.65001869375703
10.87087087087087,120.22328939726644,-520.5693053329919,11.05921419041146,-104.85021889395723
10.890890890890892,120.44469508676417,-522.6684088143525,11.05921419041146,-105.05041909415743
10.91091091091091,120.6661007762619,-524.771520307729,11.05921419041146,-105.25061929435763
10.93093093093093,120.88750646575963,-526.8786398131216,11.05921419041146,-105.45081949455783
10.95095095095095,121.10891215525736,-528.9897673305302,11.05921419041146,-105.65101969475803
10.97097097097097,121.33031784475509,-531.1049028599548,11.05921419041146,-105.85121989495823
10.990990990990992,121.55172353425282,-533.2240464013954,11.05921419041146,-106.05142009515843
11.01101101101101,121.77312922375054,-535.347197954852,11.05921419041146,-106.25162029535863
11.03103103103103,121.99453491324827,-537.4743575203247,11.05921419041146,-106.45182049555883
11.05105105105105,122.215940602746,-539.6055250978134,11.05921419041146,-106.65202069575903
11.07107107107107,122.43734629224373,-541.740700687318,11.05921419041146,-106.85222089595923
11.091091091091092,122.65875198174146,-543.8798842888388,11.05921419041146,-107.05242109615943
11.11111111111111,122.88015767123919,-546.0230759023755,11.05921419041146,-107.25262129635964
11.13113113113113,123.10156336073692,-548.1702755279282,11.05921419041146,-107.45282149655984
11.15115115115115,123.32296905023465,-550.3214831654969,11.05921419041146,-107.65302169676004
11.17117117117117,123.54437473973238,-552.4766988150817,11.05921419041146,-107.85322189696024
11.191191191191193,123.7657804292301,-554.6359224766825,11.05921419041146,-108.05342209716044
11.21121121121121,123.98718611872783,-556.7991541502993,11.05921419041146,-108.25362229736064
11.23123123123123,124.20859180822556,-558.9663938359321,11.05921419041146,-108.45382249756084
11.25125125125125,124.42999749772329,-561.1376415335809,11.05921419041146,-108.65402269776104
11.27127127127127,124.65140318722102,-563.3128972432457,11.05921419041146,-108.85422289796124
11.291291291291293,124.87280887671875,-565.4921609649266,11.05921419041146,-109.05442309816144
11.31131131131131,125.09421456621648,-567.6754326986235,11.05921419041146,-109.25462329836164
11.33133133133133,125.31562025571421,-569.8627124443365,11.05921419041146,-109.45482349856184
11.35135135135135,125.53702594521194,-572.0540002020655,11.05921419041146,-109.65502369876204
11.37137137137137,125.75843163470967,-574.2492959718105,11.05921419041146,-109.85522389896224
11.391391391391393,125.9798373242074,-576.4485997535716,11.05921419041146,-110.05542409916244
11.411411411411411,126.20124301370512,-578.6519115473486,11.05921419041146,-110.25562429936264
11.431431431431431,126.42264870320285,-580.8592313531417,11.05921419041146,-110.45582449956284
11.451451451451451,126.64405439270058,-583.0705591709508,11.05921419041146,-110.65602469976304
11.471471471471471,126.86546008219831,-585.2858950007759,11.05921419041146,-110.85622489996324
11.491491491491493,127.08686577169604,-587.505238842617,11.05921419041146,-111.05642510016344
11.511511511511511,127.30827146119377,-589.7285906964742,11.05921419041146,-111.25662530036364
11.531531531531531,127.5296771506915,-591.9559505623473,11.05921419041146,-111.45682550056384
11.551551551551551,127.75108284018923,-594.1873184402365,11.05921419041146,-111.65702570076404
11.571571571571571,127.97248852968696,-596.4226943301417,11.05921419041146,-111.85722590096424
11.591591591591593,128.19389421918467,-598.6620782320629,11.05921419041146,-112.05742610116444
11.611611611611611,128.41529990868239,-600.9054701460001,11.05921419041146,-112.25762630136464
11.631631631631631,128.6367055981801,-603.1528700719533,11.05921419041146,-112.45782650156484
11.651651651651651,128.85811128767781,-605.4042780099226,11.05921419041146,-112.65802670176504
11.671671671671671,129.07951697717553,-607.6596939599078,11.05921419041146,-112.85822690196524
11.691691691691693,129.30092266667324,-609.9191179219091,11.05921419041146,-113.05842710216544
11.711711711711711,129.52232835617096,-612.1825498959264,11.05921419041146,-113.25862730236564
11.731731731731731,129.74373404566867,-614.4499898819597,11.05921419041146,-113.45882750256584
11.751751751751751,129.9651397351664,-616.721437880009,11.05921419041146,-113.65902770276604
11.771771771771771,130.1865454246641,-618.9968938900744,11.05921419041146,-113.85922790296624
11.791791791791793,130.40795111416182,-621.2763579121557,11.05921419041146,-114.05942810316644
11.811811811811811,130.62935680365953,-623.5598299462531,11.05921419041146,-114.25962830336664
11.831831831831831,130.85076249315725,-625.8473099923666,11.05921419041146,-114.45982850356684
11.851851851851851,131.07216818265496,-628.1387980504961,11.05921419041146,-114.66002870376704
11.871871871871871,131.29357387215268,-630.4342941206417,11.05921419041146,-114.86022890396724
11.891891891891893,131.5149795616504,-632.7337982028032,11.05921419041146,-115.06042910416744
11.911911911911911,131.7363852511481,-635.0373102969808,11.05921419041146,-115.26062930436764
11.931931931931931,131.95779094064582,-637.3448304031743,11.05921419041146,-115.46082950456784
11.951951951951951,132.17919663014354,-639.6563585213839,11.05921419041146,-115.66102970476804
11.971971971971973,132.40060231964125,-641.9718946516095,11.05921419041146,-115.86122990496824
11.991991991991993,132.62200800913897,-644.2914387938512,11.05921419041146,-116.06143010516844
12.012012012012011,132.84341369863668,-646.6149909481088,11.05921419041146,-116.26163030536864
12.032032032032031,133.0648193881344,-648.9425511143825,11.05921419041146,-116.46183050556884
12.052052052052051,133.2862250776321,-651.2741192926721,11.05921419041146,-116.66203070576904
12.072072072072073,133.50763076712983,-653.6096954829778,11.05921419041146,-116.86223090596924
12.092092092092093,133.72903645662754,-655.9492796852995,11.05921419041146,-117.06243110616944
12.112112112112111,133.95044214612525,-658.2928718996372,11.05921419041146,-117.26263130636964
12.132132132132131,134.17184783562297,-660.640472125991,11.05921419041146,-117.46283150656984
12.152152152152151,134.39325352512068,-662.9920803643607,11.05921419041146,-117.66303170677004
12.172172172172173,134.6146592146184,-665.3476966147465,11.05921419041146,-117.86323190697024
12.192192192192193,134.8360649041161,-667.7073208771483,11.05921419041146,-118.06343210717044
12.212212212212211,135.05747059361383,-670.0709531515661,11.05921419041146,-118.26363230737064
12.232232232232231,135.27887628311154,-672.4385934379999,11.05921419041146,-118.46383250757084
12.252252252252251,135.50028197260926,-674.8102417364497,11.05921419041146,-118.66403270777104
12.272272272272273,135.72168766210697,-677.1858980469156,11.05921419041146,-118.86423290797124
12.292292292292293,135.9430933516047,-679.5655623693974,11.05921419041146,-119.06443310817144
12.312312312312311,136.1644990411024,-681.9492347038953,11.05921419041146,-119.26463330837164
12.332332332332332,136.38590473060012,-684.3369150504093,11.05921419041146,-119.46483350857184
12.352352352352352,136.60731042009783,-686.7286034089393,11.05921419041146,-119.66503370877204
12.372372372372373,136.82871610959555,-689.1242997794853,11.05921419041146,-119.86523390897224
12.392392392392393,137.05012179909326,-691.5240041620474,11.05921419041146,-120.06543410917244
12.412412412412412,137.27152748859098,-693.9277165566255,11.05921419041146,-120.26563430937264
12.432432432432432,137.4929331780887,-696.3354369632195,11.05921419041146,-120.46583450957284
12.452452452452452,137.7143388675864,-698.7471653818296,11.05921419041146,-120.66603470977304
12.472472472472473,137.93574455708412,-701.1629018124557,11.05921419041146,-120.86623490997324
12.492492492492493,138.15715024658184,-703.5826462550979,11.05921419041146,-121.06643511017344
12.512512512512512,138.37855593607955,-706.006398709756,11.05921419041146,-121.26663531037364
12.532532532532532,138.59996162557727,-708.4341591764302,11.05921419041146,-121.46683551057384
12.552552552552552,138.82136731507498,-710.8659276551203,11.05921419041146,-121.66703571077404
12.572572572572573,139.0427730045727,-713.3017041458265,11.05921419041146,-121.86723591097424
12.592592592592593,139.2641786940704,-715.7414886485487,11.05921419041146,-122.06743611117444
12.612612612612612,139.48558438356812,-718.185281163287,11.05921419041146,-122.26763631137464
12.632632632632632,139.70699007306584,-720.6330816900412,11.05921419041146,-122.46783651157484
12.652652652652652,139.92839576256355,-723.0848902288114,11.05921419041146,-122.66803671177504
12.672672672672673,140.14980145206127,-725.5407067795977,11.05921419041146,-122.86823691197525
12.692692692692694,140.37120714155898,-728.0005313424,11.05921419041146,-123.06843711217545
12.712712712712712,140.5926128310567,-730.4643639172183,11.05921419041146,-123.26863731237565
12.732732732732732,140.8140185205544,-732.9322045040526,11.05921419041146,-123.46883751257585
12.752752752752752,141.03542421005213,-735.4040531029029,11.05921419041146,-123.66903771277605
12.772772772772774,141.25682989954984,-737.8799097137693,11.05921419041146,-123.86923791297625
12.792792792792794,141.47823558904756,-740.3597743366516,11.05921419041146,-124.06943811317645
12.812812812812812,141.69964127854527,-742.84364697155,11.05921419041146,-124.26963831337665
12.832832832832832,141.921046968043,-745.3315276184644,11.05921419041146,-124.46983851357685
12.852852852852852,142.1424526575407,-747.8234162773949,11.05921419041146,-124.67003871377705
12.872872872872874,142.36385834703842,-750.3193129483415,11.05921419041146,-124.87023891397725
12.892892892892894,142.58526403653613,-752.819217631304,11.05921419041146,-125.07043911417745
12.912912912912912,142.80666972603385,-755.3231303262826,11.05921419041146,-125.27063931437765
12.932932932932932,143.02807541553156,-757.8310510332772,11.05921419041146,-125.47083951457785
12.952952952952952,143.24948110502928,-760.3429797522878,11.05921419041146,-125.67103971477805
12.972972972972974,143.470886794527,-762.8589164833144,11.05921419041146,-125.87123991497825
12.992992992992994,143.6922924840247,-765.378861226357,11.05921419041146,-126.07144011517845
13.013013013013012,143.91369817352242,-767.9028139814156,11.05921419041146,-126.27164031537865
13.033033033033032,144.13510386302013,-770.4307747484903,11.05921419041146,-126.47184051557885
13.053053053053052,144.35650955251785,-772.962743527581,11.05921419041146,-126.67204071577905
13.073073073073074,144.57791524201556,-775.4987203186877,11.05921419041146,-126.87224091597925
13.093093093093094,144.79932093151328,-778.0387051218104,11.05921419041146,-127.07244111617945
13.113113113113112,145.020726621011,-780.5826979369491,11.05921419041146,-127.27264131637965
13.133133133133132,145.2421323105087,-783.1306987641038,11.05921419041146,-127.47284151657985
13.153153153153154,145.46353800000642,-785.6827076032746,11.05921419041146,-127.67304171678005
13.173173173173174,145.68494368950414,-788.2387244544614,11.05921419041146,-127.87324191698025
13.193193193193194,145.90634937900185,-790.7987493176641,11.05921419041146,-128.07344211718046
13.213213213213212,146.12775506849957,-793.362782192883,11.05921419041146,-128.27364231738068
13.233233233233232,146.34916075799728,-795.9308230801178,11.05921419041146,-128.4738425175809
13.253253253253254,146.570566447495,-798.5028719793686,11.05921419041146,-128.6740427177811
13.273273273273274,146.7919721369927,-801.0789288906354,11.05921419041146,-128.87424291798132
13.293293293293294,147.01337782649043,-803.6589938139183,11.05921419041146,-129.07444311818153
13.313313313313312,147.23478351598814,-806.2430667492172,11.05921419041146,-129.27464331838175
13.333333333333332,147.45618920548586,-808.8311476965321,11.05921419041146,-129.47484351858196
13.353353353353354,147.67759489498357,-811.4232366558631,11.05921419041146,-129.67504371878218
13.373373373373374,147.89900058448129,-814.0193336272101,11.05921419041146,-129.8752439189824
13.393393393393394,148.120406273979,-816.6194386105732,11.05921419041146,-130.0754441191826
13.413413413413412,148.34181196347672,-819.2235516059523,11.05921419041146,-130.27564431938282
13.433433433433432,148.56321765297443,-821.8316726133473,11.05921419041146,-130.47584451958303
13.453453453453454,148.78462334247214,-824.4438016327584,11.05921419041146,-130.67604471978325
13.473473473473474,149.00602903196986,-827.0599386641856,11.05921419041146,-130.87624491998346
13.493493493493494,149.22743472146757,-829.6800837076287,11.05921419041146,-131.07644512018368
13.513513513513512,149.4488404109653,-832.3042367630878,11.05921419041146,-131.2766453203839
13.533533533533532,149.670246100463,-834.932397830563,11.05921419041146,-131.4768455205841
13.553553553553554,149.89165178996072,-837.5645669100542,11.05921419041146,-131.67704572078432
13.573573573573574,150.11305747945843,-840.2007440015614,11.05921419041146,-131.87724592098454
13.593593593593594,150.33446316895615,-842.8409291050846,11.05921419041146,-132.07744612118475
13.613613613613612,150.55586885845386,-845.4851222206238,11.05921419041146,-132.27764632138496
13.633633633633632,150.77727454795158,-848.133323348179,11.05921419041146,-132.47784652158518
13.653653653653654,150.9986802374493,-850.7855324877503,11.05921419041146,-132.6780467217854
13.673673673673674,151.220085926947,-853.4417496393376,11.05921419041146,-132.8782469219856
13.693693693693694,151.44149161644472,-856.1019748029408,11.05921419041146,-133.07844712218582
13.713713713713712,151.66289730594244,-858.7662079785601,11.05921419041146,-133.27864732238604
13.733733733733732,151.88430299544015,-861.4344491661955,11.05921419041146,-133.47884752258625
13.753753753753754,152.10570868493787,-864.1066983658468,11.05921419041146,-133.67904772278646
13.773773773773774,152.32711437443558,-866.7829555775141,11.05921419041146,-133.87924792298668
13.793793793793794,152.5485200639333,-869.4632208011975,11.05921419041146,-134.0794481231869
13.813813813813812,152.769925753431,-872.147494036897,11.05921419041146,-134.2796483233871
13.833833833833832,152.99133144292873,-874.8357752846125,11.05921419041146,-134.47984852358732
13.853853853853854,153.21273713242644,-877.528064544344,11.05921419041146,-134.68004872378754
13.873873873873874,153.43414282192415,-880.2243618160916,11.05921419041146,-134.88024892398775
13.893893893893894,153.65554851142187,-882.9246670998551,11.05921419041146,-135.08044912418796
13.913913913913913,153.87695420091958,-885.6289803956347,11.05921419041146,-135.28064932438818
13.933933933933933,154.0983598904173,-888.3373017034303,11.05921419041146,-135.4808495245884
13.953953953953954,154.319765579915,-891.0496310232419,11.05921419041146,-135.6810497247886
13.973973973973974,154.54117126941273,-893.7659683550695,11.05921419041146,-135.88124992498882
13.993993993993994,154.76257695891044,-896.4863136989131,11.05921419041146,-136.08145012518904
14.014014014014013,154.98398264840816,-899.2106670547728,11.05921419041146,-136.28165032538925
14.034034034034033,155.20538833790587,-901.9390284226484,11.05921419041146,-136.48185052558946
14.054054054054054,155.4267940274036,-904.6713978025401,11.05921419041146,-136.68205072578968
14.074074074074074,155.6481997169013,-907.4077751944478,11.05921419041146,-136.8822509259899
14.094094094094094,155.86960540639902,-910.1481605983715,11.05921419041146,-137.0824511261901
14.114114114114113,156.09101109589673,-912.8925540143113,11.05921419041146,-137.28265132639032
14.134134134134133,156.31241678539445,-915.640955442267,11.05921419041146,-137.48285152659054
14.154154154154154,156.53382247489216,-918.3933648822388,11.05921419041146,-137.68305172679075
14.174174174174174,156.75522816438988,-921.1497823342265,11.05921419041146,-137.88325192699097
14.194194194194194,156.9766338538876,-923.9102077982303,11.05921419041146,-138.08345212719118
14.214214214214213,157.1980395433853,-926.6746412742501,11.05921419041146,-138.2836523273914
14.234234234234233,157.41944523288302,-929.4430827622859,11.05921419041146,-138.4838525275916
14.254254254254255,157.64085092238074,-932.2155322623378,11.05921419041146,-138.68405272779182
14.274274274274275,157.86225661187845,-934.9919897744056,11.05921419041146,-138.88425292799204
14.294294294294295,158.08366230137617,-937.7724552984896,11.05921419041146,-139.08445312819225
14.314314314314313,158.30506799087388,-940.5569288345896,11.05921419041146,-139.28465332839247
14.334334334334333,158.5264736803716,-943.3454103827056,11.05921419041146,-139.48485352859268
14.354354354354355,158.7478793698693,-946.1378999428376,11.05921419041146,-139.6850537287929
14.374374374374375,158.96928505936702,-948.9343975149857,11.05921419041146,-139.8852539289931
14.394394394394395,159.19069074886474,-951.7349030991497,11.05921419041146,-140.08545412919332
14.414414414414413,159.41209643836245,-954.5394166953298,11.05921419041146,-140.28565432939354
14.434434434434436,159.63350212786017,-957.3479383035259,11.05921419041146,-140.48585452959375
14.454454454454455,159.85490781735788,-960.160467923738,11.05921419041146,-140.68605472979397
14.474474474474475,160.0763135068556,-962.9770055559661,11.05921419041146,-140.88625492999418
14.494494494494495,160.2977191963533,-965.7975512002103,11.05921419041146,-141.0864551301944
14.514514514514513,160.51912488585103,-968.6221048564704,11.05921419041146,-141.2866553303946
14.534534534534536,160.74053057534874,-971.4506665247466,11.05921419041146,-141.48685553059482
14.554554554554555,160.96193626484646,-974.2832362050387,11.05921419041146,-141.68705573079504
14.574574574574575,161.18334195434417,-977.119813897347,11.05921419041146,-141.88725593099525
14.594594594594595,161.4047476438419,-979.9603996016712,11.05921419041146,-142.08745613119547
14.614614614614613,161.6261533333396,-982.8049933180114,11.05921419041146,-142.28765633139568
14.634634634634637,161.84755902283732,-985.6535950463676,11.05921419041146,-142.4878565315959
14.654654654654655,162.06896471233503,-988.5062047867399,11.05921419041146,-142.6880567317961
14.674674674674675,162.29037040183275,-991.3628225391282,11.05921419041146,-142.88825693199632
14.694694694694695,162.51177609133046,-994.2234483035325,11.05921419041146,-143.08845713219654
14.714714714714713,162.73318178082818,-997.0880820799528,11.05921419041146,-143.28865733239675
14.734734734734737,162.9545874703259,-999.9567238683891,11.05921419041146,-143.48885753259697
14.754754754754755,163.1759931598236,-1002.8293736688414,11.05921419041146,-143.68905773279718
14.774774774774775,163.39739884932132,-1005.7060314813099,11.05921419041146,-143.8892579329974
14.794794794794795,163.61880453881903,-1008.5866973057944,11.05921419041146,-144.0894581331976
14.814814814814813,163.84021022831675,-1011.4713711422949,11.05921419041146,-144.28965833339782
14.834834834834837,164.06161591781446,-1014.3600529908114,11.05921419041146,-144.48985853359804
14.854854854854855,164.28302160731218,-1017.2527428513439,11.05921419041146,-144.69005873379825
14.874874874874875,164.5044272968099,-1020.1494407238924,11.05921419041146,-144.89025893399847
14.894894894894895,164.7258329863076,-1023.050146608457,11.05921419041146,-145.09045913419868
14.914914914914913,164.94723867580532,-1025.9548605050375,11.05921419041146,-145.2906593343989
14.934934934934937,165.16864436530304,-1028.863582413634,11.05921419041146,-145.4908595345991
14.954954954954955,165.39005005480075,-1031.7763123342465,11.05921419041146,-145.69105973479932
14.974974974974975,165.61145574429847,-1034.6930502668752,11.05921419041146,-145.89125993499954
14.994994994994995,165.83286143379618,-1037.6137962115197,11.05921419041146,-146.09146013519975
15.015015015015013,166.0542671232939,-1040.5385501681803,11.05921419041146,-146.29166033539997
15.035035035035037,166.2756728127916,-1043.4673121368571,11.05921419041146,-146.49186053560018
15.055055055055055,166.49707850228933,-1046.4000821175498,11.05921419041146,-146.6920607358004
15.075075075075075,166.71848419178704,-1049.3368601102586,11.05921419041146,-146.8922609360006
15.095095095095095,166.93988988128476,-1052.2776461149833,11.05921419041146,-147.09246113620082
15.115115115115113,167.16129557078247,-1055.2224401317242,11.05921419041146,-147.29266133640104
15.135135135135137,167.3827012602802,-1058.171242160481,11.05921419041146,-147.49286153660125
15.155155155155155,167.6041069497779,-1061.1240522012538,11.05921419041146,-147.69306173680147
15.175175175175175,167.82551263927562,-1064.0808702540426,11.05921419041146,-147.89326193700168
15.195195195195195,168.04691832877333,-1067.0416963188475,11.05921419041146,-148.0934621372019
15.215215215215213,168.26832401827104,-1070.0065303956683,11.05921419041146,-148.2936623374021
15.235235235235237,168.48972970776876,-1072.9753724845052,11.05921419041146,-148.49386253760233
15.255255255255255,168.71113539726647,-1075.948222585358,11.05921419041146,-148.69406273780254
15.275275275275275,168.9325410867642,-1078.925080698227,11.05921419041146,-148.89426293800275
15.295295295295295,169.1539467762619,-1081.905946823112,11.05921419041146,-149.09446313820297
15.315315315315313,169.37535246575962,-1084.890820960013,11.05921419041146,-149.29466333840318
15.335335335335337,169.59675815525733,-1087.8797031089298,11.05921419041146,-149.4948635386034
15.355355355355355,169.81816384475505,-1090.8725932698628,11.05921419041146,-149.6950637388036
15.375375375375375,170.03956953425276,-1093.8694914428117,11.05921419041146,-149.89526393900383
15.395395395395395,170.26097522375048,-1096.8703976277768,11.05921419041146,-150.09546413920404
15.415415415415413,170.4823809132482,-1099.8753118247578,11.05921419041146,-150.29566433940425
15.435435435435437,170.7037866027459,-1102.8842340337549,11.05921419041146,-150.49586453960447
15.455455455455455,170.92519229224362,-1105.8971642547679,11.05921419041146,-150.69606473980468
15.475475475475475,171.14659798174134,-1108.914102487797,11.05921419041146,-150.8962649400049
15.495495495495495,171.36800367123905,-1111.9350487328422,11.05921419041146,-151.0964651402051
15.515515515515514,171.58940936073677,-1114.9600029899034,11.05921419041146,-151.29666534040533
15.535535535535537,171.81081505023448,-1117.9889652589807,11.05921419041146,-151.49686554060554
15.555555555555555,172.0322207397322,-1121.0219355400739,11.05921419041146,-151.69706574080575
15.575575575575575,172.2536264292299,-1124.0589138331832,11.05921419041146,-151.89726594100597
15.595595595595595,172.47503211872763,-1127.0999001383084,11.05921419041146,-152.09746614120618
15.615615615615614,172.69643780822534,-1130.1448944554497,11.05921419041146,-152.2976663414064
15.635635635635637,172.91784349772306,-1133.193896784607,11.05921419041146,-152.4978665416066
15.655655655655655,173.13924918722077,-1136.2469071257804,11.05921419041146,-152.69806674180683
15.675675675675675,173.36065487671848,-1139.3039254789696,11.05921419041146,-152.89826694200704
15.695695695695695,173.5820605662162,-1142.364951844175,11.05921419041146,-153.09846714220726
15.715715715715717,173.80346625571391,-1145.4299862213963,11.05921419041146,-153.29866734240747
15.735735735735737,174.02487194521163,-1148.4990286106338,11.05921419041146,-153.49886754260768
15.755755755755755,174.24627763470934,-1151.5720790118871,11.05921419041146,-153.6990677428079
15.775775775775776,174.46768332420706,-1154.6491374251566,11.05921419041146,-153.8992679430081
15.795795795795796,174.68908901370477,-1157.730203850442,11.05921419041146,-154.09946814320833
15.815815815815817,174.9104947032025,-1160.8152782877435,11.05921419041146,-154.29966834340854
15.835835835835837,175.1319003927002,-1163.9043607370609,11.05921419041146,-154.49986854360876
15.855855855855856,175.35330608219792,-1166.9974511983944,11.05921419041146,-154.70006874380897
15.875875875875876,175.57471177169563,-1170.0945496717438,11.05921419041146,-154.90026894400918
15.895895895895896,175.79611746119335,-1173.1956561571094,11.05921419041146,-155.1004691442094
15.915915915915917,176.01752315069106,-1176.3007706544909,11.05921419041146,-155.3006693444096
15.935935935935937,176.23892884018878,-1179.4098931638885,11.05921419041146,-155.50086954460983
15.955955955955956,176.4603345296865,-1182.5230236853022,11.05921419041146,-155.70106974481004
15.975975975975976,176.6817402191842,-1185.6401622187318,11.05921419041146,-155.90126994501026
15.995995995995996,176.90314590868192,-1188.7613087641776,11.05921419041146,-156.10147014521047
16.016016016016017,177.12455159817964,-1191.8864633216392,11.05921419041146,-156.30167034541068
16.036036036036037,177.34595728767735,-1195.015625891117,11.05921419041146,-156.5018705456109
16.056056056056057,177.56736297717507,-1198.1487964726107,11.05921419041146,-156.7020707458111
16.076076076076077,177.78876866667278,-1201.2859750661205,11.05921419041146,-156.90227094601133
16.096096096096094,178.0101743561705,-1204.4271616716462,11.05921419041146,-157.10247114621154
16.116116116116117,178.2315800456682,-1207.572356289188,11.05921419041146,-157.30267134641176
16.136136136136138,178.45298573516592,-1210.7215589187458,11.05921419041146,-157.50287154661197
16.156156156156158,178.67439142466364,-1213.8747695603197,11.05921419041146,-157.70307174681218
16.176176176176178,178.89579711416135,-1217.0319882139095,11.05921419041146,-157.9032719470124
16.196196196196194,179.11720280365907,-1220.1932148795154,11.05921419041146,-158.1034721472126
16.216216216216218,179.33860849315678,-1223.3584495571372,11.05921419041146,-158.30367234741283
16.236236236236238,179.5600141826545,-1226.5276922467751,11.05921419041146,-158.50387254761304
16.256256256256258,179.7814198721522,-1229.700942948429,11.05921419041146,-158.70407274781326
16.276276276276278,180.00282556164993,-1232.878201662099,11.05921419041146,-158.90427294801347
16.296296296296294,180.22423125114764,-1236.0594683877848,11.05921419041146,-159.10447314821369
16.316316316316318,180.44563694064536,-1239.2447431254868,11.05921419041146,-159.3046733484139
16.336336336336338,180.66704263014307,-1242.4340258752047,11.05921419041146,-159.5048735486141
16.356356356356358,180.8884483196408,-1245.6273166369388,11.05921419041146,-159.70507374881433
16.376376376376378,181.1098540091385,-1248.8246154106887,11.05921419041146,-159.90527394901454
16.396396396396394,181.33125969863622,-1252.0259221964548,11.05921419041146,-160.10547414921476
16.416416416416418,181.55266538813393,-1255.2312369942367,11.05921419041146,-160.30567434941497
16.436436436436438,181.77407107763165,-1258.4405598040348,11.05921419041146,-160.50587454961519
16.456456456456458,181.99547676712936,-1261.653890625849,11.05921419041146,-160.7060747498154
16.476476476476478,182.21688245662708,-1264.8712294596792,11.05921419041146,-160.90627495001561
16.496496496496494,182.4382881461248,-1268.0925763055254,11.05921419041146,-161.10647515021583
16.516516516516518,182.6596938356225,-1271.3179311633876,11.05921419041146,-161.30667535041604
16.536536536536538,182.88109952512022,-1274.5472940332659,11.05921419041146,-161.50687555061626
16.556556556556558,183.10250521461793,-1277.78066491516,11.05921419041146,-161.70707575081647
16.576576576576578,183.32391090411565,-1281.0180438090704,11.05921419041146,-161.9072759510167
16.596596596596594,183.54531659361336,-1284.2594307149966,11.05921419041146,-162.1074761512169
16.616616616616618,183.76672228311108,-1287.504825632939,11.05921419041146,-162.30767635141711
16.636636636636638,183.9881279726088,-1290.7542285628972,11.05921419041146,-162.50787655161733
16.656656656656658,184.2095336621065,-1294.0076395048716,11.05921419041146,-162.70807675181754
16.676676676676678,184.43093935160422,-1297.2650584588619,11.05921419041146,-162.90827695201776
16.696696696696694,184.65234504110194,-1300.5264854248683,11.05921419041146,-163.10847715221797
16.716716716716718,184.87375073059965,-1303.7919204028906,11.05921419041146,-163.3086773524182
16.736736736736738,185.09515642009737,-1307.061363392929,11.05921419041146,-163.5088775526184
16.756756756756758,185.31656210959508,-1310.3348143949834,11.05921419041146,-163.70907775281862
16.776776776776778,185.5379677990928,-1313.6122734090538,11.05921419041146,-163.90927795301883
16.796796796796794,185.7593734885905,-1316.8937404351402,11.05921419041146,-164.10947815321904
16.816816816816818,185.98077917808823,-1320.1792154732427,11.05921419041146,-164.30967835341926
16.836836836836838,186.20218486758594,-1323.4686985233611,11.05921419041146,-164.50987855361947
16.856856856856858,186.42359055708366,-1326.7621895854957,11.05921419041146,-164.7100787538197
16.876876876876878,186.64499624658137,-1330.059688659646,11.05921419041146,-164.9102789540199
16.896896896896898,186.8664019360791,-1333.3611957458127,11.05921419041146,-165.11047915422012
16.916916916916918,187.0878076255768,-1336.6667108439954,11.05921419041146,-165.31067935442033
16.936936936936938,187.30921331507452,-1339.976233954194,11.05921419041146,-165.51087955462054
16.956956956956958,187.53061900457223,-1343.2897650764087,11.05921419041146,-165.71107975482076
16.976976976976978,187.75202469406995,-1346.6073042106393,11.05921419041146,-165.91127995502097
16.996996996996998,187.97343038356766,-1349.928851356886,11.05921419041146,-166.1114801552212
17.017017017017018,188.19483607306537,-1353.2544065151487,11.05921419041146,-166.3116803554214
17.037037037037038,188.4162417625631,-1356.5839696854275,11.05921419041146,-166.51188055562162
17.057057057057058,188.6376474520608,-1359.9175408677222,11.05921419041146,-166.71208075582183
17.077077077077078,188.85905314155852,-1363.255120062033,11.05921419041146,-166.91228095602204
17.097097097097098,189.08045883105623,-1366.5967072683598,11.05921419041146,-167.11248115622226
17.117117117117118,189.30186452055395,-1369.9423024867026,11.05921419041146,-167.31268135642247
17.137137137137138,189.52327021005166,-1373.2919057170614,11.05921419041146,-167.5128815566227
17.157157157157158,189.74467589954938,-1376.6455169594362,11.05921419041146,-167.7130817568229
17.177177177177178,189.9660815890471,-1380.003136213827,11.05921419041146,-167.91328195702312
17.197197197197198,190.1874872785448,-1383.364763480234,11.05921419041146,-168.11348215722333
17.217217217217218,190.40889296804252,-1386.7303987586567,11.05921419041146,-168.31368235742354
17.237237237237238,190.63029865754024,-1390.1000420490957,11.05921419041146,-168.51388255762376
17.25725725725726,190.85170434703795,-1393.4736933515505,11.05921419041146,-168.71408275782397
17.27727727727728,191.07311003653567,-1396.8513526660215,11.05921419041146,-168.9142829580242
17.2972972972973,191.29451572603338,-1400.2330199925084,11.05921419041146,-169.1144831582244
17.31731731731732,191.5159214155311,-1403.6186953310114,11.05921419041146,-169.31468335842462
17.33733733733734,191.7373271050288,-1407.0083786815303,11.05921419041146,-169.51488355862483
17.35735735735736,191.95873279452653,-1410.4020700440653,11.05921419041146,-169.71508375882505
17.37737737737738,192.18013848402424,-1413.7997694186163,11.05921419041146,-169.91528395902526
17.3973973973974,192.40154417352196,-1417.2014768051833,11.05921419041146,-170.11548415922547
17.41741741741742,192.62294986301967,-1420.6071922037665,11.05921419041146,-170.3156843594257
17.43743743743744,192.84435555251738,-1424.0169156143656,11.05921419041146,-170.5158845596259
17.45745745745746,193.0657612420151,-1427.4306470369809,11.05921419041146,-170.71608475982612
17.47747747747748,193.28716693151281,-1430.848386471612,11.05921419041146,-170.91628496002633
17.4974974974975,193.50857262101053,-1434.2701339182593,11.05921419041146,-171.11648516022655
17.51751751751752,193.72997831050824,-1437.6958893769224,11.05921419041146,-171.31668536042676
17.53753753753754,193.95138400000596,-1441.1256528476017,11.05921419041146,-171.51688556062697
17.55755755755756,194.17278968950367,-1444.559424330297,11.05921419041146,-171.7170857608272
17.57757757757758,194.3941953790014,-1447.9972038250082,11.05921419041146,-171.9172859610274
17.5975975975976,194.6156010684991,-1451.4389913317355,11.05921419041146,-172.11748616122762
17.61761761761762,194.83700675799682,-1454.8847868504788,11.05921419041146,-172.31768636142783
17.63763763763764,195.05841244749453,-1458.334590381238,11.05921419041146,-172.51788656162805
17.65765765765766,195.27981813699225,-1461.7884019240134,11.05921419041146,-172.71808676182826
17.67767767767768,195.50122382648996,-1465.2462214788047,11.05921419041146,-172.91828696202847
17.6976976976977,195.72262951598768,-1468.7080490456121,11.05921419041146,-173.1184871622287
17.71771771771772,195.9440352054854,-1472.1738846244355,11.05921419041146,-173.3186873624289
17.73773773773774,196.1654408949831,-1475.643728215275,11.05921419041146,-173.51888756262912
17.75775775775776,196.38684658448082,-1479.1175798181303,11.05921419041146,-173.71908776282933
17.77777777777778,196.60825227397854,-1482.5954394330017,11.05921419041146,-173.91928796302955
17.7977977977978,196.82965796347625,-1486.077307059889,11.05921419041146,-174.11948816322976
17.81781781781782,197.05106365297397,-1489.5631826987926,11.05921419041146,-174.31968836342998
17.83783783783784,197.27246934247168,-1493.053066349712,11.05921419041146,-174.5198885636302
17.85785785785786,197.4938750319694,-1496.5469580126476,11.05921419041146,-174.7200887638304
17.87787787787788,197.7152807214671,-1500.0448576875992,11.05921419041146,-174.92028896403062
17.8978978978979,197.93668641096482,-1503.5467653745668,11.05921419041146,-175.12048916423083
17.91791791791792,198.15809210046254,-1507.0526810735505,11.05921419041146,-175.32068936443105
17.93793793793794,198.37949778996025,-1510.56260478455,11.05921419041146,-175.52088956463126
17.95795795795796,198.60090347945797,-1514.0765365075658,11.05921419041146,-175.72108976483148
17.97797797797798,198.82230916895568,-1517.5944762425975,11.05921419041146,-175.9212899650317
17.997997997998,199.0437148584534,-1521.1164239896452,11.05921419041146,-176.1214901652319
18.01801801801802,199.2651205479511,-1524.642379748709,11.05921419041146,-176.32169036543212
18.03803803803804,199.48652623744883,-1528.1723435197887,11.05921419041146,-176.52189056563233
18.05805805805806,199.70793192694654,-1531.7063153028844,11.05921419041146,-176.72209076583255
18.07807807807808,199.92933761644426,-1535.2442950979962,11.05921419041146,-176.92229096603276
18.0980980980981,200.15074330594197,-1538.786282905124,11.05921419041146,-177.12249116623298
18.11811811811812,200.3721489954397,-1542.3322787242678,11.05921419041146,-177.3226913664332
18.13813813813814,200.5935546849374,-1545.8822825554275,11.05921419041146,-177.5228915666334
18.15815815815816,200.81496037443512,-1549.4362943986034,11.05921419041146,-177.72309176683362
18.17817817817818,201.03636606393283,-1552.9943142537952,11.05921419041146,-177.92329196703383
18.1981981981982,201.25777175343055,-1556.5563421210031,11.05921419041146,-178.12349216723405
18.21821821821822,201.47917744292826,-1560.122378000227,11.05921419041146,-178.32369236743426
18.23823823823824,201.70058313242598,-1563.692421891467,11.05921419041146,-178.52389256763448
18.25825825825826,201.9219888219237,-1567.2664737947227,11.05921419041146,-178.7240927678347
18.27827827827828,202.1433945114214,-1570.8445337099947,11.05921419041146,-178.9242929680349
18.2982982982983,202.36480020091912,-1574.4266016372826,11.05921419041146,-179.12449316823512
18.31831831831832,202.58620589041684,-1578.0126775765866,11.05921419041146,-179.32469336843533
18.33833833833834,202.80761157991455,-1581.6027615279068,11.05921419041146,-179.52489356863555
18.35835835835836,203.02901726941226,-1585.1968534912428,11.05921419041146,-179.72509376883576
18.37837837837838,203.25042295890998,-1588.794953466595,11.05921419041146,-179.92529396903598
18.3983983983984,203.4718286484077,-1592.397061453963,11.05921419041146,-180.1254941692362
18.41841841841842,203.6932343379054,-1596.0031774533472,11.05921419041146,-180.3256943694364
18.43843843843844,203.91464002740312,-1599.6133014647473,11.05921419041146,-180.52589456963662
18.45845845845846,204.13604571690084,-1603.2274334881636,11.05921419041146,-180.72609476983683
18.47847847847848,204.35745140639855,-1606.8455735235957,11.05921419041146,-180.92629497003705
18.4984984984985,204.57885709589627,-1610.467721571044,11.05921419041146,-181.12649517023726
18.51851851851852,204.80026278539398,-1614.0938776305081,11.05921419041146,-181.32669537043748
18.53853853853854,205.0216684748917,-1617.7240417019884,11.05921419041146,-181.5268955706377
18.55855855855856,205.2430741643894,-1621.3582137854846,11.05921419041146,-181.7270957708379
18.57857857857858,205.46447985388713,-1624.996393880997,11.05921419041146,-181.92729597103812
18.5985985985986,205.68588554338484,-1628.6385819885252,11.05921419041146,-182.12749617123833
18.61861861861862,205.90729123288256,-1632.2847781080695,11.05921419041146,-182.32769637143855
18.63863863863864,206.12869692238027,-1635.9349822396298,11.05921419041146,-182.52789657163876
18.65865865865866,206.350102611878,-1639.5891943832062,11.05921419041146,-182.72809677183898
18.67867867867868,206.5715083013757,-1643.2474145387985,11.05921419041146,-182.9282969720392
18.6986986986987,206.79291399087342,-1646.9096427064069,11.05921419041146,-183.1284971722394
18.71871871871872,207.01431968037113,-1650.5758788860312,11.05921419041146,-183.32869737243962
18.73873873873874,207.23572536986885,-1654.2461230776717,11.05921419041146,-183.52889757263983
18.75875875875876,207.45713105936656,-1657.920375281328,11.05921419041146,-183.72909777284005
18.77877877877878,207.67853674886427,-1661.5986354970005,11.05921419041146,-183.92929797304026
18.7987987987988,207.899942438362,-1665.2809037246889,11.05921419041146,-184.12949817324048
18.81881881881882,208.1213481278597,-1668.9671799643934,11.05921419041146,-184.3296983734407
18.83883883883884,208.34275381735742,-1672.657464216114,11.05921419041146,-184.5298985736409
18.85885885885886,208.56415950685513,-1676.3517564798506,11.05921419041146,-184.73009877384112
18.87887887887888,208.78556519635285,-1680.0500567556032,11.05921419041146,-184.93029897404134
18.8988988988989,209.00697088585056,-1683.7523650433718,11.05921419041146,-185.13049917424155
18.91891891891892,209.22837657534828,-1687.4586813431565,11.05921419041146,-185.33069937444176
18.93893893893894,209.449782264846,-1691.1690056549571,11.05921419041146,-185.53089957464198
18.95895895895896,209.6711879543437,-1694.8833379787739,11.05921419041146,-185.7310997748422
18.97897897897898,209.89259364384142,-1698.6016783146065,11.05921419041146,-185.9312999750424
18.998998998999,210.11399933333914,-1702.3240266624553,11.05921419041146,-186.13150017524262
19.01901901901902,210.33540502283685,-1706.05038302232,11.05921419041146,-186.33170037544284
19.03903903903904,210.55681071233457,-1709.7807473942007,11.05921419041146,-186.53190057564305
19.05905905905906,210.77821640183228,-1713.5151197780974,11.05921419041146,-186.73210077584326
19.07907907907908,210.99962209133,-1717.2535001740102,11.05921419041146,-186.93230097604348
19.0990990990991,211.2210277808277,-1720.995888581939,11.05921419041146,-187.1325011762437
19.11911911911912,211.44243347032543,-1724.7422850018838,11.05921419041146,-187.3327013764439
19.13913913913914,211.66383915982314,-1728.4926894338446,11.05921419041146,-187.53290157664412
19.15915915915916,211.88524484932086,-1732.2471018778215,11.05921419041146,-187.73310177684434
19.17917917917918,212.10665053881857,-1736.0055223338143,11.05921419041146,-187.93330197704455
19.1991991991992,212.32805622831629,-1739.7679508018232,11.05921419041146,-188.13350217724476
19.21921921921922,212.549461917814,-1743.534387281848,11.05921419041146,-188.33370237744498
19.23923923923924,212.77086760731171,-1747.304831773889,11.05921419041146,-188.5339025776452
19.25925925925926,212.99227329680943,-1751.0792842779458,11.05921419041146,-188.7341027778454
19.27927927927928,213.21367898630714,-1754.8577447940188,11.05921419041146,-188.93430297804562
19.2992992992993,213.43508467580486,-1758.640213322108,11.05921419041146,-189.13450317824584
19.31931931931932,213.65649036530257,-1762.426689862213,11.05921419041146,-189.33470337844605
19.33933933933934,213.8778960548003,-1766.217174414334,11.05921419041146,-189.53490357864627
19.35935935935936,214.099301744298,-1770.011666978471,11.05921419041146,-189.73510377884648
19.37937937937938,214.32070743379572,-1773.8101675546243,11.05921419041146,-189.9353039790467
19.3993993993994,214.54211312329343,-1777.6126761427934,11.05921419041146,-190.1355041792469
19.41941941941942,214.76351881279115,-1781.4191927429786,11.05921419041146,-190.33570437944712
19.43943943943944,214.98492450228886,-1785.2297173551797,11.05921419041146,-190.53590457964734
19.45945945945946,215.20633019178658,-1789.044249979397,11.05921419041146,-190.73610477984755
19.47947947947948,215.4277358812843,-1792.86279061563,11.05921419041146,-190.93630498004777
19.4994994994995,215.649141570782,-1796.6853392638793,11.05921419041146,-191.13650518024798
19.51951951951952,215.87054726027972,-1800.5118959241445,11.05921419041146,-191.3367053804482
19.53953953953954,216.09195294977744,-1804.3424605964258,11.05921419041146,-191.5369055806484
19.55955955955956,216.31335863927515,-1808.177033280723,11.05921419041146,-191.73710578084862
19.57957957957958,216.53476432877287,-1812.0156139770363,11.05921419041146,-191.93730598104884
19.5995995995996,216.75617001827058,-1815.8582026853655,11.05921419041146,-192.13750618124905
19.61961961961962,216.9775757077683,-1819.704799405711,11.05921419041146,-192.33770638144927
19.63963963963964,217.198981397266,-1823.5554041380722,11.05921419041146,-192.53790658164948
19.65965965965966,217.42038708676372,-1827.4100168824496,11.05921419041146,-192.7381067818497
19.67967967967968,217.64179277626144,-1831.2686376388428,11.05921419041146,-192.9383069820499
19.6996996996997,217.86319846575915,-1835.1312664072523,11.05921419041146,-193.13850718225012
19.71971971971972,218.08460415525687,-1838.9979031876776,11.05921419041146,-193.33870738245034
19.73973973973974,218.30600984475458,-1842.868547980119,11.05921419041146,-193.53890758265055
19.75975975975976,218.5274155342523,-1846.7432007845764,11.05921419041146,-193.73910778285077
19.77977977977978,218.74882122375,-1850.6218616010499,11.05921419041146,-193.93930798305098
19.7997997997998,218.97022691324773,-1854.5045304295395,11.05921419041146,-194.1395081832512
19.81981981981982,219.19163260274544,-1858.391207270045,11.05921419041146,-194.3397083834514
19.83983983983984,219.41303829224316,-1862.2818921225667,11.05921419041146,-194.53990858365162
19.85985985985986,219.63444398174087,-1866.1765849871042,11.05921419041146,-194.74010878385184
19.87987987987988,219.8558496712386,-1870.0752858636579,11.05921419041146,-194.94030898405205
19.8998998998999,220.0772553607363,-1873.9779947522275,11.05921419041146,-195.14050918425227
19.91991991991992,220.29866105023402,-1877.8847116528132,11.05921419041146,-195.34070938445248
19.93993993993994,220.52006673973173,-1881.7954365654148,11.05921419041146,-195.5409095846527
19.95995995995996,220.74147242922945,-1885.7101694900325,11.05921419041146,-195.7411097848529
19.97997997997998,220.96287811872716,-1889.6289104266662,11.05921419041146,-195.94130998505312
20.0,221.18428380822488,-1893.551659375316,11.05921419041146,-196.14151018525334
