t,xpos,ypos,vx,vy
0.0,0.0,27.699260549399963,0.8185343541197035,3.1627507867324716
0.02002002002002002,0.01638707415655062,27.76257888346868,0.8185343541197035,2.9625505865322714
0.04004004004004004,0.03277414831310124,27.82188920552138,0.8185343541197035,2.7623503863320713
0.06006006006006006,0.049161222469651863,27.877191515558057,0.8185343541197035,2.562150186131871
0.08008008008008008,0.06554829662620248,27.928485813578714,0.8185343541197035,2.361949985931671
0.10010010010010009,0.0819353707827531,27.975772099583352,0.8185343541197035,2.161749785731471
0.12012012012012012,0.09832244493930373,28.01905037357197,0.8185343541197035,1.9615495855312708
0.14014014014014015,0.11470951909585435,28.05832063554457,0.8185343541197035,1.7613493853310707
0.16016016016016016,0.13109659325240497,28.093582885501146,0.8185343541197035,1.5611491851308705
0.18018018018018017,0.14748366740895558,28.124837123441704,0.8185343541197035,1.3609489849306704
0.20020020020020018,0.16387074156550618,28.152083349366244,0.8185343541197035,1.1607487847304703
0.22022022022022023,0.1802578157220568,28.17532156327476,0.8185343541197035,0.9605485845302701
0.24024024024024024,0.1966448898786074,28.194551765167258,0.8185343541197035,0.76034838433007
0.2602602602602603,0.213031964035158,28.209773955043737,0.8185343541197035,0.5601481841298699
0.2802802802802803,0.2294190381917086,28.220988132904196,0.8185343541197035,0.3599479839296697
0.3003003003003003,0.24580611234825922,28.228194298748633,0.8185343541197035,0.15974778372946952
0.3203203203203203,0.2621931865048098,28.23139245257705,0.8185343541197035,-0.04045241647073067
0.3403403403403404,0.27858026066136043,28.23058259438945,0.8185343541197035,-0.24065261667093085
0.36036036036036034,0.29496733481791104,28.225764724185826,0.8185343541197035,-0.44085281687113104
0.3803803803803804,0.31135440897446165,28.216938841966183,0.8185343541197035,-0.6410530170713312
0.40040040040040037,0.32774148313101226,28.20410494773052,0.8185343541197035,-0.8412532172715315
0.42042042042042044,0.34412855728756286,28.18726304147884,0.8185343541197035,-1.0414534174717316
0.44044044044044045,0.36051563144411347,28.166413123211136,0.8185343541197035,-1.2416536176719317
0.4604604604604605,0.3769027056006641,28.141555192927413,0.8185343541197035,-1.4418538178721318
0.4804804804804805,0.3932897797572147,28.11268925062767,0.8185343541197035,-1.642054018072332
0.5005005005005005,0.4096768539137653,28.07981529631191,0.8185343541197035,-1.842254218272532
0.5205205205205206,0.4260639280703159,28.042933329980126,0.8185343541197035,-2.0424544184727322
0.5405405405405406,0.4424510022268665,28.002043351632324,0.8185343541197035,-2.2426546186729324
0.5605605605605606,0.4588380763834171,27.957145361268502,0.8185343541197035,-2.4428548188731325
0.5805805805805806,0.4752251505399677,27.90823935888866,0.8185343541197035,-2.6430550190733326
0.6006006006006006,0.49161222469651833,27.855325344492798,0.8185343541197035,-2.8432552192735328
0.6206206206206206,0.5079992988530689,27.798403318080915,0.8185343541197035,-3.043455419473733
0.6406406406406406,0.5243863730096195,27.737473279653013,0.8185343541197035,-3.243655619673933
0.6606606606606606,0.5407734471661702,27.67253522920909,0.8185343541197035,-3.443855819874133
0.6806806806806808,0.5571605213227208,27.603589166749146,0.8185343541197035,-3.6440560200743333
0.7007007007007007,0.5735475954792714,27.530635092273183,0.8185343541197035,-3.8442562202745334
0.7207207207207207,0.589934669635822,27.4536730057812,0.8185343541197035,-4.0444564204747335
0.7407407407407407,0.6063217437923726,27.372702907273197,0.8185343541197035,-4.244656620674934
0.7607607607607608,0.6227088179489232,27.287724796749174,0.8185343541197035,-4.444856820875134
0.7807807807807808,0.6390958921054738,27.19873867420913,0.8185343541197035,-4.645057021075334
0.8008008008008007,0.6554829662620244,27.10574453965307,0.8185343541197035,-4.845257221275534
0.8208208208208208,0.671870040418575,27.008742393080986,0.8185343541197035,-5.045457421475734
0.8408408408408409,0.6882571145751256,26.907732234492883,0.8185343541197035,-5.245657621675934
0.8608608608608609,0.7046441887316762,26.80271406388876,0.8185343541197035,-5.445857821876134
0.8808808808808809,0.7210312628882268,26.69368788126862,0.8185343541197035,-5.646058022076335
0.9009009009009008,0.7374183370447774,26.580653686632456,0.8185343541197035,-5.846258222276535
0.920920920920921,0.753805411201328,26.463611479980273,0.8185343541197035,-6.046458422476735
0.9409409409409409,0.7701924853578787,26.34256126131207,0.8185343541197035,-6.246658622676935
0.960960960960961,0.7865795595144293,26.21750303062785,0.8185343541197035,-6.446858822877135
0.980980980980981,0.8029666336709799,26.088436787927606,0.8185343541197035,-6.647059023077335
1.001001001001001,0.8193537078275305,25.955362533211343,0.8185343541197035,-6.847259223277535
1.021021021021021,0.8357407819840811,25.81828026647906,0.8185343541197035,-7.0474594234777355
1.0410410410410411,0.8521278561406317,25.677189987730756,0.8185343541197035,-7.247659623677936
1.0610610610610611,0.8685149302971823,25.532091696966432,0.8185343541197035,-7.447859823878136
1.0810810810810811,0.8849020044537329,25.38298539418609,0.8185343541197035,-7.648060024078336
1.1011011011011012,0.9012890786102835,25.229871079389728,0.8185343541197035,-7.848260224278536
1.1211211211211212,0.9176761527668341,25.072748752577343,0.8185343541197035,-8.048460424478737
1.1411411411411412,0.9340632269233847,24.91161841374894,0.8185343541197035,-8.248660624678937
1.1611611611611612,0.9504503010799353,24.746480062904517,0.8185343541197035,-8.448860824879137
1.1811811811811812,0.9668373752364859,24.577333700044075,0.8185343541197035,-8.649061025079337
1.2012012012012012,0.9832244493930365,24.40417932516761,0.8185343541197035,-8.849261225279538
1.2212212212212212,0.9996115235495872,24.227016938275128,0.8185343541197035,-9.049461425479738
1.2412412412412412,1.0159985977061379,24.045846539366625,0.8185343541197035,-9.249661625679938
1.2612612612612613,1.0323856718626885,23.860668128442104,0.8185343541197035,-9.449861825880138
1.2812812812812813,1.048772746019239,23.67148170550156,0.8185343541197035,-9.650062026080338
1.3013013013013013,1.0651598201757897,23.478287270544996,0.8185343541197035,-9.850262226280538
1.3213213213213213,1.0815468943323403,23.281084823572414,0.8185343541197035,-10.050462426480738
1.3413413413413413,1.097933968488891,23.07987436458381,0.8185343541197035,-10.250662626680938
1.3613613613613615,1.1143210426454415,22.874655893579185,0.8185343541197035,-10.450862826881139
1.3813813813813813,1.1307081168019921,22.66542941055854,0.8185343541197035,-10.651063027081339
1.4014014014014013,1.1470951909585427,22.45219491552188,0.8185343541197035,-10.851263227281539
1.4214214214214214,1.1634822651150933,22.234952408469194,0.8185343541197035,-11.051463427481739
1.4414414414414414,1.179869339271644,22.01370188940049,0.8185343541197035,-11.251663627681939
1.4614614614614616,1.1962564134281946,21.788443358315767,0.8185343541197035,-11.45186382788214
1.4814814814814814,1.2126434875847452,21.559176815215025,0.8185343541197035,-11.65206402808234
1.5015015015015014,1.2290305617412958,21.32590226009826,0.8185343541197035,-11.85226422828254
1.5215215215215216,1.2454176358978464,21.088619692965477,0.8185343541197035,-12.05246442848274
1.5415415415415414,1.261804710054397,20.847329113816674,0.8185343541197035,-12.25266462868294
1.5615615615615617,1.2781917842109476,20.60203052265185,0.8185343541197035,-12.45286482888314
1.5815815815815815,1.2945788583674982,20.352723919471007,0.8185343541197035,-12.65306502908334
1.6016016016016015,1.3109659325240488,20.099409304274143,0.8185343541197035,-12.85326522928354
1.6216216216216217,1.3273530066805994,19.84208667706126,0.8185343541197035,-13.05346542948374
1.6416416416416415,1.34374008083715,19.580756037832355,0.8185343541197035,-13.25366562968394
1.6616616616616617,1.3601271549937006,19.31541738658743,0.8185343541197035,-13.45386582988414
1.6816816816816818,1.3765142291502512,19.046070723326487,0.8185343541197035,-13.65406603008434
1.7017017017017015,1.3929013033068018,18.772716048049524,0.8185343541197035,-13.85426623028454
1.7217217217217218,1.4092883774633524,18.49535336075654,0.8185343541197035,-14.05446643048474
1.7417417417417416,1.425675451619903,18.213982661447535,0.8185343541197035,-14.254666630684941
1.7617617617617618,1.4420625257764537,17.92860395012251,0.8185343541197035,-14.454866830885141
1.7817817817817818,1.4584495999330043,17.63921722678147,0.8185343541197035,-14.655067031085341
1.8018018018018016,1.4748366740895549,17.345822491424403,0.8185343541197035,-14.855267231285541
1.8218218218218218,1.4912237482461055,17.04841974405132,0.8185343541197035,-15.055467431485742
1.841841841841842,1.507610822402656,16.747008984662216,0.8185343541197035,-15.255667631685942
1.8618618618618619,1.5239978965592067,16.441590213257093,0.8185343541197035,-15.455867831886142
1.8818818818818819,1.5403849707157573,16.13216342983595,0.8185343541197035,-15.656068032086342
1.9019019019019017,1.556772044872308,15.818728634398784,0.8185343541197035,-15.856268232286542
1.921921921921922,1.5731591190288585,15.501285826945601,0.8185343541197035,-16.056468432486742
1.9419419419419421,1.5895461931854091,15.179835007476397,0.8185343541197035,-16.256668632686942
1.961961961961962,1.6059332673419597,14.854376175991172,0.8185343541197035,-16.456868832887142
1.981981981981982,1.6223203414985103,14.524909332489928,0.8185343541197035,-16.657069033087343
2.002002002002002,1.638707415655061,14.191434476972663,0.8185343541197035,-16.857269233287543
2.022022022022022,1.6550944898116116,13.85395160943938,0.8185343541197035,-17.057469433487743
2.042042042042042,1.6714815639681622,13.512460729890075,0.8185343541197035,-17.257669633687943
2.0620620620620618,1.6878686381247128,13.16696183832475,0.8185343541197035,-17.457869833888143
2.0820820820820822,1.7042557122812634,12.817454934743406,0.8185343541197035,-17.658070034088343
2.1021021021021022,1.720642786437814,12.463940019146042,0.8185343541197035,-17.858270234288543
2.1221221221221223,1.7370298605943646,12.106417091532657,0.8185343541197035,-18.058470434488743
2.1421421421421423,1.7534169347509152,11.744886151903254,0.8185343541197035,-18.258670634688944
2.1621621621621623,1.7698040089074658,11.379347200257829,0.8185343541197035,-18.458870834889144
2.1821821821821823,1.7861910830640164,11.009800236596385,0.8185343541197035,-18.659071035089344
2.2022022022022023,1.802578157220567,10.63624526091892,0.8185343541197035,-18.859271235289544
2.2222222222222223,1.8189652313771176,10.258682273225437,0.8185343541197035,-19.059471435489744
2.2422422422422423,1.8353523055336682,9.877111273515933,0.8185343541197035,-19.259671635689944
2.2622622622622623,1.8517393796902188,9.49153226179041,0.8185343541197035,-19.459871835890144
2.2822822822822824,1.8681264538467695,9.101945238048865,0.8185343541197035,-19.660072036090344
2.3023023023023024,1.88451352800332,8.7083502022913,0.8185343541197035,-19.860272236290545
2.3223223223223224,1.9009006021598707,8.310747154517715,0.8185343541197035,-20.060472436490745
2.3423423423423424,1.9172876763164213,7.909136094728111,0.8185343541197035,-20.260672636690945
2.3623623623623624,1.9336747504729719,7.503517022922487,0.8185343541197035,-20.460872836891145
2.3823823823823824,1.9500618246295225,7.093889939100842,0.8185343541197035,-20.661073037091345
2.4024024024024024,1.966448898786073,6.680254843263178,0.8185343541197035,-20.861273237291545
2.4224224224224224,1.9828359729426237,6.262611735409494,0.8185343541197035,-21.061473437491745
2.4424424424424425,1.9992230470991743,5.840960615539789,0.8185343541197035,-21.261673637691946
2.4624624624624625,2.015610121255725,5.415301483654064,0.8185343541197035,-21.461873837892146
2.4824824824824825,2.0319971954122757,4.985634339752319,0.8185343541197035,-21.662074038092346
2.5025025025025025,2.0483842695688264,4.551959183834554,0.8185343541197035,-21.862274238292546
2.5225225225225225,2.064771343725377,4.114276015900769,0.8185343541197035,-22.062474438492746
2.5425425425425425,2.0811584178819276,3.672584835950964,0.8185343541197035,-22.262674638692946
2.5625625625625625,2.097545492038478,3.226885643985139,0.8185343541197035,-22.462874838893146
2.5825825825825826,2.113932566195029,2.7771784400032944,0.8185343541197035,-22.663075039093346
2.6026026026026026,2.1303196403515794,2.3234632240054296,0.8185343541197035,-22.863275239293547
2.6226226226226226,2.14670671450813,1.8657399959915448,0.8185343541197035,-23.063475439493747
2.6426426426426426,2.1630937886646806,1.40400875596164,0.8185343541197035,-23.263675639693947
2.6626626626626626,2.179480862821231,0.9382695039157152,0.8185343541197035,-23.463875839894147
2.6826826826826826,2.195867936977782,0.4685222398537703,0.8185343541197035,-23.664076040094347
2.7027027027027026,2.2122550111343324,-0.0052330362241946315,0.8185343541197035,-23.864276240294547
2.722722722722723,2.228642085290883,-0.48299632431817957,0.8185343541197035,-24.064476440494747
2.7427427427427427,2.2450291594474336,-0.9647676244281845,0.8185343541197035,-24.264676640694947
2.7627627627627627,2.2614162336039842,-1.4505469365542094,0.8185343541197035,-24.464876840895148
2.7827827827827827,2.277803307760535,-1.9403342606962544,0.8185343541197035,-24.665077041095348
2.8028028028028027,2.2941903819170855,-2.4341295968543193,0.8185343541197035,-24.865277241295548
2.822822822822823,2.310577456073636,-2.931932945028404,0.8185343541197035,-25.065477441495748
2.8428428428428427,2.3269645302301867,-3.433744305218509,0.8185343541197035,-25.265677641695948
2.8628628628628627,2.3433516043867373,-3.9395636774246343,0.8185343541197035,-25.46587784189615
2.8828828828828827,2.359738678543288,-4.4493910616467796,0.8185343541197035,-25.66607804209635
2.9029029029029028,2.3761257526998385,-4.963226457884945,0.8185343541197035,-25.86627824229655
2.922922922922923,2.392512826856389,-5.48106986613913,0.8185343541197035,-26.06647844249675
2.942942942942943,2.4088999010129397,-6.002921286409335,0.8185343541197035,-26.26667864269695
2.962962962962963,2.4252869751694903,-6.52878071869556,0.8185343541197035,-26.46687884289715
2.982982982982983,2.441674049326041,-7.058648162997805,0.8185343541197035,-26.66707904309735
3.003003003003003,2.4580611234825915,-7.59252361931607,0.8185343541197035,-26.86727924329755
3.0230230230230233,2.474448197639142,-8.130407087650356,0.8185343541197035,-27.06747944349775
3.0430430430430433,2.4908352717956928,-8.672298568000661,0.8185343541197035,-27.26767964369795
3.063063063063063,2.5072223459522434,-9.218198060366987,0.8185343541197035,-27.46787984389815
3.083083083083083,2.523609420108794,-9.768105564749332,0.8185343541197035,-27.66808004409835
3.103103103103103,2.5399964942653446,-10.322021081147698,0.8185343541197035,-27.86828024429855
3.1231231231231233,2.556383568421895,-10.879944609562083,0.8185343541197035,-28.06848044449875
3.1431431431431434,2.572770642578446,-11.441876149992488,0.8185343541197035,-28.26868064469895
3.163163163163163,2.5891577167349964,-12.007815702438913,0.8185343541197035,-28.46888084489915
3.183183183183183,2.605544790891547,-12.577763266901359,0.8185343541197035,-28.66908104509935
3.203203203203203,2.6219318650480976,-13.151718843379824,0.8185343541197035,-28.86928124529955
3.2232232232232234,2.638318939204648,-13.72968243187431,0.8185343541197035,-29.06948144549975
3.2432432432432434,2.654706013361199,-14.311654032384816,0.8185343541197035,-29.26968164569995
3.263263263263263,2.6710930875177494,-14.897633644911341,0.8185343541197035,-29.46988184590015
3.283283283283283,2.6874801616743,-15.487621269453888,0.8185343541197035,-29.67008204610035
3.303303303303303,2.7038672358308506,-16.081616906012453,0.8185343541197035,-29.87028224630055
3.3233233233233235,2.7202543099874013,-16.67962055458704,0.8185343541197035,-30.07048244650075
3.3433433433433435,2.736641384143952,-17.281632215177645,0.8185343541197035,-30.27068264670095
3.3633633633633635,2.7530284583005025,-17.88765188778427,0.8185343541197035,-30.47088284690115
3.383383383383383,2.769415532457053,-18.497679572406916,0.8185343541197035,-30.67108304710135
3.403403403403403,2.7858026066136037,-19.111715269045582,0.8185343541197035,-30.87128324730155
3.4234234234234235,2.8021896807701543,-19.729758977700268,0.8185343541197035,-31.071483447501752
3.4434434434434436,2.818576754926705,-20.351810698370972,0.8185343541197035,-31.271683647701952
3.4634634634634636,2.8349638290832555,-20.9778704310577,0.8185343541197035,-31.471883847902152
3.483483483483483,2.851350903239806,-21.607938175760445,0.8185343541197035,-31.672084048102352
3.503503503503503,2.8677379773963567,-22.24201393247921,0.8185343541197035,-31.872284248302552
3.5235235235235236,2.8841250515529073,-22.880097701213995,0.8185343541197035,-32.072484448502756
3.5435435435435436,2.900512125709458,-23.5221894819648,0.8185343541197035,-32.272684648702956
3.5635635635635636,2.9168991998660085,-24.168289274731627,0.8185343541197035,-32.472884848903156
3.583583583583583,2.933286274022559,-24.818397079514472,0.8185343541197035,-32.673085049103356
3.603603603603603,2.9496733481791098,-25.47251289631334,0.8185343541197035,-32.87328524930356
3.6236236236236237,2.9660604223356604,-26.130636725128227,0.8185343541197035,-33.07348544950376
3.6436436436436437,2.982447496492211,-26.792768565959133,0.8185343541197035,-33.27368564970396
3.6636636636636637,2.9988345706487616,-27.458908418806057,0.8185343541197035,-33.47388584990416
3.683683683683684,3.015221644805312,-28.129056283669005,0.8185343541197035,-33.67408605010436
3.7037037037037033,3.031608718961863,-28.80321216054797,0.8185343541197035,-33.87428625030456
3.7237237237237237,3.0479957931184134,-29.481376049442957,0.8185343541197035,-34.07448645050476
3.7437437437437437,3.064382867274964,-30.163547950353962,0.8185343541197035,-34.27468665070496
3.7637637637637638,3.0807699414315146,-30.84972786328099,0.8185343541197035,-34.47488685090516
3.783783783783784,3.097157015588065,-31.539915788224036,0.8185343541197035,-34.67508705110536
3.8038038038038033,3.113544089744616,-32.234111725183105,0.8185343541197035,-34.87528725130556
3.823823823823824,3.1299311639011664,-32.93231567415819,0.8185343541197035,-35.07548745150576
3.843843843843844,3.146318238057717,-33.6345276351493,0.8185343541197035,-35.27568765170596
3.863863863863864,3.1627053122142677,-34.34074760815642,0.8185343541197035,-35.47588785190616
3.8838838838838843,3.1790923863708183,-35.050975593179565,0.8185343541197035,-35.67608805210636
3.9039039039039034,3.195479460527369,-35.76521159021873,0.8185343541197035,-35.87628825230656
3.923923923923924,3.2118665346839195,-36.48345559927392,0.8185343541197035,-36.07648845250676
3.943943943943944,3.22825360884047,-37.20570762034512,0.8185343541197035,-36.27668865270696
3.963963963963964,3.2446406829970207,-37.93196765343235,0.8185343541197035,-36.47688885290716
3.9839839839839843,3.2610277571535713,-38.662235698535596,0.8185343541197035,-36.67708905310736
4.004004004004004,3.277414831310122,-39.39651175565486,0.8185343541197035,-36.87728925330756
4.0240240240240235,3.2938019054666725,-40.13479582479015,0.8185343541197035,-37.07748945350776
4.044044044044044,3.310188979623223,-40.87708790594146,0.8185343541197035,-37.27768965370796
4.064064064064064,3.3265760537797737,-41.623387999108786,0.8185343541197035,-37.47788985390816
4.084084084084084,3.3429631279363243,-42.37369610429213,0.8185343541197035,-37.67809005410836
4.104104104104104,3.359350202092875,-43.128012221491495,0.8185343541197035,-37.87829025430856
4.1241241241241235,3.3757372762494255,-43.886336350706884,0.8185343541197035,-38.07849045450876
4.1441441441441444,3.392124350405976,-44.64866849193829,0.8185343541197035,-38.27869065470896
4.1641641641641645,3.4085114245625268,-45.415008645185715,0.8185343541197035,-38.47889085490916
4.1841841841841845,3.4248984987190774,-46.185356810449164,0.8185343541197035,-38.67909105510936
4.2042042042042045,3.441285572875628,-46.95971298772863,0.8185343541197035,-38.87929125530956
4.2242242242242245,3.4576726470321786,-47.73807717702412,0.8185343541197035,-39.07949145550976
4.2442442442442445,3.474059721188729,-48.52044937833563,0.8185343541197035,-39.27969165570996
4.2642642642642645,3.49044679534528,-49.30682959166315,0.8185343541197035,-39.47989185591016
4.2842842842842845,3.5068338695018304,-50.0972178170067,0.8185343541197035,-39.68009205611036
4.3043043043043046,3.523220943658381,-50.891614054366265,0.8185343541197035,-39.88029225631056
4.324324324324325,3.5396080178149316,-51.69001830374185,0.8185343541197035,-40.08049245651076
4.344344344344345,3.5559950919714822,-52.49243056513346,0.8185343541197035,-40.28069265671096
4.364364364364365,3.572382166128033,-53.298850838541085,0.8185343541197035,-40.48089285691116
4.384384384384385,3.5887692402845834,-54.10927912396473,0.8185343541197035,-40.68109305711136
4.404404404404405,3.605156314441134,-54.9237154214044,0.8185343541197035,-40.88129325731156
4.424424424424425,3.6215433885976847,-55.74215973086009,0.8185343541197035,-41.08149345751176
4.444444444444445,3.6379304627542353,-56.564612052331796,0.8185343541197035,-41.28169365771196
4.464464464464465,3.654317536910786,-57.39107238581952,0.8185343541197035,-41.48189385791216
4.484484484484485,3.6707046110673365,-58.221540731323266,0.8185343541197035,-41.68209405811236
4.504504504504505,3.687091685223887,-59.056017088843035,0.8185343541197035,-41.88229425831256
4.524524524524525,3.7034787593804377,-59.89450145837882,0.8185343541197035,-42.08249445851276
4.544544544544545,3.7198658335369883,-60.736993839930626,0.8185343541197035,-42.28269465871296
4.564564564564565,3.736252907693539,-61.583494233498456,0.8185343541197035,-42.48289485891316
4.584584584584585,3.7526399818500895,-62.4340026390823,0.8185343541197035,-42.68309505911336
4.604604604604605,3.76902705600664,-63.28851905668217,0.8185343541197035,-42.88329525931356
4.624624624624625,3.7854141301631907,-64.14704348629806,0.8185343541197035,-43.08349545951376
4.644644644644645,3.8018012043197413,-65.00957592792997,0.8185343541197035,-43.28369565971396
4.664664664664665,3.818188278476292,-65.8761163815779,0.8185343541197035,-43.48389585991416
4.684684684684685,3.8345753526328425,-66.74666484724185,0.8185343541197035,-43.68409606011436
4.704704704704705,3.850962426789393,-67.62122132492182,0.8185343541197035,-43.884296260314564
4.724724724724725,3.8673495009459438,-68.49978581461781,0.8185343541197035,-44.084496460514764
4.744744744744745,3.8837365751024944,-69.38235831632981,0.8185343541197035,-44.284696660714964
4.764764764764765,3.900123649259045,-70.26893883005783,0.8185343541197035,-44.484896860915164
4.784784784784785,3.9165107234155956,-71.15952735580188,0.8185343541197035,-44.685097061115364
4.804804804804805,3.932897797572146,-72.05412389356195,0.8185343541197035,-44.885297261315564
4.824824824824825,3.949284871728697,-72.95272844333803,0.8185343541197035,-45.085497461515764
4.844844844844845,3.9656719458852474,-73.85534100513014,0.8185343541197035,-45.285697661715965
4.864864864864865,3.982059020041798,-74.76196157893827,0.8185343541197035,-45.485897861916165
4.884884884884885,3.9984460941983486,-75.67259016476241,0.8185343541197035,-45.686098062116365
4.904904904904905,4.014833168354899,-76.58722676260258,0.8185343541197035,-45.886298262316565
4.924924924924925,4.03122024251145,-77.50587137245877,0.8185343541197035,-46.086498462516765
4.944944944944945,4.047607316668001,-78.42852399433097,0.8185343541197035,-46.286698662716965
4.964964964964965,4.063994390824552,-79.3551846282192,0.8185343541197035,-46.486898862917165
4.984984984984985,4.080381464981103,-80.28585327412345,0.8185343541197035,-46.687099063117365
5.005005005005005,4.0967685391376545,-81.22052993204372,0.8185343541197035,-46.887299263317566
5.025025025025025,4.1131556132942055,-82.15921460198001,0.8185343541197035,-47.087499463517766
5.045045045045045,4.129542687450757,-83.10190728393232,0.8185343541197035,-47.287699663717966
5.065065065065065,4.145929761607308,-84.04860797790064,0.8185343541197035,-47.487899863918166
5.085085085085085,4.162316835763859,-84.999316683885,0.8185343541197035,-47.688100064118366
5.105105105105105,4.17870390992041,-85.95403340188537,0.8185343541197035,-47.888300264318566
5.125125125125125,4.195090984076961,-86.91275813190175,0.8185343541197035,-48.088500464518766
5.145145145145145,4.211478058233512,-87.87549087393415,0.8185343541197035,-48.28870066471897
5.165165165165165,4.227865132390063,-88.84223162798258,0.8185343541197035,-48.48890086491917
5.185185185185185,4.244252206546614,-89.81298039404703,0.8185343541197035,-48.68910106511937
5.205205205205205,4.260639280703165,-90.78773717212749,0.8185343541197035,-48.88930126531957
5.225225225225225,4.277026354859716,-91.76650196222398,0.8185343541197035,-49.08950146551977
5.245245245245245,4.293413429016267,-92.74927476433649,0.8185343541197035,-49.28970166571997
5.265265265265265,4.309800503172818,-93.73605557846501,0.8185343541197035,-49.48990186592017
5.285285285285285,4.326187577329369,-94.72684440460957,0.8185343541197035,-49.69010206612037
5.305305305305305,4.34257465148592,-95.72164124277013,0.8185343541197035,-49.89030226632057
5.325325325325325,4.358961725642471,-96.72044609294672,0.8185343541197035,-50.09050246652077
5.345345345345346,4.375348799799022,-97.72325895513933,0.8185343541197035,-50.29070266672097
5.365365365365365,4.391735873955573,-98.73007982934796,0.8185343541197035,-50.49090286692117
5.385385385385385,4.4081229481121245,-99.7409087155726,0.8185343541197035,-50.69110306712137
5.405405405405405,4.4245100222686755,-100.75574561381327,0.8185343541197035,-50.89130326732157
5.425425425425425,4.440897096425227,-101.77459052406996,0.8185343541197035,-51.09150346752177
5.445445445445446,4.457284170581778,-102.79744344634267,0.8185343541197035,-51.29170366772197
5.465465465465465,4.473671244738329,-103.8243043806314,0.8185343541197035,-51.49190386792217
5.485485485485485,4.49005831889488,-104.85517332693615,0.8185343541197035,-51.69210406812237
5.505505505505505,4.506445393051431,-105.89005028525692,0.8185343541197035,-51.89230426832257
5.525525525525525,4.522832467207982,-106.9289352555937,0.8185343541197035,-52.09250446852277
5.545545545545546,4.539219541364533,-107.97182823794651,0.8185343541197035,-52.29270466872297
5.565565565565565,4.555606615521084,-109.01872923231534,0.8185343541197035,-52.49290486892317
5.585585585585585,4.571993689677635,-110.06963823870018,0.8185343541197035,-52.69310506912337
5.605605605605605,4.588380763834186,-111.12455525710105,0.8185343541197035,-52.89330526932357
5.625625625625625,4.604767837990737,-112.18348028751794,0.8185343541197035,-53.09350546952377
5.645645645645646,4.621154912147288,-113.24641332995084,0.8185343541197035,-53.29370566972397
5.665665665665665,4.637541986303839,-114.31335438439977,0.8185343541197035,-53.49390586992417
5.685685685685685,4.65392906046039,-115.38430345086472,0.8185343541197035,-53.69410607012437
5.7057057057057055,4.670316134616941,-116.45926052934568,0.8185343541197035,-53.89430627032457
5.7257257257257255,4.686703208773492,-117.53822561984268,0.8185343541197035,-54.09450647052477
5.745745745745746,4.703090282930043,-118.62119872235569,0.8185343541197035,-54.29470667072497
5.7657657657657655,4.719477357086594,-119.70817983688471,0.8185343541197035,-54.49490687092517
5.7857857857857855,4.7358644312431455,-120.79916896342976,0.8185343541197035,-54.69510707112537
5.8058058058058055,4.7522515053996965,-121.89416610199083,0.8185343541197035,-54.89530727132557
5.8258258258258255,4.768638579556248,-122.99317125256792,0.8185343541197035,-55.09550747152577
5.845845845845846,4.785025653712799,-124.09618441516103,0.8185343541197035,-55.29570767172597
5.865865865865866,4.80141272786935,-125.20320558977016,0.8185343541197035,-55.49590787192617
5.885885885885886,4.817799802025901,-126.31423477639531,0.8185343541197035,-55.69610807212637
5.905905905905906,4.834186876182452,-127.42927197503649,0.8185343541197035,-55.89630827232657
5.925925925925926,4.850573950339003,-128.54831718569366,0.8185343541197035,-56.09650847252677
5.9459459459459465,4.866961024495554,-129.67137040836687,0.8185343541197035,-56.29670867272697
5.965965965965966,4.883348098652105,-130.7984316430561,0.8185343541197035,-56.49690887292717
5.9859859859859865,4.899735172808656,-131.92950088976133,0.8185343541197035,-56.69710907312737
6.006006006006006,4.916122246965207,-133.0645781484826,0.8185343541197035,-56.89730927332757
6.026026026026026,4.932509321121758,-134.2036634192199,0.8185343541197035,-57.09750947352777
6.046046046046047,4.948896395278309,-135.34675670197322,0.8185343541197035,-57.29770967372797
6.066066066066066,4.96528346943486,-136.49385799674255,0.8185343541197035,-57.49790987392817
6.086086086086087,4.981670543591411,-137.6449673035279,0.8185343541197035,-57.69811007412837
6.106106106106106,4.998057617747962,-138.80008462232925,0.8185343541197035,-57.89831027432857
6.126126126126126,5.014444691904513,-139.95920995314663,0.8185343541197035,-58.09851047452877
6.146146146146147,5.030831766061064,-141.12234329598004,0.8185343541197035,-58.29871067472897
6.166166166166166,5.0472188402176155,-142.28948465082948,0.8185343541197035,-58.49891087492917
6.186186186186187,5.0636059143741665,-143.46063401769493,0.8185343541197035,-58.69911107512937
6.206206206206206,5.079992988530718,-144.6357913965764,0.8185343541197035,-58.89931127532957
6.226226226226226,5.096380062687269,-145.81495678747388,0.8185343541197035,-59.09951147552977
6.246246246246247,5.11276713684382,-146.99813019038737,0.8185343541197035,-59.299711675729974
6.266266266266266,5.129154211000371,-148.1853116053169,0.8185343541197035,-59.499911875930174
6.286286286286287,5.145541285156922,-149.37650103226247,0.8185343541197035,-59.700112076130374
6.306306306306306,5.161928359313473,-150.57169847122404,0.8185343541197035,-59.900312276330574
6.326326326326326,5.178315433470024,-151.77090392220163,0.8185343541197035,-60.100512476530774
6.346346346346347,5.194702507626575,-152.97411738519523,0.8185343541197035,-60.300712676730974
6.366366366366366,5.211089581783126,-154.18133886020485,0.8185343541197035,-60.500912876931174
6.386386386386387,5.227476655939677,-155.3925683472305,0.8185343541197035,-60.701113077131374
6.406406406406406,5.243863730096228,-156.60780584627219,0.8185343541197035,-60.901313277331575
6.426426426426426,5.260250804252779,-157.82705135732988,0.8185343541197035,-61.101513477531775
6.446446446446447,5.27663787840933,-159.0503048804036,0.8185343541197035,-61.301713677731975
6.466466466466466,5.293024952565881,-160.2775664154933,0.8185343541197035,-61.501913877932175
6.486486486486487,5.309412026722432,-161.50883596259905,0.8185343541197035,-61.702114078132375
6.506506506506506,5.325799100878983,-162.7441135217208,0.8185343541197035,-61.902314278332575
6.526526526526526,5.342186175035534,-163.9833990928586,0.8185343541197035,-62.102514478532775
6.546546546546547,5.358573249192085,-165.22669267601242,0.8185343541197035,-62.302714678732976
6.566566566566566,5.3749603233486365,-166.47399427118225,0.8185343541197035,-62.502914878933176
6.586586586586587,5.3913473975051875,-167.7253038783681,0.8185343541197035,-62.703115079133376
6.606606606606606,5.407734471661739,-168.98062149756996,0.8185343541197035,-62.903315279333576
6.626626626626627,5.42412154581829,-170.23994712878783,0.8185343541197035,-63.103515479533776
6.646646646646647,5.440508619974841,-171.50328077202175,0.8185343541197035,-63.303715679733976
6.666666666666666,5.456895694131392,-172.7706224272717,0.8185343541197035,-63.503915879934176
6.686686686686687,5.473282768287943,-174.04197209453764,0.8185343541197035,-63.704116080134376
6.706706706706706,5.489669842444494,-175.3173297738196,0.8185343541197035,-63.90431628033458
6.726726726726727,5.506056916601045,-176.5966954651176,0.8185343541197035,-64.10451648053478
6.746746746746747,5.522443990757596,-177.8800691684316,0.8185343541197035,-64.30471668073498
6.766766766766766,5.538831064914147,-179.16745088376163,0.8185343541197035,-64.50491688093518
6.786786786786787,5.555218139070698,-180.4588406111077,0.8185343541197035,-64.70511708113538
6.806806806806806,5.571605213227249,-181.75423835046976,0.8185343541197035,-64.90531728133558
6.826826826826827,5.5879922873838,-183.05364410184785,0.8185343541197035,-65.10551748153578
6.846846846846847,5.604379361540351,-184.35705786524196,0.8185343541197035,-65.30571768173598
6.866866866866866,5.620766435696902,-185.66447964065208,0.8185343541197035,-65.50591788193618
6.886886886886887,5.637153509853453,-186.97590942807824,0.8185343541197035,-65.70611808213638
6.906906906906906,5.653540584010004,-188.29134722752042,0.8185343541197035,-65.90631828233658
6.926926926926927,5.669927658166555,-189.6107930389786,0.8185343541197035,-66.10651848253679
6.946946946946947,5.6863147323231065,-190.93424686245282,0.8185343541197035,-66.30671868273699
6.966966966966966,5.7027018064796575,-192.26170869794305,0.8185343541197035,-66.50691888293719
6.986986986986987,5.719088880636209,-193.5931785454493,0.8185343541197035,-66.70711908313739
7.007007007007006,5.73547595479276,-194.92865640497155,0.8185343541197035,-66.90731928333759
7.027027027027027,5.751863028949311,-196.26814227650985,0.8185343541197035,-67.10751948353779
7.047047047047047,5.768250103105862,-197.61163616006417,0.8185343541197035,-67.30771968373799
7.067067067067066,5.784637177262413,-198.9591380556345,0.8185343541197035,-67.50791988393819
7.087087087087087,5.801024251418964,-200.31064796322084,0.8185343541197035,-67.70812008413839
7.107107107107106,5.817411325575515,-201.6661658828232,0.8185343541197035,-67.90832028433859
7.127127127127127,5.833798399732066,-203.0256918144416,0.8185343541197035,-68.10852048453879
7.147147147147147,5.850185473888617,-204.389225758076,0.8185343541197035,-68.30872068473899
7.167167167167166,5.866572548045168,-205.75676771372645,0.8185343541197035,-68.50892088493919
7.187187187187187,5.882959622201719,-207.1283176813929,0.8185343541197035,-68.70912108513939
7.207207207207206,5.89934669635827,-208.50387566107537,0.8185343541197035,-68.90932128533959
7.227227227227227,5.915733770514821,-209.88344165277385,0.8185343541197035,-69.10952148553979
7.247247247247247,5.932120844671372,-211.26701565648835,0.8185343541197035,-69.30972168573999
7.267267267267268,5.948507918827923,-212.6545976722189,0.8185343541197035,-69.50992188594019
7.287287287287287,5.964894992984474,-214.04618769996546,0.8185343541197035,-69.71012208614039
7.3073073073073065,5.981282067141025,-215.44178573972803,0.8185343541197035,-69.91032228634059
7.327327327327327,5.9976691412975764,-216.84139179150662,0.8185343541197035,-70.11052248654079
7.347347347347347,6.0140562154541275,-218.24500585530123,0.8185343541197035,-70.31072268674099
7.367367367367368,6.0304432896106785,-219.65262793111185,0.8185343541197035,-70.51092288694119
7.387387387387387,6.04683036376723,-221.0642580189385,0.8185343541197035,-70.71112308714139
7.4074074074074066,6.063217437923781,-222.47989611878117,0.8185343541197035,-70.91132328734159
7.4274274274274275,6.079604512080332,-223.89954223063987,0.8185343541197035,-71.11152348754179
7.4474474474474475,6.095991586236883,-225.32319635451458,0.8185343541197035,-71.31172368774199
7.467467467467468,6.112378660393434,-226.7508584904053,0.8185343541197035,-71.51192388794219
7.4874874874874875,6.128765734549985,-228.18252863831205,0.8185343541197035,-71.71212408814239
7.507507507507507,6.145152808706536,-229.6182067982348,0.8185343541197035,-71.91232428834259
7.5275275275275275,6.161539882863087,-231.0578929701736,0.8185343541197035,-72.11252448854279
7.5475475475475475,6.177926957019638,-232.50158715412843,0.8185343541197035,-72.31272468874299
7.567567567567568,6.194314031176189,-233.94928935009926,0.8185343541197035,-72.51292488894319
7.587587587587588,6.21070110533274,-235.4009995580861,0.8185343541197035,-72.71312508914339
7.607607607607607,6.227088179489291,-236.85671777808898,0.8185343541197035,-72.91332528934359
7.627627627627628,6.243475253645842,-238.31644401010786,0.8185343541197035,-73.11352548954379
7.647647647647648,6.259862327802393,-239.78017825414278,0.8185343541197035,-73.31372568974399
7.6676676676676685,6.276249401958944,-241.24792051019372,0.8185343541197035,-73.51392588994419
7.687687687687688,6.292636476115495,-242.71967077826068,0.8185343541197035,-73.71412609014439
7.707707707707707,6.309023550272046,-244.19542905834365,0.8185343541197035,-73.91432629034459
7.727727727727728,6.3254106244285975,-245.67519535044264,0.8185343541197035,-74.11452649054479
7.747747747747748,6.3417976985851485,-247.15896965455764,0.8185343541197035,-74.31472669074499
7.767767767767769,6.3581847727417,-248.64675197068865,0.8185343541197035,-74.51492689094519
7.787787787787788,6.374571846898251,-250.13854229883572,0.8185343541197035,-74.71512709114539
7.807807807807807,6.390958921054802,-251.6343406389988,0.8185343541197035,-74.91532729134559
7.827827827827828,6.407345995211353,-253.1341469911779,0.8185343541197035,-75.11552749154579
7.847847847847848,6.423733069367904,-254.637961355373,0.8185343541197035,-75.31572769174599
7.867867867867869,6.440120143524455,-256.1457837315841,0.8185343541197035,-75.51592789194619
7.887887887887888,6.456507217681006,-257.6576141198113,0.8185343541197035,-75.71612809214639
7.907907907907909,6.472894291837557,-259.17345252005447,0.8185343541197035,-75.91632829234659
7.927927927927928,6.489281365994108,-260.69329893231367,0.8185343541197035,-76.11652849254679
7.947947947947948,6.505668440150659,-262.2171533565889,0.8185343541197035,-76.31672869274699
7.967967967967969,6.52205551430721,-263.7450157928801,0.8185343541197035,-76.51692889294719
7.987987987987988,6.538442588463761,-265.27688624118736,0.8185343541197035,-76.71712909314739
8.008008008008009,6.554829662620312,-266.8127647015106,0.8185343541197035,-76.91732929334759
8.028028028028029,6.571216736776863,-268.3526511738499,0.8185343541197035,-77.11752949354779
8.048048048048047,6.587603810933414,-269.8965456582052,0.8185343541197035,-77.31772969374799
8.068068068068069,6.603990885089965,-271.4444481545765,0.8185343541197035,-77.51792989394819
8.088088088088089,6.620377959246516,-272.99635866296387,0.8185343541197035,-77.71813009414839
8.108108108108109,6.6367650334030674,-274.55227718336727,0.8185343541197035,-77.91833029434859
8.128128128128129,6.6531521075596185,-276.1122037157867,0.8185343541197035,-78.11853049454879
8.148148148148147,6.6695391817161696,-277.6761382602221,0.8185343541197035,-78.318730694749
8.168168168168169,6.685926255872721,-279.24408081667355,0.8185343541197035,-78.5189308949492
8.188188188188189,6.702313330029272,-280.816031385141,0.8185343541197035,-78.7191310951494
8.208208208208209,6.718700404185823,-282.3919899656245,0.8185343541197035,-78.9193312953496
8.228228228228229,6.735087478342374,-283.97195655812396,0.8185343541197035,-79.1195314955498
8.248248248248247,6.751474552498925,-285.55593116263947,0.8185343541197035,-79.31973169575
8.268268268268269,6.767861626655476,-287.143913779171,0.8185343541197035,-79.5199318959502
8.288288288288289,6.784248700812027,-288.7359044077185,0.8185343541197035,-79.7201320961504
8.308308308308309,6.800635774968578,-290.3319030482821,0.8185343541197035,-79.9203322963506
8.328328328328329,6.817022849125129,-291.93190970086164,0.8185343541197035,-80.1205324965508
8.348348348348347,6.83340992328168,-293.5359243654573,0.8185343541197035,-80.320732696751
8.368368368368369,6.849796997438231,-295.14394704206893,0.8185343541197035,-80.5209328969512
8.388388388388389,6.866184071594782,-296.7559777306966,0.8185343541197035,-80.7211330971514
8.408408408408409,6.882571145751333,-298.3720164313403,0.8185343541197035,-80.9213332973516
8.428428428428429,6.898958219907884,-299.992063144,0.8185343541197035,-81.1215334975518
8.448448448448449,6.915345294064435,-301.6161178686757,0.8185343541197035,-81.321733697752
8.468468468468469,6.931732368220986,-303.24418060536743,0.8185343541197035,-81.5219338979522
8.488488488488489,6.948119442377537,-304.8762513540752,0.8185343541197035,-81.7221340981524
8.508508508508509,6.9645065165340885,-306.51233011479894,0.8185343541197035,-81.9223342983526
8.528528528528529,6.9808935906906395,-308.1524168875387,0.8185343541197035,-82.1225344985528
8.548548548548549,6.997280664847191,-309.7965116722945,0.8185343541197035,-82.322734698753
8.568568568568569,7.013667739003742,-311.4446144690663,0.8185343541197035,-82.5229348989532
8.588588588588589,7.030054813160293,-313.09672527785415,0.8185343541197035,-82.7231350991534
8.608608608608609,7.046441887316844,-314.75284409865804,0.8185343541197035,-82.9233352993536
8.62862862862863,7.062828961473395,-316.41297093147796,0.8185343541197035,-83.1235354995538
8.64864864864865,7.079216035629946,-318.0771057763139,0.8185343541197035,-83.323735699754
8.66866866866867,7.095603109786497,-319.74524863316583,0.8185343541197035,-83.5239358999542
8.68868868868869,7.111990183943048,-321.4173995020338,0.8185343541197035,-83.7241361001544
8.70870870870871,7.128377258099599,-323.09355838291776,0.8185343541197035,-83.9243363003546
8.72872872872873,7.14476433225615,-324.77372527581775,0.8185343541197035,-84.1245365005548
8.74874874874875,7.161151406412701,-326.45790018073376,0.8185343541197035,-84.324736700755
8.76876876876877,7.177538480569252,-328.1460830976658,0.8185343541197035,-84.5249369009552
8.78878878878879,7.193925554725803,-329.8382740266138,0.8185343541197035,-84.7251371011554
8.80880880880881,7.210312628882354,-331.53447296757787,0.8185343541197035,-84.9253373013556
8.82882882882883,7.226699703038905,-333.23467992055794,0.8185343541197035,-85.1255375015558
8.84884884884885,7.243086777195456,-334.9388948855541,0.8185343541197035,-85.325737701756
8.86886886886887,7.259473851352007,-336.64711786256623,0.8185343541197035,-85.5259379019562
8.88888888888889,7.2758609255085585,-338.3593488515944,0.8185343541197035,-85.7261381021564
8.90890890890891,7.2922479996651095,-340.0755878526386,0.8185343541197035,-85.9263383023566
8.92892892892893,7.3086350738216606,-341.7958348656988,0.8185343541197035,-86.1265385025568
8.94894894894895,7.325022147978212,-343.520089890775,0.8185343541197035,-86.326738702757
8.96896896896897,7.341409222134763,-345.24835292786724,0.8185343541197035,-86.5269389029572
8.98898898898899,7.357796296291314,-346.9806239769755,0.8185343541197035,-86.7271391031574
9.00900900900901,7.374183370447865,-348.71690303809976,0.8185343541197035,-86.9273393033576
9.02902902902903,7.390570444604416,-350.45719011124004,0.8185343541197035,-87.1275395035578
9.04904904904905,7.406957518760967,-352.20148519639633,0.8185343541197035,-87.327739703758
9.06906906906907,7.423344592917518,-353.94978829356864,0.8185343541197035,-87.5279399039582
9.08908908908909,7.439731667074069,-355.70209940275697,0.8185343541197035,-87.7281401041584
9.10910910910911,7.45611874123062,-357.45841852396137,0.8185343541197035,-87.9283403043586
9.12912912912913,7.472505815387171,-359.2187456571818,0.8185343541197035,-88.1285405045588
9.14914914914915,7.488892889543722,-360.9830808024182,0.8185343541197035,-88.328740704759
9.16916916916917,7.505279963700273,-362.75142395967066,0.8185343541197035,-88.5289409049592
9.18918918918919,7.521667037856824,-364.5237751289391,0.8185343541197035,-88.7291411051594
9.20920920920921,7.538054112013375,-366.3001343102236,0.8185343541197035,-88.9293413053596
9.22922922922923,7.554441186169926,-368.0805015035241,0.8185343541197035,-89.1295415055598
9.24924924924925,7.570828260326477,-369.8648767088406,0.8185343541197035,-89.32974170576
9.26926926926927,7.587215334483028,-371.6532599261731,0.8185343541197035,-89.5299419059602
9.28928928928929,7.6036024086395795,-373.44565115552166,0.8185343541197035,-89.7301421061604
9.30930930930931,7.6199894827961305,-375.2420503968862,0.8185343541197035,-89.9303423063606
9.32932932932933,7.636376556952682,-377.0424576502668,0.8185343541197035,-90.1305425065608
9.34934934934935,7.652763631109233,-378.84687291566337,0.8185343541197035,-90.330742706761
9.36936936936937,7.669150705265784,-380.655296193076,0.8185343541197035,-90.5309429069612
9.38938938938939,7.685537779422335,-382.4677274825047,0.8185343541197035,-90.7311431071614
9.40940940940941,7.701924853578886,-384.2841667839494,0.8185343541197035,-90.9313433073616
9.42942942942943,7.718311927735437,-386.1046140974101,0.8185343541197035,-91.1315435075618
9.44944944944945,7.734699001891988,-387.9290694228868,0.8185343541197035,-91.331743707762
9.46946946946947,7.751086076048539,-389.75753276037955,0.8185343541197035,-91.5319439079622
9.48948948948949,7.76747315020509,-391.5900041098883,0.8185343541197035,-91.7321441081624
9.50950950950951,7.783860224361641,-393.42648347141306,0.8185343541197035,-91.9323443083626
9.52952952952953,7.800247298518192,-395.26697084495385,0.8185343541197035,-92.1325445085628
9.54954954954955,7.816634372674743,-397.11146623051064,0.8185343541197035,-92.332744708763
9.56956956956957,7.833021446831294,-398.95996962808346,0.8185343541197035,-92.5329449089632
9.58958958958959,7.849408520987845,-400.8124810376723,0.8185343541197035,-92.7331451091634
9.60960960960961,7.865795595144396,-402.6690004592772,0.8185343541197035,-92.9333453093636
9.62962962962963,7.882182669300947,-404.5295278928981,0.8185343541197035,-93.1335455095638
9.64964964964965,7.898569743457498,-406.39406333853503,0.8185343541197035,-93.333745709764
9.66966966966967,7.9149568176140495,-408.262606796188,0.8185343541197035,-93.5339459099642
9.68968968968969,7.9313438917706005,-410.13515826585694,0.8185343541197035,-93.7341461101644
9.70970970970971,7.947730965927152,-412.0117177475419,0.8185343541197035,-93.9343463103646
9.72972972972973,7.964118040083703,-413.8922852412429,0.8185343541197035,-94.1345465105648
9.74974974974975,7.980505114240254,-415.7768607469599,0.8185343541197035,-94.334746710765
9.76976976976977,7.996892188396805,-417.66544426469295,0.8185343541197035,-94.5349469109652
9.78978978978979,8.013279262553356,-419.558035794442,0.8185343541197035,-94.7351471111654
9.80980980980981,8.029666336709907,-421.45463533620705,0.8185343541197035,-94.9353473113656
9.82982982982983,8.046053410866458,-423.3552428899881,0.8185343541197035,-95.1355475115658
9.84984984984985,8.062440485023009,-425.2598584557852,0.8185343541197035,-95.335747711766
9.86986986986987,8.07882755917956,-427.16848203359837,0.8185343541197035,-95.5359479119662
9.88988988988989,8.095214633336111,-429.08111362342754,0.8185343541197035,-95.7361481121664
9.90990990990991,8.111601707492662,-430.99775322527273,0.8185343541197035,-95.9363483123666
9.92992992992993,8.127988781649213,-432.91840083913394,0.8185343541197035,-96.1365485125668
9.94994994994995,8.144375855805764,-434.84305646501116,0.8185343541197035,-96.336748712767
9.96996996996997,8.160762929962315,-436.7717201029044,0.8185343541197035,-96.5369489129672
9.98998998998999,8.177150004118866,-438.70439175281365,0.8185343541197035,-96.7371491131674
10.01001001001001,8.193537078275417,-440.6410714147389,0.8185343541197035,-96.9373493133676
10.03003003003003,8.209924152431968,-442.5817590886802,0.8185343541197035,-97.1375495135678
10.05005005005005,8.22631122658852,-444.5264547746375,0.8185343541197035,-97.337749713768
10.07007007007007,8.24269830074507,-446.4751584726108,0.8185343541197035,-97.5379499139682
10.09009009009009,8.259085374901622,-448.42787018260015,0.8185343541197035,-97.7381501141684
10.11011011011011,8.275472449058173,-450.3845899046055,0.8185343541197035,-97.9383503143686
10.13013013013013,8.291859523214724,-452.3453176386269,0.8185343541197035,-98.1385505145688
10.15015015015015,8.308246597371275,-454.31005338466434,0.8185343541197035,-98.338750714769
10.17017017017017,8.324633671527826,-456.2787971427178,0.8185343541197035,-98.5389509149692
10.19019019019019,8.341020745684377,-458.25154891278726,0.8185343541197035,-98.7391511151694
10.21021021021021,8.357407819840928,-460.22830869487274,0.8185343541197035,-98.9393513153696
10.23023023023023,8.373794893997479,-462.20907648897423,0.8185343541197035,-99.1395515155698
10.25025025025025,8.39018196815403,-464.19385229509174,0.8185343541197035,-99.33975171577
10.27027027027027,8.406569042310581,-466.18263611322527,0.8185343541197035,-99.5399519159702
10.29029029029029,8.422956116467132,-468.1754279433748,0.8185343541197035,-99.7401521161704
10.31031031031031,8.439343190623683,-470.1722277855404,0.8185343541197035,-99.9403523163706
10.33033033033033,8.455730264780234,-472.17303563972195,0.8185343541197035,-100.1405525165708
10.35035035035035,8.472117338936785,-474.17785150591953,0.8185343541197035,-100.34075271677101
10.37037037037037,8.488504413093336,-476.1866753841332,0.8185343541197035,-100.54095291697121
10.39039039039039,8.504891487249887,-478.1995072743629,0.8185343541197035,-100.74115311717141
10.41041041041041,8.521278561406438,-480.21634717660856,0.8185343541197035,-100.94135331737161
10.43043043043043,8.53766563556299,-482.2371950908703,0.8185343541197035,-101.14155351757181
10.45045045045045,8.55405270971954,-484.262051017148,0.8185343541197035,-101.34175371777201
10.47047047047047,8.570439783876092,-486.29091495544174,0.8185343541197035,-101.54195391797221
10.49049049049049,8.586826858032643,-488.3237869057515,0.8185343541197035,-101.74215411817241
10.51051051051051,8.603213932189194,-490.36066686807726,0.8185343541197035,-101.94235431837261
10.53053053053053,8.619601006345745,-492.40155484241905,0.8185343541197035,-102.14255451857281
10.55055055055055,8.635988080502296,-494.44645082877685,0.8185343541197035,-102.34275471877301
10.57057057057057,8.652375154658847,-496.49535482715066,0.8185343541197035,-102.54295491897321
10.59059059059059,8.668762228815398,-498.5482668375405,0.8185343541197035,-102.74315511917341
10.61061061061061,8.685149302971949,-500.60518685994634,0.8185343541197035,-102.94335531937361
10.63063063063063,8.7015363771285,-502.66611489436826,0.8185343541197035,-103.14355551957381
10.65065065065065,8.717923451285051,-504.7310509408062,0.8185343541197035,-103.34375571977401
10.67067067067067,8.734310525441602,-506.79999499926015,0.8185343541197035,-103.54395591997421
10.690690690690692,8.750697599598153,-508.8729470697301,0.8185343541197035,-103.74415612017441
10.71071071071071,8.767084673754704,-510.9499071522161,0.8185343541197035,-103.94435632037461
10.73073073073073,8.783471747911255,-513.0308752467181,0.8185343541197035,-104.14455652057481
10.75075075075075,8.799858822067806,-515.1158513532362,0.8185343541197035,-104.34475672077501
10.77077077077077,8.816245896224357,-517.2048354717703,0.8185343541197035,-104.54495692097521
10.790790790790792,8.832632970380908,-519.2978276023204,0.8185343541197035,-104.74515712117541
10.81081081081081,8.84902004453746,-521.3948277448865,0.8185343541197035,-104.94535732137561
10.83083083083083,8.86540711869401,-523.4958358994686,0.8185343541197035,-105.14555752157581
10.85085085085085,8.881794192850561,-525.6008520660668,0.8185343541197035,-105.34575772177601
10.87087087087087,8.898181267007113,-527.7098762446809,0.8185343541197035,-105.54595792197621
10.890890890890892,8.914568341163664,-529.8229084353111,0.8185343541197035,-105.74615812217641
10.91091091091091,8.930955415320215,-531.9399486379573,0.8185343541197035,-105.94635832237661
10.93093093093093,8.947342489476766,-534.0609968526195,0.8185343541197035,-106.14655852257681
10.95095095095095,8.963729563633317,-536.1860530792977,0.8185343541197035,-106.34675872277701
10.97097097097097,8.980116637789868,-538.315117317992,0.8185343541197035,-106.54695892297721
10.990990990990992,8.996503711946419,-540.4481895687022,0.8185343541197035,-106.74715912317741
11.01101101101101,9.01289078610297,-542.5852698314285,0.8185343541197035,-106.94735932337761
11.03103103103103,9.029277860259521,-544.7263581061708,0.8185343541197035,-107.14755952357781
11.05105105105105,9.045664934416072,-546.8714543929291,0.8185343541197035,-107.34775972377801
11.07107107107107,9.062052008572623,-549.0205586917034,0.8185343541197035,-107.54795992397821
11.091091091091092,9.078439082729174,-551.1736710024937,0.8185343541197035,-107.74816012417841
11.11111111111111,9.094826156885725,-553.3307913253001,0.8185343541197035,-107.94836032437861
11.13113113113113,9.111213231042276,-555.4919196601224,0.8185343541197035,-108.14856052457881
11.15115115115115,9.127600305198827,-557.6570560069608,0.8185343541197035,-108.34876072477901
11.17117117117117,9.143987379355378,-559.8262003658152,0.8185343541197035,-108.54896092497921
11.191191191191193,9.16037445351193,-561.9993527366856,0.8185343541197035,-108.74916112517941
11.21121121121121,9.17676152766848,-564.1765131195721,0.8185343541197035,-108.94936132537961
11.23123123123123,9.193148601825031,-566.3576815144745,0.8185343541197035,-109.14956152557981
11.25125125125125,9.209535675981583,-568.542857921393,0.8185343541197035,-109.34976172578001
11.27127127127127,9.225922750138134,-570.7320423403276,0.8185343541197035,-109.54996192598021
11.291291291291293,9.242309824294685,-572.9252347712782,0.8185343541197035,-109.75016212618041
11.31131131131131,9.258696898451236,-575.1224352142448,0.8185343541197035,-109.95036232638061
11.33133133133133,9.275083972607787,-577.3236436692274,0.8185343541197035,-110.15056252658081
11.35135135135135,9.291471046764338,-579.5288601362261,0.8185343541197035,-110.35076272678101
11.37137137137137,9.307858120920889,-581.7380846152407,0.8185343541197035,-110.55096292698121
11.391391391391393,9.32424519507744,-583.9513171062714,0.8185343541197035,-110.75116312718141
11.411411411411411,9.340632269233991,-586.1685576093181,0.8185343541197035,-110.95136332738161
11.431431431431431,9.357019343390542,-588.3898061243808,0.8185343541197035,-111.15156352758181
11.451451451451451,9.373406417547093,-590.6150626514595,0.8185343541197035,-111.35176372778201
11.471471471471471,9.389793491703644,-592.8443271905543,0.8185343541197035,-111.55196392798221
11.491491491491493,9.406180565860195,-595.077599741665,0.8185343541197035,-111.75216412818241
11.511511511511511,9.422567640016746,-597.3148803047918,0.8185343541197035,-111.95236432838261
11.531531531531531,9.438954714173297,-599.5561688799346,0.8185343541197035,-112.15256452858281
11.551551551551551,9.455341788329848,-601.8014654670934,0.8185343541197035,-112.35276472878301
11.571571571571571,9.4717288624864,-604.0507700662682,0.8185343541197035,-112.55296492898322
11.591591591591593,9.48811593664295,-606.3040826774591,0.8185343541197035,-112.75316512918342
11.611611611611611,9.504503010799501,-608.5614033006659,0.8185343541197035,-112.95336532938362
11.631631631631631,9.520890084956052,-610.8227319358888,0.8185343541197035,-113.15356552958382
11.651651651651651,9.537277159112604,-613.0880685831277,0.8185343541197035,-113.35376572978402
11.671671671671671,9.553664233269155,-615.3574132423826,0.8185343541197035,-113.55396592998422
11.691691691691693,9.570051307425706,-617.6307659136535,0.8185343541197035,-113.75416613018442
11.711711711711711,9.586438381582257,-619.9081265969404,0.8185343541197035,-113.95436633038462
11.731731731731731,9.602825455738808,-622.1894952922434,0.8185343541197035,-114.15456653058482
11.751751751751751,9.619212529895359,-624.4748719995623,0.8185343541197035,-114.35476673078502
11.771771771771771,9.63559960405191,-626.7642567188974,0.8185343541197035,-114.55496693098522
11.791791791791793,9.651986678208461,-629.0576494502485,0.8185343541197035,-114.75516713118542
11.811811811811811,9.668373752365012,-631.3550501936156,0.8185343541197035,-114.95536733138562
11.831831831831831,9.684760826521563,-633.6564589489988,0.8185343541197035,-115.15556753158582
11.851851851851851,9.701147900678114,-635.9618757163979,0.8185343541197035,-115.35576773178602
11.871871871871871,9.717534974834665,-638.2713004958131,0.8185343541197035,-115.55596793198622
11.891891891891893,9.733922048991216,-640.5847332872443,0.8185343541197035,-115.75616813218642
11.911911911911911,9.750309123147767,-642.9021740906915,0.8185343541197035,-115.95636833238662
11.931931931931931,9.766696197304318,-645.2236229061547,0.8185343541197035,-116.15656853258682
11.951951951951951,9.78308327146087,-647.5490797336339,0.8185343541197035,-116.35676873278702
11.971971971971973,9.79947034561742,-649.8785445731291,0.8185343541197035,-116.55696893298722
11.991991991991993,9.815857419773971,-652.2120174246404,0.8185343541197035,-116.75716913318742
12.012012012012011,9.832244493930522,-654.5494982881677,0.8185343541197035,-116.95736933338762
12.032032032032031,9.848631568087074,-656.890987163711,0.8185343541197035,-117.15756953358782
12.052052052052051,9.865018642243625,-659.2364840512703,0.8185343541197035,-117.35776973378802
12.072072072072073,9.881405716400176,-661.5859889508456,0.8185343541197035,-117.55796993398822
12.092092092092093,9.897792790556727,-663.9395018624369,0.8185343541197035,-117.75817013418842
12.112112112112111,9.914179864713278,-666.2970227860443,0.8185343541197035,-117.95837033438862
12.132132132132131,9.930566938869829,-668.6585517216677,0.8185343541197035,-118.15857053458882
12.152152152152151,9.94695401302638,-671.024088669307,0.8185343541197035,-118.35877073478902
12.172172172172173,9.96334108718293,-673.3936336289624,0.8185343541197035,-118.55897093498922
12.192192192192193,9.979728161339482,-675.7671866006339,0.8185343541197035,-118.75917113518942
12.212212212212211,9.996115235496033,-678.1447475843213,0.8185343541197035,-118.95937133538962
12.232232232232231,10.012502309652584,-680.5263165800247,0.8185343541197035,-119.15957153558982
12.252252252252251,10.028889383809135,-682.9118935877442,0.8185343541197035,-119.35977173579002
12.272272272272273,10.045276457965686,-685.3014786074798,0.8185343541197035,-119.55997193599022
12.292292292292293,10.061663532122237,-687.6950716392314,0.8185343541197035,-119.76017213619042
12.312312312312311,10.078050606278788,-690.092672682999,0.8185343541197035,-119.96037233639062
12.332332332332332,10.09443768043534,-692.4942817387827,0.8185343541197035,-120.16057253659082
12.352352352352352,10.11082475459189,-694.8998988065823,0.8185343541197035,-120.36077273679102
12.372372372372373,10.127211828748441,-697.309523886398,0.8185343541197035,-120.56097293699122
12.392392392392393,10.143598902904992,-699.7231569782297,0.8185343541197035,-120.76117313719142
12.412412412412412,10.159985977061543,-702.1407980820774,0.8185343541197035,-120.96137333739162
12.432432432432432,10.176373051218095,-704.5624471979411,0.8185343541197035,-121.16157353759182
12.452452452452452,10.192760125374646,-706.9881043258208,0.8185343541197035,-121.36177373779202
12.472472472472473,10.209147199531197,-709.4177694657166,0.8185343541197035,-121.56197393799222
12.492492492492493,10.225534273687748,-711.8514426176283,0.8185343541197035,-121.76217413819242
12.512512512512512,10.241921347844299,-714.2891237815561,0.8185343541197035,-121.96237433839262
12.532532532532532,10.25830842200085,-716.7308129574999,0.8185343541197035,-122.16257453859282
12.552552552552552,10.2746954961574,-719.1765101454597,0.8185343541197035,-122.36277473879302
12.572572572572573,10.291082570313952,-721.6262153454355,0.8185343541197035,-122.56297493899322
12.592592592592593,10.307469644470503,-724.0799285574274,0.8185343541197035,-122.76317513919342
12.612612612612612,10.323856718627054,-726.5376497814352,0.8185343541197035,-122.96337533939362
12.632632632632632,10.340243792783605,-728.9993790174591,0.8185343541197035,-123.16357553959382
12.652652652652652,10.356630866940156,-731.465116265499,0.8185343541197035,-123.36377573979402
12.672672672672673,10.373017941096707,-733.9348615255549,0.8185343541197035,-123.56397593999422
12.692692692692694,10.389405015253258,-736.4086147976268,0.8185343541197035,-123.76417614019442
12.712712712712712,10.40579208940981,-738.8863760817147,0.8185343541197035,-123.96437634039462
12.732732732732732,10.42217916356636,-741.3681453778187,0.8185343541197035,-124.16457654059482
12.752752752752752,10.438566237722911,-743.8539226859386,0.8185343541197035,-124.36477674079502
12.772772772772774,10.454953311879462,-746.3437080060746,0.8185343541197035,-124.56497694099522
12.792792792792794,10.471340386036013,-748.8375013382267,0.8185343541197035,-124.76517714119542
12.812812812812812,10.487727460192565,-751.3353026823949,0.8185343541197035,-124.96537734139562
12.832832832832832,10.504114534349116,-753.837112038579,0.8185343541197035,-125.16557754159582
12.852852852852852,10.520501608505667,-756.3429294067791,0.8185343541197035,-125.36577774179602
12.872872872872874,10.536888682662218,-758.8527547869953,0.8185343541197035,-125.56597794199622
12.892892892892894,10.553275756818769,-761.3665881792275,0.8185343541197035,-125.76617814219642
12.912912912912912,10.56966283097532,-763.8844295834757,0.8185343541197035,-125.96637834239662
12.932932932932932,10.58604990513187,-766.4062789997399,0.8185343541197035,-126.16657854259682
12.952952952952952,10.602436979288422,-768.9321364280202,0.8185343541197035,-126.36677874279702
12.972972972972974,10.618824053444973,-771.4620018683164,0.8185343541197035,-126.56697894299722
12.992992992992994,10.635211127601524,-773.9958753206287,0.8185343541197035,-126.76717914319742
13.013013013013012,10.651598201758075,-776.533756784957,0.8185343541197035,-126.96737934339762
13.033033033033032,10.667985275914626,-779.0756462613012,0.8185343541197035,-127.16757954359782
13.053053053053052,10.684372350071177,-781.6215437496616,0.8185343541197035,-127.36777974379802
13.073073073073074,10.700759424227728,-784.1714492500379,0.8185343541197035,-127.56797994399822
13.093093093093094,10.71714649838428,-786.7253627624302,0.8185343541197035,-127.76818014419842
13.113113113113112,10.73353357254083,-789.2832842868386,0.8185343541197035,-127.96838034439862
13.133133133133132,10.749920646697381,-791.845213823263,0.8185343541197035,-128.16858054459883
13.153153153153154,10.766307720853932,-794.4111513717033,0.8185343541197035,-128.36878074479904
13.173173173173174,10.782694795010483,-796.9810969321597,0.8185343541197035,-128.56898094499925
13.193193193193194,10.799081869167034,-799.5550505046322,0.8185343541197035,-128.76918114519947
13.213213213213212,10.815468943323586,-802.1330120891206,0.8185343541197035,-128.96938134539968
13.233233233233232,10.831856017480137,-804.714981685625,0.8185343541197035,-129.1695815455999
13.253253253253254,10.848243091636688,-807.3009592941455,0.8185343541197035,-129.3697817458001
13.273273273273274,10.864630165793239,-809.8909449146821,0.8185343541197035,-129.56998194600033
13.293293293293294,10.88101723994979,-812.4849385472347,0.8185343541197035,-129.77018214620054
13.313313313313312,10.89740431410634,-815.0829401918033,0.8185343541197035,-129.97038234640075
13.333333333333332,10.913791388262892,-817.684949848388,0.8185343541197035,-130.17058254660097
13.353353353353354,10.930178462419443,-820.2909675169886,0.8185343541197035,-130.37078274680118
13.373373373373374,10.946565536575994,-822.9009931976053,0.8185343541197035,-130.5709829470014
13.393393393393394,10.962952610732545,-825.515026890238,0.8185343541197035,-130.7711831472016
13.413413413413412,10.979339684889096,-828.1330685948867,0.8185343541197035,-130.97138334740183
13.433433433433432,10.995726759045647,-830.7551183115514,0.8185343541197035,-131.17158354760204
13.453453453453454,11.012113833202198,-833.3811760402322,0.8185343541197035,-131.37178374780225
13.473473473473474,11.02850090735875,-836.0112417809289,0.8185343541197035,-131.57198394800247
13.493493493493494,11.0448879815153,-838.6453155336417,0.8185343541197035,-131.77218414820268
13.513513513513512,11.061275055671851,-841.2833972983705,0.8185343541197035,-131.9723843484029
13.533533533533532,11.077662129828402,-843.9254870751153,0.8185343541197035,-132.1725845486031
13.553553553553554,11.094049203984953,-846.5715848638761,0.8185343541197035,-132.37278474880333
13.573573573573574,11.110436278141504,-849.2216906646529,0.8185343541197035,-132.57298494900354
13.593593593593594,11.126823352298056,-851.8758044774457,0.8185343541197035,-132.77318514920375
13.613613613613612,11.143210426454607,-854.5339263022546,0.8185343541197035,-132.97338534940397
13.633633633633632,11.159597500611158,-857.1960561390795,0.8185343541197035,-133.17358554960418
13.653653653653654,11.175984574767709,-859.8621939879204,0.8185343541197035,-133.3737857498044
13.673673673673674,11.19237164892426,-862.5323398487773,0.8185343541197035,-133.5739859500046
13.693693693693694,11.20875872308081,-865.2064937216502,0.8185343541197035,-133.77418615020483
13.713713713713712,11.225145797237362,-867.8846556065391,0.8185343541197035,-133.97438635040504
13.733733733733732,11.241532871393913,-870.5668255034441,0.8185343541197035,-134.17458655060526
13.753753753753754,11.257919945550464,-873.2530034123652,0.8185343541197035,-134.37478675080547
13.773773773773774,11.274307019707015,-875.9431893333023,0.8185343541197035,-134.57498695100568
13.793793793793794,11.290694093863566,-878.6373832662554,0.8185343541197035,-134.7751871512059
13.813813813813812,11.307081168020117,-881.3355852112245,0.8185343541197035,-134.9753873514061
13.833833833833832,11.323468242176668,-884.0377951682096,0.8185343541197035,-135.17558755160633
13.853853853853854,11.33985531633322,-886.7440131372108,0.8185343541197035,-135.37578775180654
13.873873873873874,11.35624239048977,-889.454239118228,0.8185343541197035,-135.57598795200676
13.893893893893894,11.372629464646321,-892.1684731112612,0.8185343541197035,-135.77618815220697
13.913913913913913,11.389016538802872,-894.8867151163104,0.8185343541197035,-135.97638835240718
13.933933933933933,11.405403612959423,-897.6089651333756,0.8185343541197035,-136.1765885526074
13.953953953953954,11.421790687115974,-900.3352231624568,0.8185343541197035,-136.3767887528076
13.973973973973974,11.438177761272526,-903.0654892035541,0.8185343541197035,-136.57698895300783
13.993993993993994,11.454564835429077,-905.7997632566673,0.8185343541197035,-136.77718915320804
14.014014014014013,11.470951909585628,-908.5380453217966,0.8185343541197035,-136.97738935340826
14.034034034034033,11.487338983742179,-911.2803353989419,0.8185343541197035,-137.17758955360847
14.054054054054054,11.50372605789873,-914.0266334881032,0.8185343541197035,-137.37778975380868
14.074074074074074,11.52011313205528,-916.7769395892806,0.8185343541197035,-137.5779899540089
14.094094094094094,11.536500206211832,-919.5312537024739,0.8185343541197035,-137.7781901542091
14.114114114114113,11.552887280368383,-922.2895758276833,0.8185343541197035,-137.97839035440933
14.134134134134133,11.569274354524934,-925.0519059649087,0.8185343541197035,-138.17859055460954
14.154154154154154,11.585661428681485,-927.81824411415,0.8185343541197035,-138.37879075480976
14.174174174174174,11.602048502838036,-930.5885902754075,0.8185343541197035,-138.57899095500997
14.194194194194194,11.618435576994587,-933.3629444486809,0.8185343541197035,-138.77919115521019
14.214214214214213,11.634822651151138,-936.1413066339703,0.8185343541197035,-138.9793913554104
14.234234234234233,11.65120972530769,-938.9236768312759,0.8185343541197035,-139.1795915556106
14.254254254254255,11.66759679946424,-941.7100550405975,0.8185343541197035,-139.37979175581083
14.274274274274275,11.683983873620791,-944.5004412619351,0.8185343541197035,-139.57999195601104
14.294294294294295,11.700370947777342,-947.2948354952887,0.8185343541197035,-139.78019215621126
14.314314314314313,11.716758021933893,-950.0932377406583,0.8185343541197035,-139.98039235641147
14.334334334334333,11.733145096090444,-952.895647998044,0.8185343541197035,-140.18059255661169
14.354354354354355,11.749532170246995,-955.7020662674456,0.8185343541197035,-140.3807927568119
14.374374374374375,11.765919244403547,-958.5124925488633,0.8185343541197035,-140.5809929570121
14.394394394394395,11.782306318560098,-961.326926842297,0.8185343541197035,-140.78119315721233
14.414414414414413,11.798693392716649,-964.1453691477467,0.8185343541197035,-140.98139335741254
14.434434434434436,11.8150804668732,-966.9678194652124,0.8185343541197035,-141.18159355761276
14.454454454454455,11.83146754102975,-969.7942777946942,0.8185343541197035,-141.38179375781297
14.474474474474475,11.847854615186302,-972.6247441361919,0.8185343541197035,-141.5819939580132
14.494494494494495,11.864241689342853,-975.4592184897057,0.8185343541197035,-141.7821941582134
14.514514514514513,11.880628763499404,-978.2977008552355,0.8185343541197035,-141.98239435841361
14.534534534534536,11.897015837655955,-981.1401912327813,0.8185343541197035,-142.18259455861383
14.554554554554555,11.913402911812506,-983.9866896223431,0.8185343541197035,-142.38279475881404
14.574574574574575,11.929789985969057,-986.8371960239209,0.8185343541197035,-142.58299495901426
14.594594594594595,11.946177060125608,-989.6917104375148,0.8185343541197035,-142.78319515921447
14.614614614614613,11.96256413428216,-992.5502328631246,0.8185343541197035,-142.9833953594147
14.634634634634637,11.97895120843871,-995.4127633007505,0.8185343541197035,-143.1835955596149
14.654654654654655,11.995338282595261,-998.2793017503924,0.8185343541197035,-143.38379575981511
14.674674674674675,12.011725356751812,-1001.1498482120503,0.8185343541197035,-143.58399596001533
14.694694694694695,12.028112430908363,-1004.0244026857242,0.8185343541197035,-143.78419616021554
14.714714714714713,12.044499505064914,-1006.9029651714143,0.8185343541197035,-143.98439636041576
14.734734734734737,12.060886579221465,-1009.7855356691203,0.8185343541197035,-144.18459656061597
14.754754754754755,12.077273653378017,-1012.6721141788424,0.8185343541197035,-144.3847967608162
14.774774774774775,12.093660727534568,-1015.5627007005805,0.8185343541197035,-144.5849969610164
14.794794794794795,12.110047801691119,-1018.4572952343347,0.8185343541197035,-144.78519716121662
14.814814814814813,12.12643487584767,-1021.3558977801048,0.8185343541197035,-144.98539736141683
14.834834834834837,12.14282195000422,-1024.2585083378908,0.8185343541197035,-145.18559756161704
14.854854854854855,12.159209024160772,-1027.1651269076929,0.8185343541197035,-145.38579776181726
14.874874874874875,12.175596098317323,-1030.075753489511,0.8185343541197035,-145.58599796201747
14.894894894894895,12.191983172473874,-1032.9903880833451,0.8185343541197035,-145.7861981622177
14.914914914914913,12.208370246630425,-1035.9090306891953,0.8185343541197035,-145.9863983624179
14.934934934934937,12.224757320786976,-1038.8316813070614,0.8185343541197035,-146.18659856261812
14.954954954954955,12.241144394943527,-1041.7583399369437,0.8185343541197035,-146.38679876281833
14.974974974974975,12.257531469100078,-1044.689006578842,0.8185343541197035,-146.58699896301854
14.994994994994995,12.27391854325663,-1047.6236812327563,0.8185343541197035,-146.78719916321876
15.015015015015013,12.29030561741318,-1050.5623638986867,0.8185343541197035,-146.98739936341897
15.035035035035037,12.306692691569731,-1053.505054576633,0.8185343541197035,-147.1875995636192
15.055055055055055,12.323079765726282,-1056.4517532665955,0.8185343541197035,-147.3877997638194
15.075075075075075,12.339466839882833,-1059.4024599685738,0.8185343541197035,-147.58799996401962
15.095095095095095,12.355853914039384,-1062.3571746825683,0.8185343541197035,-147.78820016421983
15.115115115115113,12.372240988195935,-1065.3158974085786,0.8185343541197035,-147.98840036442004
15.135135135135137,12.388628062352486,-1068.2786281466051,0.8185343541197035,-148.18860056462026
15.155155155155155,12.405015136509038,-1071.2453668966475,0.8185343541197035,-148.38880076482047
15.175175175175175,12.421402210665589,-1074.216113658706,0.8185343541197035,-148.5890009650207
15.195195195195195,12.43778928482214,-1077.1908684327805,0.8185343541197035,-148.7892011652209
15.215215215215213,12.45417635897869,-1080.169631218871,0.8185343541197035,-148.98940136542112
15.235235235235237,12.470563433135242,-1083.1524020169775,0.8185343541197035,-149.18960156562133
15.255255255255255,12.486950507291793,-1086.1391808271,0.8185343541197035,-149.38980176582155
15.275275275275275,12.503337581448344,-1089.1299676492386,0.8185343541197035,-149.59000196602176
15.295295295295295,12.519724655604895,-1092.1247624833932,0.8185343541197035,-149.79020216622197
15.315315315315313,12.536111729761446,-1095.1235653295637,0.8185343541197035,-149.9904023664222
15.335335335335337,12.552498803917997,-1098.1263761877503,0.8185343541197035,-150.1906025666224
15.355355355355355,12.568885878074548,-1101.133195057953,0.8185343541197035,-150.39080276682262
15.375375375375375,12.585272952231099,-1104.1440219401716,0.8185343541197035,-150.59100296702283
15.395395395395395,12.60166002638765,-1107.1588568344062,0.8185343541197035,-150.79120316722305
15.415415415415413,12.618047100544201,-1110.1776997406569,0.8185343541197035,-150.99140336742326
15.435435435435437,12.634434174700752,-1113.2005506589237,0.8185343541197035,-151.19160356762347
15.455455455455455,12.650821248857303,-1116.2274095892064,0.8185343541197035,-151.3918037678237
15.475475475475475,12.667208323013854,-1119.2582765315053,0.8185343541197035,-151.5920039680239
15.495495495495495,12.683595397170405,-1122.29315148582,0.8185343541197035,-151.79220416822412
15.515515515515514,12.699982471326956,-1125.332034452151,0.8185343541197035,-151.99240436842433
15.535535535535537,12.716369545483508,-1128.3749254304978,0.8185343541197035,-152.19260456862455
15.555555555555555,12.732756619640059,-1131.4218244208607,0.8185343541197035,-152.39280476882476
15.575575575575575,12.74914369379661,-1134.4727314232396,0.8185343541197035,-152.59300496902497
15.595595595595595,12.76553076795316,-1137.5276464376345,0.8185343541197035,-152.7932051692252
15.615615615615614,12.781917842109712,-1140.5865694640454,0.8185343541197035,-152.9934053694254
15.635635635635637,12.798304916266263,-1143.6495005024724,0.8185343541197035,-153.19360556962562
15.655655655655655,12.814691990422814,-1146.7164395529153,0.8185343541197035,-153.39380576982583
15.675675675675675,12.831079064579365,-1149.7873866153743,0.8185343541197035,-153.59400597002605
15.695695695695695,12.847466138735916,-1152.8623416898492,0.8185343541197035,-153.79420617022626
15.715715715715717,12.863853212892467,-1155.9413047763403,0.8185343541197035,-153.99440637042647
15.735735735735737,12.880240287049018,-1159.0242758748473,0.8185343541197035,-154.1946065706267
15.755755755755755,12.896627361205569,-1162.1112549853704,0.8185343541197035,-154.3948067708269
15.775775775775776,12.91301443536212,-1165.2022421079093,0.8185343541197035,-154.59500697102712
15.795795795795796,12.929401509518671,-1168.2972372424645,0.8185343541197035,-154.79520717122733
15.815815815815817,12.945788583675222,-1171.3962403890355,0.8185343541197035,-154.99540737142755
15.835835835835837,12.962175657831773,-1174.4992515476226,0.8185343541197035,-155.19560757162776
15.855855855855856,12.978562731988324,-1177.6062707182257,0.8185343541197035,-155.39580777182798
15.875875875875876,12.994949806144875,-1180.7172979008449,0.8185343541197035,-155.5960079720282
15.895895895895896,13.011336880301426,-1183.8323330954802,0.8185343541197035,-155.7962081722284
15.915915915915917,13.027723954457977,-1186.9513763021314,0.8185343541197035,-155.99640837242862
15.935935935935937,13.044111028614529,-1190.0744275207987,0.8185343541197035,-156.19660857262883
15.955955955955956,13.06049810277108,-1193.201486751482,0.8185343541197035,-156.39680877282905
15.975975975975976,13.07688517692763,-1196.3325539941814,0.8185343541197035,-156.59700897302926
15.995995995995996,13.093272251084182,-1199.4676292488966,0.8185343541197035,-156.79720917322948
16.016016016016017,13.109659325240733,-1202.606712515628,0.8185343541197035,-156.9974093734297
16.036036036036037,13.126046399397284,-1205.7498037943753,0.8185343541197035,-157.1976095736299
16.056056056056057,13.142433473553835,-1208.8969030851388,0.8185343541197035,-157.39780977383012
16.076076076076077,13.158820547710386,-1212.048010387918,0.8185343541197035,-157.59800997403033
16.096096096096094,13.175207621866937,-1215.2031257027136,0.8185343541197035,-157.79821017423055
16.116116116116117,13.191594696023488,-1218.362249029525,0.8185343541197035,-157.99841037443076
16.136136136136138,13.207981770180039,-1221.5253803683524,0.8185343541197035,-158.19861057463098
16.156156156156158,13.22436884433659,-1224.6925197191958,0.8185343541197035,-158.3988107748312
16.176176176176178,13.240755918493141,-1227.8636670820554,0.8185343541197035,-158.5990109750314
16.196196196196194,13.257142992649692,-1231.0388224569308,0.8185343541197035,-158.79921117523162
16.216216216216218,13.273530066806243,-1234.2179858438224,0.8185343541197035,-158.99941137543183
16.236236236236238,13.289917140962794,-1237.4011572427298,0.8185343541197035,-159.19961157563205
16.256256256256258,13.306304215119345,-1240.5883366536534,0.8185343541197035,-159.39981177583226
16.276276276276278,13.322691289275896,-1243.779524076593,0.8185343541197035,-159.60001197603248
16.296296296296294,13.339078363432447,-1246.9747195115485,0.8185343541197035,-159.8002121762327
16.316316316316318,13.355465437588999,-1250.17392295852,0.8185343541197035,-160.0004123764329
16.336336336336338,13.37185251174555,-1253.3771344175077,0.8185343541197035,-160.20061257663312
16.356356356356358,13.3882395859021,-1256.5843538885113,0.8185343541197035,-160.40081277683333
16.376376376376378,13.404626660058652,-1259.795581371531,0.8185343541197035,-160.60101297703355
16.396396396396394,13.421013734215203,-1263.0108168665668,0.8185343541197035,-160.80121317723376
16.416416416416418,13.437400808371754,-1266.2300603736185,0.8185343541197035,-161.00141337743398
16.436436436436438,13.453787882528305,-1269.4533118926863,0.8185343541197035,-161.2016135776342
16.456456456456458,13.470174956684856,-1272.68057142377,0.8185343541197035,-161.4018137778344
16.476476476476478,13.486562030841407,-1275.91183896687,0.8185343541197035,-161.60201397803462
16.496496496496494,13.502949104997958,-1279.1471145219857,0.8185343541197035,-161.80221417823483
16.516516516516518,13.519336179154509,-1282.3863980891176,0.8185343541197035,-162.00241437843505
16.536536536536538,13.53572325331106,-1285.6296896682654,0.8185343541197035,-162.20261457863526
16.556556556556558,13.552110327467611,-1288.8769892594294,0.8185343541197035,-162.40281477883548
16.576576576576578,13.568497401624162,-1292.1282968626092,0.8185343541197035,-162.6030149790357
16.596596596596594,13.584884475780713,-1295.3836124778052,0.8185343541197035,-162.8032151792359
16.616616616616618,13.601271549937264,-1298.642936105017,0.8185343541197035,-163.00341537943612
16.636636636636638,13.617658624093815,-1301.906267744245,0.8185343541197035,-163.20361557963633
16.656656656656658,13.634045698250366,-1305.173607395489,0.8185343541197035,-163.40381577983655
16.676676676676678,13.650432772406917,-1308.444955058749,0.8185343541197035,-163.60401598003676
16.696696696696694,13.666819846563468,-1311.720310734025,0.8185343541197035,-163.80421618023698
16.716716716716718,13.68320692072002,-1314.999674421317,0.8185343541197035,-164.0044163804372
16.736736736736738,13.69959399487657,-1318.283046120625,0.8185343541197035,-164.2046165806374
16.756756756756758,13.715981069033122,-1321.570425831949,0.8185343541197035,-164.40481678083762
16.776776776776778,13.732368143189673,-1324.861813555289,0.8185343541197035,-164.60501698103783
16.796796796796794,13.748755217346224,-1328.1572092906451,0.8185343541197035,-164.80521718123805
16.816816816816818,13.765142291502775,-1331.4566130380172,0.8185343541197035,-165.00541738143826
16.836836836836838,13.781529365659326,-1334.7600247974053,0.8185343541197035,-165.20561758163848
16.856856856856858,13.797916439815877,-1338.0674445688096,0.8185343541197035,-165.4058177818387
16.876876876876878,13.814303513972428,-1341.3788723522298,0.8185343541197035,-165.6060179820389
16.896896896896898,13.830690588128979,-1344.694308147666,0.8185343541197035,-165.80621818223912
16.916916916916918,13.84707766228553,-1348.0137519551183,0.8185343541197035,-166.00641838243934
16.936936936936938,13.863464736442081,-1351.3372037745867,0.8185343541197035,-166.20661858263955
16.956956956956958,13.879851810598632,-1354.664663606071,0.8185343541197035,-166.40681878283976
16.976976976976978,13.896238884755183,-1357.9961314495713,0.8185343541197035,-166.60701898303998
16.996996996996998,13.912625958911734,-1361.3316073050876,0.8185343541197035,-166.8072191832402
17.017017017017018,13.929013033068285,-1364.67109117262,0.8185343541197035,-167.0074193834404
17.037037037037038,13.945400107224836,-1368.0145830521683,0.8185343541197035,-167.20761958364062
17.057057057057058,13.961787181381387,-1371.3620829437327,0.8185343541197035,-167.40781978384084
17.077077077077078,13.978174255537938,-1374.713590847313,0.8185343541197035,-167.60801998404105
17.097097097097098,13.99456132969449,-1378.0691067629095,0.8185343541197035,-167.80822018424126
17.117117117117118,14.01094840385104,-1381.428630690522,0.8185343541197035,-168.00842038444148
17.137137137137138,14.027335478007592,-1384.7921626301504,0.8185343541197035,-168.2086205846417
17.157157157157158,14.043722552164143,-1388.1597025817948,0.8185343541197035,-168.4088207848419
17.177177177177178,14.060109626320694,-1391.5312505454554,0.8185343541197035,-168.60902098504212
17.197197197197198,14.076496700477245,-1394.9068065211318,0.8185343541197035,-168.80922118524234
17.217217217217218,14.092883774633796,-1398.2863705088243,0.8185343541197035,-169.00942138544255
17.237237237237238,14.109270848790347,-1401.6699425085328,0.8185343541197035,-169.20962158564276
17.25725725725726,14.125657922946898,-1405.0575225202574,0.8185343541197035,-169.40982178584298
17.27727727727728,14.142044997103449,-1408.449110543998,0.8185343541197035,-169.6100219860432
17.2972972972973,14.15843207126,-1411.8447065797545,0.8185343541197035,-169.8102221862434
17.31731731731732,14.174819145416551,-1415.244310627527,0.8185343541197035,-170.01042238644362
17.33733733733734,14.191206219573102,-1418.6479226873157,0.8185343541197035,-170.21062258664384
17.35735735735736,14.207593293729653,-1422.0555427591205,0.8185343541197035,-170.41082278684405
17.37737737737738,14.223980367886204,-1425.4671708429412,0.8185343541197035,-170.61102298704427
17.3973973973974,14.240367442042755,-1428.882806938778,0.8185343541197035,-170.81122318724448
17.41741741741742,14.256754516199306,-1432.3024510466307,0.8185343541197035,-171.0114233874447
17.43743743743744,14.273141590355857,-1435.7261031664996,0.8185343541197035,-171.2116235876449
17.45745745745746,14.289528664512408,-1439.1537632983843,0.8185343541197035,-171.41182378784512
17.47747747747748,14.30591573866896,-1442.5854314422852,0.8185343541197035,-171.61202398804534
17.4974974974975,14.32230281282551,-1446.021107598202,0.8185343541197035,-171.81222418824555
17.51751751751752,14.338689886982062,-1449.460791766135,0.8185343541197035,-172.01242438844577
17.53753753753754,14.355076961138613,-1452.9044839460837,0.8185343541197035,-172.21262458864598
17.55755755755756,14.371464035295164,-1456.3521841380486,0.8185343541197035,-172.4128247888462
17.57757757757758,14.387851109451715,-1459.8038923420295,0.8185343541197035,-172.6130249890464
17.5975975975976,14.404238183608266,-1463.2596085580265,0.8185343541197035,-172.81322518924662
17.61761761761762,14.420625257764817,-1466.7193327860393,0.8185343541197035,-173.01342538944684
17.63763763763764,14.437012331921368,-1470.1830650260683,0.8185343541197035,-173.21362558964705
17.65765765765766,14.453399406077919,-1473.6508052781132,0.8185343541197035,-173.41382578984727
17.67767767767768,14.46978648023447,-1477.1225535421743,0.8185343541197035,-173.61402599004748
17.6976976976977,14.486173554391021,-1480.5983098182512,0.8185343541197035,-173.8142261902477
17.71771771771772,14.502560628547572,-1484.0780741063443,0.8185343541197035,-174.0144263904479
17.73773773773774,14.518947702704123,-1487.5618464064532,0.8185343541197035,-174.21462659064812
17.75775775775776,14.535334776860674,-1491.0496267185783,0.8185343541197035,-174.41482679084834
17.77777777777778,14.551721851017225,-1494.5414150427193,0.8185343541197035,-174.61502699104855
17.7977977977978,14.568108925173776,-1498.0372113788765,0.8185343541197035,-174.81522719124877
17.81781781781782,14.584495999330327,-1501.5370157270497,0.8185343541197035,-175.01542739144898
17.83783783783784,14.600883073486878,-1505.0408280872389,0.8185343541197035,-175.2156275916492
17.85785785785786,14.61727014764343,-1508.5486484594442,0.8185343541197035,-175.4158277918494
17.87787787787788,14.63365722179998,-1512.0604768436654,0.8185343541197035,-175.61602799204962
17.8978978978979,14.650044295956532,-1515.5763132399027,0.8185343541197035,-175.81622819224984
17.91791791791792,14.666431370113083,-1519.096157648156,0.8185343541197035,-176.01642839245005
17.93793793793794,14.682818444269634,-1522.6200100684252,0.8185343541197035,-176.21662859265027
17.95795795795796,14.699205518426185,-1526.1478705007105,0.8185343541197035,-176.41682879285048
17.97797797797798,14.715592592582736,-1529.6797389450119,0.8185343541197035,-176.6170289930507
17.997997997998,14.731979666739287,-1533.2156154013292,0.8185343541197035,-176.8172291932509
18.01801801801802,14.748366740895838,-1536.7554998696626,0.8185343541197035,-177.01742939345112
18.03803803803804,14.764753815052389,-1540.2993923500119,0.8185343541197035,-177.21762959365134
18.05805805805806,14.78114088920894,-1543.8472928423773,0.8185343541197035,-177.41782979385155
18.07807807807808,14.797527963365491,-1547.3992013467587,0.8185343541197035,-177.61802999405177
18.0980980980981,14.813915037522042,-1550.9551178631561,0.8185343541197035,-177.81823019425198
18.11811811811812,14.830302111678593,-1554.5150423915695,0.8185343541197035,-178.0184303944522
18.13813813813814,14.846689185835144,-1558.078974931999,0.8185343541197035,-178.2186305946524
18.15815815815816,14.863076259991695,-1561.6469154844444,0.8185343541197035,-178.41883079485262
18.17817817817818,14.879463334148246,-1565.218864048906,0.8185343541197035,-178.61903099505284
18.1981981981982,14.895850408304797,-1568.7948206253834,0.8185343541197035,-178.81923119525305
18.21821821821822,14.912237482461348,-1572.374785213877,0.8185343541197035,-179.01943139545327
18.23823823823824,14.9286245566179,-1575.9587578143864,0.8185343541197035,-179.21963159565348
18.25825825825826,14.94501163077445,-1579.546738426912,0.8185343541197035,-179.4198317958537
18.27827827827828,14.961398704931002,-1583.1387270514538,0.8185343541197035,-179.6200319960539
18.2982982982983,14.977785779087553,-1586.7347236880114,0.8185343541197035,-179.82023219625412
18.31831831831832,14.994172853244104,-1590.3347283365852,0.8185343541197035,-180.02043239645434
18.33833833833834,15.010559927400655,-1593.9387409971748,0.8185343541197035,-180.22063259665455
18.35835835835836,15.026947001557206,-1597.5467616697806,0.8185343541197035,-180.42083279685477
18.37837837837838,15.043334075713757,-1601.1587903544023,0.8185343541197035,-180.62103299705498
18.3983983983984,15.059721149870308,-1604.7748270510401,0.8185343541197035,-180.8212331972552
18.41841841841842,15.076108224026859,-1608.3948717596938,0.8185343541197035,-181.0214333974554
18.43843843843844,15.09249529818341,-1612.0189244803637,0.8185343541197035,-181.22163359765563
18.45845845845846,15.108882372339961,-1615.6469852130494,0.8185343541197035,-181.42183379785584
18.47847847847848,15.125269446496512,-1619.2790539577513,0.8185343541197035,-181.62203399805605
18.4984984984985,15.141656520653063,-1622.9151307144691,0.8185343541197035,-181.82223419825627
18.51851851851852,15.158043594809614,-1626.555215483203,0.8185343541197035,-182.02243439845648
18.53853853853854,15.174430668966165,-1630.1993082639528,0.8185343541197035,-182.2226345986567
18.55855855855856,15.190817743122716,-1633.8474090567188,0.8185343541197035,-182.4228347988569
18.57857857857858,15.207204817279267,-1637.4995178615006,0.8185343541197035,-182.62303499905713
18.5985985985986,15.223591891435818,-1641.1556346782986,0.8185343541197035,-182.82323519925734
18.61861861861862,15.23997896559237,-1644.8157595071125,0.8185343541197035,-183.02343539945755
18.63863863863864,15.25636603974892,-1648.4798923479425,0.8185343541197035,-183.22363559965777
18.65865865865866,15.272753113905472,-1652.1480332007884,0.8185343541197035,-183.42383579985798
18.67867867867868,15.289140188062023,-1655.8201820656504,0.8185343541197035,-183.6240360000582
18.6986986986987,15.305527262218574,-1659.4963389425284,0.8185343541197035,-183.8242362002584
18.71871871871872,15.321914336375125,-1663.1765038314225,0.8185343541197035,-184.02443640045863
18.73873873873874,15.338301410531676,-1666.8606767323324,0.8185343541197035,-184.22463660065884
18.75875875875876,15.354688484688227,-1670.5488576452585,0.8185343541197035,-184.42483680085905
18.77877877877878,15.371075558844778,-1674.2410465702008,0.8185343541197035,-184.62503700105927
18.7987987987988,15.387462633001329,-1677.9372435071589,0.8185343541197035,-184.82523720125948
18.81881881881882,15.40384970715788,-1681.6374484561331,0.8185343541197035,-185.0254374014597
18.83883883883884,15.420236781314431,-1685.3416614171233,0.8185343541197035,-185.2256376016599
18.85885885885886,15.436623855470982,-1689.0498823901296,0.8185343541197035,-185.42583780186013
18.87887887887888,15.453010929627533,-1692.7621113751518,0.8185343541197035,-185.62603800206034
18.8988988988989,15.469398003784084,-1696.47834837219,0.8185343541197035,-185.82623820226055
18.91891891891892,15.485785077940635,-1700.1985933812443,0.8185343541197035,-186.02643840246077
18.93893893893894,15.502172152097186,-1703.9228464023147,0.8185343541197035,-186.22663860266098
18.95895895895896,15.518559226253737,-1707.651107435401,0.8185343541197035,-186.4268388028612
18.97897897897898,15.534946300410288,-1711.3833764805033,0.8185343541197035,-186.6270390030614
18.998998998999,15.55133337456684,-1715.1196535376216,0.8185343541197035,-186.82723920326163
19.01901901901902,15.56772044872339,-1718.859938606756,0.8185343541197035,-187.02743940346184
19.03903903903904,15.584107522879941,-1722.6042316879063,0.8185343541197035,-187.22763960366206
19.05905905905906,15.600494597036493,-1726.3525327810728,0.8185343541197035,-187.42783980386227
19.07907907907908,15.616881671193044,-1730.1048418862551,0.8185343541197035,-187.62804000406248
19.0990990990991,15.633268745349595,-1733.8611590034536,0.8185343541197035,-187.8282402042627
19.11911911911912,15.649655819506146,-1737.621484132668,0.8185343541197035,-188.0284404044629
19.13913913913914,15.666042893662697,-1741.3858172738985,0.8185343541197035,-188.22864060466313
19.15915915915916,15.682429967819248,-1745.154158427145,0.8185343541197035,-188.42884080486334
19.17917917917918,15.698817041975799,-1748.9265075924075,0.8185343541197035,-188.62904100506356
19.1991991991992,15.71520411613235,-1752.702864769686,0.8185343541197035,-188.82924120526377
19.21921921921922,15.731591190288901,-1756.4832299589805,0.8185343541197035,-189.02944140546398
19.23923923923924,15.747978264445452,-1760.2676031602912,0.8185343541197035,-189.2296416056642
19.25925925925926,15.764365338602003,-1764.0559843736178,0.8185343541197035,-189.4298418058644
19.27927927927928,15.780752412758554,-1767.8483735989605,0.8185343541197035,-189.63004200606463
19.2992992992993,15.797139486915105,-1771.6447708363191,0.8185343541197035,-189.83024220626484
19.31931931931932,15.813526561071656,-1775.445176085694,0.8185343541197035,-190.03044240646506
19.33933933933934,15.829913635228207,-1779.2495893470846,0.8185343541197035,-190.23064260666527
19.35935935935936,15.846300709384758,-1783.0580106204914,0.8185343541197035,-190.43084280686548
19.37937937937938,15.86268778354131,-1786.870439905914,0.8185343541197035,-190.6310430070657
19.3993993993994,15.87907485769786,-1790.6868772033529,0.8185343541197035,-190.8312432072659
19.41941941941942,15.895461931854411,-1794.5073225128076,0.8185343541197035,-191.03144340746613
19.43943943943944,15.911849006010963,-1798.3317758342785,0.8185343541197035,-191.23164360766634
19.45945945945946,15.928236080167514,-1802.1602371677652,0.8185343541197035,-191.43184380786656
19.47947947947948,15.944623154324065,-1805.992706513268,0.8185343541197035,-191.63204400806677
19.4994994994995,15.961010228480616,-1809.829183870787,0.8185343541197035,-191.83224420826699
19.51951951951952,15.977397302637167,-1813.6696692403218,0.8185343541197035,-192.0324444084672
19.53953953953954,15.993784376793718,-1817.5141626218726,0.8185343541197035,-192.2326446086674
19.55955955955956,16.010171450950267,-1821.3626640154396,0.8185343541197035,-192.43284480886763
19.57957957957958,16.026558525106818,-1825.2151734210224,0.8185343541197035,-192.63304500906784
19.5995995995996,16.04294559926337,-1829.0716908386214,0.8185343541197035,-192.83324520926806
19.61961961961962,16.05933267341992,-1832.9322162682363,0.8185343541197035,-193.03344540946827
19.63963963963964,16.07571974757647,-1836.7967497098673,0.8185343541197035,-193.23364560966849
19.65965965965966,16.092106821733022,-1840.6652911635142,0.8185343541197035,-193.4338458098687
19.67967967967968,16.108493895889573,-1844.5378406291773,0.8185343541197035,-193.63404601006891
19.6996996996997,16.124880970046124,-1848.4143981068564,0.8185343541197035,-193.83424621026913
19.71971971971972,16.141268044202675,-1852.2949635965515,0.8185343541197035,-194.03444641046934
19.73973973973974,16.157655118359227,-1856.1795370982627,0.8185343541197035,-194.23464661066956
19.75975975975976,16.174042192515778,-1860.0681186119898,0.8185343541197035,-194.43484681086977
19.77977977977978,16.19042926667233,-1863.960708137733,0.8185343541197035,-194.63504701107
19.7997997997998,16.20681634082888,-1867.8573056754922,0.8185343541197035,-194.8352472112702
19.81981981981982,16.22320341498543,-1871.7579112252674,0.8185343541197035,-195.03544741147041
19.83983983983984,16.239590489141982,-1875.6625247870586,0.8185343541197035,-195.23564761167063
19.85985985985986,16.255977563298533,-1879.571146360866,0.8185343541197035,-195.43584781187084
19.87987987987988,16.272364637455084,-1883.483775946689,0.8185343541197035,-195.63604801207106
19.8998998998999,16.288751711611635,-1887.4004135445284,0.8185343541197035,-195.83624821227127
19.91991991991992,16.305138785768186,-1891.3210591543836,0.8185343541197035,-196.0364484124715
19.93993993993994,16.321525859924737,-1895.245712776255,0.8185343541197035,-196.2366486126717
19.95995995995996,16.337912934081288,-1899.1743744101423,0.8185343541197035,-196.43684881287192
19.97997997997998,16.35430000823784,-1903.1070440560457,0.8185343541197035,-196.63704901307213
20.0,16.37068708239439,-1907.043721713965,0.8185343541197035,-196.83724921327234
