t,xpos,ypos,vx,vy
0.0,0.0,29.76756405072273,74.17059050340202,62.15992693162931
0.02002002002002002,1.4848967067748153,31.01200703233693,74.17059050340202,61.95972673142911
0.04004004004004004,2.9697934135496307,32.25244200193511,74.17059050340202,61.75952653122891
0.06006006006006006,4.454690120324446,33.48886895951727,74.17059050340202,61.55932633102871
0.08008008008008008,5.939586827099261,34.72128790508341,74.17059050340202,61.35912613082851
0.10010010010010009,7.424483533874077,35.94969883863353,74.17059050340202,61.15892593062831
0.12012012012012012,8.909380240648892,37.17410176016763,74.17059050340202,60.95872573042811
0.14014014014014015,10.394276947423707,38.39449666968571,74.17059050340202,60.75852553022791
0.16016016016016016,11.879173654198523,39.61088356718777,74.17059050340202,60.55832533002771
0.18018018018018017,13.364070360973338,40.82326245267381,74.17059050340202,60.358125129827506
0.20020020020020018,14.848967067748154,42.031633326143826,74.17059050340202,60.157924929627306
0.22022022022022023,16.333863774522968,43.23599618759783,74.17059050340202,59.957724729427106
0.24024024024024024,17.818760481297783,44.436351037035806,74.17059050340202,59.757524529226906
0.2602602602602603,19.3036571880726,45.63269787445777,74.17059050340202,59.557324329026706
0.2802802802802803,20.788553894847414,46.82503669986371,74.17059050340202,59.357124128826506
0.3003003003003003,22.27345060162223,48.01336751325363,74.17059050340202,59.156923928626306
0.3203203203203203,23.758347308397045,49.19769031462753,74.17059050340202,58.956723728426105
0.3403403403403404,25.24324401517186,50.37800510398541,74.17059050340202,58.756523528225905
0.36036036036036034,26.728140721946676,51.554311881327266,74.17059050340202,58.556323328025705
0.3803803803803804,28.213037428721492,52.72661064665311,74.17059050340202,58.356123127825505
0.40040040040040037,29.697934135496308,53.894901399962926,74.17059050340202,58.155922927625305
0.42042042042042044,31.182830842271123,55.05918414125673,74.17059050340202,57.955722727425105
0.44044044044044045,32.667727549045935,56.21945887053451,74.17059050340202,57.755522527224905
0.4604604604604605,34.15262425582075,57.37572558779627,74.17059050340202,57.555322327024705
0.4804804804804805,35.63752096259556,58.52798429304201,74.17059050340202,57.355122126824504
0.5005005005005005,37.12241766937037,59.67623498627173,74.17059050340202,57.154921926624304
0.5205205205205206,38.60731437614518,60.82047766748543,74.17059050340202,56.954721726424104
0.5405405405405406,40.092211082919995,61.96071233668311,74.17059050340202,56.754521526223904
0.5605605605605606,41.57710778969481,63.09693899386477,74.17059050340202,56.554321326023704
0.5805805805805806,43.06200449646962,64.2291576390304,74.17059050340202,56.354121125823504
0.6006006006006006,44.54690120324443,65.35736827218003,74.17059050340202,56.153920925623304
0.6206206206206206,46.03179791001924,66.48157089331363,74.17059050340202,55.9537207254231
0.6406406406406406,47.516694616794055,67.6017655024312,74.17059050340202,55.7535205252229
0.6606606606606606,49.00159132356887,68.71795209953277,74.17059050340202,55.5533203250227
0.6806806806806808,50.48648803034368,69.83013068461831,74.17059050340202,55.3531201248225
0.7007007007007007,51.97138473711849,70.93830125768783,74.17059050340202,55.1529199246223
0.7207207207207207,53.4562814438933,72.04246381874133,74.17059050340202,54.9527197244221
0.7407407407407407,54.941178150668115,73.14261836777881,74.17059050340202,54.7525195242219
0.7607607607607608,56.42607485744293,74.23876490480026,74.17059050340202,54.5523193240217
0.7807807807807808,57.91097156421774,75.3309034298057,74.17059050340202,54.3521191238215
0.8008008008008007,59.39586827099255,76.41903394279512,74.17059050340202,54.1519189236213
0.8208208208208208,60.88076497776736,77.50315644376852,74.17059050340202,53.9517187234211
0.8408408408408409,62.365661684542175,78.5832709327259,74.17059050340202,53.7515185232209
0.8608608608608609,63.85055839131699,79.65937740966726,74.17059050340202,53.5513183230207
0.8808808808808809,65.3354550980918,80.73147587459259,74.17059050340202,53.3511181228205
0.9009009009009008,66.82035180486662,81.7995663275019,74.17059050340202,53.1509179226203
0.920920920920921,68.30524851164144,82.86364876839521,74.17059050340202,52.9507177224201
0.9409409409409409,69.79014521841626,83.9237231972725,74.17059050340202,52.7505175222199
0.960960960960961,71.27504192519108,84.97978961413375,74.17059050340202,52.5503173220197
0.980980980980981,72.7599386319659,86.03184801897899,74.17059050340202,52.3501171218195
1.001001001001001,74.24483533874071,87.07989841180822,74.17059050340202,52.1499169216193
1.021021021021021,75.72973204551553,88.12394079262141,74.17059050340202,51.9497167214191
1.0410410410410411,77.21462875229035,89.16397516141859,74.17059050340202,51.7495165212189
1.0610610610610611,78.69952545906517,90.20000151819976,74.17059050340202,51.5493163210187
1.0810810810810811,80.18442216583999,91.23201986296489,74.17059050340202,51.3491161208185
1.1011011011011012,81.66931887261481,92.26003019571401,74.17059050340202,51.1489159206183
1.1211211211211212,83.15421557938963,93.28403251644711,74.17059050340202,50.9487157204181
1.1411411411411412,84.63911228616445,94.30402682516419,74.17059050340202,50.7485155202179
1.1611611611611612,86.12400899293927,95.32001312186524,74.17059050340202,50.5483153200177
1.1811811811811812,87.60890569971409,96.33199140655029,74.17059050340202,50.3481151198175
1.2012012012012012,89.0938024064889,97.3399616792193,74.17059050340202,50.1479149196173
1.2212212212212212,90.57869911326372,98.3439239398723,74.17059050340202,49.9477147194171
1.2412412412412412,92.06359582003854,99.34387818850928,74.17059050340202,49.7475145192169
1.2612612612612613,93.54849252681336,100.33982442513023,74.17059050340202,49.5473143190167
1.2812812812812813,95.03338923358818,101.33176264973517,74.17059050340202,49.3471141188165
1.3013013013013013,96.518285940363,102.31969286232409,74.17059050340202,49.1469139186163
1.3213213213213213,98.00318264713782,103.303615062897,74.17059050340202,48.9467137184161
1.3413413413413413,99.48807935391264,104.28352925145387,74.17059050340202,48.7465135182159
1.3613613613613615,100.97297606068746,105.25943542799473,74.17059050340202,48.5463133180157
1.3813813813813813,102.45787276746228,106.23133359251958,74.17059050340202,48.3461131178155
1.4014014014014013,103.9427694742371,107.19922374502839,74.17059050340202,48.1459129176153
1.4214214214214214,105.42766618101192,108.16310588552119,74.17059050340202,47.9457127174151
1.4414414414414414,106.91256288778673,109.12298001399797,74.17059050340202,47.7455125172149
1.4614614614614616,108.39745959456155,110.07884613045873,74.17059050340202,47.5453123170147
1.4814814814814814,109.88235630133637,111.03070423490347,74.17059050340202,47.3451121168145
1.5015015015015014,111.36725300811119,111.97855432733219,74.17059050340202,47.1449119166143
1.5215215215215216,112.85214971488601,112.92239640774488,74.17059050340202,46.9447117164141
1.5415415415415414,114.33704642166083,113.86223047614156,74.17059050340202,46.7445115162139
1.5615615615615617,115.82194312843565,114.79805653252222,74.17059050340202,46.5443113160137
1.5815815815815815,117.30683983521047,115.72987457688686,74.17059050340202,46.3441111158135
1.6016016016016015,118.79173654198529,116.65768460923547,74.17059050340202,46.1439109156133
1.6216216216216217,120.2766332487601,117.58148662956808,74.17059050340202,45.9437107154131
1.6416416416416415,121.76152995553493,118.50128063788465,74.17059050340202,45.7435105152129
1.6616616616616617,123.24642666230974,119.4170666341852,74.17059050340202,45.5433103150127
1.6816816816816818,124.73132336908456,120.32884461846974,74.17059050340202,45.3431101148125
1.7017017017017015,126.21622007585938,121.23661459073827,74.17059050340202,45.1429099146123
1.7217217217217218,127.7011167826342,122.14037655099077,74.17059050340202,44.942709714412096
1.7417417417417416,129.18601348940902,123.04013049922725,74.17059050340202,44.742509514211896
1.7617617617617618,130.67091019618383,123.93587643544771,74.17059050340202,44.542309314011696
1.7817817817817818,132.15580690295863,124.82761435965215,74.17059050340202,44.342109113811496
1.8018018018018016,133.64070360973344,125.71534427184056,74.17059050340202,44.141908913611296
1.8218218218218218,135.12560031650824,126.59906617201297,74.17059050340202,43.941708713411096
1.841841841841842,136.61049702328305,127.47878006016934,74.17059050340202,43.741508513210896
1.8618618618618619,138.09539373005785,128.3544859363097,74.17059050340202,43.541308313010695
1.8818818818818819,139.58029043683266,129.22618380043403,74.17059050340202,43.341108112810495
1.9019019019019017,141.06518714360746,130.09387365254236,74.17059050340202,43.140907912610295
1.921921921921922,142.55008385038226,130.95755549263467,74.17059050340202,42.940707712410095
1.9419419419419421,144.03498055715707,131.81722932071094,74.17059050340202,42.740507512209895
1.961961961961962,145.51987726393187,132.6728951367712,74.17059050340202,42.540307312009695
1.981981981981982,147.00477397070668,133.52455294081543,74.17059050340202,42.340107111809495
2.002002002002002,148.48967067748148,134.37220273284365,74.17059050340202,42.139906911609295
2.022022022022022,149.9745673842563,135.21584451285585,74.17059050340202,41.939706711409094
2.042042042042042,151.4594640910311,136.05547828085204,74.17059050340202,41.739506511208894
2.0620620620620618,152.9443607978059,136.8911040368322,74.17059050340202,41.539306311008694
2.0820820820820822,154.4292575045807,137.72272178079632,74.17059050340202,41.339106110808494
2.1021021021021022,155.9141542113555,138.55033151274444,74.17059050340202,41.138905910608294
2.1221221221221223,157.3990509181303,139.37393323267653,74.17059050340202,40.938705710408094
2.1421421421421423,158.88394762490512,140.19352694059262,74.17059050340202,40.738505510207894
2.1621621621621623,160.36884433167992,141.0091126364927,74.17059050340202,40.53830531000769
2.1821821821821823,161.85374103845473,141.8206903203767,74.17059050340202,40.33810510980749
2.2022022022022023,163.33863774522953,142.62825999224472,74.17059050340202,40.13790490960729
2.2222222222222223,164.82353445200434,143.43182165209672,74.17059050340202,39.93770470940709
2.2422422422422423,166.30843115877914,144.2313752999327,74.17059050340202,39.73750450920689
2.2622622622622623,167.79332786555395,145.02692093575266,74.17059050340202,39.53730430900669
2.2822822822822824,169.27822457232875,145.8184585595566,74.17059050340202,39.33710410880649
2.3023023023023024,170.76312127910356,146.60598817134453,74.17059050340202,39.13690390860629
2.3223223223223224,172.24801798587836,147.38950977111642,74.17059050340202,38.93670370840609
2.3423423423423424,173.73291469265317,148.1690233588723,74.17059050340202,38.73650350820589
2.3623623623623624,175.21781139942797,148.94452893461215,74.17059050340202,38.53630330800569
2.3823823823823824,176.70270810620278,149.716026498336,74.17059050340202,38.33610310780549
2.4024024024024024,178.18760481297758,150.48351605004382,74.17059050340202,38.13590290760529
2.4224224224224224,179.6725015197524,151.24699758973563,74.17059050340202,37.93570270740509
2.4424424424424425,181.1573982265272,152.0064711174114,74.17059050340202,37.73550250720489
2.4624624624624625,182.642294933302,152.76193663307114,74.17059050340202,37.53530230700469
2.4824824824824825,184.1271916400768,153.51339413671488,74.17059050340202,37.33510210680449
2.5025025025025025,185.6120883468516,154.2608436283426,74.17059050340202,37.13490190660429
2.5225225225225225,187.0969850536264,155.0042851079543,74.17059050340202,36.93470170640409
2.5425425425425425,188.58188176040122,155.74371857555,74.17059050340202,36.73450150620389
2.5625625625625625,190.06677846717602,156.47914403112964,74.17059050340202,36.53430130600369
2.5825825825825826,191.55167517395083,157.21056147469326,74.17059050340202,36.33410110580349
2.6026026026026026,193.03657188072563,157.93797090624088,74.17059050340202,36.13390090560329
2.6226226226226226,194.52146858750044,158.66137232577248,74.17059050340202,35.93370070540309
2.6426426426426426,196.00636529427524,159.38076573328806,74.17059050340202,35.73350050520289
2.6626626626626626,197.49126200105005,160.09615112878762,74.17059050340202,35.53330030500269
2.6826826826826826,198.97615870782485,160.80752851227118,74.17059050340202,35.33310010480249
2.7027027027027026,200.46105541459966,161.51489788373868,74.17059050340202,35.13289990460229
2.722722722722723,201.94595212137446,162.21825924319018,74.17059050340202,34.93269970440209
2.7427427427427427,203.43084882814927,162.91761259062565,74.17059050340202,34.73249950420189
2.7627627627627627,204.91574553492407,163.6129579260451,74.17059050340202,34.53229930400169
2.7827827827827827,206.40064224169888,164.30429524944856,74.17059050340202,34.33209910380149
2.8028028028028027,207.88553894847368,164.991624560836,74.17059050340202,34.13189890360129
2.822822822822823,209.37043565524849,165.67494586020737,74.17059050340202,33.93169870340109
2.8428428428428427,210.8553323620233,166.35425914756274,74.17059050340202,33.73149850320089
2.8628628628628627,212.3402290687981,167.0295644229021,74.17059050340202,33.53129830300069
2.8828828828828827,213.8251257755729,167.70086168622544,74.17059050340202,33.33109810280049
2.9029029029029028,215.3100224823477,168.36815093753276,74.17059050340202,33.13089790260029
2.922922922922923,216.7949191891225,169.03143217682407,74.17059050340202,32.93069770240009
2.942942942942943,218.27981589589731,169.69070540409933,74.17059050340202,32.73049750219989
2.962962962962963,219.76471260267212,170.34597061935858,74.17059050340202,32.53029730199969
2.982982982982983,221.24960930944692,170.99722782260181,74.17059050340202,32.33009710179949
3.003003003003003,222.73450601622173,171.64447701382903,74.17059050340202,32.12989690159929
3.0230230230230233,224.21940272299653,172.28771819304023,74.17059050340202,31.929696701399088
3.0430430430430433,225.70429942977134,172.92695136023542,74.17059050340202,31.729496501198888
3.063063063063063,227.18919613654614,173.5621765154146,74.17059050340202,31.529296300998688
3.083083083083083,228.67409284332095,174.19339365857772,74.17059050340202,31.329096100798488
3.103103103103103,230.15898955009575,174.82060278972483,74.17059050340202,31.128895900598287
3.1231231231231233,231.64388625687056,175.44380390885593,74.17059050340202,30.928695700398087
3.1431431431431434,233.12878296364536,176.062997015971,74.17059050340202,30.728495500197887
3.163163163163163,234.61367967042017,176.67818211107007,74.17059050340202,30.528295299997687
3.183183183183183,236.09857637719497,177.28935919415312,74.17059050340202,30.328095099797487
3.203203203203203,237.58347308396978,177.89652826522013,74.17059050340202,30.127894899597287
3.2232232232232234,239.06836979074458,178.49968932427112,74.17059050340202,29.927694699397087
3.2432432432432434,240.5532664975194,179.0988423713061,74.17059050340202,29.727494499196887
3.263263263263263,242.0381632042942,179.69398740632505,74.17059050340202,29.527294298996686
3.283283283283283,243.523059911069,180.285124429328,74.17059050340202,29.327094098796486
3.303303303303303,245.0079566178438,180.87225344031492,74.17059050340202,29.126893898596286
3.3233233233233235,246.4928533246186,181.4553744392858,74.17059050340202,28.926693698396086
3.3433433433433435,247.9777500313934,182.03448742624067,74.17059050340202,28.726493498195886
3.3633633633633635,249.46264673816822,182.60959240117953,74.17059050340202,28.526293297995686
3.383383383383383,250.94754344494302,183.18068936410236,74.17059050340202,28.326093097795486
3.403403403403403,252.43244015171783,183.74777831500919,74.17059050340202,28.125892897595286
3.4234234234234235,253.91733685849263,184.3108592539,74.17059050340202,27.925692697395085
3.4434434434434436,255.40223356526744,184.86993218077475,74.17059050340202,27.725492497194885
3.4634634634634636,256.88713027204227,185.4249970956335,74.17059050340202,27.525292296994685
3.483483483483483,258.3720269788171,185.97605399847623,74.17059050340202,27.325092096794485
3.503503503503503,259.8569236855919,186.52310288930295,74.17059050340202,27.124891896594285
3.5235235235235236,261.3418203923667,187.06614376811365,74.17059050340202,26.924691696394085
3.5435435435435436,262.8267170991415,187.60517663490833,74.17059050340202,26.724491496193885
3.5635635635635636,264.3116138059163,188.140201489687,74.17059050340202,26.524291295993685
3.583583583583583,265.7965105126911,188.67121833244963,74.17059050340202,26.324091095793484
3.603603603603603,267.2814072194659,189.19822716319624,74.17059050340202,26.123890895593284
3.6236236236236237,268.7663039262407,189.72122798192683,74.17059050340202,25.923690695393084
3.6436436436436437,270.2512006330155,190.2402207886414,74.17059050340202,25.723490495192884
3.6636636636636637,271.7360973397903,190.75520558333997,74.17059050340202,25.523290294992684
3.683683683683684,273.2209940465651,191.26618236602252,74.17059050340202,25.323090094792484
3.7037037037037033,274.70589075333993,191.77315113668902,74.17059050340202,25.122889894592284
3.7237237237237237,276.19078746011473,192.2761118953395,74.17059050340202,24.922689694392083
3.7437437437437437,277.67568416688954,192.77506464197398,74.17059050340202,24.722489494191883
3.7637637637637638,279.16058087366434,193.27000937659244,74.17059050340202,24.522289293991683
3.783783783783784,280.64547758043915,193.76094609919488,74.17059050340202,24.322089093791483
3.8038038038038033,282.13037428721395,194.2478748097813,74.17059050340202,24.121888893591283
3.823823823823824,283.61527099398876,194.7307955083517,74.17059050340202,23.921688693391083
3.843843843843844,285.10016770076356,195.20970819490606,74.17059050340202,23.721488493190883
3.863863863863864,286.58506440753837,195.6846128694444,74.17059050340202,23.521288292990683
3.8838838838838843,288.0699611143132,196.15550953196674,74.17059050340202,23.321088092790482
3.9039039039039034,289.554857821088,196.62239818247306,74.17059050340202,23.120887892590282
3.923923923923924,291.0397545278628,197.08527882096337,74.17059050340202,22.920687692390082
3.943943943943944,292.5246512346376,197.54415144743766,74.17059050340202,22.720487492189882
3.963963963963964,294.0095479414124,197.9990160618959,74.17059050340202,22.520287291989682
3.9839839839839843,295.4944446481872,198.44987266433813,74.17059050340202,22.320087091789482
4.004004004004004,296.979341354962,198.89672125476434,74.17059050340202,22.11988689158928
4.0240240240240235,298.4642380617368,199.33956183317454,74.17059050340202,21.91968669138908
4.044044044044044,299.9491347685116,199.77839439956873,74.17059050340202,21.71948649118888
4.064064064064064,301.4340314752864,200.2132189539469,74.17059050340202,21.51928629098868
4.084084084084084,302.9189281820612,200.64403549630902,74.17059050340202,21.31908609078848
4.104104104104104,304.403824888836,201.07084402665512,74.17059050340202,21.11888589058828
4.1241241241241235,305.88872159561083,201.49364454498522,74.17059050340202,20.91868569038808
4.1441441441441444,307.37361830238564,201.9124370512993,74.17059050340202,20.71848549018788
4.1641641641641645,308.85851500916044,202.32722154559735,74.17059050340202,20.51828528998768
4.1841841841841845,310.34341171593525,202.7379980278794,74.17059050340202,20.31808508978748
4.2042042042042045,311.82830842271005,203.1447664981454,74.17059050340202,20.11788488958728
4.2242242242242245,313.31320512948486,203.5475269563954,74.17059050340202,19.91768468938708
4.2442442442442445,314.79810183625966,203.94627940262936,74.17059050340202,19.71748448918688
4.2642642642642645,316.28299854303447,204.3410238368473,74.17059050340202,19.51728428898668
4.2842842842842845,317.76789524980927,204.73176025904925,74.17059050340202,19.31708408878648
4.3043043043043046,319.2527919565841,205.11848866923518,74.17059050340202,19.11688388858628
4.324324324324325,320.7376886633589,205.50120906740509,74.17059050340202,18.91668368838608
4.344344344344345,322.2225853701337,205.87992145355895,74.17059050340202,18.71648348818588
4.364364364364365,323.7074820769085,206.2546258276968,74.17059050340202,18.51628328798568
4.384384384384385,325.1923787836833,206.62532218981863,74.17059050340202,18.31608308778548
4.404404404404405,326.6772754904581,206.99201053992445,74.17059050340202,18.11588288758528
4.424424424424425,328.1621721972329,207.35469087801425,74.17059050340202,17.91568268738508
4.444444444444445,329.6470689040077,207.71336320408804,74.17059050340202,17.71548248718488
4.464464464464465,331.1319656107825,208.06802751814578,74.17059050340202,17.51528228698468
4.484484484484485,332.6168623175573,208.4186838201875,74.17059050340202,17.31508208678448
4.504504504504505,334.1017590243321,208.76533211021322,74.17059050340202,17.11488188658428
4.524524524524525,335.58665573110693,209.10797238822292,74.17059050340202,16.91468168638408
4.544544544544545,337.07155243788173,209.4466046542166,74.17059050340202,16.714481486183878
4.564564564564565,338.55644914465654,209.78122890819427,74.17059050340202,16.514281285983678
4.584584584584585,340.04134585143134,210.1118451501559,74.17059050340202,16.314081085783478
4.604604604604605,341.52624255820615,210.4384533801015,74.17059050340202,16.113880885583278
4.624624624624625,343.01113926498095,210.76105359803108,74.17059050340202,15.913680685383078
4.644644644644645,344.49603597175576,211.07964580394466,74.17059050340202,15.713480485182878
4.664664664664665,345.98093267853056,211.39422999784222,74.17059050340202,15.513280284982677
4.684684684684685,347.46582938530537,211.70480617972376,74.17059050340202,15.313080084782477
4.704704704704705,348.9507260920802,212.0113743495893,74.17059050340202,15.112879884582277
4.724724724724725,350.435622798855,212.31393450743877,74.17059050340202,14.912679684382077
4.744744744744745,351.9205195056298,212.61248665327224,74.17059050340202,14.712479484181877
4.764764764764765,353.4054162124046,212.9070307870897,74.17059050340202,14.512279283981677
4.784784784784785,354.8903129191794,213.19756690889113,74.17059050340202,14.312079083781477
4.804804804804805,356.3752096259542,213.48409501867656,74.17059050340202,14.111878883581277
4.824824824824825,357.860106332729,213.76661511644596,74.17059050340202,13.911678683381076
4.844844844844845,359.3450030395038,214.04512720219932,74.17059050340202,13.711478483180876
4.864864864864865,360.8298997462786,214.31963127593667,74.17059050340202,13.511278282980676
4.884884884884885,362.3147964530534,214.590127337658,74.17059050340202,13.311078082780476
4.904904904904905,363.7996931598282,214.85661538736332,74.17059050340202,13.110877882580276
4.924924924924925,365.284589866603,215.11909542505262,74.17059050340202,12.910677682380076
4.944944944944945,366.76948657337783,215.3775674507259,74.17059050340202,12.710477482179876
4.964964964964965,368.25438328015264,215.63203146438315,74.17059050340202,12.510277281979675
4.984984984984985,369.73927998692744,215.88248746602437,74.17059050340202,12.310077081779475
5.005005005005005,371.22417669370225,216.12893545564958,74.17059050340202,12.109876881579275
5.025025025025025,372.70907340047705,216.37137543325878,74.17059050340202,11.909676681379075
5.045045045045045,374.19397010725186,216.60980739885196,74.17059050340202,11.709476481178875
5.065065065065065,375.67886681402666,216.84423135242912,74.17059050340202,11.509276280978675
5.085085085085085,377.16376352080147,217.07464729399027,74.17059050340202,11.309076080778475
5.105105105105105,378.6486602275763,217.30105522353537,74.17059050340202,11.108875880578275
5.125125125125125,380.1335569343511,217.52345514106446,74.17059050340202,10.908675680378074
5.145145145145145,381.6184536411259,217.74184704657753,74.17059050340202,10.708475480177874
5.165165165165165,383.1033503479007,217.9562309400746,74.17059050340202,10.508275279977674
5.185185185185185,384.5882470546755,218.16660682155563,74.17059050340202,10.308075079777474
5.205205205205205,386.0731437614503,218.37297469102066,74.17059050340202,10.107874879577274
5.225225225225225,387.5580404682251,218.57533454846964,74.17059050340202,9.907674679377074
5.245245245245245,389.0429371749999,218.7736863939026,74.17059050340202,9.707474479176874
5.265265265265265,390.5278338817747,218.96803022731956,74.17059050340202,9.507274278976674
5.285285285285285,392.0127305885495,219.1583660487205,74.17059050340202,9.307074078776473
5.305305305305305,393.4976272953243,219.34469385810542,74.17059050340202,9.106873878576273
5.325325325325325,394.9825240020991,219.52701365547432,74.17059050340202,8.906673678376073
5.345345345345346,396.46742070887393,219.70532544082718,74.17059050340202,8.706473478175873
5.365365365365365,397.95231741564874,219.87962921416403,74.17059050340202,8.506273277975673
5.385385385385385,399.43721412242354,220.04992497548486,74.17059050340202,8.306073077775473
5.405405405405405,400.92211082919835,220.21621272478967,74.17059050340202,8.105872877575273
5.425425425425425,402.40700753597315,220.37849246207847,74.17059050340202,7.9056726773750725
5.445445445445446,403.89190424274796,220.53676418735125,74.17059050340202,7.705472477174872
5.465465465465465,405.37680094952276,220.69102790060802,74.17059050340202,7.505272276974672
5.485485485485485,406.86169765629757,220.84128360184874,74.17059050340202,7.305072076774472
5.505505505505505,408.34659436307237,220.98753129107345,74.17059050340202,7.104871876574272
5.525525525525525,409.8314910698472,221.12977096828214,74.17059050340202,6.904671676374072
5.545545545545546,411.316387776622,221.26800263347482,74.17059050340202,6.704471476173872
5.565565565565565,412.8012844833968,221.40222628665148,74.17059050340202,6.504271275973672
5.585585585585585,414.2861811901716,221.53244192781213,74.17059050340202,6.3040710757734715
5.605605605605605,415.7710778969464,221.65864955695673,74.17059050340202,6.103870875573271
5.625625625625625,417.2559746037212,221.78084917408532,74.17059050340202,5.903670675373071
5.645645645645646,418.740871310496,221.8990407791979,74.17059050340202,5.703470475172871
5.665665665665665,420.2257680172708,222.01322437229445,74.17059050340202,5.503270274972671
5.685685685685685,421.7106647240456,222.12339995337499,74.17059050340202,5.303070074772471
5.7057057057057055,423.1955614308204,222.2295675224395,74.17059050340202,5.102869874572271
5.7257257257257255,424.6804581375952,222.331727079488,74.17059050340202,4.902669674372071
5.745745745745746,426.16535484437003,222.42987862452046,74.17059050340202,4.7024694741718704
5.7657657657657655,427.65025155114483,222.5240221575369,74.17059050340202,4.50226927397167
5.7857857857857855,429.13514825791964,222.61415767853734,74.17059050340202,4.30206907377147
5.8058058058058055,430.62004496469444,222.70028518752176,74.17059050340202,4.10186887357127
5.8258258258258255,432.10494167146925,222.78240468449016,74.17059050340202,3.90166867337107
5.845845845845846,433.58983837824405,222.86051616944255,74.17059050340202,3.70146847317087
5.865865865865866,435.07473508501886,222.9346196423789,74.17059050340202,3.5012682729706697
5.885885885885886,436.55963179179366,223.00471510329922,74.17059050340202,3.3010680727704695
5.905905905905906,438.04452849856847,223.07080255220353,74.17059050340202,3.1008678725702694
5.925925925925926,439.5294252053433,223.13288198909183,74.17059050340202,2.9006676723700693
5.9459459459459465,441.0143219121181,223.1909534139641,74.17059050340202,2.700467472169869
5.965965965965966,442.4992186188929,223.24501682682038,74.17059050340202,2.500267271969669
5.9859859859859865,443.9841153256677,223.2950722276606,74.17059050340202,2.300067071769469
6.006006006006006,445.4690120324425,223.3411196164848,74.17059050340202,2.0998668715692688
6.026026026026026,446.9539087392173,223.383158993293,74.17059050340202,1.8996666713690686
6.046046046046047,448.4388054459921,223.42119035808517,74.17059050340202,1.6994664711688685
6.066066066066066,449.9237021527669,223.45521371086133,74.17059050340202,1.4992662709686684
6.086086086086087,451.4085988595417,223.48522905162147,74.17059050340202,1.2990660707684683
6.106106106106106,452.8934955663165,223.51123638036557,74.17059050340202,1.0988658705682681
6.126126126126126,454.3783922730913,223.53323569709366,74.17059050340202,0.898665670368068
6.146146146146147,455.8632889798661,223.55122700180573,74.17059050340202,0.6984654701678679
6.166166166166166,457.34818568664093,223.56521029450178,74.17059050340202,0.4982652699676677
6.186186186186187,458.83308239341574,223.57518557518182,74.17059050340202,0.2980650697674675
6.206206206206206,460.31797910019054,223.58115284384584,74.17059050340202,0.09786486956726731
6.226226226226226,461.80287580696535,223.58311210049385,74.17059050340202,-0.10233533063293287
6.246246246246247,463.28777251374015,223.5810633451258,74.17059050340202,-0.30253553083313306
6.266266266266266,464.77266922051496,223.57500657774176,74.17059050340202,-0.5027357310333332
6.286286286286287,466.25756592728976,223.5649417983417,74.17059050340202,-0.7029359312335335
6.306306306306306,467.74246263406457,223.5508690069256,74.17059050340202,-0.9031361314337336
6.326326326326326,469.22735934083937,223.5327882034935,74.17059050340202,-1.1033363316339337
6.346346346346347,470.7122560476142,223.5106993880454,74.17059050340202,-1.3035365318341339
6.366366366366366,472.197152754389,223.48460256058124,74.17059050340202,-1.503736732034334
6.386386386386387,473.6820494611638,223.45449772110106,74.17059050340202,-1.7039369322345341
6.406406406406406,475.1669461679386,223.42038486960487,74.17059050340202,-1.9041371324347343
6.426426426426426,476.6518428747134,223.38226400609267,74.17059050340202,-2.1043373326349344
6.446446446446447,478.1367395814882,223.34013513056445,74.17059050340202,-2.3045375328351345
6.466466466466466,479.621636288263,223.2939982430202,74.17059050340202,-2.5047377330353346
6.486486486486487,481.1065329950378,223.24385334345993,74.17059050340202,-2.7049379332355348
6.506506506506506,482.5914297018126,223.18970043188364,74.17059050340202,-2.905138133435735
6.526526526526526,484.0763264085874,223.13153950829133,74.17059050340202,-3.105338333635935
6.546546546546547,485.5612231153622,223.069370572683,74.17059050340202,-3.305538533836135
6.566566566566566,487.04611982213703,223.00319362505866,74.17059050340202,-3.5057387340363353
6.586586586586587,488.53101652891183,222.9330086654183,74.17059050340202,-3.7059389342365354
6.606606606606606,490.01591323568664,222.85881569376193,74.17059050340202,-3.9061391344367355
6.626626626626627,491.50080994246144,222.7806147100895,74.17059050340202,-4.106339334636936
6.646646646646647,492.98570664923625,222.69840571440108,74.17059050340202,-4.306539534837136
6.666666666666666,494.47060335601105,222.61218870669663,74.17059050340202,-4.506739735037336
6.686686686686687,495.95550006278586,222.52196368697616,74.17059050340202,-4.7069399352375365
6.706706706706706,497.44039676956066,222.42773065523969,74.17059050340202,-4.907140135437737
6.726726726726727,498.92529347633547,222.3294896114872,74.17059050340202,-5.107340335637937
6.746746746746747,500.4101901831103,222.22724055571865,74.17059050340202,-5.307540535838137
6.766766766766766,501.8950868898851,222.1209834879341,74.17059050340202,-5.507740736038337
6.786786786786787,503.3799835966599,222.01071840813353,74.17059050340202,-5.707940936238537
6.806806806806806,504.8648803034347,221.89644531631694,74.17059050340202,-5.908141136438737
6.826826826826827,506.3497770102095,221.77816421248434,74.17059050340202,-6.108341336638937
6.846846846846847,507.8346737169843,221.65587509663573,74.17059050340202,-6.3085415368391375
6.866866866866866,509.3195704237591,221.52957796877106,74.17059050340202,-6.508741737039338
6.886886886886887,510.8044671305339,221.3992728288904,74.17059050340202,-6.708941937239538
6.906906906906906,512.2893638373088,221.2649596769937,74.17059050340202,-6.909142137439738
6.926926926926927,513.7742605440836,221.126638513081,74.17059050340202,-7.109342337639938
6.946946946946947,515.2591572508585,220.98430933715227,74.17059050340202,-7.309542537840138
6.966966966966966,516.7440539576334,220.83797214920753,74.17059050340202,-7.509742738040338
6.986986986986987,518.2289506644082,220.68762694924678,74.17059050340202,-7.7099429382405384
7.007007007007006,519.7138473711831,220.53327373726998,74.17059050340202,-7.910143138440739
7.027027027027027,521.1987440779579,220.37491251327717,74.17059050340202,-8.11034333864094
7.047047047047047,522.6836407847328,220.21254327726834,74.17059050340202,-8.31054353884114
7.067067067067066,524.1685374915077,220.0461660292435,74.17059050340202,-8.51074373904134
7.087087087087087,525.6534341982825,219.87578076920263,74.17059050340202,-8.71094393924154
7.107107107107106,527.1383309050574,219.70138749714576,74.17059050340202,-8.91114413944174
7.127127127127127,528.6232276118322,219.52298621307284,74.17059050340202,-9.11134433964194
7.147147147147147,530.1081243186071,219.3405769169839,74.17059050340202,-9.31154453984214
7.167167167167166,531.593021025382,219.15415960887896,74.17059050340202,-9.51174474004234
7.187187187187187,533.0779177321568,218.963734288758,74.17059050340202,-9.71194494024254
7.207207207207206,534.5628144389317,218.769300956621,74.17059050340202,-9.91214514044274
7.227227227227227,536.0477111457066,218.570859612468,74.17059050340202,-10.11234534064294
7.247247247247247,537.5326078524814,218.36841025629897,74.17059050340202,-10.312545540843141
7.267267267267268,539.0175045592563,218.16195288811392,74.17059050340202,-10.512745741043341
7.287287287287287,540.5024012660311,217.95148750791284,74.17059050340202,-10.712945941243541
7.3073073073073065,541.987297972806,217.73701411569576,74.17059050340202,-10.913146141443741
7.327327327327327,543.4721946795809,217.51853271146265,74.17059050340202,-11.113346341643942
7.347347347347347,544.9570913863557,217.29604329521354,74.17059050340202,-11.313546541844142
7.367367367367368,546.4419880931306,217.06954586694837,74.17059050340202,-11.513746742044342
7.387387387387387,547.9268847999055,216.8390404266672,74.17059050340202,-11.713946942244542
7.4074074074074066,549.4117815066803,216.60452697437,74.17059050340202,-11.914147142444742
7.4274274274274275,550.8966782134552,216.3660055100568,74.17059050340202,-12.114347342644942
7.4474474474474475,552.38157492023,216.12347603372757,74.17059050340202,-12.314547542845142
7.467467467467468,553.8664716270049,215.87693854538233,74.17059050340202,-12.514747743045342
7.4874874874874875,555.3513683337798,215.62639304502108,74.17059050340202,-12.714947943245543
7.507507507507507,556.8362650405546,215.37183953264378,74.17059050340202,-12.915148143445743
7.5275275275275275,558.3211617473295,215.11327800825046,74.17059050340202,-13.115348343645943
7.5475475475475475,559.8060584541043,214.85070847184113,74.17059050340202,-13.315548543846143
7.567567567567568,561.2909551608792,214.58413092341578,74.17059050340202,-13.515748744046343
7.587587587587588,562.7758518676541,214.31354536297442,74.17059050340202,-13.715948944246543
7.607607607607607,564.2607485744289,214.03895179051705,74.17059050340202,-13.916149144446743
7.627627627627628,565.7456452812038,213.76035020604363,74.17059050340202,-14.116349344646943
7.647647647647648,567.2305419879787,213.4777406095542,74.17059050340202,-14.316549544847144
7.6676676676676685,568.7154386947535,213.19112300104874,74.17059050340202,-14.516749745047344
7.687687687687688,570.2003354015284,212.90049738052727,74.17059050340202,-14.716949945247544
7.707707707707707,571.6852321083032,212.6058637479898,74.17059050340202,-14.917150145447744
7.727727727727728,573.1701288150781,212.3072221034363,74.17059050340202,-15.117350345647944
7.747747747747748,574.655025521853,212.00457244686675,74.17059050340202,-15.317550545848144
7.767767767767769,576.1399222286278,211.6979147782812,74.17059050340202,-15.517750746048344
7.787787787787788,577.6248189354027,211.38724909767961,74.17059050340202,-15.717950946248544
7.807807807807807,579.1097156421775,211.07257540506203,74.17059050340202,-15.918151146448745
7.827827827827828,580.5946123489524,210.75389370042842,74.17059050340202,-16.118351346648947
7.847847847847848,582.0795090557273,210.4312039837788,74.17059050340202,-16.318551546849147
7.867867867867869,583.5644057625021,210.10450625511317,74.17059050340202,-16.518751747049347
7.887887887887888,585.049302469277,209.77380051443149,74.17059050340202,-16.718951947249547
7.907907907907909,586.5341991760519,209.4390867617338,74.17059050340202,-16.919152147449747
7.927927927927928,588.0190958828267,209.10036499702008,74.17059050340202,-17.119352347649947
7.947947947947948,589.5039925896016,208.75763522029035,74.17059050340202,-17.319552547850147
7.967967967967969,590.9888892963764,208.4108974315446,74.17059050340202,-17.519752748050347
7.987987987987988,592.4737860031513,208.06015163078285,74.17059050340202,-17.719952948250548
8.008008008008009,593.9586827099262,207.70539781800505,74.17059050340202,-17.920153148450748
8.028028028028029,595.443579416701,207.34663599321124,74.17059050340202,-18.120353348650948
8.048048048048047,596.9284761234759,206.9838661564014,74.17059050340202,-18.320553548851148
8.068068068068069,598.4133728302508,206.61708830757556,74.17059050340202,-18.520753749051348
8.088088088088089,599.8982695370256,206.2463024467337,74.17059050340202,-18.720953949251548
8.108108108108109,601.3831662438005,205.87150857387581,74.17059050340202,-18.92115414945175
8.128128128128129,602.8680629505753,205.4927066890019,74.17059050340202,-19.12135434965195
8.148148148148147,604.3529596573502,205.10989679211195,74.17059050340202,-19.32155454985215
8.168168168168169,605.8378563641251,204.723078883206,74.17059050340202,-19.52175475005235
8.188188188188189,607.3227530708999,204.33225296228403,74.17059050340202,-19.72195495025255
8.208208208208209,608.8076497776748,203.93741902934605,74.17059050340202,-19.92215515045275
8.228228228228229,610.2925464844496,203.53857708439205,74.17059050340202,-20.12235535065295
8.248248248248247,611.7774431912245,203.13572712742203,74.17059050340202,-20.32255555085315
8.268268268268269,613.2623398979994,202.72886915843597,74.17059050340202,-20.52275575105335
8.288288288288289,614.7472366047742,202.3180031774339,74.17059050340202,-20.72295595125355
8.308308308308309,616.2321333115491,201.9031291844158,74.17059050340202,-20.92315615145375
8.328328328328329,617.717030018324,201.4842471793817,74.17059050340202,-21.12335635165395
8.348348348348347,619.2019267250988,201.06135716233157,74.17059050340202,-21.32355655185415
8.368368368368369,620.6868234318737,200.63445913326544,74.17059050340202,-21.52375675205435
8.388388388388389,622.1717201386485,200.20355309218326,74.17059050340202,-21.72395695225455
8.408408408408409,623.6566168454234,199.76863903908506,74.17059050340202,-21.92415715245475
8.428428428428429,625.1415135521983,199.32971697397085,74.17059050340202,-22.12435735265495
8.448448448448449,626.6264102589731,198.88678689684062,74.17059050340202,-22.32455755285515
8.468468468468469,628.111306965748,198.43984880769437,74.17059050340202,-22.52475775305535
8.488488488488489,629.5962036725228,197.98890270653212,74.17059050340202,-22.72495795325555
8.508508508508509,631.0811003792977,197.5339485933538,74.17059050340202,-22.92515815345575
8.528528528528529,632.5659970860726,197.0749864681595,74.17059050340202,-23.12535835365595
8.548548548548549,634.0508937928474,196.61201633094916,74.17059050340202,-23.32555855385615
8.568568568568569,635.5357904996223,196.1450381817228,74.17059050340202,-23.52575875405635
8.588588588588589,637.0206872063972,195.67405202048045,74.17059050340202,-23.72595895425655
8.608608608608609,638.505583913172,195.19905784722206,74.17059050340202,-23.92615915445675
8.62862862862863,639.9904806199469,194.72005566194767,74.17059050340202,-24.12635935465695
8.64864864864865,641.4753773267217,194.23704546465723,74.17059050340202,-24.326559554857152
8.66866866866867,642.9602740334966,193.75002725535077,74.17059050340202,-24.526759755057352
8.68868868868869,644.4451707402715,193.2590010340283,74.17059050340202,-24.726959955257552
8.70870870870871,645.9300674470463,192.76396680068981,74.17059050340202,-24.927160155457752
8.72872872872873,647.4149641538212,192.2649245553353,74.17059050340202,-25.127360355657952
8.74874874874875,648.899860860596,191.7618742979648,74.17059050340202,-25.327560555858152
8.76876876876877,650.3847575673709,191.25481602857823,74.17059050340202,-25.527760756058353
8.78878878878879,651.8696542741458,190.74374974717566,74.17059050340202,-25.727960956258553
8.80880880880881,653.3545509809206,190.22867545375706,74.17059050340202,-25.928161156458753
8.82882882882883,654.8394476876955,189.70959314832245,74.17059050340202,-26.128361356658953
8.84884884884885,656.3243443944704,189.18650283087183,74.17059050340202,-26.328561556859153
8.86886886886887,657.8092411012452,188.6594045014052,74.17059050340202,-26.528761757059353
8.88888888888889,659.2941378080201,188.1282981599225,74.17059050340202,-26.728961957259553
8.90890890890891,660.779034514795,187.5931838064238,74.17059050340202,-26.929162157459754
8.92892892892893,662.2639312215698,187.0540614409091,74.17059050340202,-27.129362357659954
8.94894894894895,663.7488279283447,186.51093106337837,74.17059050340202,-27.329562557860154
8.96896896896897,665.2337246351195,185.96379267383162,74.17059050340202,-27.529762758060354
8.98898898898899,666.7186213418944,185.41264627226886,74.17059050340202,-27.729962958260554
9.00900900900901,668.2035180486693,184.85749185869008,74.17059050340202,-27.930163158460754
9.02902902902903,669.6884147554441,184.29832943309526,74.17059050340202,-28.130363358660954
9.04904904904905,671.173311462219,183.73515899548443,74.17059050340202,-28.330563558861154
9.06906906906907,672.6582081689938,183.16798054585757,74.17059050340202,-28.530763759061355
9.08908908908909,674.1431048757687,182.5967940842147,74.17059050340202,-28.730963959261555
9.10910910910911,675.6280015825436,182.02159961055582,74.17059050340202,-28.931164159461755
9.12912912912913,677.1128982893184,181.44239712488093,74.17059050340202,-29.131364359661955
9.14914914914915,678.5977949960933,180.85918662718998,74.17059050340202,-29.331564559862155
9.16916916916917,680.0826917028681,180.27196811748303,74.17059050340202,-29.531764760062355
9.18918918918919,681.567588409643,179.68074159576005,74.17059050340202,-29.731964960262555
9.20920920920921,683.0524851164179,179.08550706202107,74.17059050340202,-29.932165160462755
9.22922922922923,684.5373818231927,178.48626451626606,74.17059050340202,-30.132365360662956
9.24924924924925,686.0222785299676,177.88301395849504,74.17059050340202,-30.332565560863156
9.26926926926927,687.5071752367425,177.27575538870798,74.17059050340202,-30.532765761063356
9.28928928928929,688.9920719435173,176.6644888069049,74.17059050340202,-30.732965961263556
9.30930930930931,690.4769686502922,176.0492142130858,74.17059050340202,-30.933166161463756
9.32932932932933,691.961865357067,175.4299316072507,74.17059050340202,-31.133366361663956
9.34934934934935,693.4467620638419,174.80664098939957,74.17059050340202,-31.333566561864156
9.36936936936937,694.9316587706168,174.17934235953243,74.17059050340202,-31.533766762064356
9.38938938938939,696.4165554773916,173.54803571764927,74.17059050340202,-31.733966962264557
9.40940940940941,697.9014521841665,172.91272106375007,74.17059050340202,-31.934167162464757
9.42942942942943,699.3863488909413,172.27339839783485,74.17059050340202,-32.13436736266496
9.44944944944945,700.8712455977162,171.63006771990362,74.17059050340202,-32.33456756286516
9.46946946946947,702.3561423044911,170.98272902995637,74.17059050340202,-32.53476776306536
9.48948948948949,703.8410390112659,170.3313823279931,74.17059050340202,-32.73496796326556
9.50950950950951,705.3259357180408,169.67602761401383,74.17059050340202,-32.93516816346576
9.52952952952953,706.8108324248157,169.0166648880185,74.17059050340202,-33.13536836366596
9.54954954954955,708.2957291315905,168.35329415000717,74.17059050340202,-33.33556856386616
9.56956956956957,709.7806258383654,167.68591539997982,74.17059050340202,-33.53576876406636
9.58958958958959,711.2655225451402,167.01452863793645,74.17059050340202,-33.73596896426656
9.60960960960961,712.7504192519151,166.33913386387707,74.17059050340202,-33.93616916446676
9.62962962962963,714.23531595869,165.65973107780167,74.17059050340202,-34.13636936466696
9.64964964964965,715.7202126654648,164.97632027971022,74.17059050340202,-34.33656956486716
9.66966966966967,717.2051093722397,164.28890146960276,74.17059050340202,-34.53676976506736
9.68968968968969,718.6900060790146,163.5974746474793,74.17059050340202,-34.73696996526756
9.70970970970971,720.1749027857894,162.9020398133398,74.17059050340202,-34.93717016546776
9.72972972972973,721.6597994925643,162.2025969671843,74.17059050340202,-35.13737036566796
9.74974974974975,723.1446961993391,161.49914610901277,74.17059050340202,-35.33757056586816
9.76976976976977,724.629592906114,160.79168723882523,74.17059050340202,-35.53777076606836
9.78978978978979,726.1144896128889,160.08022035662165,74.17059050340202,-35.73797096626856
9.80980980980981,727.5993863196637,159.36474546240206,74.17059050340202,-35.93817116646876
9.82982982982983,729.0842830264386,158.64526255616644,74.17059050340202,-36.13837136666896
9.84984984984985,730.5691797332134,157.92177163791482,74.17059050340202,-36.33857156686916
9.86986986986987,732.0540764399883,157.19427270764717,74.17059050340202,-36.53877176706936
9.88988988988989,733.5389731467632,156.4627657653635,74.17059050340202,-36.73897196726956
9.90990990990991,735.023869853538,155.7272508110638,74.17059050340202,-36.93917216746976
9.92992992992993,736.5087665603129,154.9877278447481,74.17059050340202,-37.139372367669964
9.94994994994995,737.9936632670878,154.24419686641636,74.17059050340202,-37.339572567870164
9.96996996996997,739.4785599738626,153.4966578760686,74.17059050340202,-37.539772768070364
9.98998998998999,740.9634566806375,152.74511087370485,74.17059050340202,-37.739972968270564
10.01001001001001,742.4483533874123,151.98955585932507,74.17059050340202,-37.940173168470764
10.03003003003003,743.9332500941872,151.22999283292924,74.17059050340202,-38.140373368670964
10.05005005005005,745.4181468009621,150.4664217945174,74.17059050340202,-38.340573568871164
10.07007007007007,746.9030435077369,149.69884274408955,74.17059050340202,-38.540773769071365
10.09009009009009,748.3879402145118,148.92725568164568,74.17059050340202,-38.740973969271565
10.11011011011011,749.8728369212866,148.1516606071858,74.17059050340202,-38.941174169471765
10.13013013013013,751.3577336280615,147.3720575207099,74.17059050340202,-39.141374369671965
10.15015015015015,752.8426303348364,146.58844642221797,74.17059050340202,-39.341574569872165
10.17017017017017,754.3275270416112,145.80082731171,74.17059050340202,-39.541774770072365
10.19019019019019,755.8124237483861,145.00920018918603,74.17059050340202,-39.741974970272565
10.21021021021021,757.297320455161,144.21356505464604,74.17059050340202,-39.942175170472765
10.23023023023023,758.7822171619358,143.41392190809003,74.17059050340202,-40.142375370672966
10.25025025025025,760.2671138687107,142.610270749518,74.17059050340202,-40.342575570873166
10.27027027027027,761.7520105754855,141.80261157892997,74.17059050340202,-40.542775771073366
10.29029029029029,763.2369072822604,140.9909443963259,74.17059050340202,-40.742975971273566
10.31031031031031,764.7218039890353,140.1752692017058,74.17059050340202,-40.943176171473766
10.33033033033033,766.2067006958101,139.35558599506967,74.17059050340202,-41.143376371673966
10.35035035035035,767.691597402585,138.53189477641754,74.17059050340202,-41.343576571874166
10.37037037037037,769.1764941093599,137.7041955457494,74.17059050340202,-41.54377677207437
10.39039039039039,770.6613908161347,136.87248830306524,74.17059050340202,-41.74397697227457
10.41041041041041,772.1462875229096,136.03677304836503,74.17059050340202,-41.94417717247477
10.43043043043043,773.6311842296844,135.19704978164881,74.17059050340202,-42.14437737267497
10.45045045045045,775.1160809364593,134.35331850291658,74.17059050340202,-42.34457757287517
10.47047047047047,776.6009776432342,133.50557921216833,74.17059050340202,-42.54477777307537
10.49049049049049,778.085874350009,132.65383190940406,74.17059050340202,-42.74497797327557
10.51051051051051,779.5707710567839,131.79807659462378,74.17059050340202,-42.94517817347577
10.53053053053053,781.0556677635587,130.93831326782748,74.17059050340202,-43.14537837367597
10.55055055055055,782.5405644703336,130.07454192901514,74.17059050340202,-43.34557857387617
10.57057057057057,784.0254611771085,129.20676257818678,74.17059050340202,-43.54577877407637
10.59059059059059,785.5103578838833,128.3349752153424,74.17059050340202,-43.74597897427657
10.61061061061061,786.9952545906582,127.45917984048202,74.17059050340202,-43.94617917447677
10.63063063063063,788.480151297433,126.5793764536056,74.17059050340202,-44.14637937467697
10.65065065065065,789.9650480042079,125.69556505471317,74.17059050340202,-44.34657957487717
10.67067067067067,791.4499447109828,124.80774564380472,74.17059050340202,-44.54677977507737
10.690690690690692,792.9348414177576,123.91591822088024,74.17059050340202,-44.74697997527757
10.71071071071071,794.4197381245325,123.02008278593975,74.17059050340202,-44.94718017547777
10.73073073073073,795.9046348313074,122.12023933898324,74.17059050340202,-45.14738037567797
10.75075075075075,797.3895315380822,121.21638788001071,74.17059050340202,-45.34758057587817
10.77077077077077,798.8744282448571,120.30852840902216,74.17059050340202,-45.54778077607837
10.790790790790792,800.359324951632,119.39666092601759,74.17059050340202,-45.74798097627857
10.81081081081081,801.8442216584068,118.480785430997,74.17059050340202,-45.94818117647877
10.83083083083083,803.3291183651817,117.56090192396039,74.17059050340202,-46.14838137667897
10.85085085085085,804.8140150719565,116.63701040490776,74.17059050340202,-46.34858157687917
10.87087087087087,806.2989117787314,115.70911087383911,74.17059050340202,-46.54878177707937
10.890890890890892,807.7838084855063,114.77720333075443,74.17059050340202,-46.74898197727957
10.91091091091091,809.2687051922811,113.84128777565374,74.17059050340202,-46.94918217747977
10.93093093093093,810.753601899056,112.90136420853703,74.17059050340202,-47.14938237767997
10.95095095095095,812.2384986058308,111.9574326294043,74.17059050340202,-47.34958257788017
10.97097097097097,813.7233953126057,111.00949303825554,74.17059050340202,-47.54978277808037
10.990990990990992,815.2082920193806,110.05754543509077,74.17059050340202,-47.74998297828057
11.01101101101101,816.6931887261554,109.10158981990998,74.17059050340202,-47.95018317848077
11.03103103103103,818.1780854329303,108.14162619271316,74.17059050340202,-48.15038337868097
11.05105105105105,819.6629821397052,107.17765455350033,74.17059050340202,-48.35058357888117
11.07107107107107,821.14787884648,106.20967490227147,74.17059050340202,-48.55078377908137
11.091091091091092,822.6327755532549,105.2376872390266,74.17059050340202,-48.75098397928157
11.11111111111111,824.1176722600297,104.26169156376571,74.17059050340202,-48.95118417948177
11.13113113113113,825.6025689668046,103.2816878764888,74.17059050340202,-49.15138437968197
11.15115115115115,827.0874656735795,102.29767617719587,74.17059050340202,-49.35158457988217
11.17117117117117,828.5723623803543,101.30965646588692,74.17059050340202,-49.55178478008237
11.191191191191193,830.0572590871292,100.31762874256195,74.17059050340202,-49.75198498028257
11.21121121121121,831.542155793904,99.32159300722095,74.17059050340202,-49.95218518048277
11.23123123123123,833.0270525006789,98.32154925986394,74.17059050340202,-50.15238538068297
11.25125125125125,834.5119492074538,97.31749750049092,74.17059050340202,-50.35258558088317
11.27127127127127,835.9968459142286,96.30943772910186,74.17059050340202,-50.55278578108337
11.291291291291293,837.4817426210035,95.29736994569679,74.17059050340202,-50.75298598128357
11.31131131131131,838.9666393277784,94.2812941502757,74.17059050340202,-50.95318618148377
11.33133133133133,840.4515360345532,93.26121034283858,74.17059050340202,-51.15338638168397
11.35135135135135,841.9364327413281,92.23711852338545,74.17059050340202,-51.35358658188417
11.37137137137137,843.4213294481029,91.2090186919163,74.17059050340202,-51.55378678208437
11.391391391391393,844.9062261548778,90.17691084843112,74.17059050340202,-51.75398698228457
11.411411411411411,846.3911228616527,89.14079499292993,74.17059050340202,-51.95418718248477
11.431431431431431,847.8760195684275,88.10067112541272,74.17059050340202,-52.15438738268497
11.451451451451451,849.3609162752024,87.05653924587948,74.17059050340202,-52.35458758288517
11.471471471471471,850.8458129819772,86.00839935433022,74.17059050340202,-52.554787783085374
11.491491491491493,852.3307096887521,84.95625145076495,74.17059050340202,-52.754987983285574
11.511511511511511,853.815606395527,83.90009553518367,74.17059050340202,-52.955188183485774
11.531531531531531,855.3005031023018,82.83993160758635,74.17059050340202,-53.155388383685974
11.551551551551551,856.7853998090767,81.77575966797302,74.17059050340202,-53.355588583886174
11.571571571571571,858.2702965158516,80.70757971634367,74.17059050340202,-53.555788784086374
11.591591591591593,859.7551932226264,79.6353917526983,74.17059050340202,-53.755988984286574
11.611611611611611,861.2400899294013,78.5591957770369,74.17059050340202,-53.956189184486774
11.631631631631631,862.7249866361761,77.4789917893595,74.17059050340202,-54.156389384686975
11.651651651651651,864.209883342951,76.39477978966606,74.17059050340202,-54.356589584887175
11.671671671671671,865.6947800497259,75.30655977795661,74.17059050340202,-54.556789785087375
11.691691691691693,867.1796767565007,74.21433175423114,74.17059050340202,-54.756989985287575
11.711711711711711,868.6645734632756,73.11809571848964,74.17059050340202,-54.957190185487775
11.731731731731731,870.1494701700504,72.01785167073213,74.17059050340202,-55.157390385687975
11.751751751751751,871.6343668768253,70.9135996109586,74.17059050340202,-55.357590585888175
11.771771771771771,873.1192635836002,69.80533953916904,74.17059050340202,-55.557790786088376
11.791791791791793,874.604160290375,68.69307145536347,74.17059050340202,-55.757990986288576
11.811811811811811,876.0890569971499,67.57679535954188,74.17059050340202,-55.958191186488776
11.831831831831831,877.5739537039248,66.45651125170426,74.17059050340202,-56.158391386688976
11.851851851851851,879.0588504106996,65.33221913185062,74.17059050340202,-56.358591586889176
11.871871871871871,880.5437471174745,64.20391899998097,74.17059050340202,-56.558791787089376
11.891891891891893,882.0286438242493,63.0716108560953,74.17059050340202,-56.758991987289576
11.911911911911911,883.5135405310242,61.9352947001936,74.17059050340202,-56.959192187489776
11.931931931931931,884.9984372377991,60.79497053227589,74.17059050340202,-57.15939238768998
11.951951951951951,886.4833339445739,59.650638352342156,74.17059050340202,-57.35959258789018
11.971971971971973,887.9682306513488,58.5022981603924,74.17059050340202,-57.55979278809038
11.991991991991993,889.4531273581237,57.34994995642663,74.17059050340202,-57.75999298829058
12.012012012012011,890.9380240648985,56.19359374044483,74.17059050340202,-57.96019318849078
12.032032032032031,892.4229207716734,55.03322951244702,74.17059050340202,-58.16039338869098
12.052052052052051,893.9078174784482,53.86885727243319,74.17059050340202,-58.36059358889118
12.072072072072073,895.3927141852231,52.70047702040333,74.17059050340202,-58.56079378909138
12.092092092092093,896.877610891998,51.52808875635746,74.17059050340202,-58.76099398929158
12.112112112112111,898.3625075987728,50.35169248029557,74.17059050340202,-58.96119418949178
12.132132132132131,899.8474043055477,49.17128819221765,74.17059050340202,-59.16139438969198
12.152152152152151,901.3323010123225,47.98687589212372,74.17059050340202,-59.36159458989218
12.172172172172173,902.8171977190974,46.798455580013766,74.17059050340202,-59.56179479009238
12.192192192192193,904.3020944258723,45.606027255887795,74.17059050340202,-59.76199499029258
12.212212212212211,905.7869911326471,44.4095909197458,74.17059050340202,-59.96219519049278
12.232232232232231,907.271887839422,43.20914657158779,74.17059050340202,-60.16239539069298
12.252252252252251,908.7567845461969,42.00469421141376,74.17059050340202,-60.36259559089318
12.272272272272273,910.2416812529717,40.7962338392237,74.17059050340202,-60.56279579109338
12.292292292292293,911.7265779597466,39.58376545501763,74.17059050340202,-60.76299599129358
12.312312312312311,913.2114746665214,38.367289058795535,74.17059050340202,-60.96319619149378
12.332332332332332,914.6963713732963,37.14680465055742,74.17059050340202,-61.16339639169398
12.352352352352352,916.1812680800712,35.922312230303284,74.17059050340202,-61.36359659189418
12.372372372372373,917.666164786846,34.69381179803313,74.17059050340202,-61.56379679209438
12.392392392392393,919.1510614936209,33.461303353746956,74.17059050340202,-61.76399699229458
12.412412412412412,920.6359582003957,32.224786897444766,74.17059050340202,-61.96419719249478
12.432432432432432,922.1208549071706,30.984262429126552,74.17059050340202,-62.16439739269498
12.452452452452452,923.6057516139455,29.73972994879232,74.17059050340202,-62.36459759289518
12.472472472472473,925.0906483207203,28.491189456442065,74.17059050340202,-62.56479779309538
12.492492492492493,926.5755450274952,27.23864095207579,74.17059050340202,-62.76499799329558
12.512512512512512,928.0604417342701,25.982084435693498,74.17059050340202,-62.96519819349578
12.532532532532532,929.5453384410449,24.721519907295182,74.17059050340202,-63.16539839369598
12.552552552552552,931.0302351478198,23.456947366880847,74.17059050340202,-63.36559859389618
12.572572572572573,932.5151318545946,22.188366814450493,74.17059050340202,-63.56579879409638
12.592592592592593,934.0000285613695,20.91577825000412,74.17059050340202,-63.76599899429658
12.612612612612612,935.4849252681444,19.639181673541724,74.17059050340202,-63.96619919449678
12.632632632632632,936.9698219749192,18.35857708506331,74.17059050340202,-64.16639939469698
12.652652652652652,938.4547186816941,17.073964484568876,74.17059050340202,-64.36659959489718
12.672672672672673,939.939615388469,15.785343872058421,74.17059050340202,-64.56679979509738
12.692692692692694,941.4245120952438,14.492715247531947,74.17059050340202,-64.76699999529758
12.712712712712712,942.9094088020187,13.196078610989453,74.17059050340202,-64.96720019549778
12.732732732732732,944.3943055087935,11.895433962430939,74.17059050340202,-65.16740039569798
12.752752752752752,945.8792022155684,10.590781301856405,74.17059050340202,-65.36760059589818
12.772772772772774,947.3640989223433,9.282120629265851,74.17059050340202,-65.56780079609838
12.792792792792794,948.8489956291181,7.969451944659276,74.17059050340202,-65.76800099629858
12.812812812812812,950.333892335893,6.652775248036682,74.17059050340202,-65.96820119649878
12.832832832832832,951.8187890426678,5.3320905393980675,74.17059050340202,-66.16840139669898
12.852852852852852,953.3036857494427,4.007397818743433,74.17059050340202,-66.36860159689918
12.872872872872874,954.7885824562176,2.678697086072779,74.17059050340202,-66.56880179709938
12.892892892892894,956.2734791629924,1.3459883413861045,74.17059050340202,-66.76900199729958
12.912912912912912,957.7583758697673,0.009271584683410161,74.17059050340202,-66.96920219749978
12.932932932932932,959.2432725765422,-1.331453184035304,74.17059050340202,-67.16940239769998
12.952952952952952,960.728169283317,-2.6761859647700383,74.17059050340202,-67.36960259790018
12.972972972972974,962.2130659900919,-4.0249267575207925,74.17059050340202,-67.56980279810038
12.992992992992994,963.6979626968667,-5.377675562287567,74.17059050340202,-67.77000299830058
13.013013013013012,965.1828594036416,-6.734432379070361,74.17059050340202,-67.97020319850078
13.033033033033032,966.6677561104165,-8.095197207869175,74.17059050340202,-68.17040339870098
13.053053053053052,968.1526528171913,-9.45997004868401,74.17059050340202,-68.37060359890118
13.073073073073074,969.6375495239662,-10.828750901514864,74.17059050340202,-68.57080379910138
13.093093093093094,971.122446230741,-12.201539766361739,74.17059050340202,-68.77100399930158
13.113113113113112,972.6073429375159,-13.578336643224633,74.17059050340202,-68.97120419950178
13.133133133133132,974.0922396442908,-14.959141532103548,74.17059050340202,-69.17140439970198
13.153153153153154,975.5771363510656,-16.343954432998483,74.17059050340202,-69.37160459990218
13.173173173173174,977.0620330578405,-17.732775345909438,74.17059050340202,-69.57180480010238
13.193193193193194,978.5469297646154,-19.125604270836412,74.17059050340202,-69.77200500030258
13.213213213213212,980.0318264713902,-20.52244120777941,74.17059050340202,-69.97220520050278
13.233233233233232,981.5167231781651,-21.923286156738424,74.17059050340202,-70.17240540070298
13.253253253253254,983.0016198849399,-23.32813911771346,74.17059050340202,-70.37260560090319
13.273273273273274,984.4865165917148,-24.737000090704512,74.17059050340202,-70.57280580110339
13.293293293293294,985.9714132984897,-26.14986907571159,74.17059050340202,-70.77300600130359
13.313313313313312,987.4563100052645,-27.566746072734684,74.17059050340202,-70.97320620150379
13.333333333333332,988.9412067120394,-28.9876310817738,74.17059050340202,-71.17340640170399
13.353353353353354,990.4261034188143,-30.412524102828932,74.17059050340202,-71.37360660190419
13.373373373373374,991.9110001255891,-31.84142513590009,74.17059050340202,-71.57380680210439
13.393393393393394,993.395896832364,-33.27433418098726,74.17059050340202,-71.77400700230459
13.413413413413412,994.8807935391388,-34.711251238090455,74.17059050340202,-71.97420720250479
13.433433433433432,996.3656902459137,-36.15217630720967,74.17059050340202,-72.17440740270499
13.453453453453454,997.8505869526886,-37.597109388344904,74.17059050340202,-72.37460760290519
13.473473473473474,999.3354836594634,-39.04605048149616,74.17059050340202,-72.57480780310539
13.493493493493494,1000.8203803662383,-40.49899958666344,74.17059050340202,-72.77500800330559
13.513513513513512,1002.3052770730131,-41.95595670384673,74.17059050340202,-72.97520820350579
13.533533533533532,1003.790173779788,-43.41692183304605,74.17059050340202,-73.17540840370599
13.553553553553554,1005.2750704865629,-44.881894974261385,74.17059050340202,-73.37560860390619
13.573573573573574,1006.7599671933377,-46.35087612749274,74.17059050340202,-73.57580880410639
13.593593593593594,1008.2448639001126,-47.823865292740116,74.17059050340202,-73.77600900430659
13.613613613613612,1009.7297606068875,-49.30086247000351,74.17059050340202,-73.97620920450679
13.633633633633632,1011.2146573136623,-50.78186765928292,74.17059050340202,-74.17640940470699
13.653653653653654,1012.6995540204372,-52.26688086057836,74.17059050340202,-74.37660960490719
13.673673673673674,1014.184450727212,-53.755902073889814,74.17059050340202,-74.57680980510739
13.693693693693694,1015.6693474339869,-55.24893129921729,74.17059050340202,-74.77701000530759
13.713713713713712,1017.1542441407618,-56.74596853656079,74.17059050340202,-74.97721020550779
13.733733733733732,1018.6391408475366,-58.2470137859203,74.17059050340202,-75.17741040570799
13.753753753753754,1020.1240375543115,-59.75206704729584,74.17059050340202,-75.37761060590819
13.773773773773774,1021.6089342610863,-61.26112832068739,74.17059050340202,-75.57781080610839
13.793793793793794,1023.0938309678612,-62.774197606094965,74.17059050340202,-75.77801100630859
13.813813813813812,1024.578727674636,-64.29127490351856,74.17059050340202,-75.97821120650879
13.833833833833832,1026.0636243814108,-65.81236021295817,74.17059050340202,-76.17841140670899
13.853853853853854,1027.5485210881857,-67.33745353441381,74.17059050340202,-76.37861160690919
13.873873873873874,1029.0334177949605,-68.86655486788547,74.17059050340202,-76.57881180710939
13.893893893893894,1030.5183145017354,-70.39966421337314,74.17059050340202,-76.77901200730959
13.913913913913913,1032.0032112085103,-71.93678157087683,74.17059050340202,-76.97921220750979
13.933933933933933,1033.4881079152851,-73.47790694039655,74.17059050340202,-77.17941240770999
13.953953953953954,1034.97300462206,-75.02304032193229,74.17059050340202,-77.37961260791019
13.973973973973974,1036.4579013288349,-76.57218171548404,74.17059050340202,-77.57981280811039
13.993993993993994,1037.9427980356097,-78.12533112105181,74.17059050340202,-77.78001300831059
14.014014014014013,1039.4276947423846,-79.68248853863561,74.17059050340202,-77.98021320851079
14.034034034034033,1040.9125914491594,-81.24365396823542,74.17059050340202,-78.18041340871099
14.054054054054054,1042.3974881559343,-82.80882740985126,74.17059050340202,-78.38061360891119
14.074074074074074,1043.8823848627092,-84.37800886348312,74.17059050340202,-78.58081380911139
14.094094094094094,1045.367281569484,-85.95119832913099,74.17059050340202,-78.78101400931159
14.114114114114113,1046.8521782762589,-87.52839580679489,74.17059050340202,-78.98121420951179
14.134134134134133,1048.3370749830337,-89.1096012964748,74.17059050340202,-79.18141440971199
14.154154154154154,1049.8219716898086,-90.69481479817074,74.17059050340202,-79.38161460991219
14.174174174174174,1051.3068683965835,-92.2840363118827,74.17059050340202,-79.58181481011239
14.194194194194194,1052.7917651033583,-93.87726583761068,74.17059050340202,-79.78201501031259
14.214214214214213,1054.2766618101332,-95.47450337535467,74.17059050340202,-79.98221521051279
14.234234234234233,1055.761558516908,-97.07574892511468,74.17059050340202,-80.18241541071299
14.254254254254255,1057.246455223683,-98.68100248689072,74.17059050340202,-80.38261561091319
14.274274274274275,1058.7313519304578,-100.29026406068277,74.17059050340202,-80.58281581111339
14.294294294294295,1060.2162486372326,-101.90353364649084,74.17059050340202,-80.78301601131359
14.314314314314313,1061.7011453440075,-103.52081124431494,74.17059050340202,-80.98321621151379
14.334334334334333,1063.1860420507824,-105.14209685415506,74.17059050340202,-81.18341641171399
14.354354354354355,1064.6709387575572,-106.76739047601119,74.17059050340202,-81.38361661191419
14.374374374374375,1066.155835464332,-108.39669210988335,74.17059050340202,-81.58381681211439
14.394394394394395,1067.640732171107,-110.03000175577152,74.17059050340202,-81.78401701231459
14.414414414414413,1069.1256288778818,-111.66731941367571,74.17059050340202,-81.98421721251479
14.434434434434436,1070.6105255846567,-113.30864508359593,74.17059050340202,-82.18441741271499
14.454454454454455,1072.0954222914315,-114.95397876553217,74.17059050340202,-82.38461761291519
14.474474474474475,1073.5803189982064,-116.60332045948442,74.17059050340202,-82.5848178131154
14.494494494494495,1075.0652157049813,-118.2566701654527,74.17059050340202,-82.7850180133156
14.514514514514513,1076.5501124117561,-119.914027883437,74.17059050340202,-82.9852182135158
14.534534534534536,1078.035009118531,-121.57539361343731,74.17059050340202,-83.185418413716
14.554554554554555,1079.5199058253058,-123.24076735545366,74.17059050340202,-83.3856186139162
14.574574574574575,1081.0048025320807,-124.91014910948601,74.17059050340202,-83.5858188141164
14.594594594594595,1082.4896992388556,-126.58353887553439,74.17059050340202,-83.7860190143166
14.614614614614613,1083.9745959456304,-128.26093665359878,74.17059050340202,-83.9862192145168
14.634634634634637,1085.4594926524053,-129.9423424436792,74.17059050340202,-84.186419414717
14.654654654654655,1086.9443893591801,-131.62775624577563,74.17059050340202,-84.3866196149172
14.674674674674675,1088.429286065955,-133.31717805988808,74.17059050340202,-84.5868198151174
14.694694694694695,1089.9141827727299,-135.01060788601654,74.17059050340202,-84.7870200153176
14.714714714714713,1091.3990794795047,-136.70804572416105,74.17059050340202,-84.9872202155178
14.734734734734737,1092.8839761862796,-138.40949157432158,74.17059050340202,-85.187420415718
14.754754754754755,1094.3688728930545,-140.11494543649812,74.17059050340202,-85.3876206159182
14.774774774774775,1095.8537695998293,-141.82440731069067,74.17059050340202,-85.5878208161184
14.794794794794795,1097.3386663066042,-143.53787719689925,74.17059050340202,-85.7880210163186
14.814814814814813,1098.823563013379,-145.25535509512383,74.17059050340202,-85.9882212165188
14.834834834834837,1100.308459720154,-146.97684100536446,74.17059050340202,-86.188421416719
14.854854854854855,1101.7933564269288,-148.7023349276211,74.17059050340202,-86.3886216169192
14.874874874874875,1103.2782531337036,-150.43183686189377,74.17059050340202,-86.5888218171194
14.894894894894895,1104.7631498404785,-152.16534680818245,74.17059050340202,-86.7890220173196
14.914914914914913,1106.2480465472534,-153.90286476648714,74.17059050340202,-86.9892222175198
14.934934934934937,1107.7329432540282,-155.64439073680785,74.17059050340202,-87.18942241772
14.954954954954955,1109.217839960803,-157.38992471914457,74.17059050340202,-87.3896226179202
14.974974974974975,1110.702736667578,-159.13946671349734,74.17059050340202,-87.5898228181204
14.994994994994995,1112.1876333743528,-160.89301671986613,74.17059050340202,-87.7900230183206
15.015015015015013,1113.6725300811277,-162.65057473825092,74.17059050340202,-87.9902232185208
15.035035035035037,1115.1574267879025,-164.41214076865174,74.17059050340202,-88.190423418721
15.055055055055055,1116.6423234946774,-166.17771481106857,74.17059050340202,-88.3906236189212
15.075075075075075,1118.1272202014522,-167.94729686550141,74.17059050340202,-88.5908238191214
15.095095095095095,1119.612116908227,-169.7208869319503,74.17059050340202,-88.7910240193216
15.115115115115113,1121.097013615002,-171.4984850104152,74.17059050340202,-88.9912242195218
15.135135135135137,1122.5819103217768,-173.28009110089613,74.17059050340202,-89.191424419722
15.155155155155155,1124.0668070285517,-175.06570520339307,74.17059050340202,-89.3916246199222
15.175175175175175,1125.5517037353266,-176.85532731790602,74.17059050340202,-89.5918248201224
15.195195195195195,1127.0366004421014,-178.64895744443498,74.17059050340202,-89.7920250203226
15.215215215215213,1128.5214971488763,-180.44659558297997,74.17059050340202,-89.9922252205228
15.235235235235237,1130.0063938556511,-182.248241733541,74.17059050340202,-90.192425420723
15.255255255255255,1131.491290562426,-184.05389589611804,74.17059050340202,-90.3926256209232
15.275275275275275,1132.9761872692009,-185.8635580707111,74.17059050340202,-90.5928258211234
15.295295295295295,1134.4610839759757,-187.67722825732017,74.17059050340202,-90.7930260213236
15.315315315315313,1135.9459806827506,-189.49490645594526,74.17059050340202,-90.9932262215238
15.335335335335337,1137.4308773895254,-191.31659266658636,74.17059050340202,-91.193426421724
15.355355355355355,1138.9157740963003,-193.1422868892435,74.17059050340202,-91.3936266219242
15.375375375375375,1140.4006708030752,-194.97198912391667,74.17059050340202,-91.5938268221244
15.395395395395395,1141.88556750985,-196.80569937060585,74.17059050340202,-91.7940270223246
15.415415415415413,1143.370464216625,-198.64341762931105,74.17059050340202,-91.9942272225248
15.435435435435437,1144.8553609233998,-200.48514390003226,74.17059050340202,-92.194427422725
15.455455455455455,1146.3402576301746,-202.33087818276948,74.17059050340202,-92.3946276229252
15.475475475475475,1147.8251543369495,-204.18062047752275,74.17059050340202,-92.5948278231254
15.495495495495495,1149.3100510437243,-206.03437078429204,74.17059050340202,-92.7950280233256
15.515515515515514,1150.7949477504992,-207.89212910307734,74.17059050340202,-92.9952282235258
15.535535535535537,1152.279844457274,-209.75389543387865,74.17059050340202,-93.195428423726
15.555555555555555,1153.764741164049,-211.61966977669599,74.17059050340202,-93.3956286239262
15.575575575575575,1155.2496378708238,-213.48945213152933,74.17059050340202,-93.5958288241264
15.595595595595595,1156.7345345775987,-215.36324249837872,74.17059050340202,-93.7960290243266
15.615615615615614,1158.2194312843735,-217.24104087724413,74.17059050340202,-93.9962292245268
15.635635635635637,1159.7043279911484,-219.12284726812555,74.17059050340202,-94.196429424727
15.655655655655655,1161.1892246979232,-221.008661671023,74.17059050340202,-94.3966296249272
15.675675675675675,1162.674121404698,-222.89848408593645,74.17059050340202,-94.5968298251274
15.695695695695695,1164.159018111473,-224.79231451286591,74.17059050340202,-94.7970300253276
15.715715715715717,1165.6439148182478,-226.6901529518114,74.17059050340202,-94.9972302255278
15.735735735735737,1167.1288115250227,-228.59199940277293,74.17059050340202,-95.197430425728
15.755755755755755,1168.6137082317975,-230.49785386575047,74.17059050340202,-95.3976306259282
15.775775775775776,1170.0986049385724,-232.40771634074403,74.17059050340202,-95.5978308261284
15.795795795795796,1171.5835016453473,-234.3215868277536,74.17059050340202,-95.7980310263286
15.815815815815817,1173.0683983521221,-236.2394653267792,74.17059050340202,-95.9982312265288
15.835835835835837,1174.553295058897,-238.1613518378208,74.17059050340202,-96.198431426729
15.855855855855856,1176.0381917656719,-240.08724636087845,74.17059050340202,-96.3986316269292
15.875875875875876,1177.5230884724467,-242.01714889595212,74.17059050340202,-96.5988318271294
15.895895895895896,1179.0079851792216,-243.9510594430418,74.17059050340202,-96.7990320273296
15.915915915915917,1180.4928818859964,-245.8889780021475,74.17059050340202,-96.9992322275298
15.935935935935937,1181.9777785927713,-247.8309045732692,74.17059050340202,-97.19943242773
15.955955955955956,1183.4626752995462,-249.77683915640694,74.17059050340202,-97.3996326279302
15.975975975975976,1184.947572006321,-251.7267817515607,74.17059050340202,-97.5998328281304
15.995995995995996,1186.432468713096,-253.6807323587305,74.17059050340202,-97.8000330283306
16.016016016016017,1187.9173654198707,-255.6386909779163,74.17059050340202,-98.0002332285308
16.036036036036037,1189.4022621266456,-257.6006576091181,74.17059050340202,-98.200433428731
16.056056056056057,1190.8871588334205,-259.566632252336,74.17059050340202,-98.4006336289312
16.076076076076077,1192.3720555401953,-261.53661490756986,74.17059050340202,-98.6008338291314
16.096096096096094,1193.8569522469702,-263.51060557481975,74.17059050340202,-98.8010340293316
16.116116116116117,1195.341848953745,-265.48860425408566,74.17059050340202,-99.0012342295318
16.136136136136138,1196.82674566052,-267.4706109453676,74.17059050340202,-99.201434429732
16.156156156156158,1198.3116423672948,-269.4566256486655,74.17059050340202,-99.4016346299322
16.176176176176178,1199.7965390740696,-271.4466483639795,74.17059050340202,-99.6018348301324
16.196196196196194,1201.2814357808445,-273.44067909130945,74.17059050340202,-99.8020350303326
16.216216216216218,1202.7663324876194,-275.43871783065543,74.17059050340202,-100.0022352305328
16.236236236236238,1204.2512291943942,-277.44076458201744,74.17059050340202,-100.202435430733
16.256256256256258,1205.736125901169,-279.44681934539545,74.17059050340202,-100.4026356309332
16.276276276276278,1207.221022607944,-281.4568821207895,74.17059050340202,-100.6028358311334
16.296296296296294,1208.7059193147188,-283.4709529081996,74.17059050340202,-100.8030360313336
16.316316316316318,1210.1908160214937,-285.4890317076257,74.17059050340202,-101.0032362315338
16.336336336336338,1211.6757127282685,-287.51111851906785,74.17059050340202,-101.203436431734
16.356356356356358,1213.1606094350434,-289.537213342526,74.17059050340202,-101.4036366319342
16.376376376376378,1214.6455061418183,-291.56731617800017,74.17059050340202,-101.6038368321344
16.396396396396394,1216.1304028485931,-293.60142702549035,74.17059050340202,-101.8040370323346
16.416416416416418,1217.615299555368,-295.63954588499655,74.17059050340202,-102.0042372325348
16.436436436436438,1219.1001962621428,-297.68167275651876,74.17059050340202,-102.204437432735
16.456456456456458,1220.5850929689177,-299.727807640057,74.17059050340202,-102.4046376329352
16.476476476476478,1222.0699896756926,-301.77795053561124,74.17059050340202,-102.6048378331354
16.496496496496494,1223.5548863824674,-303.8321014431815,74.17059050340202,-102.8050380333356
16.516516516516518,1225.0397830892423,-305.8902603627678,74.17059050340202,-103.0052382335358
16.536536536536538,1226.5246797960172,-307.95242729437007,74.17059050340202,-103.205438433736
16.556556556556558,1228.009576502792,-310.01860223798843,74.17059050340202,-103.4056386339362
16.576576576576578,1229.4944732095669,-312.0887851936228,74.17059050340202,-103.6058388341364
16.596596596596594,1230.9793699163417,-314.1629761612732,74.17059050340202,-103.8060390343366
16.616616616616618,1232.4642666231166,-316.2411751409396,74.17059050340202,-104.0062392345368
16.636636636636638,1233.9491633298915,-318.32338213262204,74.17059050340202,-104.206439434737
16.656656656656658,1235.4340600366663,-320.4095971363205,74.17059050340202,-104.4066396349372
16.676676676676678,1236.9189567434412,-322.49982015203494,74.17059050340202,-104.60683983513741
16.696696696696694,1238.403853450216,-324.5940511797654,74.17059050340202,-104.80704003533761
16.716716716716718,1239.888750156991,-326.6922902195119,74.17059050340202,-105.00724023553781
16.736736736736738,1241.3736468637658,-328.7945372712744,74.17059050340202,-105.20744043573801
16.756756756756758,1242.8585435705406,-330.9007923350529,74.17059050340202,-105.40764063593821
16.776776776776778,1244.3434402773155,-333.01105541084746,74.17059050340202,-105.60784083613841
16.796796796796794,1245.8283369840904,-335.12532649865807,74.17059050340202,-105.80804103633861
16.816816816816818,1247.3132336908652,-337.2436055984847,74.17059050340202,-106.00824123653881
16.836836836836838,1248.79813039764,-339.36589271032733,74.17059050340202,-106.20844143673901
16.856856856856858,1250.283027104415,-341.492187834186,74.17059050340202,-106.40864163693921
16.876876876876878,1251.7679238111898,-343.62249097006065,74.17059050340202,-106.60884183713941
16.896896896896898,1253.2528205179647,-345.75680211795134,74.17059050340202,-106.80904203733961
16.916916916916918,1254.7377172247395,-347.89512127785804,74.17059050340202,-107.00924223753981
16.936936936936938,1256.2226139315144,-350.03744844978075,74.17059050340202,-107.20944243774001
16.956956956956958,1257.7075106382892,-352.1837836337195,74.17059050340202,-107.40964263794021
16.976976976976978,1259.192407345064,-354.33412682967423,74.17059050340202,-107.60984283814041
16.996996996996998,1260.677304051839,-356.488478037645,74.17059050340202,-107.81004303834061
17.017017017017018,1262.1622007586138,-358.6468372576318,74.17059050340202,-108.01024323854081
17.037037037037038,1263.6470974653887,-360.80920448963457,74.17059050340202,-108.21044343874101
17.057057057057058,1265.1319941721636,-362.97557973365343,74.17059050340202,-108.41064363894121
17.077077077077078,1266.6168908789384,-365.1459629896883,74.17059050340202,-108.61084383914141
17.097097097097098,1268.1017875857133,-367.3203542577392,74.17059050340202,-108.81104403934161
17.117117117117118,1269.5866842924881,-369.4987535378061,74.17059050340202,-109.01124423954181
17.137137137137138,1271.071580999263,-371.68116082988905,74.17059050340202,-109.21144443974201
17.157157157157158,1272.5564777060379,-373.867576133988,74.17059050340202,-109.41164463994221
17.177177177177178,1274.0413744128127,-376.05799945010295,74.17059050340202,-109.61184484014241
17.197197197197198,1275.5262711195876,-378.25243077823393,74.17059050340202,-109.81204504034261
17.217217217217218,1277.0111678263625,-380.4508701183809,74.17059050340202,-110.01224524054281
17.237237237237238,1278.4960645331373,-382.6533174705439,74.17059050340202,-110.21244544074301
17.25725725725726,1279.9809612399122,-384.85977283472295,74.17059050340202,-110.41264564094321
17.27727727727728,1281.465857946687,-387.070236210918,74.17059050340202,-110.61284584114341
17.2972972972973,1282.950754653462,-389.28470759912904,74.17059050340202,-110.81304604134361
17.31731731731732,1284.4356513602368,-391.50318699935616,74.17059050340202,-111.01324624154381
17.33733733733734,1285.9205480670116,-393.7256744115993,74.17059050340202,-111.21344644174401
17.35735735735736,1287.4054447737865,-395.95216983585846,74.17059050340202,-111.41364664194421
17.37737737737738,1288.8903414805613,-398.1826732721336,74.17059050340202,-111.61384684214441
17.3973973973974,1290.3752381873362,-400.4171847204248,74.17059050340202,-111.81404704234461
17.41741741741742,1291.860134894111,-402.655704180732,74.17059050340202,-112.01424724254481
17.43743743743744,1293.345031600886,-404.89823165305523,74.17059050340202,-112.21444744274501
17.45745745745746,1294.8299283076608,-407.14476713739447,74.17059050340202,-112.41464764294521
17.47747747747748,1296.3148250144357,-409.3953106337497,74.17059050340202,-112.61484784314541
17.4974974974975,1297.7997217212105,-411.649862142121,74.17059050340202,-112.81504804334561
17.51751751751752,1299.2846184279854,-413.90842166250826,74.17059050340202,-113.01524824354581
17.53753753753754,1300.7695151347602,-416.17098919491156,74.17059050340202,-113.21544844374601
17.55755755755756,1302.254411841535,-418.4375647393309,74.17059050340202,-113.41564864394621
17.57757757757758,1303.73930854831,-420.7081482957663,74.17059050340202,-113.61584884414641
17.5975975975976,1305.2242052550848,-422.9827398642177,74.17059050340202,-113.81604904434661
17.61761761761762,1306.7091019618597,-425.2613394446851,74.17059050340202,-114.01624924454681
17.63763763763764,1308.1939986686345,-427.54394703716855,74.17059050340202,-114.21644944474701
17.65765765765766,1309.6788953754094,-429.830562641668,74.17059050340202,-114.41664964494721
17.67767767767768,1311.1637920821843,-432.12118625818346,74.17059050340202,-114.61684984514741
17.6976976976977,1312.6486887889591,-434.41581788671493,74.17059050340202,-114.81705004534761
17.71771771771772,1314.133585495734,-436.7144575272624,74.17059050340202,-115.01725024554781
17.73773773773774,1315.6184822025089,-439.01710517982593,74.17059050340202,-115.21745044574801
17.75775775775776,1317.1033789092837,-441.32376084440546,74.17059050340202,-115.41765064594821
17.77777777777778,1318.5882756160586,-443.634424521001,74.17059050340202,-115.61785084614841
17.7977977977978,1320.0731723228334,-445.94909620961255,74.17059050340202,-115.81805104634861
17.81781781781782,1321.5580690296083,-448.2677759102402,74.17059050340202,-116.01825124654881
17.83783783783784,1323.0429657363832,-450.5904636228838,74.17059050340202,-116.21845144674901
17.85785785785786,1324.527862443158,-452.9171593475435,74.17059050340202,-116.41865164694921
17.87787787787788,1326.012759149933,-455.24786308421915,74.17059050340202,-116.61885184714941
17.8978978978979,1327.4976558567078,-457.58257483291084,74.17059050340202,-116.81905204734962
17.91791791791792,1328.9825525634826,-459.92129459361854,74.17059050340202,-117.01925224754982
17.93793793793794,1330.4674492702575,-462.26402236634226,74.17059050340202,-117.21945244775002
17.95795795795796,1331.9523459770323,-464.610758151082,74.17059050340202,-117.41965264795022
17.97797797797798,1333.4372426838072,-466.96150194783775,74.17059050340202,-117.61985284815042
17.997997997998,1334.922139390582,-469.3162537566095,74.17059050340202,-117.82005304835062
18.01801801801802,1336.407036097357,-471.6750135773973,74.17059050340202,-118.02025324855082
18.03803803803804,1337.8919328041318,-474.0377814102011,74.17059050340202,-118.22045344875102
18.05805805805806,1339.3768295109066,-476.4045572550209,74.17059050340202,-118.42065364895122
18.07807807807808,1340.8617262176815,-478.7753411118568,74.17059050340202,-118.62085384915142
18.0980980980981,1342.3466229244564,-481.1501329807087,74.17059050340202,-118.82105404935162
18.11811811811812,1343.8315196312312,-483.5289328615766,74.17059050340202,-119.02125424955182
18.13813813813814,1345.316416338006,-485.91174075446054,74.17059050340202,-119.22145444975202
18.15815815815816,1346.801313044781,-488.2985566593605,74.17059050340202,-119.42165464995222
18.17817817817818,1348.2862097515558,-490.68938057627645,74.17059050340202,-119.62185485015242
18.1981981981982,1349.7711064583307,-493.0842125052084,74.17059050340202,-119.82205505035262
18.21821821821822,1351.2560031651055,-495.4830524461564,74.17059050340202,-120.02225525055282
18.23823823823824,1352.7408998718804,-497.88590039912043,74.17059050340202,-120.22245545075302
18.25825825825826,1354.2257965786553,-500.29275636410046,74.17059050340202,-120.42265565095322
18.27827827827828,1355.7106932854301,-502.7036203410965,74.17059050340202,-120.62285585115342
18.2982982982983,1357.195589992205,-505.11849233010855,74.17059050340202,-120.82305605135362
18.31831831831832,1358.6804866989798,-507.5373723311367,74.17059050340202,-121.02325625155382
18.33833833833834,1360.1653834057547,-509.9602603441808,74.17059050340202,-121.22345645175402
18.35835835835836,1361.6502801125296,-512.387156369241,74.17059050340202,-121.42365665195422
18.37837837837838,1363.1351768193044,-514.8180604063172,74.17059050340202,-121.62385685215442
18.3983983983984,1364.6200735260793,-517.2529724554093,74.17059050340202,-121.82405705235462
18.41841841841842,1366.1049702328542,-519.6918925165176,74.17059050340202,-122.02425725255482
18.43843843843844,1367.589866939629,-522.1348205896418,74.17059050340202,-122.22445745275502
18.45845845845846,1369.0747636464039,-524.581756674782,74.17059050340202,-122.42465765295522
18.47847847847848,1370.5596603531787,-527.0327007719383,74.17059050340202,-122.62485785315542
18.4984984984985,1372.0445570599536,-529.4876528811105,74.17059050340202,-122.82505805335562
18.51851851851852,1373.5294537667285,-531.9466130022988,74.17059050340202,-123.02525825355582
18.53853853853854,1375.0143504735033,-534.4095811355031,74.17059050340202,-123.22545845375602
18.55855855855856,1376.4992471802782,-536.8765572807234,74.17059050340202,-123.42565865395622
18.57857857857858,1377.984143887053,-539.3475414379598,74.17059050340202,-123.62585885415642
18.5985985985986,1379.469040593828,-541.8225336072121,74.17059050340202,-123.82605905435662
18.61861861861862,1380.9539373006028,-544.3015337884805,74.17059050340202,-124.02625925455682
18.63863863863864,1382.4388340073776,-546.7845419817648,74.17059050340202,-124.22645945475702
18.65865865865866,1383.9237307141525,-549.2715581870652,74.17059050340202,-124.42665965495722
18.67867867867868,1385.4086274209274,-551.7625824043816,74.17059050340202,-124.62685985515742
18.6986986986987,1386.8935241277022,-554.2576146337142,74.17059050340202,-124.82706005535762
18.71871871871872,1388.378420834477,-556.7566548750627,74.17059050340202,-125.02726025555782
18.73873873873874,1389.863317541252,-559.2597031284273,74.17059050340202,-125.22746045575802
18.75875875875876,1391.3482142480268,-561.7667593938079,74.17059050340202,-125.42766065595822
18.77877877877878,1392.8331109548017,-564.2778236712045,74.17059050340202,-125.62786085615842
18.7987987987988,1394.3180076615765,-566.7928959606171,74.17059050340202,-125.82806105635862
18.81881881881882,1395.8029043683514,-569.3119762620457,74.17059050340202,-126.02826125655882
18.83883883883884,1397.2878010751263,-571.8350645754904,74.17059050340202,-126.22846145675902
18.85885885885886,1398.7726977819011,-574.362160900951,74.17059050340202,-126.42866165695922
18.87887887887888,1400.257594488676,-576.8932652384277,74.17059050340202,-126.62886185715942
18.8988988988989,1401.7424911954508,-579.4283775879204,74.17059050340202,-126.82906205735962
18.91891891891892,1403.2273879022257,-581.9674979494291,74.17059050340202,-127.02926225755982
18.93893893893894,1404.7122846090006,-584.5106263229538,74.17059050340202,-127.22946245776002
18.95895895895896,1406.1971813157754,-587.0577627084946,74.17059050340202,-127.42966265796022
18.97897897897898,1407.6820780225503,-589.6089071060513,74.17059050340202,-127.62986285816042
18.998998998999,1409.1669747293251,-592.1640595156241,74.17059050340202,-127.83006305836062
19.01901901901902,1410.6518714361,-594.7232199372129,74.17059050340202,-128.03026325856084
19.03903903903904,1412.1367681428749,-597.2863883708177,74.17059050340202,-128.23046345876105
19.05905905905906,1413.6216648496497,-599.8535648164385,74.17059050340202,-128.43066365896127
19.07907907907908,1415.1065615564246,-602.4247492740753,74.17059050340202,-128.63086385916148
19.0990990990991,1416.5914582631995,-604.9999417437282,74.17059050340202,-128.8310640593617
19.11911911911912,1418.0763549699743,-607.579142225397,74.17059050340202,-129.0312642595619
19.13913913913914,1419.5612516767492,-610.1623507190819,74.17059050340202,-129.23146445976212
19.15915915915916,1421.046148383524,-612.7495672247828,74.17059050340202,-129.43166465996234
19.17917917917918,1422.531045090299,-615.3407917424997,74.17059050340202,-129.63186486016255
19.1991991991992,1424.0159417970738,-617.9360242722328,74.17059050340202,-129.83206506036277
19.21921921921922,1425.5008385038486,-620.5352648139818,74.17059050340202,-130.03226526056298
19.23923923923924,1426.9857352106235,-623.1385133677469,74.17059050340202,-130.2324654607632
19.25925925925926,1428.4706319173984,-625.745769933528,74.17059050340202,-130.4326656609634
19.27927927927928,1429.9555286241732,-628.3570345113251,74.17059050340202,-130.63286586116362
19.2992992992993,1431.440425330948,-630.9723071011382,74.17059050340202,-130.83306606136384
19.31931931931932,1432.925322037723,-633.5915877029673,74.17059050340202,-131.03326626156405
19.33933933933934,1434.4102187444978,-636.2148763168125,74.17059050340202,-131.23346646176427
19.35935935935936,1435.8951154512727,-638.8421729426736,74.17059050340202,-131.43366666196448
19.37937937937938,1437.3800121580475,-641.4734775805508,74.17059050340202,-131.6338668621647
19.3993993993994,1438.8649088648224,-644.108790230444,74.17059050340202,-131.8340670623649
19.41941941941942,1440.3498055715972,-646.7481108923532,74.17059050340202,-132.03426726256512
19.43943943943944,1441.834702278372,-649.3914395662785,74.17059050340202,-132.23446746276534
19.45945945945946,1443.319598985147,-652.0387762522197,74.17059050340202,-132.43466766296555
19.47947947947948,1444.8044956919218,-654.690120950177,74.17059050340202,-132.63486786316577
19.4994994994995,1446.2893923986967,-657.3454736601502,74.17059050340202,-132.83506806336598
19.51951951951952,1447.7742891054716,-660.0048343821395,74.17059050340202,-133.0352682635662
19.53953953953954,1449.2591858122464,-662.6682031161448,74.17059050340202,-133.2354684637664
19.55955955955956,1450.7440825190213,-665.3355798621661,74.17059050340202,-133.43566866396662
19.57957957957958,1452.2289792257961,-668.0069646202035,74.17059050340202,-133.63586886416684
19.5995995995996,1453.713875932571,-670.6823573902568,74.17059050340202,-133.83606906436705
19.61961961961962,1455.1987726393459,-673.3617581723262,74.17059050340202,-134.03626926456727
19.63963963963964,1456.6836693461207,-676.0451669664116,74.17059050340202,-134.23646946476748
19.65965965965966,1458.1685660528956,-678.732583772513,74.17059050340202,-134.4366696649677
19.67967967967968,1459.6534627596704,-681.4240085906305,74.17059050340202,-134.6368698651679
19.6996996996997,1461.1383594664453,-684.119441420764,74.17059050340202,-134.83707006536812
19.71971971971972,1462.6232561732202,-686.8188822629136,74.17059050340202,-135.03727026556834
19.73973973973974,1464.108152879995,-689.5223311170791,74.17059050340202,-135.23747046576855
19.75975975975976,1465.59304958677,-692.2297879832607,74.17059050340202,-135.43767066596877
19.77977977977978,1467.0779462935448,-694.9412528614583,74.17059050340202,-135.63787086616898
19.7997997997998,1468.5628430003196,-697.656725751672,74.17059050340202,-135.8380710663692
19.81981981981982,1470.0477397070945,-700.3762066539016,74.17059050340202,-136.0382712665694
19.83983983983984,1471.5326364138693,-703.0996955681472,74.17059050340202,-136.23847146676962
19.85985985985986,1473.0175331206442,-705.8271924944089,74.17059050340202,-136.43867166696984
19.87987987987988,1474.502429827419,-708.5586974326866,74.17059050340202,-136.63887186717005
19.8998998998999,1475.987326534194,-711.2942103829803,74.17059050340202,-136.83907206737027
19.91991991991992,1477.4722232409688,-714.03373134529,74.17059050340202,-137.03927226757048
19.93993993993994,1478.9571199477436,-716.7772603196157,74.17059050340202,-137.2394724677707
19.95995995995996,1480.4420166545185,-719.5247973059575,74.17059050340202,-137.4396726679709
19.97997997997998,1481.9269133612934,-722.2763423043152,74.17059050340202,-137.63987286817112
20.0,1483.4118100680682,-725.031895314689,74.17059050340202,-137.84007306837134
