t,xpos,ypos,vx,vy
0.0,0.0,32.72460488667246,86.79839832702714,8.090679649319489
0.02002002002002002,1.7377056722127555,32.8865804552274,86.79839832702714,7.8904794491192884
0.04004004004004004,3.475411344425511,33.04454801176633,86.79839832702714,7.690279248919088
0.06006006006006006,5.213117016638266,33.198507556289236,86.79839832702714,7.490079048718888
0.08008008008008008,6.950822688851022,33.34845908879612,86.79839832702714,7.289878848518688
0.10010010010010009,8.688528361063778,33.494402609286986,86.79839832702714,7.089678648318488
0.12012012012012012,10.426234033276533,33.63633811776183,86.79839832702714,6.889478448118288
0.14014014014014015,12.163939705489287,33.77426561422065,86.79839832702714,6.689278247918088
0.16016016016016016,13.901645377702042,33.90818509866346,86.79839832702714,6.4890780477178875
0.18018018018018017,15.639351049914797,34.03809657109024,86.79839832702714,6.288877847517687
0.20020020020020018,17.377056722127552,34.164000031501004,86.79839832702714,6.088677647317487
0.22022022022022023,19.114762394340307,34.28589547989575,86.79839832702714,5.888477447117287
0.24024024024024024,20.85246806655306,34.40378291627447,86.79839832702714,5.688277246917087
0.2602602602602603,22.590173738765817,34.51766234063718,86.79839832702714,5.488077046716887
0.2802802802802803,24.32787941097857,34.627533752983865,86.79839832702714,5.287876846516687
0.3003003003003003,26.065585083191326,34.73339715331453,86.79839832702714,5.087676646316487
0.3203203203203203,27.80329075540408,34.835252541629174,86.79839832702714,4.8874764461162865
0.3403403403403404,29.540996427616836,34.9330999179278,86.79839832702714,4.687276245916086
0.36036036036036034,31.27870209982959,35.0269392822104,86.79839832702714,4.487076045715886
0.3803803803803804,33.01640777204235,35.116770634476985,86.79839832702714,4.286875845515686
0.40040040040040037,34.754113444255104,35.20259397472755,86.79839832702714,4.086675645315486
0.42042042042042044,36.49181911646786,35.284409302962096,86.79839832702714,3.886475445115286
0.44044044044044045,38.229524788680614,35.36221661918062,86.79839832702714,3.6862752449150857
0.4604604604604605,39.96723046089337,35.436015923383124,86.79839832702714,3.4860750447148856
0.4804804804804805,41.70493613310612,35.50580721556961,86.79839832702714,3.2858748445146855
0.5005005005005005,43.44264180531888,35.571590495740075,86.79839832702714,3.0856746443144853
0.5205205205205206,45.18034747753163,35.63336576389452,86.79839832702714,2.885474444114285
0.5405405405405406,46.91805314974439,35.69113302003294,86.79839832702714,2.685274243914085
0.5605605605605606,48.65575882195714,35.74489226415535,86.79839832702714,2.485074043713885
0.5805805805805806,50.3934644941699,35.79464349626173,86.79839832702714,2.284873843513685
0.6006006006006006,52.13117016638265,35.84038671635209,86.79839832702714,2.0846736433134847
0.6206206206206206,53.86887583859541,35.882121924426436,86.79839832702714,1.8844734431132846
0.6406406406406406,55.60658151080816,35.91984912048476,86.79839832702714,1.6842732429130844
0.6606606606606606,57.34428718302092,35.95356830452707,86.79839832702714,1.4840730427128843
0.6806806806806808,59.08199285523367,35.98327947655335,86.79839832702714,1.2838728425126842
0.7007007007007007,60.81969852744643,36.008982636563616,86.79839832702714,1.083672642312484
0.7207207207207207,62.55740419965918,36.03067778455786,86.79839832702714,0.8834724421122839
0.7407407407407407,64.29510987187194,36.04836492053608,86.79839832702714,0.6832722419120838
0.7607607607607608,66.0328155440847,36.062044044498286,86.79839832702714,0.4830720417118836
0.7807807807807808,67.77052121629745,36.07171515644447,86.79839832702714,0.28287184151168343
0.8008008008008007,69.50822688851021,36.07737825637463,86.79839832702714,0.08267164131148325
0.8208208208208208,71.24593256072296,36.079033344288774,86.79839832702714,-0.11752855888871694
0.8408408408408409,72.98363823293572,36.0766804201869,86.79839832702714,-0.3177287590889171
0.8608608608608609,74.72134390514847,36.070319484069,86.79839832702714,-0.5179289592891173
0.8808808808808809,76.45904957736123,36.05995053593509,86.79839832702714,-0.7181291594893175
0.9009009009009008,78.19675524957398,36.04557357578515,86.79839832702714,-0.9183293596895177
0.920920920920921,79.93446092178674,36.027188603619194,86.79839832702714,-1.1185295598897178
0.9409409409409409,81.67216659399949,36.00479561943722,86.79839832702714,-1.318729760089918
0.960960960960961,83.40987226621225,35.97839462323922,86.79839832702714,-1.518929960290118
0.980980980980981,85.147577938425,35.9479856150252,86.79839832702714,-1.7191301604903182
1.001001001001001,86.88528361063776,35.913568594795166,86.79839832702714,-1.9193303606905183
1.021021021021021,88.62298928285051,35.87514356254911,86.79839832702714,-2.1195305608907185
1.0410410410410411,90.36069495506327,35.83271051828704,86.79839832702714,-2.3197307610909186
1.0610610610610611,92.09840062727602,35.78626946200894,86.79839832702714,-2.5199309612911187
1.0810810810810811,93.83610629948878,35.735820393714825,86.79839832702714,-2.720131161491319
1.1011011011011012,95.57381197170153,35.68136331340469,86.79839832702714,-2.920331361691519
1.1211211211211212,97.31151764391429,35.62289822107853,86.79839832702714,-3.120531561891719
1.1411411411411412,99.04922331612704,35.560425116736354,86.79839832702714,-3.3207317620919192
1.1611611611611612,100.7869289883398,35.49394400037816,86.79839832702714,-3.5209319622921194
1.1811811811811812,102.52463466055255,35.42345487200394,86.79839832702714,-3.7211321624923195
1.2012012012012012,104.2623403327653,35.3489577316137,86.79839832702714,-3.9213323626925196
1.2212212212212212,106.00004600497806,35.27045257920744,86.79839832702714,-4.12153256289272
1.2412412412412412,107.73775167719081,35.18793941478517,86.79839832702714,-4.32173276309292
1.2612612612612613,109.47545734940357,35.101418238346874,86.79839832702714,-4.5219329632931204
1.2812812812812813,111.21316302161632,35.010889049892555,86.79839832702714,-4.722133163493321
1.3013013013013013,112.95086869382908,34.91635184942222,86.79839832702714,-4.922333363693521
1.3213213213213213,114.68857436604183,34.81780663693586,86.79839832702714,-5.122533563893721
1.3413413413413413,116.42628003825459,34.71525341243348,86.79839832702714,-5.322733764093921
1.3613613613613615,118.16398571046734,34.60869217591509,86.79839832702714,-5.522933964294121
1.3813813813813813,119.9016913826801,34.49812292738067,86.79839832702714,-5.723134164494321
1.4014014014014013,121.63939705489285,34.38354566683024,86.79839832702714,-5.923334364694521
1.4214214214214214,123.37710272710561,34.26496039426378,86.79839832702714,-6.1235345648947215
1.4414414414414414,125.11480839931836,34.1423671096813,86.79839832702714,-6.323734765094922
1.4614614614614616,126.85251407153112,34.01576581308281,86.79839832702714,-6.523934965295122
1.4814814814814814,128.5902197437439,33.88515650446829,86.79839832702714,-6.724135165495322
1.5015015015015014,130.32792541595666,33.75053918383775,86.79839832702714,-6.924335365695522
1.5215215215215216,132.06563108816943,33.6119138511912,86.79839832702714,-7.124535565895722
1.5415415415415414,133.8033367603822,33.46928050652862,86.79839832702714,-7.324735766095922
1.5615615615615617,135.54104243259496,33.32263914985002,86.79839832702714,-7.524935966296122
1.5815815815815815,137.27874810480773,33.1719897811554,86.79839832702714,-7.7251361664963225
1.6016016016016015,139.0164537770205,33.017332400444765,86.79839832702714,-7.925336366696523
1.6216216216216217,140.75415944923327,32.85866700771811,86.79839832702714,-8.125536566896724
1.6416416416416415,142.49186512144604,32.695993602975435,86.79839832702714,-8.325736767096924
1.6616616616616617,144.2295707936588,32.529312186216735,86.79839832702714,-8.525936967297124
1.6816816816816818,145.96727646587158,32.35862275744202,86.79839832702714,-8.726137167497324
1.7017017017017015,147.70498213808435,32.18392531665128,86.79839832702714,-8.926337367697524
1.7217217217217218,149.44268781029712,32.00521986384452,86.79839832702714,-9.126537567897724
1.7417417417417416,151.18039348250988,31.822506399021748,86.79839832702714,-9.326737768097924
1.7617617617617618,152.91809915472265,31.63578492218295,86.79839832702714,-9.526937968298125
1.7817817817817818,154.65580482693542,31.445055433328132,86.79839832702714,-9.727138168498325
1.8018018018018016,156.3935104991482,31.250317932457296,86.79839832702714,-9.927338368698525
1.8218218218218218,158.13121617136096,31.051572419570437,86.79839832702714,-10.127538568898725
1.841841841841842,159.86892184357373,30.84881889466756,86.79839832702714,-10.327738769098925
1.8618618618618619,161.6066275157865,30.642057357748662,86.79839832702714,-10.527938969299125
1.8818818818818819,163.34433318799927,30.431287808813746,86.79839832702714,-10.728139169499325
1.9019019019019017,165.08203886021204,30.216510247862807,86.79839832702714,-10.928339369699525
1.921921921921922,166.8197445324248,29.99772467489585,86.79839832702714,-11.128539569899726
1.9419419419419421,168.55745020463758,29.774931089912872,86.79839832702714,-11.328739770099926
1.961961961961962,170.29515587685034,29.548129492913876,86.79839832702714,-11.528939970300126
1.981981981981982,172.0328615490631,29.317319883898858,86.79839832702714,-11.729140170500326
2.002002002002002,173.77056722127588,29.08250226286782,86.79839832702714,-11.929340370700526
2.022022022022022,175.50827289348865,28.843676629820763,86.79839832702714,-12.129540570900726
2.042042042042042,177.24597856570142,28.600842984757687,86.79839832702714,-12.329740771100926
2.0620620620620618,178.9836842379142,28.35400132767859,86.79839832702714,-12.529940971301126
2.0820820820820822,180.72138991012696,28.10315165858347,86.79839832702714,-12.730141171501327
2.1021021021021022,182.45909558233973,27.848293977472334,86.79839832702714,-12.930341371701527
2.1221221221221223,184.1968012545525,27.589428284345175,86.79839832702714,-13.130541571901727
2.1421421421421423,185.93450692676527,27.326554579201996,86.79839832702714,-13.330741772101927
2.1621621621621623,187.67221259897804,27.0596728620428,86.79839832702714,-13.530941972302127
2.1821821821821823,189.4099182711908,26.788783132867582,86.79839832702714,-13.731142172502327
2.2022022022022023,191.14762394340357,26.513885391676343,86.79839832702714,-13.931342372702527
2.2222222222222223,192.88532961561634,26.234979638469085,86.79839832702714,-14.131542572902728
2.2422422422422423,194.6230352878291,25.952065873245807,86.79839832702714,-14.331742773102928
2.2622622622622623,196.36074096004188,25.66514409600651,86.79839832702714,-14.531942973303128
2.2822822822822824,198.09844663225465,25.374214306751192,86.79839832702714,-14.732143173503328
2.3023023023023024,199.83615230446742,25.079276505479854,86.79839832702714,-14.932343373703528
2.3223223223223224,201.5738579766802,24.780330692192496,86.79839832702714,-15.132543573903728
2.3423423423423424,203.31156364889296,24.47737686688912,86.79839832702714,-15.332743774103928
2.3623623623623624,205.04926932110573,24.17041502956972,86.79839832702714,-15.532943974304128
2.3823823823823824,206.7869749933185,23.859445180234303,86.79839832702714,-15.733144174504329
2.4024024024024024,208.52468066553126,23.544467318882866,86.79839832702714,-15.933344374704529
2.4224224224224224,210.26238633774403,23.225481445515406,86.79839832702714,-16.13354457490473
2.4424424424424425,212.0000920099568,22.902487560131927,86.79839832702714,-16.33374477510493
2.4624624624624625,213.73779768216957,22.57548566273243,86.79839832702714,-16.53394497530513
2.4824824824824825,215.47550335438234,22.244475753316912,86.79839832702714,-16.73414517550533
2.5025025025025025,217.2132090265951,21.909457831885373,86.79839832702714,-16.93434537570553
2.5225225225225225,218.95091469880788,21.570431898437814,86.79839832702714,-17.13454557590573
2.5425425425425425,220.68862037102065,21.227397952974236,86.79839832702714,-17.33474577610593
2.5625625625625625,222.42632604323342,20.88035599549464,86.79839832702714,-17.53494597630613
2.5825825825825826,224.16403171544619,20.52930602599902,86.79839832702714,-17.73514617650633
2.6026026026026026,225.90173738765895,20.17424804448738,86.79839832702714,-17.93534637670653
2.6226226226226226,227.63944305987172,19.815182050959724,86.79839832702714,-18.13554657690673
2.6426426426426426,229.3771487320845,19.452108045416047,86.79839832702714,-18.33574677710693
2.6626626626626626,231.11485440429726,19.085026027856347,86.79839832702714,-18.53594697730713
2.6826826826826826,232.85256007651003,18.71393599828063,86.79839832702714,-18.73614717750733
2.7027027027027026,234.5902657487228,18.33883795668889,86.79839832702714,-18.93634737770753
2.722722722722723,236.32797142093557,17.959731903081135,86.79839832702714,-19.13654757790773
2.7427427427427427,238.06567709314834,17.576617837457356,86.79839832702714,-19.33674777810793
2.7627627627627627,239.8033827653611,17.189495759817557,86.79839832702714,-19.53694797830813
2.7827827827827827,241.54108843757388,16.79836567016174,86.79839832702714,-19.73714817850833
2.8028028028028027,243.27879410978665,16.4032275684899,86.79839832702714,-19.93734837870853
2.822822822822823,245.0164997819994,16.00408145480204,86.79839832702714,-20.13754857890873
2.8428428428428427,246.75420545421218,15.600927329098162,86.79839832702714,-20.33774877910893
2.8628628628628627,248.49191112642495,15.193765191378263,86.79839832702714,-20.53794897930913
2.8828828828828827,250.22961679863772,14.782595041642345,86.79839832702714,-20.738149179509332
2.9029029029029028,251.9673224708505,14.367416879890406,86.79839832702714,-20.938349379709532
2.922922922922923,253.70502814306326,13.948230706122448,86.79839832702714,-21.138549579909732
2.942942942942943,255.44273381527603,13.52503652033847,86.79839832702714,-21.338749780109932
2.962962962962963,257.1804394874888,13.097834322538471,86.79839832702714,-21.538949980310132
2.982982982982983,258.91814515970157,12.666624112722452,86.79839832702714,-21.739150180510332
3.003003003003003,260.65585083191434,12.231405890890414,86.79839832702714,-21.939350380710533
3.0230230230230233,262.3935565041271,11.792179657042356,86.79839832702714,-22.139550580910733
3.0430430430430433,264.1312621763399,11.348945411178278,86.79839832702714,-22.339750781110933
3.063063063063063,265.86896784855264,10.901703153298179,86.79839832702714,-22.539950981311133
3.083083083083083,267.6066735207654,10.45045288340206,86.79839832702714,-22.740151181511333
3.103103103103103,269.3443791929782,9.99519460148992,86.79839832702714,-22.940351381711533
3.1231231231231233,271.08208486519095,9.535928307561761,86.79839832702714,-23.140551581911733
3.1431431431431434,272.8197905374037,9.072654001617583,86.79839832702714,-23.340751782111933
3.163163163163163,274.5574962096165,8.605371683657383,86.79839832702714,-23.540951982312134
3.183183183183183,276.29520188182926,8.134081353681164,86.79839832702714,-23.741152182512334
3.203203203203203,278.032907554042,7.658783011688926,86.79839832702714,-23.941352382712534
3.2232232232232234,279.7706132262548,7.179476657680667,86.79839832702714,-24.141552582912734
3.2432432432432434,281.50831889846756,6.696162291656387,86.79839832702714,-24.341752783112934
3.263263263263263,283.24602457068033,6.208839913616088,86.79839832702714,-24.541952983313134
3.283283283283283,284.9837302428931,5.717509523559769,86.79839832702714,-24.742153183513334
3.303303303303303,286.72143591510587,5.222171121487429,86.79839832702714,-24.942353383713534
3.3233233233233235,288.45914158731864,4.72282470739907,86.79839832702714,-25.142553583913735
3.3433433433433435,290.1968472595314,4.219470281294691,86.79839832702714,-25.342753784113935
3.3633633633633635,291.9345529317442,3.7121078431742918,86.79839832702714,-25.542953984314135
3.383383383383383,293.67225860395695,3.2007373930378726,86.79839832702714,-25.743154184514335
3.403403403403403,295.4099642761697,2.6853589308854335,86.79839832702714,-25.943354384714535
3.4234234234234235,297.1476699483825,2.1659724567169745,86.79839832702714,-26.143554584914735
3.4434434434434436,298.88537562059525,1.6425779705324954,86.79839832702714,-26.343754785114935
3.4634634634634636,300.623081292808,1.1151754723319962,86.79839832702714,-26.543954985315136
3.483483483483483,302.3607869650208,0.583764962115477,86.79839832702714,-26.744155185515336
3.503503503503503,304.09849263723356,0.04834643988293774,86.79839832702714,-26.944355385715536
3.5235235235235236,305.83619830944633,-0.4910800943656215,86.79839832702714,-27.144555585915736
3.5435435435435436,307.5739039816591,-1.0345146406302008,86.79839832702714,-27.344755786115936
3.5635635635635636,309.31160965387187,-1.5819571989108,86.79839832702714,-27.544955986316136
3.583583583583583,311.04931532608464,-2.1334077692074196,86.79839832702714,-27.745156186516336
3.603603603603603,312.7870209982974,-2.688866351520059,86.79839832702714,-27.945356386716536
3.6236236236236237,314.5247266705102,-3.248332945848718,86.79839832702714,-28.145556586916737
3.6436436436436437,316.26243234272295,-3.8118075521933976,86.79839832702714,-28.345756787116937
3.6636636636636637,318.0001380149357,-4.379290170554097,86.79839832702714,-28.545956987317137
3.683683683683684,319.7378436871485,-4.950780800930817,86.79839832702714,-28.746157187517337
3.7037037037037033,321.47554935936125,-5.526279443323556,86.79839832702714,-28.946357387717537
3.7237237237237237,323.213255031574,-6.105786097732316,86.79839832702714,-29.146557587917737
3.7437437437437437,324.9509607037868,-6.689300764157095,86.79839832702714,-29.346757788117937
3.7637637637637638,326.68866637599956,-7.276823442597895,86.79839832702714,-29.546957988318137
3.783783783783784,328.42637204821233,-7.868354133054714,86.79839832702714,-29.747158188518338
3.8038038038038033,330.1640777204251,-8.463892835527554,86.79839832702714,-29.947358388718538
3.823823823823824,331.90178339263787,-9.063439550016414,86.79839832702714,-30.147558588918738
3.843843843843844,333.63948906485064,-9.666994276521294,86.79839832702714,-30.347758789118938
3.863863863863864,335.3771947370634,-10.274557015042193,86.79839832702714,-30.547958989319138
3.8838838838838843,337.1149004092762,-10.886127765579113,86.79839832702714,-30.74815918951934
3.9039039039039034,338.85260608148894,-11.501706528132052,86.79839832702714,-30.94835938971954
3.923923923923924,340.5903117537017,-12.121293302701012,86.79839832702714,-31.14855958991974
3.943943943943944,342.3280174259145,-12.744888089285991,86.79839832702714,-31.34875979011994
3.963963963963964,344.06572309812725,-13.372490887886991,86.79839832702714,-31.54895999032014
3.9839839839839843,345.80342877034,-14.00410169850401,86.79839832702714,-31.74916019052034
4.004004004004004,347.5411344425528,-14.63972052113705,86.79839832702714,-31.94936039072054
4.0240240240240235,349.27884011476556,-15.27934735578611,86.79839832702714,-32.14956059092074
4.044044044044044,351.0165457869783,-15.92298220245119,86.79839832702714,-32.34976079112094
4.064064064064064,352.7542514591911,-16.57062506113229,86.79839832702714,-32.54996099132114
4.084084084084084,354.49195713140386,-17.22227593182941,86.79839832702714,-32.75016119152134
4.104104104104104,356.22966280361663,-17.877934814542552,86.79839832702714,-32.95036139172154
4.1241241241241235,357.9673684758294,-18.537601709271712,86.79839832702714,-33.15056159192174
4.1441441441441444,359.7050741480422,-19.20127661601689,86.79839832702714,-33.35076179212194
4.1641641641641645,361.44277982025494,-19.868959534778092,86.79839832702714,-33.550961992322144
4.1841841841841845,363.1804854924677,-20.540650465555313,86.79839832702714,-33.751162192522344
4.2042042042042045,364.9181911646805,-21.216349408348552,86.79839832702714,-33.951362392722544
4.2242242242242245,366.65589683689325,-21.89605636315781,86.79839832702714,-34.151562592922744
4.2442442442442445,368.393602509106,-22.579771329983092,86.79839832702714,-34.351762793122944
4.2642642642642645,370.1313081813188,-23.267494308824393,86.79839832702714,-34.551962993323144
4.2842842842842845,371.86901385353156,-23.959225299681712,86.79839832702714,-34.752163193523344
4.3043043043043046,373.6067195257443,-24.65496430255505,86.79839832702714,-34.952363393723545
4.324324324324325,375.3444251979571,-25.354711317444412,86.79839832702714,-35.152563593923745
4.344344344344345,377.08213087016986,-26.058466344349792,86.79839832702714,-35.352763794123945
4.364364364364365,378.81983654238263,-26.76622938327119,86.79839832702714,-35.552963994324145
4.384384384384385,380.5575422145954,-27.478000434208614,86.79839832702714,-35.753164194524345
4.404404404404405,382.29524788680817,-28.193779497162055,86.79839832702714,-35.953364394724545
4.424424424424425,384.03295355902094,-28.913566572131515,86.79839832702714,-36.153564594924745
4.444444444444445,385.7706592312337,-29.637361659116994,86.79839832702714,-36.353764795124945
4.464464464464465,387.5083649034465,-30.365164758118496,86.79839832702714,-36.553964995325146
4.484484484484485,389.24607057565925,-31.096975869136017,86.79839832702714,-36.754165195525346
4.504504504504505,390.983776247872,-31.832794992169557,86.79839832702714,-36.954365395725546
4.524524524524525,392.7214819200848,-32.57262212721912,86.79839832702714,-37.154565595925746
4.544544544544545,394.45918759229755,-33.3164572742847,86.79839832702714,-37.354765796125946
4.564564564564565,396.1968932645103,-34.0643004333663,86.79839832702714,-37.554965996326146
4.584584584584585,397.9345989367231,-34.81615160446392,86.79839832702714,-37.755166196526346
4.604604604604605,399.67230460893586,-35.57201078757756,86.79839832702714,-37.955366396726546
4.624624624624625,401.41001028114863,-36.33187798270722,86.79839832702714,-38.15556659692675
4.644644644644645,403.1477159533614,-37.0957531898529,86.79839832702714,-38.35576679712695
4.664664664664665,404.88542162557417,-37.8636364090146,86.79839832702714,-38.55596699732715
4.684684684684685,406.62312729778694,-38.63552764019232,86.79839832702714,-38.75616719752735
4.704704704704705,408.3608329699997,-39.41142688338606,86.79839832702714,-38.95636739772755
4.724724724724725,410.0985386422125,-40.19133413859583,86.79839832702714,-39.15656759792775
4.744744744744745,411.83624431442524,-40.97524940582161,86.79839832702714,-39.35676779812795
4.764764764764765,413.573949986638,-41.76317268506341,86.79839832702714,-39.55696799832815
4.784784784784785,415.3116556588508,-42.55510397632123,86.79839832702714,-39.75716819852835
4.804804804804805,417.04936133106355,-43.35104327959507,86.79839832702714,-39.95736839872855
4.824824824824825,418.7870670032763,-44.15099059488493,86.79839832702714,-40.15756859892875
4.844844844844845,420.5247726754891,-44.95494592219081,86.79839832702714,-40.35776879912895
4.864864864864865,422.26247834770186,-45.76290926151271,86.79839832702714,-40.55796899932915
4.884884884884885,424.0001840199146,-46.574880612850635,86.79839832702714,-40.75816919952935
4.904904904904905,425.7378896921274,-47.390859976204574,86.79839832702714,-40.95836939972955
4.924924924924925,427.47559536434017,-48.210847351574536,86.79839832702714,-41.15856959992975
4.944944944944945,429.21330103655293,-49.03484273896051,86.79839832702714,-41.35876980012995
4.964964964964965,430.9510067087657,-49.862846138362514,86.79839832702714,-41.55897000033015
4.984984984984985,432.6887123809785,-50.69485754978054,86.79839832702714,-41.75917020053035
5.005005005005005,434.42641805319124,-51.530876973214575,86.79839832702714,-41.95937040073055
5.025025025025025,436.164123725404,-52.370904408664636,86.79839832702714,-42.15957060093075
5.045045045045045,437.9018293976168,-53.21493985613072,86.79839832702714,-42.35977080113095
5.065065065065065,439.63953506982955,-54.06298331561282,86.79839832702714,-42.55997100133115
5.085085085085085,441.3772407420423,-54.91503478711094,86.79839832702714,-42.76017120153135
5.105105105105105,443.1149464142551,-55.771094270625085,86.79839832702714,-42.96037140173155
5.125125125125125,444.85265208646786,-56.631161766155245,86.79839832702714,-43.16057160193175
5.145145145145145,446.5903577586806,-57.49523727370143,86.79839832702714,-43.36077180213195
5.165165165165165,448.3280634308934,-58.363320793263625,86.79839832702714,-43.56097200233215
5.185185185185185,450.06576910310616,-59.235412324841846,86.79839832702714,-43.76117220253235
5.205205205205205,451.80347477531893,-60.11151186843609,86.79839832702714,-43.96137240273255
5.225225225225225,453.5411804475317,-60.99161942404635,86.79839832702714,-44.16157260293275
5.245245245245245,455.27888611974447,-61.87573499167263,86.79839832702714,-44.36177280313295
5.265265265265265,457.01659179195724,-62.763858571314934,86.79839832702714,-44.56197300333315
5.285285285285285,458.75429746417,-63.655990162973254,86.79839832702714,-44.76217320353335
5.305305305305305,460.4920031363828,-64.5521297666476,86.79839832702714,-44.96237340373355
5.325325325325325,462.22970880859555,-65.45227738233795,86.79839832702714,-45.16257360393375
5.345345345345346,463.9674144808083,-66.35643301004434,86.79839832702714,-45.36277380413395
5.365365365365365,465.7051201530211,-67.26459664976674,86.79839832702714,-45.56297400433415
5.385385385385385,467.44282582523385,-68.17676830150516,86.79839832702714,-45.76317420453435
5.405405405405405,469.1805314974466,-69.09294796525961,86.79839832702714,-45.96337440473455
5.425425425425425,470.9182371696594,-70.01313564103008,86.79839832702714,-46.16357460493475
5.445445445445446,472.65594284187216,-70.93733132881655,86.79839832702714,-46.36377480513495
5.465465465465465,474.39364851408493,-71.86553502861905,86.79839832702714,-46.56397500533515
5.485485485485485,476.1313541862977,-72.79774674043757,86.79839832702714,-46.76417520553535
5.505505505505505,477.86905985851047,-73.73396646427211,86.79839832702714,-46.96437540573555
5.525525525525525,479.60676553072324,-74.67419420012267,86.79839832702714,-47.16457560593575
5.545545545545546,481.344471202936,-75.61842994798926,86.79839832702714,-47.36477580613595
5.565565565565565,483.0821768751488,-76.56667370787186,86.79839832702714,-47.56497600633615
5.585585585585585,484.81988254736154,-77.51892547977047,86.79839832702714,-47.76517620653635
5.605605605605605,486.5575882195743,-78.47518526368512,86.79839832702714,-47.96537640673655
5.625625625625625,488.2952938917871,-79.43545305961578,86.79839832702714,-48.16557660693675
5.645645645645646,490.03299956399985,-80.39972886756246,86.79839832702714,-48.36577680713695
5.665665665665665,491.7707052362126,-81.36801268752517,86.79839832702714,-48.56597700733715
5.685685685685685,493.5084109084254,-82.34030451950389,86.79839832702714,-48.76617720753735
5.7057057057057055,495.24611658063816,-83.31660436349863,86.79839832702714,-48.96637740773755
5.7257257257257255,496.9838222528509,-84.2969122195094,86.79839832702714,-49.166577607937754
5.745745745745746,498.7215279250637,-85.28122808753618,86.79839832702714,-49.366777808137954
5.7657657657657655,500.45923359727647,-86.26955196757898,86.79839832702714,-49.566978008338154
5.7857857857857855,502.19693926948923,-87.2618838596378,86.79839832702714,-49.767178208538354
5.8058058058058055,503.934644941702,-88.25822376371265,86.79839832702714,-49.967378408738554
5.8258258258258255,505.6723506139148,-89.25857167980351,86.79839832702714,-50.167578608938754
5.845845845845846,507.41005628612754,-90.26292760791038,86.79839832702714,-50.367778809138954
5.865865865865866,509.1477619583403,-91.27129154803329,86.79839832702714,-50.567979009339155
5.885885885885886,510.8854676305531,-92.28366350017221,86.79839832702714,-50.768179209539355
5.905905905905906,512.6231733027658,-93.30004346432715,86.79839832702714,-50.968379409739555
5.925925925925926,514.3608789749786,-94.32043144049811,86.79839832702714,-51.168579609939755
5.9459459459459465,516.0985846471914,-95.3448274286851,86.79839832702714,-51.368779810139955
5.965965965965966,517.8362903194042,-96.37323142888809,86.79839832702714,-51.568980010340155
5.9859859859859865,519.5739959916169,-97.40564344110712,86.79839832702714,-51.769180210540355
6.006006006006006,521.3117016638297,-98.44206346534216,86.79839832702714,-51.969380410740555
6.026026026026026,523.0494073360425,-99.48249150159322,86.79839832702714,-52.169580610940756
6.046046046046047,524.7871130082552,-100.5269275498603,86.79839832702714,-52.369780811140956
6.066066066066066,526.524818680468,-101.5753716101434,86.79839832702714,-52.569981011341156
6.086086086086087,528.2625243526808,-102.62782368244252,86.79839832702714,-52.770181211541356
6.106106106106106,530.0002300248935,-103.68428376675767,86.79839832702714,-52.970381411741556
6.126126126126126,531.7379356971063,-104.74475186308884,86.79839832702714,-53.170581611941756
6.146146146146147,533.4756413693191,-105.80922797143602,86.79839832702714,-53.370781812141956
6.166166166166166,535.2133470415318,-106.87771209179922,86.79839832702714,-53.57098201234216
6.186186186186187,536.9510527137446,-107.95020422417845,86.79839832702714,-53.77118221254236
6.206206206206206,538.6887583859574,-109.02670436857369,86.79839832702714,-53.97138241274256
6.226226226226226,540.4264640581702,-110.10721252498494,86.79839832702714,-54.17158261294276
6.246246246246247,542.1641697303829,-111.19172869341223,86.79839832702714,-54.37178281314296
6.266266266266266,543.9018754025957,-112.28025287385553,86.79839832702714,-54.57198301334316
6.286286286286287,545.6395810748085,-113.37278506631485,86.79839832702714,-54.77218321354336
6.306306306306306,547.3772867470212,-114.4693252707902,86.79839832702714,-54.97238341374356
6.326326326326326,549.114992419234,-115.56987348728155,86.79839832702714,-55.17258361394376
6.346346346346347,550.8526980914468,-116.67442971578893,86.79839832702714,-55.37278381414396
6.366366366366366,552.5904037636595,-117.78299395631234,86.79839832702714,-55.57298401434416
6.386386386386387,554.3281094358723,-118.89556620885176,86.79839832702714,-55.77318421454436
6.406406406406406,556.0658151080851,-120.0121464734072,86.79839832702714,-55.97338441474456
6.426426426426426,557.8035207802978,-121.13273474997867,86.79839832702714,-56.17358461494476
6.446446446446447,559.5412264525106,-122.25733103856615,86.79839832702714,-56.37378481514496
6.466466466466466,561.2789321247234,-123.38593533916965,86.79839832702714,-56.57398501534516
6.486486486486487,563.0166377969362,-124.51854765178918,86.79839832702714,-56.77418521554536
6.506506506506506,564.7543434691489,-125.65516797642472,86.79839832702714,-56.97438541574556
6.526526526526526,566.4920491413617,-126.79579631307628,86.79839832702714,-57.17458561594576
6.546546546546547,568.2297548135745,-127.94043266174387,86.79839832702714,-57.37478581614596
6.566566566566566,569.9674604857872,-129.08907702242746,86.79839832702714,-57.57498601634616
6.586586586586587,571.705166158,-130.2417293951271,86.79839832702714,-57.77518621654636
6.606606606606606,573.4428718302128,-131.39838977984274,86.79839832702714,-57.97538641674656
6.626626626626627,575.1805775024255,-132.5590581765744,86.79839832702714,-58.17558661694676
6.646646646646647,576.9182831746383,-133.7237345853221,86.79839832702714,-58.37578681714696
6.666666666666666,578.6559888468511,-134.8924190060858,86.79839832702714,-58.57598701734716
6.686686686686687,580.3936945190638,-136.0651114388655,86.79839832702714,-58.77618721754736
6.706706706706706,582.1314001912766,-137.24181188366126,86.79839832702714,-58.97638741774756
6.726726726726727,583.8691058634894,-138.42252034047303,86.79839832702714,-59.17658761794776
6.746746746746747,585.6068115357021,-139.60723680930082,86.79839832702714,-59.37678781814796
6.766766766766766,587.3445172079149,-140.79596129014462,86.79839832702714,-59.57698801834816
6.786786786786787,589.0822228801277,-141.98869378300444,86.79839832702714,-59.77718821854836
6.806806806806806,590.8199285523405,-143.18543428788027,86.79839832702714,-59.97738841874856
6.826826826826827,592.5576342245532,-144.38618280477212,86.79839832702714,-60.17758861894876
6.846846846846847,594.295339896766,-145.59093933368,86.79839832702714,-60.37778881914896
6.866866866866866,596.0330455689788,-146.79970387460392,86.79839832702714,-60.57798901934916
6.886886886886887,597.7707512411915,-148.01247642754385,86.79839832702714,-60.77818921954936
6.906906906906906,599.5084569134043,-149.22925699249978,86.79839832702714,-60.97838941974956
6.926926926926927,601.2461625856171,-150.45004556947174,86.79839832702714,-61.17858961994976
6.946946946946947,602.9838682578298,-151.6748421584597,86.79839832702714,-61.37878982014996
6.966966966966966,604.7215739300426,-152.90364675946373,86.79839832702714,-61.57899002035016
6.986986986986987,606.4592796022554,-154.13645937248376,86.79839832702714,-61.77919022055036
7.007007007007006,608.1969852744681,-155.3732799975198,86.79839832702714,-61.97939042075056
7.027027027027027,609.9346909466809,-156.61410863457186,86.79839832702714,-62.17959062095076
7.047047047047047,611.6723966188937,-157.85894528363994,86.79839832702714,-62.37979082115096
7.067067067067066,613.4101022911065,-159.10778994472403,86.79839832702714,-62.57999102135116
7.087087087087087,615.1478079633192,-160.36064261782417,86.79839832702714,-62.78019122155136
7.107107107107106,616.885513635532,-161.61750330294032,86.79839832702714,-62.98039142175156
7.127127127127127,618.6232193077448,-162.8783720000725,86.79839832702714,-63.18059162195176
7.147147147147147,620.3609249799575,-164.14324870922067,86.79839832702714,-63.38079182215196
7.167167167167166,622.0986306521703,-165.41213343038487,86.79839832702714,-63.58099202235216
7.187187187187187,623.8363363243831,-166.68502616356508,86.79839832702714,-63.78119222255236
7.207207207207206,625.5740419965958,-167.9619269087613,86.79839832702714,-63.98139242275256
7.227227227227227,627.3117476688086,-169.2428356659736,86.79839832702714,-64.18159262295276
7.247247247247247,629.0494533410214,-170.52775243520188,86.79839832702714,-64.38179282315296
7.267267267267268,630.7871590132341,-171.81667721644618,86.79839832702714,-64.58199302335316
7.287287287287287,632.5248646854469,-173.1096100097065,86.79839832702714,-64.78219322355336
7.3073073073073065,634.2625703576597,-174.40655081498284,86.79839832702714,-64.98239342375356
7.327327327327327,636.0002760298725,-175.7074996322752,86.79839832702714,-65.18259362395376
7.347347347347347,637.7379817020852,-177.01245646158358,86.79839832702714,-65.38279382415396
7.367367367367368,639.475687374298,-178.321421302908,86.79839832702714,-65.58299402435416
7.387387387387387,641.2133930465108,-179.63439415624842,86.79839832702714,-65.78319422455436
7.4074074074074066,642.9510987187235,-180.95137502160486,86.79839832702714,-65.98339442475456
7.4274274274274275,644.6888043909363,-182.27236389897732,86.79839832702714,-66.18359462495476
7.4474474474474475,646.4265100631491,-183.5973607883658,86.79839832702714,-66.38379482515496
7.467467467467468,648.1642157353618,-184.9263656897703,86.79839832702714,-66.58399502535516
7.4874874874874875,649.9019214075746,-186.25937860319084,86.79839832702714,-66.78419522555537
7.507507507507507,651.6396270797874,-187.5963995286274,86.79839832702714,-66.98439542575557
7.5275275275275275,653.3773327520001,-188.93742846607995,86.79839832702714,-67.18459562595577
7.5475475475475475,655.1150384242129,-190.28246541554853,86.79839832702714,-67.38479582615597
7.567567567567568,656.8527440964257,-191.63151037703312,86.79839832702714,-67.58499602635617
7.587587587587588,658.5904497686385,-192.98456335053373,86.79839832702714,-67.78519622655637
7.607607607607607,660.3281554408512,-194.3416243360504,86.79839832702714,-67.98539642675657
7.627627627627628,662.065861113064,-195.70269333358306,86.79839832702714,-68.18559662695677
7.647647647647648,663.8035667852768,-197.06777034313174,86.79839832702714,-68.38579682715697
7.6676676676676685,665.5412724574895,-198.43685536469644,86.79839832702714,-68.58599702735717
7.687687687687688,667.2789781297023,-199.80994839827716,86.79839832702714,-68.78619722755737
7.707707707707707,669.0166838019151,-201.1870494438739,86.79839832702714,-68.98639742775757
7.727727727727728,670.7543894741278,-202.56815850148666,86.79839832702714,-69.18659762795777
7.747747747747748,672.4920951463406,-203.95327557111546,86.79839832702714,-69.38679782815797
7.767767767767769,674.2298008185534,-205.34240065276026,86.79839832702714,-69.58699802835817
7.787787787787788,675.9675064907661,-206.73553374642108,86.79839832702714,-69.78719822855837
7.807807807807807,677.7052121629789,-208.13267485209792,86.79839832702714,-69.98739842875857
7.827827827827828,679.4429178351917,-209.53382396979077,86.79839832702714,-70.18759862895877
7.847847847847848,681.1806235074044,-210.93898109949967,86.79839832702714,-70.38779882915897
7.867867867867869,682.9183291796172,-212.34814624122458,86.79839832702714,-70.58799902935917
7.887887887887888,684.65603485183,-213.7613193949655,86.79839832702714,-70.78819922955937
7.907907907907909,686.3937405240428,-215.17850056072245,86.79839832702714,-70.98839942975957
7.927927927927928,688.1314461962555,-216.5996897384954,86.79839832702714,-71.18859962995977
7.947947947947948,689.8691518684683,-218.0248869282844,86.79839832702714,-71.38879983015997
7.967967967967969,691.6068575406811,-219.4540921300894,86.79839832702714,-71.58900003036017
7.987987987987988,693.3445632128938,-220.88730534391044,86.79839832702714,-71.78920023056037
8.008008008008009,695.0822688851066,-222.3245265697475,86.79839832702714,-71.98940043076057
8.028028028028029,696.8199745573194,-223.76575580760056,86.79839832702714,-72.18960063096077
8.048048048048047,698.5576802295321,-225.21099305746964,86.79839832702714,-72.38980083116097
8.068068068068069,700.2953859017449,-226.66023831935473,86.79839832702714,-72.59000103136117
8.088088088088089,702.0330915739577,-228.11349159325584,86.79839832702714,-72.79020123156137
8.108108108108109,703.7707972461704,-229.570752879173,86.79839832702714,-72.99040143176157
8.128128128128129,705.5085029183832,-231.03202217710617,86.79839832702714,-73.19060163196177
8.148148148148147,707.246208590596,-232.49729948705536,86.79839832702714,-73.39080183216197
8.168168168168169,708.9839142628088,-233.96658480902056,86.79839832702714,-73.59100203236217
8.188188188188189,710.7216199350215,-235.43987814300178,86.79839832702714,-73.79120223256237
8.208208208208209,712.4593256072343,-236.917179488999,86.79839832702714,-73.99140243276257
8.228228228228229,714.1970312794471,-238.3984888470123,86.79839832702714,-74.19160263296277
8.248248248248247,715.9347369516598,-239.88380621704158,86.79839832702714,-74.39180283316297
8.268268268268269,717.6724426238726,-241.3731315990869,86.79839832702714,-74.59200303336317
8.288288288288289,719.4101482960854,-242.8664649931482,86.79839832702714,-74.79220323356337
8.308308308308309,721.1478539682981,-244.36380639922555,86.79839832702714,-74.99240343376357
8.328328328328329,722.8855596405109,-245.8651558173189,86.79839832702714,-75.19260363396377
8.348348348348347,724.6232653127237,-247.3705132474283,86.79839832702714,-75.39280383416397
8.368368368368369,726.3609709849364,-248.87987868955372,86.79839832702714,-75.59300403436417
8.388388388388389,728.0986766571492,-250.39325214369515,86.79839832702714,-75.79320423456437
8.408408408408409,729.836382329362,-251.9106336098526,86.79839832702714,-75.99340443476457
8.428428428428429,731.5740880015748,-253.43202308802606,86.79839832702714,-76.19360463496477
8.448448448448449,733.3117936737875,-254.95742057821553,86.79839832702714,-76.39380483516497
8.468468468468469,735.0494993460003,-256.48682608042105,86.79839832702714,-76.59400503536517
8.488488488488489,736.7872050182131,-258.0202395946426,86.79839832702714,-76.79420523556537
8.508508508508509,738.5249106904258,-259.55766112088014,86.79839832702714,-76.99440543576557
8.528528528528529,740.2626163626386,-261.0990906591337,86.79839832702714,-77.19460563596577
8.548548548548549,742.0003220348514,-262.6445282094033,86.79839832702714,-77.39480583616597
8.568568568568569,743.7380277070641,-264.1939737716889,86.79839832702714,-77.59500603636617
8.588588588588589,745.4757333792769,-265.7474273459905,86.79839832702714,-77.79520623656637
8.608608608608609,747.2134390514897,-267.30488893230813,86.79839832702714,-77.99540643676657
8.62862862862863,748.9511447237024,-268.8663585306418,86.79839832702714,-78.19560663696677
8.64864864864865,750.6888503959152,-270.43183614099144,86.79839832702714,-78.39580683716697
8.66866866866867,752.426556068128,-272.00132176335717,86.79839832702714,-78.59600703736717
8.68868868868869,754.1642617403407,-273.5748153977389,86.79839832702714,-78.79620723756737
8.70870870870871,755.9019674125535,-275.1523170441367,86.79839832702714,-78.99640743776757
8.72872872872873,757.6396730847663,-276.73382670255046,86.79839832702714,-79.19660763796777
8.74874874874875,759.377378756979,-278.31934437298025,86.79839832702714,-79.39680783816797
8.76876876876877,761.1150844291918,-279.90887005542606,86.79839832702714,-79.59700803836817
8.78878878878879,762.8527901014046,-281.5024037498879,86.79839832702714,-79.79720823856837
8.80880880880881,764.5904957736174,-283.09994545636573,86.79839832702714,-79.99740843876857
8.82882882882883,766.3282014458301,-284.7014951748596,86.79839832702714,-80.19760863896877
8.84884884884885,768.0659071180429,-286.30705290536946,86.79839832702714,-80.39780883916897
8.86886886886887,769.8036127902557,-287.91661864789535,86.79839832702714,-80.59800903936917
8.88888888888889,771.5413184624684,-289.53019240243725,86.79839832702714,-80.79820923956937
8.90890890890891,773.2790241346812,-291.14777416899517,86.79839832702714,-80.99840943976957
8.92892892892893,775.016729806894,-292.76936394756916,86.79839832702714,-81.19860963996977
8.94894894894895,776.7544354791067,-294.39496173815917,86.79839832702714,-81.39880984016997
8.96896896896897,778.4921411513195,-296.0245675407652,86.79839832702714,-81.59901004037017
8.98898898898899,780.2298468235323,-297.6581813553872,86.79839832702714,-81.79921024057037
9.00900900900901,781.967552495745,-299.2958031820253,86.79839832702714,-81.99941044077057
9.02902902902903,783.7052581679578,-300.93743302067935,86.79839832702714,-82.19961064097077
9.04904904904905,785.4429638401706,-302.58307087134943,86.79839832702714,-82.39981084117098
9.06906906906907,787.1806695123834,-304.23271673403553,86.79839832702714,-82.60001104137118
9.08908908908909,788.9183751845961,-305.88637060873765,86.79839832702714,-82.80021124157138
9.10910910910911,790.6560808568089,-307.5440324954558,86.79839832702714,-83.00041144177158
9.12912912912913,792.3937865290217,-309.2057023941899,86.79839832702714,-83.20061164197178
9.14914914914915,794.1314922012344,-310.8713803049401,86.79839832702714,-83.40081184217198
9.16916916916917,795.8691978734472,-312.54106622770627,86.79839832702714,-83.60101204237218
9.18918918918919,797.60690354566,-314.2147601624885,86.79839832702714,-83.80121224257238
9.20920920920921,799.3446092178727,-315.8924621092868,86.79839832702714,-84.00141244277258
9.22922922922923,801.0823148900855,-317.57417206810106,86.79839832702714,-84.20161264297278
9.24924924924925,802.8200205622983,-319.25989003893136,86.79839832702714,-84.40181284317298
9.26926926926927,804.557726234511,-320.9496160217777,86.79839832702714,-84.60201304337318
9.28928928928929,806.2954319067238,-322.64335001664,86.79839832702714,-84.80221324357338
9.30930930930931,808.0331375789366,-324.34109202351834,86.79839832702714,-85.00241344377358
9.32932932932933,809.7708432511494,-326.0428420424127,86.79839832702714,-85.20261364397378
9.34934934934935,811.5085489233621,-327.7486000733231,86.79839832702714,-85.40281384417398
9.36936936936937,813.2462545955749,-329.45836611624946,86.79839832702714,-85.60301404437418
9.38938938938939,814.9839602677877,-331.17214017119187,86.79839832702714,-85.80321424457438
9.40940940940941,816.7216659400004,-332.8899222381503,86.79839832702714,-86.00341444477458
9.42942942942943,818.4593716122132,-334.6117123171248,86.79839832702714,-86.20361464497478
9.44944944944945,820.197077284426,-336.3375104081153,86.79839832702714,-86.40381484517498
9.46946946946947,821.9347829566387,-338.0673165111218,86.79839832702714,-86.60401504537518
9.48948948948949,823.6724886288515,-339.80113062614436,86.79839832702714,-86.80421524557538
9.50950950950951,825.4101943010643,-341.5389527531829,86.79839832702714,-87.00441544577558
9.52952952952953,827.147899973277,-343.2807828922375,86.79839832702714,-87.20461564597578
9.54954954954955,828.8856056454898,-345.02662104330807,86.79839832702714,-87.40481584617598
9.56956956956957,830.6233113177026,-346.77646720639467,86.79839832702714,-87.60501604637618
9.58958958958959,832.3610169899154,-348.5303213814973,86.79839832702714,-87.80521624657638
9.60960960960961,834.0987226621281,-350.2881835686159,86.79839832702714,-88.00541644677658
9.62962962962963,835.8364283343409,-352.05005376775057,86.79839832702714,-88.20561664697678
9.64964964964965,837.5741340065537,-353.81593197890123,86.79839832702714,-88.40581684717698
9.66966966966967,839.3118396787664,-355.5858182020679,86.79839832702714,-88.60601704737718
9.68968968968969,841.0495453509792,-357.35971243725066,86.79839832702714,-88.80621724757738
9.70970970970971,842.787251023192,-359.13761468444943,86.79839832702714,-89.00641744777758
9.72972972972973,844.5249566954047,-360.9195249436642,86.79839832702714,-89.20661764797778
9.74974974974975,846.2626623676175,-362.705443214895,86.79839832702714,-89.40681784817798
9.76976976976977,848.0003680398303,-364.4953694981418,86.79839832702714,-89.60701804837818
9.78978978978979,849.738073712043,-366.28930379340466,86.79839832702714,-89.80721824857838
9.80980980980981,851.4757793842558,-368.0872461006835,86.79839832702714,-90.00741844877858
9.82982982982983,853.2134850564686,-369.88919641997836,86.79839832702714,-90.20761864897878
9.84984984984985,854.9511907286814,-371.69515475128924,86.79839832702714,-90.40781884917898
9.86986986986987,856.6888964008941,-373.50512109461613,86.79839832702714,-90.60801904937918
9.88988988988989,858.4266020731069,-375.31909544995904,86.79839832702714,-90.80821924957938
9.90990990990991,860.1643077453197,-377.13707781731796,86.79839832702714,-91.00841944977958
9.92992992992993,861.9020134175324,-378.9590681966929,86.79839832702714,-91.20861964997978
9.94994994994995,863.6397190897452,-380.7850665880839,86.79839832702714,-91.40881985017998
9.96996996996997,865.377424761958,-382.61507299149093,86.79839832702714,-91.60902005038018
9.98998998998999,867.1151304341707,-384.449087406914,86.79839832702714,-91.80922025058038
10.01001001001001,868.8528361063835,-386.28710983435303,86.79839832702714,-92.00942045078058
10.03003003003003,870.5905417785963,-388.1291402738081,86.79839832702714,-92.20962065098078
10.05005005005005,872.328247450809,-389.9751787252792,86.79839832702714,-92.40982085118098
10.07007007007007,874.0659531230218,-391.8252251887663,86.79839832702714,-92.61002105138118
10.09009009009009,875.8036587952346,-393.6792796642694,86.79839832702714,-92.81022125158138
10.11011011011011,877.5413644674474,-395.53734215178855,86.79839832702714,-93.01042145178158
10.13013013013013,879.2790701396601,-397.3994126513237,86.79839832702714,-93.21062165198178
10.15015015015015,881.0167758118729,-399.26549116287487,86.79839832702714,-93.41082185218198
10.17017017017017,882.7544814840857,-401.13557768644205,86.79839832702714,-93.61102205238218
10.19019019019019,884.4921871562984,-403.0096722220253,86.79839832702714,-93.81122225258238
10.21021021021021,886.2298928285112,-404.88777476962457,86.79839832702714,-94.01142245278258
10.23023023023023,887.967598500724,-406.76988532923986,86.79839832702714,-94.21162265298278
10.25025025025025,889.7053041729367,-408.65600390087116,86.79839832702714,-94.41182285318298
10.27027027027027,891.4430098451495,-410.54613048451847,86.79839832702714,-94.61202305338318
10.29029029029029,893.1807155173623,-412.4402650801818,86.79839832702714,-94.81222325358338
10.31031031031031,894.918421189575,-414.33840768786115,86.79839832702714,-95.01242345378358
10.33033033033033,896.6561268617878,-416.2405583075565,86.79839832702714,-95.21262365398378
10.35035035035035,898.3938325340006,-418.1467169392679,86.79839832702714,-95.41282385418398
10.37037037037037,900.1315382062133,-420.0568835829953,86.79839832702714,-95.61302405438418
10.39039039039039,901.8692438784261,-421.9710582387387,86.79839832702714,-95.81322425458438
10.41041041041041,903.6069495506389,-423.8892409064981,86.79839832702714,-96.01342445478458
10.43043043043043,905.3446552228517,-425.81143158627356,86.79839832702714,-96.21362465498478
10.45045045045045,907.0823608950644,-427.73763027806507,86.79839832702714,-96.41382485518498
10.47047047047047,908.8200665672772,-429.6678369818726,86.79839832702714,-96.61402505538518
10.49049049049049,910.55777223949,-431.60205169769614,86.79839832702714,-96.81422525558538
10.51051051051051,912.2954779117027,-433.5402744255357,86.79839832702714,-97.01442545578558
10.53053053053053,914.0331835839155,-435.4825051653913,86.79839832702714,-97.21462565598578
10.55055055055055,915.7708892561283,-437.42874391726286,86.79839832702714,-97.41482585618598
10.57057057057057,917.508594928341,-439.37899068115047,86.79839832702714,-97.61502605638618
10.59059059059059,919.2463006005538,-441.3332454570541,86.79839832702714,-97.81522625658639
10.61061061061061,920.9840062727666,-443.2915082449737,86.79839832702714,-98.01542645678659
10.63063063063063,922.7217119449793,-445.2537790449094,86.79839832702714,-98.21562665698679
10.65065065065065,924.4594176171921,-447.22005785686105,86.79839832702714,-98.41582685718699
10.67067067067067,926.1971232894049,-449.19034468082873,86.79839832702714,-98.61602705738719
10.690690690690692,927.9348289616177,-451.1646395168125,86.79839832702714,-98.81622725758739
10.71071071071071,929.6725346338304,-453.14294236481226,86.79839832702714,-99.01642745778759
10.73073073073073,931.4102403060432,-455.12525322482804,86.79839832702714,-99.21662765798779
10.75075075075075,933.147945978256,-457.11157209685985,86.79839832702714,-99.41682785818799
10.77077077077077,934.8856516504687,-459.10189898090766,86.79839832702714,-99.61702805838819
10.790790790790792,936.6233573226815,-461.0962338769715,86.79839832702714,-99.81722825858839
10.81081081081081,938.3610629948943,-463.09457678505134,86.79839832702714,-100.01742845878859
10.83083083083083,940.098768667107,-465.0969277051472,86.79839832702714,-100.21762865898879
10.85085085085085,941.8364743393198,-467.1032866372591,86.79839832702714,-100.41782885918899
10.87087087087087,943.5741800115326,-469.113653581387,86.79839832702714,-100.61802905938919
10.890890890890892,945.3118856837453,-471.1280285375309,86.79839832702714,-100.81822925958939
10.91091091091091,947.0495913559581,-473.1464115056908,86.79839832702714,-101.01842945978959
10.93093093093093,948.7872970281709,-475.16880248586676,86.79839832702714,-101.21862965998979
10.95095095095095,950.5250027003837,-477.1952014780588,86.79839832702714,-101.41882986018999
10.97097097097097,952.2627083725964,-479.2256084822668,86.79839832702714,-101.61903006039019
10.990990990990992,954.0004140448092,-481.26002349849085,86.79839832702714,-101.81923026059039
11.01101101101101,955.738119717022,-483.2984465267309,86.79839832702714,-102.01943046079059
11.03103103103103,957.4758253892347,-485.340877566987,86.79839832702714,-102.21963066099079
11.05105105105105,959.2135310614475,-487.3873166192591,86.79839832702714,-102.41983086119099
11.07107107107107,960.9512367336603,-489.4377636835472,86.79839832702714,-102.62003106139119
11.091091091091092,962.688942405873,-491.4922187598513,86.79839832702714,-102.82023126159139
11.11111111111111,964.4266480780858,-493.55068184817145,86.79839832702714,-103.02043146179159
11.13113113113113,966.1643537502986,-495.6131529485076,86.79839832702714,-103.22063166199179
11.15115115115115,967.9020594225113,-497.6796320608598,86.79839832702714,-103.42083186219199
11.17117117117117,969.6397650947241,-499.75011918522796,86.79839832702714,-103.62103206239219
11.191191191191193,971.3774707669369,-501.82461432161216,86.79839832702714,-103.82123226259239
11.21121121121121,973.1151764391496,-503.90311747001243,86.79839832702714,-104.02143246279259
11.23123123123123,974.8528821113624,-505.9856286304287,86.79839832702714,-104.22163266299279
11.25125125125125,976.5905877835752,-508.072147802861,86.79839832702714,-104.42183286319299
11.27127127127127,978.328293455788,-510.16267498730934,86.79839832702714,-104.62203306339319
11.291291291291293,980.0659991280007,-512.2572101837736,86.79839832702714,-104.82223326359339
11.31131131131131,981.8037048002135,-514.355753392254,86.79839832702714,-105.02243346379359
11.33133133133133,983.5414104724263,-516.4583046127503,86.79839832702714,-105.22263366399379
11.35135135135135,985.279116144639,-518.5648638452627,86.79839832702714,-105.42283386419399
11.37137137137137,987.0168218168518,-520.6754310897911,86.79839832702714,-105.62303406439419
11.391391391391393,988.7545274890646,-522.7900063463355,86.79839832702714,-105.82323426459439
11.411411411411411,990.4922331612773,-524.908589614896,86.79839832702714,-106.02343446479459
11.431431431431431,992.2299388334901,-527.0311808954724,86.79839832702714,-106.22363466499479
11.451451451451451,993.9676445057029,-529.1577801880649,86.79839832702714,-106.42383486519499
11.471471471471471,995.7053501779156,-531.2883874926733,86.79839832702714,-106.62403506539519
11.491491491491493,997.4430558501284,-533.4230028092978,86.79839832702714,-106.82423526559539
11.511511511511511,999.1807615223412,-535.5616261379383,86.79839832702714,-107.02443546579559
11.531531531531531,1000.918467194554,-537.7042574785949,86.79839832702714,-107.22463566599579
11.551551551551551,1002.6561728667667,-539.8508968312674,86.79839832702714,-107.42483586619599
11.571571571571571,1004.3938785389795,-542.001544195956,86.79839832702714,-107.62503606639619
11.591591591591593,1006.1315842111923,-544.1561995726606,86.79839832702714,-107.82523626659639
11.611611611611611,1007.869289883405,-546.3148629613813,86.79839832702714,-108.02543646679659
11.631631631631631,1009.6069955556178,-548.477534362118,86.79839832702714,-108.22563666699679
11.651651651651651,1011.3447012278306,-550.6442137748708,86.79839832702714,-108.42583686719699
11.671671671671671,1013.0824069000433,-552.8149011996395,86.79839832702714,-108.62603706739719
11.691691691691693,1014.8201125722561,-554.9895966364243,86.79839832702714,-108.82623726759739
11.711711711711711,1016.5578182444689,-557.168300085225,86.79839832702714,-109.02643746779759
11.731731731731731,1018.2955239166816,-559.3510115460418,86.79839832702714,-109.22663766799779
11.751751751751751,1020.0332295888944,-561.5377310188746,86.79839832702714,-109.42683786819799
11.771771771771771,1021.7709352611072,-563.7284585037235,86.79839832702714,-109.62703806839819
11.791791791791793,1023.50864093332,-565.9231940005883,86.79839832702714,-109.82723826859839
11.811811811811811,1025.2463466055326,-568.1219375094691,86.79839832702714,-110.0274384687986
11.831831831831831,1026.9840522777454,-570.324689030366,86.79839832702714,-110.2276386689988
11.851851851851851,1028.7217579499581,-572.5314485632789,86.79839832702714,-110.427838869199
11.871871871871871,1030.459463622171,-574.7422161082078,86.79839832702714,-110.6280390693992
11.891891891891893,1032.1971692943837,-576.9569916651527,86.79839832702714,-110.8282392695994
11.911911911911911,1033.9348749665965,-579.1757752341136,86.79839832702714,-111.0284394697996
11.931931931931931,1035.6725806388092,-581.3985668150906,86.79839832702714,-111.2286396699998
11.951951951951951,1037.410286311022,-583.6253664080836,86.79839832702714,-111.4288398702
11.971971971971973,1039.1479919832348,-585.8561740130925,86.79839832702714,-111.6290400704002
11.991991991991993,1040.8856976554475,-588.0909896301175,86.79839832702714,-111.8292402706004
12.012012012012011,1042.6234033276603,-590.3298132591585,86.79839832702714,-112.0294404708006
12.032032032032031,1044.361108999873,-592.5726449002156,86.79839832702714,-112.2296406710008
12.052052052052051,1046.0988146720858,-594.8194845532886,86.79839832702714,-112.429840871201
12.072072072072073,1047.8365203442986,-597.0703322183776,86.79839832702714,-112.6300410714012
12.092092092092093,1049.5742260165114,-599.3251878954828,86.79839832702714,-112.8302412716014
12.112112112112111,1051.3119316887241,-601.584051584604,86.79839832702714,-113.0304414718016
12.132132132132131,1053.049637360937,-603.8469232857412,86.79839832702714,-113.2306416720018
12.152152152152151,1054.7873430331497,-606.1138029988945,86.79839832702714,-113.430841872202
12.172172172172173,1056.5250487053625,-608.3846907240637,86.79839832702714,-113.6310420724022
12.192192192192193,1058.2627543775752,-610.659586461249,86.79839832702714,-113.8312422726024
12.212212212212211,1060.000460049788,-612.9384902104503,86.79839832702714,-114.0314424728026
12.232232232232231,1061.7381657220008,-615.2214019716675,86.79839832702714,-114.2316426730028
12.252252252252251,1063.4758713942135,-617.5083217449009,86.79839832702714,-114.431842873203
12.272272272272273,1065.2135770664263,-619.7992495301502,86.79839832702714,-114.6320430734032
12.292292292292293,1066.951282738639,-622.0941853274155,86.79839832702714,-114.8322432736034
12.312312312312311,1068.6889884108518,-624.3931291366969,86.79839832702714,-115.0324434738036
12.332332332332332,1070.4266940830646,-626.6960809579942,86.79839832702714,-115.2326436740038
12.352352352352352,1072.1643997552774,-629.0030407913076,86.79839832702714,-115.432843874204
12.372372372372373,1073.9021054274901,-631.314008636637,86.79839832702714,-115.6330440744042
12.392392392392393,1075.639811099703,-633.6289844939824,86.79839832702714,-115.8332442746044
12.412412412412412,1077.3775167719157,-635.9479683633439,86.79839832702714,-116.0334444748046
12.432432432432432,1079.1152224441284,-638.2709602447213,86.79839832702714,-116.2336446750048
12.452452452452452,1080.8529281163412,-640.5979601381148,86.79839832702714,-116.433844875205
12.472472472472473,1082.590633788554,-642.9289680435243,86.79839832702714,-116.6340450754052
12.492492492492493,1084.3283394607668,-645.2639839609498,86.79839832702714,-116.8342452756054
12.512512512512512,1086.0660451329795,-647.6030078903913,86.79839832702714,-117.0344454758056
12.532532532532532,1087.8037508051923,-649.9460398318488,86.79839832702714,-117.2346456760058
12.552552552552552,1089.541456477405,-652.2930797853223,86.79839832702714,-117.434845876206
12.572572572572573,1091.2791621496178,-654.6441277508119,86.79839832702714,-117.6350460764062
12.592592592592593,1093.0168678218306,-656.9991837283176,86.79839832702714,-117.8352462766064
12.612612612612612,1094.7545734940434,-659.3582477178393,86.79839832702714,-118.0354464768066
12.632632632632632,1096.4922791662561,-661.721319719377,86.79839832702714,-118.2356466770068
12.652652652652652,1098.229984838469,-664.0883997329307,86.79839832702714,-118.435846877207
12.672672672672673,1099.9676905106817,-666.4594877585005,86.79839832702714,-118.6360470774072
12.692692692692694,1101.7053961828944,-668.8345837960862,86.79839832702714,-118.8362472776074
12.712712712712712,1103.4431018551072,-671.213687845688,86.79839832702714,-119.0364474778076
12.732732732732732,1105.18080752732,-673.5967999073058,86.79839832702714,-119.2366476780078
12.752752752752752,1106.9185131995328,-675.9839199809396,86.79839832702714,-119.436847878208
12.772772772772774,1108.6562188717455,-678.3750480665894,86.79839832702714,-119.6370480784082
12.792792792792794,1110.3939245439583,-680.7701841642553,86.79839832702714,-119.8372482786084
12.812812812812812,1112.131630216171,-683.1693282739371,86.79839832702714,-120.0374484788086
12.832832832832832,1113.8693358883838,-685.572480395635,86.79839832702714,-120.2376486790088
12.852852852852852,1115.6070415605966,-687.9796405293489,86.79839832702714,-120.437848879209
12.872872872872874,1117.3447472328094,-690.3908086750788,86.79839832702714,-120.6380490794092
12.892892892892894,1119.0824529050221,-692.8059848328247,86.79839832702714,-120.8382492796094
12.912912912912912,1120.820158577235,-695.2251690025867,86.79839832702714,-121.0384494798096
12.932932932932932,1122.5578642494477,-697.6483611843646,86.79839832702714,-121.2386496800098
12.952952952952952,1124.2955699216604,-700.0755613781586,86.79839832702714,-121.43884988021
12.972972972972974,1126.0332755938732,-702.5067695839685,86.79839832702714,-121.6390500804102
12.992992992992994,1127.770981266086,-704.9419858017945,86.79839832702714,-121.8392502806104
13.013013013013012,1129.5086869382988,-707.3812100316366,86.79839832702714,-122.0394504808106
13.033033033033032,1131.2463926105115,-709.8244422734946,86.79839832702714,-122.2396506810108
13.053053053053052,1132.9840982827243,-712.2716825273686,86.79839832702714,-122.439850881211
13.073073073073074,1134.721803954937,-714.7229307932587,86.79839832702714,-122.6400510814112
13.093093093093094,1136.4595096271498,-717.1781870711648,86.79839832702714,-122.8402512816114
13.113113113113112,1138.1972152993626,-719.637451361087,86.79839832702714,-123.0404514818116
13.133133133133132,1139.9349209715754,-722.1007236630252,86.79839832702714,-123.2406516820118
13.153153153153154,1141.6726266437881,-724.5680039769794,86.79839832702714,-123.440851882212
13.173173173173174,1143.410332316001,-727.0392923029497,86.79839832702714,-123.6410520824122
13.193193193193194,1145.1480379882137,-729.5145886409359,86.79839832702714,-123.8412522826124
13.213213213213212,1146.8857436604264,-731.9938929909382,86.79839832702714,-124.0414524828126
13.233233233233232,1148.6234493326392,-734.4772053529565,86.79839832702714,-124.2416526830128
13.253253253253254,1150.361155004852,-736.9645257269908,86.79839832702714,-124.441852883213
13.273273273273274,1152.0988606770647,-739.4558541130411,86.79839832702714,-124.6420530834132
13.293293293293294,1153.8365663492775,-741.9511905111075,86.79839832702714,-124.8422532836134
13.313313313313312,1155.5742720214903,-744.4505349211898,86.79839832702714,-125.0424534838136
13.333333333333332,1157.311977693703,-746.9538873432882,86.79839832702714,-125.2426536840138
13.353353353353354,1159.0496833659158,-749.4612477774026,86.79839832702714,-125.442853884214
13.373373373373374,1160.7873890381286,-751.972616223533,86.79839832702714,-125.6430540844142
13.393393393393394,1162.5250947103414,-754.4879926816794,86.79839832702714,-125.8432542846144
13.413413413413412,1164.2628003825541,-757.0073771518419,86.79839832702714,-126.0434544848146
13.433433433433432,1166.000506054767,-759.5307696340203,86.79839832702714,-126.2436546850148
13.453453453453454,1167.7382117269797,-762.0581701282148,86.79839832702714,-126.443854885215
13.473473473473474,1169.4759173991924,-764.5895786344253,86.79839832702714,-126.6440550854152
13.493493493493494,1171.2136230714052,-767.1249951526518,86.79839832702714,-126.8442552856154
13.513513513513512,1172.951328743618,-769.6644196828943,86.79839832702714,-127.0444554858156
13.533533533533532,1174.6890344158307,-772.2078522251528,86.79839832702714,-127.2446556860158
13.553553553553554,1176.4267400880435,-774.7552927794274,86.79839832702714,-127.444855886216
13.573573573573574,1178.1644457602563,-777.3067413457179,86.79839832702714,-127.6450560864162
13.593593593593594,1179.902151432469,-779.8621979240245,86.79839832702714,-127.8452562866164
13.613613613613612,1181.6398571046818,-782.4216625143472,86.79839832702714,-128.04545648681662
13.633633633633632,1183.3775627768946,-784.9851351166859,86.79839832702714,-128.24565668701683
13.653653653653654,1185.1152684491074,-787.5526157310406,86.79839832702714,-128.44585688721705
13.673673673673674,1186.8529741213201,-790.1241043574114,86.79839832702714,-128.64605708741726
13.693693693693694,1188.590679793533,-792.6996009957982,86.79839832702714,-128.84625728761748
13.713713713713712,1190.3283854657457,-795.279105646201,86.79839832702714,-129.0464574878177
13.733733733733732,1192.0660911379584,-797.8626183086197,86.79839832702714,-129.2466576880179
13.753753753753754,1193.8037968101712,-800.4501389830546,86.79839832702714,-129.44685788821812
13.773773773773774,1195.541502482384,-803.0416676695054,86.79839832702714,-129.64705808841833
13.793793793793794,1197.2792081545967,-805.6372043679722,86.79839832702714,-129.84725828861855
13.813813813813812,1199.0169138268095,-808.2367490784551,86.79839832702714,-130.04745848881876
13.833833833833832,1200.7546194990223,-810.840301800954,86.79839832702714,-130.24765868901898
13.853853853853854,1202.492325171235,-813.4478625354689,86.79839832702714,-130.4478588892192
13.873873873873874,1204.2300308434478,-816.0594312819998,86.79839832702714,-130.6480590894194
13.893893893893894,1205.9677365156606,-818.6750080405467,86.79839832702714,-130.84825928961962
13.913913913913913,1207.7054421878734,-821.2945928111096,86.79839832702714,-131.04845948981983
13.933933933933933,1209.4431478600861,-823.9181855936886,86.79839832702714,-131.24865969002005
13.953953953953954,1211.180853532299,-826.5457863882835,86.79839832702714,-131.44885989022026
13.973973973973974,1212.9185592045117,-829.1773951948945,86.79839832702714,-131.64906009042048
13.993993993993994,1214.6562648767244,-831.8130120135215,86.79839832702714,-131.8492602906207
14.014014014014013,1216.3939705489372,-834.4526368441645,86.79839832702714,-132.0494604908209
14.034034034034033,1218.13167622115,-837.0962696868236,86.79839832702714,-132.24966069102112
14.054054054054054,1219.8693818933627,-839.7439105414986,86.79839832702714,-132.44986089122133
14.074074074074074,1221.6070875655755,-842.3955594081897,86.79839832702714,-132.65006109142155
14.094094094094094,1223.3447932377883,-845.0512162868969,86.79839832702714,-132.85026129162176
14.114114114114113,1225.082498910001,-847.7108811776201,86.79839832702714,-133.05046149182198
14.134134134134133,1226.8202045822138,-850.3745540803593,86.79839832702714,-133.2506616920222
14.154154154154154,1228.5579102544266,-853.0422349951145,86.79839832702714,-133.4508618922224
14.174174174174174,1230.2956159266394,-855.7139239218858,86.79839832702714,-133.65106209242262
14.194194194194194,1232.0333215988521,-858.3896208606731,86.79839832702714,-133.85126229262283
14.214214214214213,1233.771027271065,-861.0693258114763,86.79839832702714,-134.05146249282305
14.234234234234233,1235.5087329432777,-863.7530387742956,86.79839832702714,-134.25166269302326
14.254254254254255,1237.2464386154904,-866.440759749131,86.79839832702714,-134.45186289322348
14.274274274274275,1238.9841442877032,-869.1324887359823,86.79839832702714,-134.6520630934237
14.294294294294295,1240.721849959916,-871.8282257348496,86.79839832702714,-134.8522632936239
14.314314314314313,1242.4595556321287,-874.527970745733,86.79839832702714,-135.05246349382412
14.334334334334333,1244.1972613043415,-877.2317237686324,86.79839832702714,-135.25266369402433
14.354354354354355,1245.9349669765543,-879.9394848035478,86.79839832702714,-135.45286389422455
14.374374374374375,1247.672672648767,-882.6512538504792,86.79839832702714,-135.65306409442476
14.394394394394395,1249.4103783209798,-885.3670309094266,86.79839832702714,-135.85326429462498
14.414414414414413,1251.1480839931926,-888.08681598039,86.79839832702714,-136.0534644948252
14.434434434434436,1252.8857896654054,-890.8106090633695,86.79839832702714,-136.2536646950254
14.454454454454455,1254.6234953376181,-893.538410158365,86.79839832702714,-136.45386489522562
14.474474474474475,1256.361201009831,-896.2702192653765,86.79839832702714,-136.65406509542584
14.494494494494495,1258.0989066820437,-899.006036384404,86.79839832702714,-136.85426529562605
14.514514514514513,1259.8366123542564,-901.7458615154475,86.79839832702714,-137.05446549582626
14.534534534534536,1261.5743180264692,-904.489694658507,86.79839832702714,-137.25466569602648
14.554554554554555,1263.312023698682,-907.2375358135826,86.79839832702714,-137.4548658962267
14.574574574574575,1265.0497293708947,-909.9893849806742,86.79839832702714,-137.6550660964269
14.594594594594595,1266.7874350431075,-912.7452421597819,86.79839832702714,-137.85526629662712
14.614614614614613,1268.5251407153203,-915.5051073509056,86.79839832702714,-138.05546649682734
14.634634634634637,1270.262846387533,-918.2689805540454,86.79839832702714,-138.25566669702755
14.654654654654655,1272.0005520597458,-921.0368617692011,86.79839832702714,-138.45586689722776
14.674674674674675,1273.7382577319586,-923.8087509963729,86.79839832702714,-138.65606709742798
14.694694694694695,1275.4759634041714,-926.5846482355606,86.79839832702714,-138.8562672976282
14.714714714714713,1277.2136690763841,-929.3645534867644,86.79839832702714,-139.0564674978284
14.734734734734737,1278.951374748597,-932.1484667499842,86.79839832702714,-139.25666769802862
14.754754754754755,1280.6890804208097,-934.93638802522,86.79839832702714,-139.45686789822884
14.774774774774775,1282.4267860930224,-937.7283173124719,86.79839832702714,-139.65706809842905
14.794794794794795,1284.1644917652352,-940.5242546117397,86.79839832702714,-139.85726829862926
14.814814814814813,1285.902197437448,-943.3241999230236,86.79839832702714,-140.05746849882948
14.834834834834837,1287.6399031096607,-946.1281532463234,86.79839832702714,-140.2576686990297
14.854854854854855,1289.3776087818735,-948.9361145816393,86.79839832702714,-140.4578688992299
14.874874874874875,1291.1153144540863,-951.7480839289713,86.79839832702714,-140.65806909943012
14.894894894894895,1292.853020126299,-954.5640612883192,86.79839832702714,-140.85826929963034
14.914914914914913,1294.5907257985118,-957.3840466596831,86.79839832702714,-141.05846949983055
14.934934934934937,1296.3284314707246,-960.2080400430631,86.79839832702714,-141.25866970003077
14.954954954954955,1298.0661371429374,-963.036041438459,86.79839832702714,-141.45886990023098
14.974974974974975,1299.8038428151501,-965.868050845871,86.79839832702714,-141.6590701004312
14.994994994994995,1301.541548487363,-968.704068265299,86.79839832702714,-141.8592703006314
15.015015015015013,1303.2792541595757,-971.5440936967431,86.79839832702714,-142.05947050083162
15.035035035035037,1305.0169598317884,-974.3881271402032,86.79839832702714,-142.25967070103184
15.055055055055055,1306.7546655040012,-977.2361685956794,86.79839832702714,-142.45987090123205
15.075075075075075,1308.492371176214,-980.0882180631716,86.79839832702714,-142.66007110143227
15.095095095095095,1310.2300768484267,-982.9442755426797,86.79839832702714,-142.86027130163248
15.115115115115113,1311.9677825206395,-985.804341034204,86.79839832702714,-143.0604715018327
15.135135135135137,1313.7054881928523,-988.6684145377442,86.79839832702714,-143.2606717020329
15.155155155155155,1315.443193865065,-991.5364960533004,86.79839832702714,-143.46087190223312
15.175175175175175,1317.1808995372778,-994.4085855808727,86.79839832702714,-143.66107210243334
15.195195195195195,1318.9186052094906,-997.284683120461,86.79839832702714,-143.86127230263355
15.215215215215213,1320.6563108817033,-1000.1647886720652,86.79839832702714,-144.06147250283377
15.235235235235237,1322.3940165539161,-1003.0489022356855,86.79839832702714,-144.26167270303398
15.255255255255255,1324.1317222261289,-1005.9370238113219,86.79839832702714,-144.4618729032342
15.275275275275275,1325.8694278983417,-1008.8291533989742,86.79839832702714,-144.6620731034344
15.295295295295295,1327.6071335705544,-1011.7252909986425,86.79839832702714,-144.86227330363462
15.315315315315313,1329.3448392427672,-1014.6254366103269,86.79839832702714,-145.06247350383484
15.335335335335337,1331.08254491498,-1017.5295902340273,86.79839832702714,-145.26267370403505
15.355355355355355,1332.8202505871927,-1020.4377518697437,86.79839832702714,-145.46287390423527
15.375375375375375,1334.5579562594055,-1023.3499215174761,86.79839832702714,-145.66307410443548
15.395395395395395,1336.2956619316183,-1026.2660991772245,86.79839832702714,-145.8632743046357
15.415415415415413,1338.033367603831,-1029.186284848989,86.79839832702714,-146.0634745048359
15.435435435435437,1339.7710732760438,-1032.1104785327695,86.79839832702714,-146.26367470503612
15.455455455455455,1341.5087789482566,-1035.0386802285661,86.79839832702714,-146.46387490523634
15.475475475475475,1343.2464846204693,-1037.9708899363786,86.79839832702714,-146.66407510543655
15.495495495495495,1344.9841902926821,-1040.9071076562072,86.79839832702714,-146.86427530563677
15.515515515515514,1346.7218959648949,-1043.8473333880518,86.79839832702714,-147.06447550583698
15.535535535535537,1348.4596016371077,-1046.7915671319124,86.79839832702714,-147.2646757060372
15.555555555555555,1350.1973073093204,-1049.739808887789,86.79839832702714,-147.4648759062374
15.575575575575575,1351.9350129815332,-1052.6920586556816,86.79839832702714,-147.66507610643762
15.595595595595595,1353.672718653746,-1055.6483164355902,86.79839832702714,-147.86527630663784
15.615615615615614,1355.4104243259587,-1058.608582227515,86.79839832702714,-148.06547650683805
15.635635635635637,1357.1481299981715,-1061.5728560314556,86.79839832702714,-148.26567670703827
15.655655655655655,1358.8858356703843,-1064.5411378474123,86.79839832702714,-148.46587690723848
15.675675675675675,1360.623541342597,-1067.513427675385,86.79839832702714,-148.6660771074387
15.695695695695695,1362.3612470148098,-1070.4897255153737,86.79839832702714,-148.8662773076389
15.715715715715717,1364.0989526870226,-1073.4700313673784,86.79839832702714,-149.06647750783912
15.735735735735737,1365.8366583592353,-1076.4543452313992,86.79839832702714,-149.26667770803934
15.755755755755755,1367.574364031448,-1079.4426671074361,86.79839832702714,-149.46687790823955
15.775775775775776,1369.3120697036609,-1082.434996995489,86.79839832702714,-149.66707810843977
15.795795795795796,1371.0497753758737,-1085.431334895558,86.79839832702714,-149.86727830863998
15.815815815815817,1372.7874810480864,-1088.4316808076428,86.79839832702714,-150.0674785088402
15.835835835835837,1374.5251867202992,-1091.4360347317438,86.79839832702714,-150.2676787090404
15.855855855855856,1376.262892392512,-1094.4443966678607,86.79839832702714,-150.46787890924062
15.875875875875876,1378.0005980647247,-1097.4567666159937,86.79839832702714,-150.66807910944084
15.895895895895896,1379.7383037369375,-1100.4731445761427,86.79839832702714,-150.86827930964105
15.915915915915917,1381.4760094091503,-1103.4935305483077,86.79839832702714,-151.06847950984127
15.935935935935937,1383.213715081363,-1106.5179245324887,86.79839832702714,-151.26867971004148
15.955955955955956,1384.9514207535758,-1109.5463265286858,86.79839832702714,-151.4688799102417
15.975975975975976,1386.6891264257886,-1112.5787365368988,86.79839832702714,-151.6690801104419
15.995995995995996,1388.4268320980013,-1115.6151545571279,86.79839832702714,-151.86928031064213
16.016016016016017,1390.164537770214,-1118.655580589373,86.79839832702714,-152.06948051084234
16.036036036036037,1391.9022434424269,-1121.700014633634,86.79839832702714,-152.26968071104255
16.056056056056057,1393.6399491146396,-1124.748456689911,86.79839832702714,-152.46988091124277
16.076076076076077,1395.3776547868524,-1127.8009067582043,86.79839832702714,-152.67008111144298
16.096096096096094,1397.1153604590652,-1130.8573648385134,86.79839832702714,-152.8702813116432
16.116116116116117,1398.853066131278,-1133.9178309308386,86.79839832702714,-153.0704815118434
16.136136136136138,1400.5907718034907,-1136.9823050351797,86.79839832702714,-153.27068171204363
16.156156156156158,1402.3284774757035,-1140.050787151537,86.79839832702714,-153.47088191224384
16.176176176176178,1404.0661831479163,-1143.12327727991,86.79839832702714,-153.67108211244405
16.196196196196194,1405.803888820129,-1146.1997754202994,86.79839832702714,-153.87128231264427
16.216216216216218,1407.5415944923418,-1149.2802815727046,86.79839832702714,-154.07148251284448
16.236236236236238,1409.2793001645546,-1152.3647957371259,86.79839832702714,-154.2716827130447
16.256256256256258,1411.0170058367673,-1155.4533179135633,86.79839832702714,-154.4718829132449
16.276276276276278,1412.75471150898,-1158.5458481020166,86.79839832702714,-154.67208311344513
16.296296296296294,1414.4924171811929,-1161.642386302486,86.79839832702714,-154.87228331364534
16.316316316316318,1416.2301228534056,-1164.7429325149715,86.79839832702714,-155.07248351384555
16.336336336336338,1417.9678285256184,-1167.847486739473,86.79839832702714,-155.27268371404577
16.356356356356358,1419.7055341978312,-1170.9560489759904,86.79839832702714,-155.47288391424598
16.376376376376378,1421.443239870044,-1174.068619224524,86.79839832702714,-155.6730841144462
16.396396396396394,1423.1809455422567,-1177.1851974850733,86.79839832702714,-155.8732843146464
16.416416416416418,1424.9186512144695,-1180.305783757639,86.79839832702714,-156.07348451484663
16.436436436436438,1426.6563568866823,-1183.4303780422204,86.79839832702714,-156.27368471504684
16.456456456456458,1428.394062558895,-1186.558980338818,86.79839832702714,-156.47388491524706
16.476476476476478,1430.1317682311078,-1189.6915906474314,86.79839832702714,-156.67408511544727
16.496496496496494,1431.8694739033206,-1192.828208968061,86.79839832702714,-156.87428531564748
16.516516516516518,1433.6071795755333,-1195.9688353007066,86.79839832702714,-157.0744855158477
16.536536536536538,1435.344885247746,-1199.1134696453682,86.79839832702714,-157.2746857160479
16.556556556556558,1437.0825909199589,-1202.2621120020458,86.79839832702714,-157.47488591624813
16.576576576576578,1438.8202965921716,-1205.4147623707395,86.79839832702714,-157.67508611644834
16.596596596596594,1440.5580022643844,-1208.571420751449,86.79839832702714,-157.87528631664856
16.616616616616618,1442.2957079365972,-1211.7320871441748,86.79839832702714,-158.07548651684877
16.636636636636638,1444.03341360881,-1214.8967615489164,86.79839832702714,-158.27568671704898
16.656656656656658,1445.7711192810227,-1218.0654439656741,86.79839832702714,-158.4758869172492
16.676676676676678,1447.5088249532355,-1221.2381343944478,86.79839832702714,-158.6760871174494
16.696696696696694,1449.2465306254483,-1224.4148328352376,86.79839832702714,-158.87628731764963
16.716716716716718,1450.984236297661,-1227.5955392880435,86.79839832702714,-159.07648751784984
16.736736736736738,1452.7219419698738,-1230.7802537528653,86.79839832702714,-159.27668771805006
16.756756756756758,1454.4596476420866,-1233.9689762297032,86.79839832702714,-159.47688791825027
16.776776776776778,1456.1973533142993,-1237.161706718557,86.79839832702714,-159.67708811845048
16.796796796796794,1457.935058986512,-1240.358445219427,86.79839832702714,-159.8772883186507
16.816816816816818,1459.6727646587249,-1243.559191732313,86.79839832702714,-160.0774885188509
16.836836836836838,1461.4104703309376,-1246.763946257215,86.79839832702714,-160.27768871905113
16.856856856856858,1463.1481760031504,-1249.9727087941328,86.79839832702714,-160.47788891925134
16.876876876876878,1464.8858816753632,-1253.1854793430668,86.79839832702714,-160.67808911945156
16.896896896896898,1466.623587347576,-1256.4022579040168,86.79839832702714,-160.87828931965177
16.916916916916918,1468.3612930197887,-1259.6230444769828,86.79839832702714,-161.07848951985198
16.936936936936938,1470.0989986920015,-1262.8478390619648,86.79839832702714,-161.2786897200522
16.956956956956958,1471.8367043642143,-1266.076641658963,86.79839832702714,-161.4788899202524
16.976976976976978,1473.574410036427,-1269.309452267977,86.79839832702714,-161.67909012045263
16.996996996996998,1475.3121157086398,-1272.546270889007,86.79839832702714,-161.87929032065284
17.017017017017018,1477.0498213808526,-1275.787097522053,86.79839832702714,-162.07949052085306
17.037037037037038,1478.7875270530653,-1279.0319321671152,86.79839832702714,-162.27969072105327
17.057057057057058,1480.525232725278,-1282.2807748241933,86.79839832702714,-162.47989092125349
17.077077077077078,1482.2629383974909,-1285.5336254932874,86.79839832702714,-162.6800911214537
17.097097097097098,1484.0006440697036,-1288.7904841743975,86.79839832702714,-162.8802913216539
17.117117117117118,1485.7383497419164,-1292.0513508675238,86.79839832702714,-163.08049152185413
17.137137137137138,1487.4760554141292,-1295.3162255726659,86.79839832702714,-163.28069172205434
17.157157157157158,1489.213761086342,-1298.5851082898241,86.79839832702714,-163.48089192225456
17.177177177177178,1490.9514667585547,-1301.8579990189985,86.79839832702714,-163.68109212245477
17.197197197197198,1492.6891724307675,-1305.1348977601888,86.79839832702714,-163.88129232265499
17.217217217217218,1494.4268781029803,-1308.4158045133952,86.79839832702714,-164.0814925228552
17.237237237237238,1496.164583775193,-1311.7007192786175,86.79839832702714,-164.28169272305541
17.25725725725726,1497.9022894474058,-1314.989642055856,86.79839832702714,-164.48189292325563
17.27727727727728,1499.6399951196186,-1318.2825728451103,86.79839832702714,-164.68209312345584
17.2972972972973,1501.3777007918313,-1321.5795116463808,86.79839832702714,-164.88229332365606
17.31731731731732,1503.115406464044,-1324.8804584596671,86.79839832702714,-165.08249352385627
17.33733733733734,1504.8531121362569,-1328.1854132849696,86.79839832702714,-165.2826937240565
17.35735735735736,1506.5908178084696,-1331.494376122288,86.79839832702714,-165.4828939242567
17.37737737737738,1508.3285234806824,-1334.8073469716226,86.79839832702714,-165.68309412445691
17.3973973973974,1510.0662291528952,-1338.124325832973,86.79839832702714,-165.88329432465713
17.41741741741742,1511.803934825108,-1341.4453127063396,86.79839832702714,-166.08349452485734
17.43743743743744,1513.5416404973207,-1344.770307591722,86.79839832702714,-166.28369472505756
17.45745745745746,1515.2793461695335,-1348.0993104891206,86.79839832702714,-166.48389492525777
17.47747747747748,1517.0170518417463,-1351.4323213985351,86.79839832702714,-166.684095125458
17.4974974974975,1518.754757513959,-1354.7693403199657,86.79839832702714,-166.8842953256582
17.51751751751752,1520.4924631861718,-1358.1103672534123,86.79839832702714,-167.08449552585842
17.53753753753754,1522.2301688583846,-1361.455402198875,86.79839832702714,-167.28469572605863
17.55755755755756,1523.9678745305973,-1364.8044451563535,86.79839832702714,-167.48489592625884
17.57757757757758,1525.70558020281,-1368.1574961258482,86.79839832702714,-167.68509612645906
17.5975975975976,1527.4432858750229,-1371.5145551073588,86.79839832702714,-167.88529632665927
17.61761761761762,1529.1809915472356,-1374.8756221008855,86.79839832702714,-168.0854965268595
17.63763763763764,1530.9186972194484,-1378.2406971064281,86.79839832702714,-168.2856967270597
17.65765765765766,1532.6564028916612,-1381.6097801239869,86.79839832702714,-168.48589692725992
17.67767767767768,1534.394108563874,-1384.9828711535617,86.79839832702714,-168.68609712746013
17.6976976976977,1536.1318142360867,-1388.3599701951525,86.79839832702714,-168.88629732766034
17.71771771771772,1537.8695199082995,-1391.7410772487594,86.79839832702714,-169.08649752786056
17.73773773773774,1539.6072255805122,-1395.1261923143823,86.79839832702714,-169.28669772806077
17.75775775775776,1541.344931252725,-1398.5153153920212,86.79839832702714,-169.486897928261
17.77777777777778,1543.0826369249378,-1401.908446481676,86.79839832702714,-169.6870981284612
17.7977977977978,1544.8203425971506,-1405.305585583347,86.79839832702714,-169.88729832866142
17.81781781781782,1546.5580482693633,-1408.7067326970339,86.79839832702714,-170.08749852886163
17.83783783783784,1548.295753941576,-1412.111887822737,86.79839832702714,-170.28769872906184
17.85785785785786,1550.0334596137889,-1415.5210509604558,86.79839832702714,-170.48789892926206
17.87787787787788,1551.7711652860016,-1418.9342221101908,86.79839832702714,-170.68809912946227
17.8978978978979,1553.5088709582144,-1422.3514012719418,86.79839832702714,-170.8882993296625
17.91791791791792,1555.2465766304272,-1425.7725884457088,86.79839832702714,-171.0884995298627
17.93793793793794,1556.98428230264,-1429.1977836314918,86.79839832702714,-171.28869973006292
17.95795795795796,1558.7219879748527,-1432.626986829291,86.79839832702714,-171.48889993026313
17.97797797797798,1560.4596936470655,-1436.060198039106,86.79839832702714,-171.68910013046334
17.997997997998,1562.1973993192782,-1439.497417260937,86.79839832702714,-171.88930033066356
18.01801801801802,1563.935104991491,-1442.938644494784,86.79839832702714,-172.08950053086377
18.03803803803804,1565.6728106637038,-1446.3838797406472,86.79839832702714,-172.289700731064
18.05805805805806,1567.4105163359166,-1449.8331229985263,86.79839832702714,-172.4899009312642
18.07807807807808,1569.1482220081293,-1453.2863742684215,86.79839832702714,-172.69010113146442
18.0980980980981,1570.885927680342,-1456.7436335503326,86.79839832702714,-172.89030133166463
18.11811811811812,1572.6236333525549,-1460.2049008442598,86.79839832702714,-173.09050153186485
18.13813813813814,1574.3613390247676,-1463.6701761502031,86.79839832702714,-173.29070173206506
18.15815815815816,1576.0990446969804,-1467.1394594681624,86.79839832702714,-173.49090193226527
18.17817817817818,1577.8367503691932,-1470.6127507981378,86.79839832702714,-173.6911021324655
18.1981981981982,1579.574456041406,-1474.090050140129,86.79839832702714,-173.8913023326657
18.21821821821822,1581.3121617136187,-1477.5713574941365,86.79839832702714,-174.09150253286592
18.23823823823824,1583.0498673858315,-1481.0566728601598,86.79839832702714,-174.29170273306613
18.25825825825826,1584.7875730580442,-1484.5459962381992,86.79839832702714,-174.49190293326635
18.27827827827828,1586.525278730257,-1488.0393276282546,86.79839832702714,-174.69210313346656
18.2982982982983,1588.2629844024698,-1491.536667030326,86.79839832702714,-174.89230333366677
18.31831831831832,1590.0006900746826,-1495.0380144444134,86.79839832702714,-175.092503533867
18.33833833833834,1591.7383957468953,-1498.543369870517,86.79839832702714,-175.2927037340672
18.35835835835836,1593.476101419108,-1502.0527333086363,86.79839832702714,-175.49290393426742
18.37837837837838,1595.2138070913209,-1505.5661047587719,86.79839832702714,-175.69310413446763
18.3983983983984,1596.9515127635336,-1509.0834842209233,86.79839832702714,-175.89330433466785
18.41841841841842,1598.6892184357464,-1512.6048716950909,86.79839832702714,-176.09350453486806
18.43843843843844,1600.4269241079592,-1516.1302671812743,86.79839832702714,-176.29370473506827
18.45845845845846,1602.164629780172,-1519.659670679474,86.79839832702714,-176.4939049352685
18.47847847847848,1603.9023354523847,-1523.1930821896894,86.79839832702714,-176.6941051354687
18.4984984984985,1605.6400411245975,-1526.730501711921,86.79839832702714,-176.89430533566892
18.51851851851852,1607.3777467968102,-1530.2719292461686,86.79839832702714,-177.09450553586913
18.53853853853854,1609.115452469023,-1533.8173647924323,86.79839832702714,-177.29470573606935
18.55855855855856,1610.8531581412358,-1537.3668083507118,86.79839832702714,-177.49490593626956
18.57857857857858,1612.5908638134485,-1540.9202599210075,86.79839832702714,-177.69510613646978
18.5985985985986,1614.3285694856613,-1544.4777195033191,86.79839832702714,-177.89530633667
18.61861861861862,1616.066275157874,-1548.0391870976468,86.79839832702714,-178.0955065368702
18.63863863863864,1617.8039808300869,-1551.6046627039907,86.79839832702714,-178.29570673707042
18.65865865865866,1619.5416865022996,-1555.1741463223505,86.79839832702714,-178.49590693727063
18.67867867867868,1621.2793921745124,-1558.7476379527263,86.79839832702714,-178.69610713747085
18.6986986986987,1623.0170978467252,-1562.3251375951181,86.79839832702714,-178.89630733767106
18.71871871871872,1624.754803518938,-1565.906645249526,86.79839832702714,-179.09650753787128
18.73873873873874,1626.4925091911507,-1569.4921609159499,86.79839832702714,-179.2967077380715
18.75875875875876,1628.2302148633635,-1573.0816845943898,86.79839832702714,-179.4969079382717
18.77877877877878,1629.9679205355762,-1576.6752162848456,86.79839832702714,-179.69710813847192
18.7987987987988,1631.705626207789,-1580.2727559873176,86.79839832702714,-179.89730833867213
18.81881881881882,1633.4433318800018,-1583.8743037018055,86.79839832702714,-180.09750853887235
18.83883883883884,1635.1810375522145,-1587.4798594283095,86.79839832702714,-180.29770873907256
18.85885885885886,1636.9187432244273,-1591.0894231668294,86.79839832702714,-180.49790893927278
18.87887887887888,1638.65644889664,-1594.7029949173655,86.79839832702714,-180.698109139473
18.8988988988989,1640.3941545688529,-1598.3205746799174,86.79839832702714,-180.8983093396732
18.91891891891892,1642.1318602410656,-1601.9421624544855,86.79839832702714,-181.09850953987342
18.93893893893894,1643.8695659132784,-1605.5677582410694,86.79839832702714,-181.29870974007363
18.95895895895896,1645.6072715854912,-1609.1973620396695,86.79839832702714,-181.49890994027385
18.97897897897898,1647.344977257704,-1612.8309738502855,86.79839832702714,-181.69911014047406
18.998998998999,1649.0826829299167,-1616.4685936729177,86.79839832702714,-181.89931034067428
19.01901901901902,1650.8203886021295,-1620.1102215075657,86.79839832702714,-182.0995105408745
19.03903903903904,1652.5580942743422,-1623.7558573542299,86.79839832702714,-182.2997107410747
19.05905905905906,1654.295799946555,-1627.40550121291,86.79839832702714,-182.49991094127492
19.07907907907908,1656.0335056187678,-1631.0591530836061,86.79839832702714,-182.70011114147513
19.0990990990991,1657.7712112909805,-1634.7168129663185,86.79839832702714,-182.90031134167535
19.11911911911912,1659.5089169631933,-1638.3784808610467,86.79839832702714,-183.10051154187556
19.13913913913914,1661.246622635406,-1642.044156767791,86.79839832702714,-183.30071174207578
19.15915915915916,1662.9843283076189,-1645.7138406865513,86.79839832702714,-183.500911942276
19.17917917917918,1664.7220339798316,-1649.3875326173277,86.79839832702714,-183.7011121424762
19.1991991991992,1666.4597396520444,-1653.06523256012,86.79839832702714,-183.90131234267642
19.21921921921922,1668.1974453242572,-1656.7469405149284,86.79839832702714,-184.10151254287663
19.23923923923924,1669.93515099647,-1660.4326564817527,86.79839832702714,-184.30171274307685
19.25925925925926,1671.6728566686827,-1664.1223804605931,86.79839832702714,-184.50191294327706
19.27927927927928,1673.4105623408955,-1667.8161124514495,86.79839832702714,-184.70211314347728
19.2992992992993,1675.1482680131082,-1671.513852454322,86.79839832702714,-184.9023133436775
19.31931931931932,1676.885973685321,-1675.2156004692104,86.79839832702714,-185.1025135438777
19.33933933933934,1678.6236793575338,-1678.9213564961149,86.79839832702714,-185.30271374407792
19.35935935935936,1680.3613850297465,-1682.6311205350353,86.79839832702714,-185.50291394427813
19.37937937937938,1682.0990907019593,-1686.3448925859718,86.79839832702714,-185.70311414447835
19.3993993993994,1683.836796374172,-1690.0626726489243,86.79839832702714,-185.90331434467856
19.41941941941942,1685.5745020463849,-1693.7844607238928,86.79839832702714,-186.10351454487878
19.43943943943944,1687.3122077185976,-1697.5102568108773,86.79839832702714,-186.303714745079
19.45945945945946,1689.0499133908104,-1701.240060909878,86.79839832702714,-186.5039149452792
19.47947947947948,1690.7876190630232,-1704.9738730208944,86.79839832702714,-186.70411514547942
19.4994994994995,1692.525324735236,-1708.711693143927,86.79839832702714,-186.90431534567963
19.51951951951952,1694.2630304074487,-1712.4535212789756,86.79839832702714,-187.10451554587985
19.53953953953954,1696.0007360796615,-1716.1993574260403,86.79839832702714,-187.30471574608006
19.55955955955956,1697.7384417518742,-1719.949201585121,86.79839832702714,-187.50491594628028
19.57957957957958,1699.476147424087,-1723.7030537562177,86.79839832702714,-187.7051161464805
19.5995995995996,1701.2138530962998,-1727.4609139393306,86.79839832702714,-187.9053163466807
19.61961961961962,1702.9515587685125,-1731.2227821344593,86.79839832702714,-188.10551654688092
19.63963963963964,1704.6892644407253,-1734.9886583416042,86.79839832702714,-188.30571674708114
19.65965965965966,1706.426970112938,-1738.758542560765,86.79839832702714,-188.50591694728135
19.67967967967968,1708.1646757851508,-1742.5324347919418,86.79839832702714,-188.70611714748156
19.6996996996997,1709.9023814573636,-1746.3103350351346,86.79839832702714,-188.90631734768178
19.71971971971972,1711.6400871295764,-1750.0922432903435,86.79839832702714,-189.106517547882
19.73973973973974,1713.3777928017892,-1753.8781595575683,86.79839832702714,-189.3067177480822
19.75975975975976,1715.115498474002,-1757.6680838368093,86.79839832702714,-189.50691794828242
19.77977977977978,1716.8532041462147,-1761.4620161280661,86.79839832702714,-189.70711814848264
19.7997997997998,1718.5909098184275,-1765.259956431339,86.79839832702714,-189.90731834868285
19.81981981981982,1720.3286154906402,-1769.061904746628,86.79839832702714,-190.10751854888306
19.83983983983984,1722.066321162853,-1772.867861073933,86.79839832702714,-190.30771874908328
19.85985985985986,1723.8040268350658,-1776.677825413254,86.79839832702714,-190.5079189492835
19.87987987987988,1725.5417325072785,-1780.491797764591,86.79839832702714,-190.7081191494837
19.8998998998999,1727.2794381794913,-1784.309778127944,86.79839832702714,-190.90831934968392
19.91991991991992,1729.017143851704,-1788.131766503313,86.79839832702714,-191.10851954988414
19.93993993993994,1730.7548495239168,-1791.957762890698,86.79839832702714,-191.30871975008435
19.95995995995996,1732.4925551961296,-1795.787767290099,86.79839832702714,-191.50891995028456
19.97997997997998,1734.2302608683424,-1799.621779701516,86.79839832702714,-191.70912015048478
20.0,1735.9679665405552,-1803.4598001249492,86.79839832702714,-191.909320350685
