t,xpos,ypos,vx,vy
0.0,0.0,34.981763491441775,54.78332159013823,26.66267613001628
0.02002002002002002,1.0967631949977623,35.51555080135201,54.78332159013823,26.46247592981608
0.04004004004004004,2.1935263899955246,36.04533009924623,54.78332159013823,26.26227572961588
0.06006006006006006,3.290289584993287,36.57110138512442,54.78332159013823,26.06207552941568
0.08008008008008008,4.387052779991049,37.0928646589866,54.78332159013823,25.86187532921548
0.10010010010010009,5.483815974988811,37.610619920832754,54.78332159013823,25.66167512901528
0.12012012012012012,6.580579169986573,38.12436717066289,54.78332159013823,25.46147492881508
0.14014014014014015,7.6773423649843355,38.63410640847701,54.78332159013823,25.26127472861488
0.16016016016016016,8.774105559982099,39.1398376342751,54.78332159013823,25.06107452841468
0.18018018018018017,9.870868754979861,39.64156084805718,54.78332159013823,24.86087432821448
0.20020020020020018,10.967631949977624,40.13927604982324,54.78332159013823,24.66067412801428
0.22022022022022023,12.064395144975387,40.63298323957327,54.78332159013823,24.46047392781408
0.24024024024024024,13.16115833997315,41.12268241730729,54.78332159013823,24.26027372761388
0.2602602602602603,14.257921534970913,41.60837358302528,54.78332159013823,24.060073527413678
0.2802802802802803,15.354684729968676,42.090056736727256,54.78332159013823,23.859873327213478
0.3003003003003003,16.451447924966438,42.56773187841321,54.78332159013823,23.659673127013278
0.3203203203203203,17.5482111199642,43.04139900808315,54.78332159013823,23.459472926813078
0.3403403403403404,18.644974314961964,43.511058125737065,54.78332159013823,23.259272726612878
0.36036036036036034,19.741737509959727,43.97670923137496,54.78332159013823,23.059072526412677
0.3803803803803804,20.83850070495749,44.438352324996835,54.78332159013823,22.858872326212477
0.40040040040040037,21.935263899955252,44.89598740660269,54.78332159013823,22.658672126012277
0.42042042042042044,23.032027094953015,45.34961447619253,54.78332159013823,22.458471925812077
0.44044044044044045,24.12879028995078,45.79923353376634,54.78332159013823,22.258271725611877
0.4604604604604605,25.22555348494854,46.24484457932414,54.78332159013823,22.058071525411677
0.4804804804804805,26.322316679946304,46.68644761286591,54.78332159013823,21.857871325211477
0.5005005005005005,27.419079874944067,47.124042634391664,54.78332159013823,21.657671125011277
0.5205205205205206,28.51584306994183,47.5576296439014,54.78332159013823,21.457470924811076
0.5405405405405406,29.612606264939593,47.987208641395114,54.78332159013823,21.257270724610876
0.5605605605605606,30.709369459937356,48.41277962687281,54.78332159013823,21.057070524410676
0.5805805805805806,31.80613265493512,48.83434260033449,54.78332159013823,20.856870324210476
0.6006006006006006,32.90289584993288,49.25189756178014,54.78332159013823,20.656670124010276
0.6206206206206206,33.999659044930645,49.66544451120978,54.78332159013823,20.456469923810076
0.6406406406406406,35.09642223992841,50.07498344862339,54.78332159013823,20.256269723609876
0.6606606606606606,36.19318543492617,50.480514374020984,54.78332159013823,20.056069523409676
0.6806806806806808,37.289948629923934,50.88203728740256,54.78332159013823,19.855869323209475
0.7007007007007007,38.3867118249217,51.279552188768115,54.78332159013823,19.655669123009275
0.7207207207207207,39.48347501991946,51.67305907811765,54.78332159013823,19.455468922809075
0.7407407407407407,40.58023821491722,52.06255795545117,54.78332159013823,19.255268722608875
0.7607607607607608,41.677001409914986,52.44804882076866,54.78332159013823,19.055068522408675
0.7807807807807808,42.77376460491275,52.82953167407014,54.78332159013823,18.854868322208475
0.8008008008008007,43.87052779991051,53.207006515355594,54.78332159013823,18.654668122008275
0.8208208208208208,44.967290994908275,53.58047334462503,54.78332159013823,18.454467921808074
0.8408408408408409,46.06405418990604,53.94993216187844,54.78332159013823,18.254267721607874
0.8608608608608609,47.1608173849038,54.31538296711584,54.78332159013823,18.054067521407674
0.8808808808808809,48.257580579901564,54.67682576033721,54.78332159013823,17.853867321207474
0.9009009009009008,49.35434377489933,55.034260541542565,54.78332159013823,17.653667121007274
0.920920920920921,50.45110696989709,55.3876873107319,54.78332159013823,17.453466920807074
0.9409409409409409,51.54787016489485,55.737106067905216,54.78332159013823,17.253266720606874
0.960960960960961,52.644633359892616,56.08251681306251,54.78332159013823,17.053066520406674
0.980980980980981,53.74139655489038,56.423919546203784,54.78332159013823,16.852866320206473
1.001001001001001,54.83815974988814,56.76131426732904,54.78332159013823,16.652666120006273
1.021021021021021,55.934922944885905,57.094700976438276,54.78332159013823,16.452465919806073
1.0410410410410411,57.03168613988367,57.42407967353149,54.78332159013823,16.252265719605873
1.0610610610610611,58.12844933488143,57.749450358608684,54.78332159013823,16.052065519405673
1.0810810810810811,59.225212529879194,58.07081303166986,54.78332159013823,15.851865319205473
1.1011011011011012,60.32197572487696,58.388167692715015,54.78332159013823,15.651665119005273
1.1211211211211212,61.41873891987472,58.70151434174415,54.78332159013823,15.451464918805073
1.1411411411411412,62.51550211487248,59.01085297875726,54.78332159013823,15.251264718604872
1.1611611611611612,63.612265309870246,59.31618360375436,54.78332159013823,15.051064518404672
1.1811811811811812,64.709028504868,59.617506216735435,54.78332159013823,14.850864318204472
1.2012012012012012,65.80579169986576,59.91482081770049,54.78332159013823,14.650664118004272
1.2212212212212212,66.90255489486353,60.208127406649524,54.78332159013823,14.450463917804072
1.2412412412412412,67.99931808986129,60.49742598358254,54.78332159013823,14.250263717603872
1.2612612612612613,69.09608128485905,60.78271654849953,54.78332159013823,14.050063517403672
1.2812812812812813,70.19284447985682,61.063999101400505,54.78332159013823,13.849863317203472
1.3013013013013013,71.28960767485458,61.34127364228546,54.78332159013823,13.649663117003271
1.3213213213213213,72.38637086985234,61.614540171154395,54.78332159013823,13.449462916803071
1.3413413413413413,73.4831340648501,61.88379868800731,54.78332159013823,13.249262716602871
1.3613613613613615,74.57989725984787,62.1490491928442,54.78332159013823,13.049062516402671
1.3813813813813813,75.67666045484563,62.41029168566508,54.78332159013823,12.84886231620247
1.4014014014014013,76.7734236498434,62.66752616646993,54.78332159013823,12.64866211600227
1.4214214214214214,77.87018684484116,62.920752635258765,54.78332159013823,12.44846191580207
1.4414414414414414,78.96695003983892,63.16997109203158,54.78332159013823,12.24826171560187
1.4614614614614616,80.06371323483668,63.415181536788374,54.78332159013823,12.04806151540167
1.4814814814814814,81.16047642983445,63.656383969529145,54.78332159013823,11.84786131520147
1.5015015015015014,82.25723962483221,63.8935783902539,54.78332159013823,11.64766111500127
1.5215215215215216,83.35400281982997,64.12676479896264,54.78332159013823,11.44746091480107
1.5415415415415414,84.45076601482774,64.35594319565536,54.78332159013823,11.24726071460087
1.5615615615615617,85.5475292098255,64.58111358033204,54.78332159013823,11.04706051440067
1.5815815815815815,86.64429240482326,64.80227595299272,54.78332159013823,10.84686031420047
1.6016016016016015,87.74105559982102,65.01943031363737,54.78332159013823,10.64666011400027
1.6216216216216217,88.83781879481879,65.23257666226601,54.78332159013823,10.44645991380007
1.6416416416416415,89.93458198981655,65.44171499887862,54.78332159013823,10.24625971359987
1.6616616616616617,91.03134518481431,65.64684532347522,54.78332159013823,10.046059513399669
1.6816816816816818,92.12810837981208,65.8479676360558,54.78332159013823,9.845859313199469
1.7017017017017015,93.22487157480984,66.04508193662035,54.78332159013823,9.645659112999269
1.7217217217217218,94.3216347698076,66.23818822516888,54.78332159013823,9.445458912799069
1.7417417417417416,95.41839796480537,66.4272865017014,54.78332159013823,9.245258712598869
1.7617617617617618,96.51516115980313,66.61237676621789,54.78332159013823,9.045058512398668
1.7817817817817818,97.61192435480089,66.79345901871837,54.78332159013823,8.844858312198468
1.8018018018018016,98.70868754979865,66.97053325920282,54.78332159013823,8.644658111998268
1.8218218218218218,99.80545074479642,67.14359948767125,54.78332159013823,8.444457911798068
1.841841841841842,100.90221393979418,67.31265770412367,54.78332159013823,8.244257711597868
1.8618618618618619,101.99897713479194,67.47770790856006,54.78332159013823,8.044057511397668
1.8818818818818819,103.0957403297897,67.63875010098043,54.78332159013823,7.843857311197468
1.9019019019019017,104.19250352478747,67.79578428138478,54.78332159013823,7.6436571109972675
1.921921921921922,105.28926671978523,67.94881044977312,54.78332159013823,7.443456910797067
1.9419419419419421,106.386029914783,68.09782860614543,54.78332159013823,7.243256710596867
1.961961961961962,107.48279310978076,68.24283875050172,54.78332159013823,7.043056510396667
1.981981981981982,108.57955630477852,68.383840882842,54.78332159013823,6.842856310196467
2.002002002002002,109.67631949977628,68.52083500316625,54.78332159013823,6.642656109996267
2.022022022022022,110.77308269477405,68.65382111147449,54.78332159013823,6.442455909796067
2.042042042042042,111.86984588977181,68.7827992077667,54.78332159013823,6.242255709595867
2.0620620620620618,112.96660908476957,68.9077692920429,54.78332159013823,6.0420555093956665
2.0820820820820822,114.06337227976734,69.02873136430307,54.78332159013823,5.841855309195466
2.1021021021021022,115.1601354747651,69.14568542454722,54.78332159013823,5.641655108995266
2.1221221221221223,116.25689866976286,69.25863147277536,54.78332159013823,5.441454908795066
2.1421421421421423,117.35366186476062,69.36756950898747,54.78332159013823,5.241254708594866
2.1621621621621623,118.45042505975839,69.47249953318357,54.78332159013823,5.041054508394666
2.1821821821821823,119.54718825475615,69.57342154536364,54.78332159013823,4.840854308194466
2.2022022022022023,120.64395144975391,69.67033554552769,54.78332159013823,4.640654107994266
2.2222222222222223,121.74071464475168,69.76324153367572,54.78332159013823,4.4404539077940655
2.2422422422422423,122.83747783974944,69.85213950980774,54.78332159013823,4.240253707593865
2.2622622622622623,123.9342410347472,69.93702947392373,54.78332159013823,4.040053507393665
2.2822822822822824,125.03100422974497,70.0179114260237,54.78332159013823,3.839853307193465
2.3023023023023024,126.12776742474273,70.09478536610766,54.78332159013823,3.639653106993265
2.3223223223223224,127.22453061974049,70.16765129417558,54.78332159013823,3.439452906793065
2.3423423423423424,128.32129381473825,70.2365092102275,54.78332159013823,3.2392527065928647
2.3623623623623624,129.418057009736,70.30135911426339,54.78332159013823,3.0390525063926646
2.3823823823823824,130.51482020473375,70.36220100628327,54.78332159013823,2.8388523061924644
2.4024024024024024,131.6115833997315,70.41903488628712,54.78332159013823,2.6386521059922643
2.4224224224224224,132.70834659472925,70.47186075427496,54.78332159013823,2.438451905792064
2.4424424424424425,133.805109789727,70.52067861024678,54.78332159013823,2.238251705591864
2.4624624624624625,134.90187298472475,70.56548845420257,54.78332159013823,2.038051505391664
2.4824824824824825,135.9986361797225,70.60629028614234,54.78332159013823,1.8378513051914638
2.5025025025025025,137.09539937472024,70.6430841060661,54.78332159013823,1.6376511049912637
2.5225225225225225,138.192162569718,70.67586991397383,54.78332159013823,1.4374509047910635
2.5425425425425425,139.28892576471574,70.70464770986554,54.78332159013823,1.2372507045908634
2.5625625625625625,140.3856889597135,70.72941749374124,54.78332159013823,1.0370505043906633
2.5825825825825826,141.48245215471124,70.7501792656009,54.78332159013823,0.8368503041904631
2.6026026026026026,142.579215349709,70.76693302544456,54.78332159013823,0.636650103990263
2.6226226226226226,143.67597854470674,70.7796787732722,54.78332159013823,0.4364499037900628
2.6426426426426426,144.7727417397045,70.7884165090838,54.78332159013823,0.23624970358986264
2.6626626626626626,145.86950493470223,70.7931462328794,54.78332159013823,0.03604950338966245
2.6826826826826826,146.96626812969998,70.79386794465897,54.78332159013823,-0.16415069681053773
2.7027027027027026,148.06303132469773,70.79058164442252,54.78332159013823,-0.3643508970107379
2.722722722722723,149.15979451969548,70.78328733217005,54.78332159013823,-0.5645510972109381
2.7427427427427427,150.25655771469323,70.77198500790156,54.78332159013823,-0.7647512974111383
2.7627627627627627,151.35332090969098,70.75667467161706,54.78332159013823,-0.9649514976113385
2.7827827827827827,152.45008410468873,70.73735632331653,54.78332159013823,-1.1651516978115386
2.8028028028028027,153.54684729968648,70.71402996299999,54.78332159013823,-1.3653518980117387
2.822822822822823,154.64361049468422,70.68669559066743,54.78332159013823,-1.5655520982119389
2.8428428428428427,155.74037368968197,70.65535320631884,54.78332159013823,-1.765752298412139
2.8628628628628627,156.83713688467972,70.62000280995423,54.78332159013823,-1.9659524986123391
2.8828828828828827,157.93390007967747,70.58064440157361,54.78332159013823,-2.1661526988125392
2.9029029029029028,159.03066327467522,70.53727798117696,54.78332159013823,-2.3663528990127394
2.922922922922923,160.12742646967297,70.48990354876429,54.78332159013823,-2.5665530992129395
2.942942942942943,161.22418966467072,70.4385211043356,54.78332159013823,-2.7667532994131396
2.962962962962963,162.32095285966847,70.3831306478909,54.78332159013823,-2.9669534996133398
2.982982982982983,163.41771605466622,70.32373217943017,54.78332159013823,-3.16715369981354
3.003003003003003,164.51447924966396,70.26032569895342,54.78332159013823,-3.36735390001374
3.0230230230230233,165.6112424446617,70.19291120646065,54.78332159013823,-3.56755410021394
3.0430430430430433,166.70800563965946,70.12148870195186,54.78332159013823,-3.7677543004141403
3.063063063063063,167.8047688346572,70.04605818542706,54.78332159013823,-3.9679545006143404
3.083083083083083,168.90153202965496,69.96661965688622,54.78332159013823,-4.168154700814541
3.103103103103103,169.9982952246527,69.88317311632937,54.78332159013823,-4.368354901014741
3.1231231231231233,171.09505841965046,69.79571856375651,54.78332159013823,-4.568555101214941
3.1431431431431434,172.1918216146482,69.70425599916761,54.78332159013823,-4.768755301415141
3.163163163163163,173.28858480964595,69.6087854225627,54.78332159013823,-4.9689555016153415
3.183183183183183,174.3853480046437,69.50930683394178,54.78332159013823,-5.169155701815542
3.203203203203203,175.48211119964145,69.40582023330484,54.78332159013823,-5.369355902015742
3.2232232232232234,176.5788743946392,69.29832562065187,54.78332159013823,-5.569556102215942
3.2432432432432434,177.67563758963695,69.18682299598288,54.78332159013823,-5.769756302416142
3.263263263263263,178.7724007846347,69.07131235929788,54.78332159013823,-5.969956502616342
3.283283283283283,179.86916397963245,68.95179371059685,54.78332159013823,-6.170156702816542
3.303303303303303,180.9659271746302,68.8282670498798,54.78332159013823,-6.370356903016742
3.3233233233233235,182.06269036962794,68.70073237714674,54.78332159013823,-6.5705571032169425
3.3433433433433435,183.1594535646257,68.56918969239764,54.78332159013823,-6.770757303417143
3.3633633633633635,184.25621675962344,68.43363899563253,54.78332159013823,-6.970957503617343
3.383383383383383,185.3529799546212,68.29408028685141,54.78332159013823,-7.171157703817543
3.403403403403403,186.44974314961894,68.15051356605426,54.78332159013823,-7.371357904017743
3.4234234234234235,187.5465063446167,68.00293883324109,54.78332159013823,-7.571558104217943
3.4434434434434436,188.64326953961444,67.8513560884119,54.78332159013823,-7.771758304418143
3.4634634634634636,189.74003273461219,67.69576533156669,54.78332159013823,-7.971958504618343
3.483483483483483,190.83679592960993,67.53616656270546,54.78332159013823,-8.172158704818544
3.503503503503503,191.93355912460768,67.37255978182822,54.78332159013823,-8.372358905018745
3.5235235235235236,193.03032231960543,67.20494498893494,54.78332159013823,-8.572559105218945
3.5435435435435436,194.12708551460318,67.03332218402565,54.78332159013823,-8.772759305419145
3.5635635635635636,195.22384870960093,66.85769136710034,54.78332159013823,-8.972959505619345
3.583583583583583,196.32061190459868,66.67805253815902,54.78332159013823,-9.173159705819545
3.603603603603603,197.41737509959643,66.49440569720167,54.78332159013823,-9.373359906019745
3.6236236236236237,198.51413829459418,66.3067508442283,54.78332159013823,-9.573560106219945
3.6436436436436437,199.61090148959192,66.11508797923892,54.78332159013823,-9.773760306420145
3.6636636636636637,200.70766468458967,65.91941710223351,54.78332159013823,-9.973960506620346
3.683683683683684,201.80442787958742,65.71973821321208,54.78332159013823,-10.174160706820546
3.7037037037037033,202.90119107458517,65.51605131217464,54.78332159013823,-10.374360907020746
3.7237237237237237,203.99795426958292,65.30835639912117,54.78332159013823,-10.574561107220946
3.7437437437437437,205.09471746458067,65.09665347405168,54.78332159013823,-10.774761307421146
3.7637637637637638,206.19148065957842,64.88094253696617,54.78332159013823,-10.974961507621346
3.783783783783784,207.28824385457617,64.66122358786464,54.78332159013823,-11.175161707821546
3.8038038038038033,208.38500704957391,64.43749662674709,54.78332159013823,-11.375361908021747
3.823823823823824,209.48177024457166,64.20976165361353,54.78332159013823,-11.575562108221947
3.843843843843844,210.5785334395694,63.97801866846394,54.78332159013823,-11.775762308422147
3.863863863863864,211.67529663456716,63.74226767129833,54.78332159013823,-11.975962508622347
3.8838838838838843,212.7720598295649,63.5025086621167,54.78332159013823,-12.176162708822547
3.9039039039039034,213.86882302456266,63.258741640919055,54.78332159013823,-12.376362909022747
3.923923923923924,214.9655862195604,63.010966607705384,54.78332159013823,-12.576563109222947
3.943943943943944,216.06234941455816,62.7591835624757,54.78332159013823,-12.776763309423147
3.963963963963964,217.1591126095559,62.50339250522999,54.78332159013823,-12.976963509623348
3.9839839839839843,218.25587580455365,62.24359343596826,54.78332159013823,-13.177163709823548
4.004004004004004,219.3526389995514,61.97978635469051,54.78332159013823,-13.377363910023748
4.0240240240240235,220.44940219454915,61.71197126139674,54.78332159013823,-13.577564110223948
4.044044044044044,221.5461653895469,61.440148156086956,54.78332159013823,-13.777764310424148
4.064064064064064,222.64292858454465,61.16431703876115,54.78332159013823,-13.977964510624348
4.084084084084084,223.7396917795424,60.88447790941932,54.78332159013823,-14.178164710824548
4.104104104104104,224.83645497454015,60.60063076806147,54.78332159013823,-14.378364911024748
4.1241241241241235,225.9332181695379,60.3127756146876,54.78332159013823,-14.578565111224949
4.1441441441441444,227.02998136453564,60.02091244929771,54.78332159013823,-14.778765311425149
4.1641641641641645,228.1267445595334,59.725041271891804,54.78332159013823,-14.978965511625349
4.1841841841841845,229.22350775453114,59.425162082469875,54.78332159013823,-15.179165711825549
4.2042042042042045,230.3202709495289,59.12127488103192,54.78332159013823,-15.379365912025749
4.2242242242242245,231.41703414452664,58.813379667577955,54.78332159013823,-15.57956611222595
4.2442442442442445,232.5137973395244,58.501476442107965,54.78332159013823,-15.77976631242615
4.2642642642642645,233.61056053452214,58.18556520462196,54.78332159013823,-15.97996651262635
4.2842842842842845,234.70732372951989,57.86564595511993,54.78332159013823,-16.18016671282655
4.3043043043043046,235.80408692451763,57.54171869360188,54.78332159013823,-16.38036691302675
4.324324324324325,236.90085011951538,57.21378342006781,54.78332159013823,-16.58056711322695
4.344344344344345,237.99761331451313,56.881840134517724,54.78332159013823,-16.780767313427152
4.364364364364365,239.09437650951088,56.54588883695161,54.78332159013823,-16.980967513627352
4.384384384384385,240.19113970450863,56.205929527369484,54.78332159013823,-17.181167713827552
4.404404404404405,241.28790289950638,55.861962205771334,54.78332159013823,-17.381367914027752
4.424424424424425,242.38466609450413,55.51398687215716,54.78332159013823,-17.581568114227952
4.444444444444445,243.48142928950188,55.16200352652697,54.78332159013823,-17.781768314428152
4.464464464464465,244.57819248449962,54.80601216888076,54.78332159013823,-17.981968514628353
4.484484484484485,245.67495567949737,54.446012799218536,54.78332159013823,-18.182168714828553
4.504504504504505,246.77171887449512,54.08200541754029,54.78332159013823,-18.382368915028753
4.524524524524525,247.86848206949287,53.713990023846016,54.78332159013823,-18.582569115228953
4.544544544544545,248.96524526449062,53.34196661813573,54.78332159013823,-18.782769315429153
4.564564564564565,250.06200845948837,52.96593520040942,54.78332159013823,-18.982969515629353
4.584584584584585,251.15877165448612,52.585895770667086,54.78332159013823,-19.183169715829553
4.604604604604605,252.25553484948387,52.20184832890874,54.78332159013823,-19.383369916029753
4.624624624624625,253.3522980444816,51.81379287513437,54.78332159013823,-19.583570116229954
4.644644644644645,254.44906123947936,51.42172940934398,54.78332159013823,-19.783770316430154
4.664664664664665,255.5458244344771,51.02565793153757,54.78332159013823,-19.983970516630354
4.684684684684685,256.64258762947486,50.62557844171514,54.78332159013823,-20.184170716830554
4.704704704704705,257.73935082447264,50.221490939876695,54.78332159013823,-20.384370917030754
4.724724724724725,258.8361140194704,49.813395426022225,54.78332159013823,-20.584571117230954
4.744744744744745,259.9328772144682,49.40129190015173,54.78332159013823,-20.784771317431154
4.764764764764765,261.02964040946597,48.985180362265226,54.78332159013823,-20.984971517631354
4.784784784784785,262.12640360446375,48.565060812362695,54.78332159013823,-21.185171717831555
4.804804804804805,263.2231667994615,48.14093325044414,54.78332159013823,-21.385371918031755
4.824824824824825,264.3199299944593,47.712797676509574,54.78332159013823,-21.585572118231955
4.844844844844845,265.4166931894571,47.28065409055898,54.78332159013823,-21.785772318432155
4.864864864864865,266.51345638445486,46.844502492592376,54.78332159013823,-21.985972518632355
4.884884884884885,267.61021957945263,46.40434288260975,54.78332159013823,-22.186172718832555
4.904904904904905,268.7069827744504,45.960175260611095,54.78332159013823,-22.386372919032755
4.924924924924925,269.8037459694482,45.51199962659643,54.78332159013823,-22.586573119232956
4.944944944944945,270.90050916444596,45.05981598056574,54.78332159013823,-22.786773319433156
4.964964964964965,271.99727235944374,44.603624322519025,54.78332159013823,-22.986973519633356
4.984984984984985,273.0940355544415,44.1434246524563,54.78332159013823,-23.187173719833556
5.005005005005005,274.1907987494393,43.679216970377546,54.78332159013823,-23.387373920033756
5.025025025025025,275.2875619444371,43.21100127628278,54.78332159013823,-23.587574120233956
5.045045045045045,276.38432513943485,42.73877757017199,54.78332159013823,-23.787774320434156
5.065065065065065,277.4810883344326,42.26254585204518,54.78332159013823,-23.987974520634356
5.085085085085085,278.5778515294304,41.78230612190235,54.78332159013823,-24.188174720834557
5.105105105105105,279.6746147244282,41.2980583797435,54.78332159013823,-24.388374921034757
5.125125125125125,280.77137791942596,40.80980262556863,54.78332159013823,-24.588575121234957
5.145145145145145,281.86814111442374,40.31753885937774,54.78332159013823,-24.788775321435157
5.165165165165165,282.9649043094215,39.82126708117083,54.78332159013823,-24.988975521635357
5.185185185185185,284.0616675044193,39.3209872909479,54.78332159013823,-25.189175721835557
5.205205205205205,285.15843069941707,38.81669948870895,54.78332159013823,-25.389375922035757
5.225225225225225,286.25519389441484,38.30840367445398,54.78332159013823,-25.589576122235957
5.245245245245245,287.3519570894126,37.79609984818299,54.78332159013823,-25.789776322436158
5.265265265265265,288.4487202844104,37.27978800989598,54.78332159013823,-25.989976522636358
5.285285285285285,289.5454834794082,36.75946815959295,54.78332159013823,-26.190176722836558
5.305305305305305,290.64224667440595,36.2351402972739,54.78332159013823,-26.390376923036758
5.325325325325325,291.73900986940373,35.70680442293883,54.78332159013823,-26.590577123236958
5.345345345345346,292.8357730644015,35.17446053658774,54.78332159013823,-26.79077732343716
5.365365365365365,293.9325362593993,34.63810863822063,54.78332159013823,-26.99097752363736
5.385385385385385,295.02929945439706,34.0977487278375,54.78332159013823,-27.19117772383756
5.405405405405405,296.12606264939484,33.553380805438344,54.78332159013823,-27.39137792403776
5.425425425425425,297.2228258443926,33.005004871023175,54.78332159013823,-27.59157812423796
5.445445445445446,298.3195890393904,32.45262092459198,54.78332159013823,-27.79177832443816
5.465465465465465,299.41635223438817,31.896228966144772,54.78332159013823,-27.99197852463836
5.485485485485485,300.51311542938595,31.335828995681542,54.78332159013823,-28.19217872483856
5.505505505505505,301.6098786243837,30.771421013202293,54.78332159013823,-28.39237892503876
5.525525525525525,302.7066418193815,30.20300501870702,54.78332159013823,-28.59257912523896
5.545545545545546,303.8034050143793,29.63058101219573,54.78332159013823,-28.79277932543916
5.565565565565565,304.90016820937706,29.05414899366842,54.78332159013823,-28.99297952563936
5.585585585585585,305.99693140437483,28.47370896312509,54.78332159013823,-29.19317972583956
5.605605605605605,307.0936945993726,27.88926092056574,54.78332159013823,-29.39337992603976
5.625625625625625,308.1904577943704,27.30080486599037,54.78332159013823,-29.59358012623996
5.645645645645646,309.28722098936817,26.70834079939898,54.78332159013823,-29.79378032644016
5.665665665665665,310.38398418436594,26.11186872079157,54.78332159013823,-29.99398052664036
5.685685685685685,311.4807473793637,25.51138863016814,54.78332159013823,-30.19418072684056
5.7057057057057055,312.5775105743615,24.906900527528688,54.78332159013823,-30.39438092704076
5.7257257257257255,313.6742737693593,24.298404412873218,54.78332159013823,-30.59458112724096
5.745745745745746,314.77103696435705,23.685900286201726,54.78332159013823,-30.79478132744116
5.7657657657657655,315.86780015935483,23.069388147514214,54.78332159013823,-30.99498152764136
5.7857857857857855,316.9645633543526,22.448867996810684,54.78332159013823,-31.19518172784156
5.8058058058058055,318.0613265493504,21.824339834091134,54.78332159013823,-31.39538192804176
5.8258258258258255,319.15808974434816,21.195803659355562,54.78332159013823,-31.59558212824196
5.845845845845846,320.25485293934594,20.56325947260397,54.78332159013823,-31.79578232844216
5.865865865865866,321.3516161343437,19.92670727383636,54.78332159013823,-31.99598252864236
5.885885885885886,322.4483793293415,19.28614706305273,54.78332159013823,-32.196182728842565
5.905905905905906,323.54514252433927,18.64157884025308,54.78332159013823,-32.396382929042765
5.925925925925926,324.64190571933705,17.993002605437407,54.78332159013823,-32.596583129242966
5.9459459459459465,325.7386689143348,17.340418358605717,54.78332159013823,-32.796783329443166
5.965965965965966,326.8354321093326,16.683826099758008,54.78332159013823,-32.996983529643366
5.9859859859859865,327.9321953043304,16.023225828894276,54.78332159013823,-33.197183729843566
6.006006006006006,329.02895849932816,15.358617546014525,54.78332159013823,-33.397383930043766
6.026026026026026,330.12572169432593,14.690001251118753,54.78332159013823,-33.597584130243966
6.046046046046047,331.2224848893237,14.017376944206962,54.78332159013823,-33.797784330444166
6.066066066066066,332.3192480843215,13.34074462527915,54.78332159013823,-33.997984530644366
6.086086086086087,333.41601127931926,12.66010429433532,54.78332159013823,-34.19818473084457
6.106106106106106,334.51277447431704,11.975455951375467,54.78332159013823,-34.39838493104477
6.126126126126126,335.6095376693148,11.286799596399597,54.78332159013823,-34.59858513124497
6.146146146146147,336.7063008643126,10.594135229407705,54.78332159013823,-34.79878533144517
6.166166166166166,337.8030640593104,9.897462850399794,54.78332159013823,-34.99898553164537
6.186186186186187,338.89982725430815,9.196782459375862,54.78332159013823,-35.19918573184557
6.206206206206206,339.9965904493059,8.492094056335912,54.78332159013823,-35.39938593204577
6.226226226226226,341.0933536443037,7.78339764127994,54.78332159013823,-35.59958613224597
6.246246246246247,342.1901168393015,7.070693214207949,54.78332159013823,-35.79978633244617
6.266266266266266,343.28688003429926,6.353980775119937,54.78332159013823,-35.99998653264637
6.286286286286287,344.38364322929704,5.633260324015906,54.78332159013823,-36.20018673284657
6.306306306306306,345.4804064242948,4.908531860895854,54.78332159013823,-36.40038693304677
6.326326326326326,346.5771696192926,4.179795385759783,54.78332159013823,-36.60058713324697
6.346346346346347,347.67393281429037,3.4470508986076913,54.78332159013823,-36.80078733344717
6.366366366366366,348.77069600928814,2.71029839943958,54.78332159013823,-37.00098753364737
6.386386386386387,349.8674592042859,1.9695378882554486,54.78332159013823,-37.20118773384757
6.406406406406406,350.9642223992837,1.224769365055297,54.78332159013823,-37.40138793404777
6.426426426426426,352.0609855942815,0.4759928298391256,54.78332159013823,-37.60158813424797
6.446446446446447,353.15774878927925,-0.27679171739306596,54.78332159013823,-37.80178833444817
6.466466466466466,354.25451198427703,-1.0335842766412775,54.78332159013823,-38.00198853464837
6.486486486486487,355.3512751792748,-1.7943848479055091,54.78332159013823,-38.20218873484857
6.506506506506506,356.4480383742726,-2.5591934311857605,54.78332159013823,-38.40238893504877
6.526526526526526,357.54480156927036,-3.328010026482032,54.78332159013823,-38.60258913524897
6.546546546546547,358.64156476426814,-4.100834633794324,54.78332159013823,-38.80278933544917
6.566566566566566,359.7383279592659,-4.8776672531226355,54.78332159013823,-39.00298953564937
6.586586586586587,360.8350911542637,-5.658507884466967,54.78332159013823,-39.20318973584957
6.606606606606606,361.93185434926147,-6.443356527827319,54.78332159013823,-39.40338993604977
6.626626626626627,363.02861754425925,-7.232213183203691,54.78332159013823,-39.60359013624997
6.646646646646647,364.125380739257,-8.025077850596084,54.78332159013823,-39.80379033645017
6.666666666666666,365.2221439342548,-8.821950530004496,54.78332159013823,-40.00399053665037
6.686686686686687,366.3189071292526,-9.622831221428928,54.78332159013823,-40.20419073685057
6.706706706706706,367.41567032425036,-10.42771992486938,54.78332159013823,-40.40439093705077
6.726726726726727,368.51243351924813,-11.236616640325853,54.78332159013823,-40.60459113725097
6.746746746746747,369.6091967142459,-12.049521367798345,54.78332159013823,-40.80479133745117
6.766766766766766,370.7059599092437,-12.866434107286857,54.78332159013823,-41.00499153765137
6.786786786786787,371.80272310424147,-13.68735485879139,54.78332159013823,-41.20519173785157
6.806806806806806,372.89948629923924,-14.51228362231194,54.78332159013823,-41.40539193805177
6.826826826826827,373.996249494237,-15.341220397848513,54.78332159013823,-41.60559213825197
6.846846846846847,375.0930126892348,-16.174165185401105,54.78332159013823,-41.80579233845217
6.866866866866866,376.1897758842326,-17.011117984969715,54.78332159013823,-42.00599253865237
6.886886886886887,377.28653907923035,-17.85207879655435,54.78332159013823,-42.20619273885257
6.906906906906906,378.38330227422813,-18.697047620155,54.78332159013823,-42.40639293905277
6.926926926926927,379.4800654692259,-19.546024455771672,54.78332159013823,-42.60659313925297
6.946946946946947,380.5768286642237,-20.399009303404362,54.78332159013823,-42.80679333945317
6.966966966966966,381.67359185922146,-21.256002163053076,54.78332159013823,-43.00699353965337
6.986986986986987,382.77035505421924,-22.117003034717808,54.78332159013823,-43.20719373985357
7.007007007007006,383.867118249217,-22.98201191839856,54.78332159013823,-43.40739394005377
7.027027027027027,384.9638814442148,-23.851028814095333,54.78332159013823,-43.60759414025397
7.047047047047047,386.06064463921257,-24.724053721808126,54.78332159013823,-43.80779434045417
7.067067067067066,387.15740783421035,-25.601086641536938,54.78332159013823,-44.00799454065437
7.087087087087087,388.2541710292081,-26.48212757328177,54.78332159013823,-44.20819474085457
7.107107107107106,389.3509342242059,-27.367176517042623,54.78332159013823,-44.40839494105477
7.127127127127127,390.4476974192037,-28.256233472819495,54.78332159013823,-44.60859514125497
7.147147147147147,391.54446061420145,-29.149298440612387,54.78332159013823,-44.80879534145517
7.167167167167166,392.64122380919923,-30.0463714204213,54.78332159013823,-45.00899554165537
7.187187187187187,393.737987004197,-30.947452412246232,54.78332159013823,-45.209195741855574
7.207207207207206,394.8347501991948,-31.852541416087185,54.78332159013823,-45.409395942055774
7.227227227227227,395.93151339419256,-32.76163843194416,54.78332159013823,-45.609596142255974
7.247247247247247,397.02827658919034,-33.67474345981715,54.78332159013823,-45.809796342456174
7.267267267267268,398.1250397841881,-34.59185649970616,54.78332159013823,-46.009996542656374
7.287287287287287,399.2218029791859,-35.51297755161119,54.78332159013823,-46.210196742856574
7.3073073073073065,400.3185661741837,-36.43810661553225,54.78332159013823,-46.410396943056774
7.327327327327327,401.41532936918145,-37.36724369146932,54.78332159013823,-46.610597143256975
7.347347347347347,402.5120925641792,-38.30038877942241,54.78332159013823,-46.810797343457175
7.367367367367368,403.608855759177,-39.23754187939153,54.78332159013823,-47.010997543657375
7.387387387387387,404.7056189541748,-40.17870299137666,54.78332159013823,-47.211197743857575
7.4074074074074066,405.80238214917256,-41.123872115377814,54.78332159013823,-47.411397944057775
7.4274274274274275,406.89914534417034,-42.073049251394984,54.78332159013823,-47.611598144257975
7.4474474474474475,407.9959085391681,-43.026234399428176,54.78332159013823,-47.811798344458175
7.467467467467468,409.0926717341659,-43.98342755947739,54.78332159013823,-48.011998544658375
7.4874874874874875,410.18943492916367,-44.94462873154262,54.78332159013823,-48.212198744858576
7.507507507507507,411.28619812416144,-45.909837915623875,54.78332159013823,-48.412398945058776
7.5275275275275275,412.3829613191592,-46.87905511172115,54.78332159013823,-48.612599145258976
7.5475475475475475,413.479724514157,-47.85228031983444,54.78332159013823,-48.812799345459176
7.567567567567568,414.5764877091548,-48.829513539963756,54.78332159013823,-49.012999545659376
7.587587587587588,415.67325090415255,-49.810754772109085,54.78332159013823,-49.213199745859576
7.607607607607607,416.77001409915033,-50.79600401627044,54.78332159013823,-49.413399946059776
7.627627627627628,417.8667772941481,-51.78526127244781,54.78332159013823,-49.61360014625998
7.647647647647648,418.9635404891459,-52.7785265406412,54.78332159013823,-49.81380034646018
7.6676676676676685,420.06030368414366,-53.775799820850615,54.78332159013823,-50.01400054666038
7.687687687687688,421.15706687914144,-54.77708111307605,54.78332159013823,-50.21420074686058
7.707707707707707,422.2538300741392,-55.7823704173175,54.78332159013823,-50.41440094706078
7.727727727727728,423.350593269137,-56.791667733574975,54.78332159013823,-50.61460114726098
7.747747747747748,424.44735646413477,-57.80497306184847,54.78332159013823,-50.81480134746118
7.767767767767769,425.54411965913255,-58.82228640213798,54.78332159013823,-51.01500154766138
7.787787787787788,426.6408828541303,-59.84360775444352,54.78332159013823,-51.21520174786158
7.807807807807807,427.7376460491281,-60.86893711876507,54.78332159013823,-51.41540194806178
7.827827827827828,428.8344092441259,-61.89827449510264,54.78332159013823,-51.61560214826198
7.847847847847848,429.93117243912366,-62.931619883456236,54.78332159013823,-51.81580234846218
7.867867867867869,431.02793563412143,-63.96897328382585,54.78332159013823,-52.01600254866238
7.887887887887888,432.1246988291192,-65.01033469621147,54.78332159013823,-52.21620274886258
7.907907907907909,433.221462024117,-66.05570412061313,54.78332159013823,-52.41640294906278
7.927927927927928,434.31822521911477,-67.1050815570308,54.78332159013823,-52.61660314926298
7.947947947947948,435.41498841411254,-68.15846700546449,54.78332159013823,-52.81680334946318
7.967967967967969,436.5117516091103,-69.2158604659142,54.78332159013823,-53.01700354966338
7.987987987987988,437.6085148041081,-70.27726193837994,54.78332159013823,-53.21720374986358
8.008008008008009,438.7052779991059,-71.34267142286168,54.78332159013823,-53.41740395006378
8.028028028028029,439.80204119410365,-72.41208891935946,54.78332159013823,-53.61760415026398
8.048048048048047,440.89880438910143,-73.48551442787326,54.78332159013823,-53.81780435046418
8.068068068068069,441.9955675840992,-74.56294794840306,54.78332159013823,-54.01800455066438
8.088088088088089,443.092330779097,-75.6443894809489,54.78332159013823,-54.21820475086458
8.108108108108109,444.18909397409476,-76.72983902551076,54.78332159013823,-54.41840495106478
8.128128128128129,445.28585716909254,-77.81929658208863,54.78332159013823,-54.61860515126498
8.148148148148147,446.3826203640903,-78.91276215068252,54.78332159013823,-54.81880535146518
8.168168168168169,447.4793835590881,-80.01023573129244,54.78332159013823,-55.01900555166538
8.188188188188189,448.57614675408587,-81.11171732391837,54.78332159013823,-55.21920575186558
8.208208208208209,449.67290994908365,-82.21720692856033,54.78332159013823,-55.41940595206578
8.228228228228229,450.7696731440814,-83.3267045452183,54.78332159013823,-55.61960615226598
8.248248248248247,451.8664363390792,-84.4402101738923,54.78332159013823,-55.81980635246618
8.268268268268269,452.963199534077,-85.55772381458232,54.78332159013823,-56.02000655266638
8.288288288288289,454.05996272907475,-86.67924546728835,54.78332159013823,-56.22020675286658
8.308308308308309,455.15672592407253,-87.8047751320104,54.78332159013823,-56.42040695306678
8.328328328328329,456.2534891190703,-88.93431280874847,54.78332159013823,-56.62060715326698
8.348348348348347,457.3502523140681,-90.06785849750257,54.78332159013823,-56.82080735346718
8.368368368368369,458.44701550906586,-91.20541219827268,54.78332159013823,-57.02100755366738
8.388388388388389,459.54377870406364,-92.34697391105881,54.78332159013823,-57.22120775386758
8.408408408408409,460.6405418990614,-93.49254363586097,54.78332159013823,-57.42140795406778
8.428428428428429,461.7373050940592,-94.64212137267914,54.78332159013823,-57.62160815426798
8.448448448448449,462.834068289057,-95.79570712151333,54.78332159013823,-57.82180835446818
8.468468468468469,463.93083148405475,-96.95330088236355,54.78332159013823,-58.02200855466838
8.488488488488489,465.0275946790525,-98.11490265522978,54.78332159013823,-58.22220875486858
8.508508508508509,466.1243578740503,-99.28051244011203,54.78332159013823,-58.42240895506878
8.528528528528529,467.2211210690481,-100.45013023701031,54.78332159013823,-58.62260915526898
8.548548548548549,468.31788426404586,-101.62375604592461,54.78332159013823,-58.82280935546918
8.568568568568569,469.41464745904364,-102.80138986685492,54.78332159013823,-59.02300955566938
8.588588588588589,470.5114106540414,-103.98303169980126,54.78332159013823,-59.22320975586958
8.608608608608609,471.6081738490392,-105.16868154476361,54.78332159013823,-59.42340995606978
8.62862862862863,472.70493704403697,-106.35833940174199,54.78332159013823,-59.62361015626998
8.64864864864865,473.80170023903474,-107.55200527073637,54.78332159013823,-59.82381035647018
8.66866866866867,474.8984634340325,-108.74967915174679,54.78332159013823,-60.02401055667038
8.68868868868869,475.9952266290303,-109.95136104477322,54.78332159013823,-60.22421075687058
8.70870870870871,477.0919898240281,-111.15705094981567,54.78332159013823,-60.42441095707078
8.72872872872873,478.18875301902585,-112.36674886687415,54.78332159013823,-60.624611157270984
8.74874874874875,479.28551621402363,-113.58045479594864,54.78332159013823,-60.824811357471184
8.76876876876877,480.3822794090214,-114.79816873703915,54.78332159013823,-61.025011557671384
8.78878878878879,481.4790426040192,-116.01989069014569,54.78332159013823,-61.225211757871584
8.80880880880881,482.57580579901696,-117.24562065526824,54.78332159013823,-61.425411958071784
8.82882882882883,483.67256899401474,-118.47535863240681,54.78332159013823,-61.625612158271984
8.84884884884885,484.7693321890125,-119.70910462156141,54.78332159013823,-61.825812358472184
8.86886886886887,485.8660953840103,-120.94685862273202,54.78332159013823,-62.026012558672385
8.88888888888889,486.96285857900807,-122.18862063591865,54.78332159013823,-62.226212758872585
8.90890890890891,488.05962177400585,-123.43439066112131,54.78332159013823,-62.426412959072785
8.92892892892893,489.1563849690036,-124.68416869833999,54.78332159013823,-62.626613159272985
8.94894894894895,490.2531481640014,-125.93795474757468,54.78332159013823,-62.826813359473185
8.96896896896897,491.3499113589992,-127.1957488088254,54.78332159013823,-63.027013559673385
8.98898898898899,492.44667455399696,-128.45755088209214,54.78332159013823,-63.227213759873585
9.00900900900901,493.54343774899473,-129.7233609673749,54.78332159013823,-63.427413960073785
9.02902902902903,494.6402009439925,-130.99317906467368,54.78332159013823,-63.627614160273986
9.04904904904905,495.7369641389903,-132.26700517398848,54.78332159013823,-63.827814360474186
9.06906906906907,496.83372733398807,-133.5448392953193,54.78332159013823,-64.0280145606744
9.08908908908909,497.93049052898584,-134.82668142866612,54.78332159013823,-64.2282147608746
9.10910910910911,499.0272537239836,-136.11253157402896,54.78332159013823,-64.4284149610748
9.12912912912913,500.1240169189814,-137.40238973140785,54.78332159013823,-64.628615161275
9.14914914914915,501.2207801139792,-138.69625590080275,54.78332159013823,-64.8288153614752
9.16916916916917,502.31754330897695,-139.99413008221367,54.78332159013823,-65.0290155616754
9.18918918918919,503.41430650397473,-141.2960122756406,54.78332159013823,-65.2292157618756
9.20920920920921,504.5110696989725,-142.60190248108356,54.78332159013823,-65.4294159620758
9.22922922922923,505.6078328939703,-143.91180069854252,54.78332159013823,-65.629616162276
9.24924924924925,506.70459608896806,-145.22570692801753,54.78332159013823,-65.8298163624762
9.26926926926927,507.80135928396584,-146.54362116950855,54.78332159013823,-66.0300165626764
9.28928928928929,508.8981224789636,-147.8655434230156,54.78332159013823,-66.2302167628766
9.30930930930931,509.9948856739614,-149.19147368853865,54.78332159013823,-66.4304169630768
9.32932932932933,511.09164886895917,-150.52141196607772,54.78332159013823,-66.630617163277
9.34934934934935,512.1884120639569,-151.8553582556328,54.78332159013823,-66.8308173634772
9.36936936936937,513.2851752589546,-153.1933125572039,54.78332159013823,-67.0310175636774
9.38938938938939,514.3819384539523,-154.53527487079106,54.78332159013823,-67.2312177638776
9.40940940940941,515.47870164895,-155.88124519639422,54.78332159013823,-67.4314179640778
9.42942942942943,516.5754648439478,-157.2312235340134,54.78332159013823,-67.631618164278
9.44944944944945,517.6722280389455,-158.5852098836486,54.78332159013823,-67.8318183644782
9.46946946946947,518.7689912339432,-159.9432042452998,54.78332159013823,-68.0320185646784
9.48948948948949,519.8657544289409,-161.30520661896702,54.78332159013823,-68.2322187648786
9.50950950950951,520.9625176239387,-162.6712170046503,54.78332159013823,-68.4324189650788
9.52952952952953,522.0592808189364,-164.04123540234957,54.78332159013823,-68.632619165279
9.54954954954955,523.1560440139341,-165.41526181206487,54.78332159013823,-68.8328193654792
9.56956956956957,524.2528072089318,-166.79329623379618,54.78332159013823,-69.0330195656794
9.58958958958959,525.3495704039295,-168.1753386675435,54.78332159013823,-69.2332197658796
9.60960960960961,526.4463335989273,-169.56138911330686,54.78332159013823,-69.4334199660798
9.62962962962963,527.543096793925,-170.95144757108625,54.78332159013823,-69.63362016628
9.64964964964965,528.6398599889227,-172.34551404088165,54.78332159013823,-69.8338203664802
9.66966966966967,529.7366231839204,-173.74358852269307,54.78332159013823,-70.0340205666804
9.68968968968969,530.8333863789181,-175.1456710165205,54.78332159013823,-70.2342207668806
9.70970970970971,531.9301495739159,-176.55176152236396,54.78332159013823,-70.4344209670808
9.72972972972973,533.0269127689136,-177.96186004022343,54.78332159013823,-70.634621167281
9.74974974974975,534.1236759639113,-179.3759665700989,54.78332159013823,-70.8348213674812
9.76976976976977,535.220439158909,-180.79408111199044,54.78332159013823,-71.0350215676814
9.78978978978979,536.3172023539067,-182.21620366589798,54.78332159013823,-71.2352217678816
9.80980980980981,537.4139655489045,-183.64233423182154,54.78332159013823,-71.4354219680818
9.82982982982983,538.5107287439022,-185.0724728097611,54.78332159013823,-71.635622168282
9.84984984984985,539.6074919388999,-186.5066193997167,54.78332159013823,-71.8358223684822
9.86986986986987,540.7042551338976,-187.9447740016883,54.78332159013823,-72.0360225686824
9.88988988988989,541.8010183288953,-189.38693661567595,54.78332159013823,-72.2362227688826
9.90990990990991,542.8977815238931,-190.8331072416796,54.78332159013823,-72.4364229690828
9.92992992992993,543.9945447188908,-192.2832858796993,54.78332159013823,-72.636623169283
9.94994994994995,545.0913079138885,-193.737472529735,54.78332159013823,-72.8368233694832
9.96996996996997,546.1880711088862,-195.1956671917867,54.78332159013823,-73.0370235696834
9.98998998998999,547.2848343038839,-196.65786986585442,54.78332159013823,-73.2372237698836
10.01001001001001,548.3815974988817,-198.1240805519382,54.78332159013823,-73.4374239700838
10.03003003003003,549.4783606938794,-199.59429925003798,54.78332159013823,-73.637624170284
10.05005005005005,550.5751238888771,-201.06852596015378,54.78332159013823,-73.8378243704842
10.07007007007007,551.6718870838748,-202.5467606822856,54.78332159013823,-74.0380245706844
10.09009009009009,552.7686502788725,-204.02900341643343,54.78332159013823,-74.2382247708846
10.11011011011011,553.8654134738703,-205.51525416259727,54.78332159013823,-74.4384249710848
10.13013013013013,554.962176668868,-207.00551292077714,54.78332159013823,-74.638625171285
10.15015015015015,556.0589398638657,-208.49977969097304,54.78332159013823,-74.8388253714852
10.17017017017017,557.1557030588634,-209.99805447318496,54.78332159013823,-75.0390255716854
10.19019019019019,558.2524662538611,-211.5003372674129,54.78332159013823,-75.2392257718856
10.21021021021021,559.3492294488589,-213.00662807365686,54.78332159013823,-75.4394259720858
10.23023023023023,560.4459926438566,-214.51692689191682,54.78332159013823,-75.639626172286
10.25025025025025,561.5427558388543,-216.0312337221928,54.78332159013823,-75.8398263724862
10.27027027027027,562.639519033852,-217.54954856448484,54.78332159013823,-76.0400265726864
10.29029029029029,563.7362822288497,-219.07187141879288,54.78332159013823,-76.2402267728866
10.31031031031031,564.8330454238475,-220.59820228511694,54.78332159013823,-76.4404269730868
10.33033033033033,565.9298086188452,-222.12854116345702,54.78332159013823,-76.640627173287
10.35035035035035,567.0265718138429,-223.6628880538131,54.78332159013823,-76.8408273734872
10.37037037037037,568.1233350088406,-225.2012429561852,54.78332159013823,-77.0410275736874
10.39039039039039,569.2200982038383,-226.74360587057336,54.78332159013823,-77.2412277738876
10.41041041041041,570.3168613988361,-228.28997679697753,54.78332159013823,-77.4414279740878
10.43043043043043,571.4136245938338,-229.8403557353977,54.78332159013823,-77.641628174288
10.45045045045045,572.5103877888315,-231.3947426858339,54.78332159013823,-77.8418283744882
10.47047047047047,573.6071509838292,-232.95313764828612,54.78332159013823,-78.0420285746884
10.49049049049049,574.703914178827,-234.51554062275434,54.78332159013823,-78.2422287748886
10.51051051051051,575.8006773738247,-236.0819516092386,54.78332159013823,-78.4424289750888
10.53053053053053,576.8974405688224,-237.65237060773887,54.78332159013823,-78.642629175289
10.55055055055055,577.9942037638201,-239.22679761825518,54.78332159013823,-78.8428293754892
10.57057057057057,579.0909669588178,-240.8052326407875,54.78332159013823,-79.0430295756894
10.59059059059059,580.1877301538156,-242.38767567533583,54.78332159013823,-79.2432297758896
10.61061061061061,581.2844933488133,-243.97412672190018,54.78332159013823,-79.4434299760898
10.63063063063063,582.381256543811,-245.56458578048054,54.78332159013823,-79.64363017629
10.65065065065065,583.4780197388087,-247.15905285107695,54.78332159013823,-79.8438303764902
10.67067067067067,584.5747829338064,-248.75752793368937,54.78332159013823,-80.0440305766904
10.690690690690692,585.6715461288042,-250.3600110283178,54.78332159013823,-80.2442307768906
10.71071071071071,586.7683093238019,-251.96650213496227,54.78332159013823,-80.4444309770908
10.73073073073073,587.8650725187996,-253.57700125362274,54.78332159013823,-80.644631177291
10.75075075075075,588.9618357137973,-255.19150838429923,54.78332159013823,-80.8448313774912
10.77077077077077,590.058598908795,-256.81002352699176,54.78332159013823,-81.0450315776914
10.790790790790792,591.1553621037928,-258.4325466817003,54.78332159013823,-81.2452317778916
10.81081081081081,592.2521252987905,-260.0590778484248,54.78332159013823,-81.4454319780918
10.83083083083083,593.3488884937882,-261.68961702716535,54.78332159013823,-81.645632178292
10.85085085085085,594.4456516887859,-263.324164217922,54.78332159013823,-81.8458323784922
10.87087087087087,595.5424148837836,-264.9627194206946,54.78332159013823,-82.0460325786924
10.890890890890892,596.6391780787814,-266.60528263548326,54.78332159013823,-82.2462327788926
10.91091091091091,597.7359412737791,-268.25185386228793,54.78332159013823,-82.4464329790928
10.93093093093093,598.8327044687768,-269.9024331011086,54.78332159013823,-82.646633179293
10.95095095095095,599.9294676637745,-271.5570203519453,54.78332159013823,-82.8468333794932
10.97097097097097,601.0262308587722,-273.215615614798,54.78332159013823,-83.0470335796934
10.990990990990992,602.12299405377,-274.87821888966675,54.78332159013823,-83.2472337798936
11.01101101101101,603.2197572487677,-276.5448301765515,54.78332159013823,-83.4474339800938
11.03103103103103,604.3165204437654,-278.21544947545226,54.78332159013823,-83.647634180294
11.05105105105105,605.4132836387631,-279.89007678636904,54.78332159013823,-83.8478343804942
11.07107107107107,606.5100468337608,-281.5687121093018,54.78332159013823,-84.0480345806944
11.091091091091092,607.6068100287586,-283.2513554442507,54.78332159013823,-84.2482347808946
11.11111111111111,608.7035732237563,-284.93800679121557,54.78332159013823,-84.4484349810948
11.13113113113113,609.800336418754,-286.62866615019647,54.78332159013823,-84.648635181295
11.15115115115115,610.8970996137517,-288.3233335211934,54.78332159013823,-84.8488353814952
11.17117117117117,611.9938628087494,-290.0220089042063,54.78332159013823,-85.0490355816954
11.191191191191193,613.0906260037472,-291.72469229923524,54.78332159013823,-85.2492357818956
11.21121121121121,614.1873891987449,-293.4313837062802,54.78332159013823,-85.4494359820958
11.23123123123123,615.2841523937426,-295.1420831253412,54.78332159013823,-85.649636182296
11.25125125125125,616.3809155887403,-296.85679055641816,54.78332159013823,-85.8498363824962
11.27127127127127,617.477678783738,-298.57550599951117,54.78332159013823,-86.0500365826964
11.291291291291293,618.5744419787358,-300.2982294546202,54.78332159013823,-86.25023678289661
11.31131131131131,619.6712051737335,-302.0249609217452,54.78332159013823,-86.45043698309681
11.33133133133133,620.7679683687312,-303.75570040088627,54.78332159013823,-86.65063718329701
11.35135135135135,621.8647315637289,-305.4904478920434,54.78332159013823,-86.85083738349721
11.37137137137137,622.9614947587266,-307.22920339521653,54.78332159013823,-87.05103758369741
11.391391391391393,624.0582579537244,-308.9719669104057,54.78332159013823,-87.25123778389761
11.411411411411411,625.1550211487221,-310.71873843761085,54.78332159013823,-87.45143798409781
11.431431431431431,626.2517843437198,-312.46951797683204,54.78332159013823,-87.65163818429801
11.451451451451451,627.3485475387175,-314.22430552806924,54.78332159013823,-87.85183838449821
11.471471471471471,628.4453107337152,-315.98310109132245,54.78332159013823,-88.05203858469841
11.491491491491493,629.542073928713,-317.7459046665917,54.78332159013823,-88.25223878489861
11.511511511511511,630.6388371237107,-319.51271625387693,54.78332159013823,-88.45243898509881
11.531531531531531,631.7356003187084,-321.2835358531782,54.78332159013823,-88.65263918529901
11.551551551551551,632.8323635137061,-323.05836346449547,54.78332159013823,-88.85283938549921
11.571571571571571,633.9291267087038,-324.83719908782876,54.78332159013823,-89.05303958569941
11.591591591591593,635.0258899037016,-326.62004272317813,54.78332159013823,-89.25323978589961
11.611611611611611,636.1226530986993,-328.4068943705435,54.78332159013823,-89.45343998609981
11.631631631631631,637.219416293697,-330.1977540299249,54.78332159013823,-89.65364018630001
11.651651651651651,638.3161794886947,-331.9926217013223,54.78332159013823,-89.85384038650021
11.671671671671671,639.4129426836924,-333.79149738473575,54.78332159013823,-90.05404058670041
11.691691691691693,640.5097058786902,-335.5943810801652,54.78332159013823,-90.25424078690061
11.711711711711711,641.6064690736879,-337.40127278761065,54.78332159013823,-90.45444098710081
11.731731731731731,642.7032322686856,-339.2121725070721,54.78332159013823,-90.65464118730101
11.751751751751751,643.7999954636833,-341.0270802385496,54.78332159013823,-90.85484138750121
11.771771771771771,644.896758658681,-342.8459959820431,54.78332159013823,-91.05504158770141
11.791791791791793,645.9935218536788,-344.66891973755264,54.78332159013823,-91.25524178790161
11.811811811811811,647.0902850486765,-346.4958515050782,54.78332159013823,-91.45544198810181
11.831831831831831,648.1870482436742,-348.32679128461973,54.78332159013823,-91.65564218830201
11.851851851851851,649.2838114386719,-350.16173907617735,54.78332159013823,-91.85584238850221
11.871871871871871,650.3805746336697,-352.000694879751,54.78332159013823,-92.05604258870241
11.891891891891893,651.4773378286674,-353.84365869534065,54.78332159013823,-92.25624278890261
11.911911911911911,652.5741010236651,-355.6906305229463,54.78332159013823,-92.45644298910281
11.931931931931931,653.6708642186628,-357.541610362568,54.78332159013823,-92.65664318930301
11.951951951951951,654.7676274136605,-359.3965982142057,54.78332159013823,-92.85684338950321
11.971971971971973,655.8643906086583,-361.2555940778594,54.78332159013823,-93.05704358970341
11.991991991991993,656.961153803656,-363.11859795352916,54.78332159013823,-93.25724378990361
12.012012012012011,658.0579169986537,-364.9856098412149,54.78332159013823,-93.45744399010381
12.032032032032031,659.1546801936514,-366.8566297409167,54.78332159013823,-93.65764419030401
12.052052052052051,660.2514433886491,-368.73165765263445,54.78332159013823,-93.85784439050421
12.072072072072073,661.3482065836469,-370.61069357636825,54.78332159013823,-94.05804459070441
12.092092092092093,662.4449697786446,-372.49373751211806,54.78332159013823,-94.25824479090461
12.112112112112111,663.5417329736423,-374.38078945988394,54.78332159013823,-94.45844499110481
12.132132132132131,664.63849616864,-376.27184941966584,54.78332159013823,-94.65864519130501
12.152152152152151,665.7352593636377,-378.16691739146376,54.78332159013823,-94.85884539150521
12.172172172172173,666.8320225586355,-380.0659933752777,54.78332159013823,-95.05904559170541
12.192192192192193,667.9287857536332,-381.96907737110763,54.78332159013823,-95.25924579190561
12.212212212212211,669.0255489486309,-383.8761693789536,54.78332159013823,-95.45944599210581
12.232232232232231,670.1223121436286,-385.78726939881557,54.78332159013823,-95.65964619230601
12.252252252252251,671.2190753386263,-387.70237743069356,54.78332159013823,-95.85984639250621
12.272272272272273,672.3158385336241,-389.62149347458757,54.78332159013823,-96.06004659270641
12.292292292292293,673.4126017286218,-391.5446175304976,54.78332159013823,-96.26024679290661
12.312312312312311,674.5093649236195,-393.4717495984236,54.78332159013823,-96.46044699310681
12.332332332332332,675.6061281186172,-395.4028896783657,54.78332159013823,-96.66064719330701
12.352352352352352,676.7028913136149,-397.3380377703238,54.78332159013823,-96.86084739350721
12.372372372372373,677.7996545086127,-399.27719387429795,54.78332159013823,-97.06104759370741
12.392392392392393,678.8964177036104,-401.2203579902881,54.78332159013823,-97.26124779390761
12.412412412412412,679.9931808986081,-403.1675301182943,54.78332159013823,-97.46144799410781
12.432432432432432,681.0899440936058,-405.11871025831647,54.78332159013823,-97.66164819430801
12.452452452452452,682.1867072886035,-407.0738984103547,54.78332159013823,-97.86184839450821
12.472472472472473,683.2834704836013,-409.0330945744089,54.78332159013823,-98.06204859470841
12.492492492492493,684.380233678599,-410.9962987504791,54.78332159013823,-98.26224879490861
12.512512512512512,685.4769968735967,-412.9635109385654,54.78332159013823,-98.46244899510882
12.532532532532532,686.5737600685944,-414.93473113866764,54.78332159013823,-98.66264919530902
12.552552552552552,687.6705232635921,-416.9099593507859,54.78332159013823,-98.86284939550922
12.572572572572573,688.7672864585899,-418.8891955749202,54.78332159013823,-99.06304959570942
12.592592592592593,689.8640496535876,-420.87243981107054,54.78332159013823,-99.26324979590962
12.612612612612612,690.9608128485853,-422.8596920592369,54.78332159013823,-99.46344999610982
12.632632632632632,692.057576043583,-424.8509523194193,54.78332159013823,-99.66365019631002
12.652652652652652,693.1543392385807,-426.84622059161774,54.78332159013823,-99.86385039651022
12.672672672672673,694.2511024335785,-428.84549687583217,54.78332159013823,-100.06405059671042
12.692692692692694,695.3478656285762,-430.8487811720626,54.78332159013823,-100.26425079691062
12.712712712712712,696.4446288235739,-432.8560734803091,54.78332159013823,-100.46445099711082
12.732732732732732,697.5413920185716,-434.86737380057156,54.78332159013823,-100.66465119731102
12.752752752752752,698.6381552135693,-436.88268213285005,54.78332159013823,-100.86485139751122
12.772772772772774,699.7349184085671,-438.90199847714456,54.78332159013823,-101.06505159771142
12.792792792792794,700.8316816035648,-440.9253228334551,54.78332159013823,-101.26525179791162
12.812812812812812,701.9284447985625,-442.9526552017816,54.78332159013823,-101.46545199811182
12.832832832832832,703.0252079935602,-444.9839955821242,54.78332159013823,-101.66565219831202
12.852852852852852,704.121971188558,-447.01934397448275,54.78332159013823,-101.86585239851222
12.872872872872874,705.2187343835557,-449.0587003788574,54.78332159013823,-102.06605259871242
12.892892892892894,706.3154975785534,-451.10206479524805,54.78332159013823,-102.26625279891262
12.912912912912912,707.4122607735511,-453.14943722365473,54.78332159013823,-102.46645299911282
12.932932932932932,708.5090239685488,-455.2008176640774,54.78332159013823,-102.66665319931302
12.952952952952952,709.6057871635466,-457.2562061165161,54.78332159013823,-102.86685339951322
12.972972972972974,710.7025503585443,-459.31560258097085,54.78332159013823,-103.06705359971342
12.992992992992994,711.799313553542,-461.3790070574416,54.78332159013823,-103.26725379991362
13.013013013013012,712.8960767485397,-463.44641954592834,54.78332159013823,-103.46745400011382
13.033033033033032,713.9928399435374,-465.5178400464311,54.78332159013823,-103.66765420031402
13.053053053053052,715.0896031385352,-467.5932685589499,54.78332159013823,-103.86785440051422
13.073073073073074,716.1863663335329,-469.6727050834847,54.78332159013823,-104.06805460071442
13.093093093093094,717.2831295285306,-471.7561496200355,54.78332159013823,-104.26825480091462
13.113113113113112,718.3798927235283,-473.8436021686024,54.78332159013823,-104.46845500111482
13.133133133133132,719.476655918526,-475.9350627291853,54.78332159013823,-104.66865520131502
13.153153153153154,720.5734191135238,-478.0305313017842,54.78332159013823,-104.86885540151522
13.173173173173174,721.6701823085215,-480.13000788639914,54.78332159013823,-105.06905560171542
13.193193193193194,722.7669455035192,-482.2334924830301,54.78332159013823,-105.26925580191562
13.213213213213212,723.8637086985169,-484.34098509167706,54.78332159013823,-105.46945600211582
13.233233233233232,724.9604718935146,-486.45248571234004,54.78332159013823,-105.66965620231602
13.253253253253254,726.0572350885124,-488.56799434501903,54.78332159013823,-105.86985640251622
13.273273273273274,727.1539982835101,-490.68751098971404,54.78332159013823,-106.07005660271642
13.293293293293294,728.2507614785078,-492.81103564642507,54.78332159013823,-106.27025680291662
13.313313313313312,729.3475246735055,-494.9385683151521,54.78332159013823,-106.47045700311682
13.333333333333332,730.4442878685032,-497.07010899589517,54.78332159013823,-106.67065720331702
13.353353353353354,731.541051063501,-499.20565768865424,54.78332159013823,-106.87085740351722
13.373373373373374,732.6378142584987,-501.3452143934294,54.78332159013823,-107.07105760371742
13.393393393393394,733.7345774534964,-503.48877911022055,54.78332159013823,-107.27125780391762
13.413413413413412,734.8313406484941,-505.6363518390277,54.78332159013823,-107.47145800411782
13.433433433433432,735.9281038434918,-507.7879325798509,54.78332159013823,-107.67165820431802
13.453453453453454,737.0248670384896,-509.9435213326901,54.78332159013823,-107.87185840451822
13.473473473473474,738.1216302334873,-512.1031180975453,54.78332159013823,-108.07205860471842
13.493493493493494,739.218393428485,-514.2667228744166,54.78332159013823,-108.27225880491862
13.513513513513512,740.3151566234827,-516.4343356633038,54.78332159013823,-108.47245900511882
13.533533533533532,741.4119198184804,-518.6059564642071,54.78332159013823,-108.67265920531902
13.553553553553554,742.5086830134782,-520.7815852771264,54.78332159013823,-108.87285940551922
13.573573573573574,743.6054462084759,-522.9612221020617,54.78332159013823,-109.07305960571942
13.593593593593594,744.7022094034736,-525.144866939013,54.78332159013823,-109.27325980591962
13.613613613613612,745.7989725984713,-527.3325197879803,54.78332159013823,-109.47346000611982
13.633633633633632,746.895735793469,-529.5241806489637,54.78332159013823,-109.67366020632002
13.653653653653654,747.9924989884668,-531.719849521963,54.78332159013823,-109.87386040652022
13.673673673673674,749.0892621834645,-533.9195264069784,54.78332159013823,-110.07406060672042
13.693693693693694,750.1860253784622,-536.1232113040098,54.78332159013823,-110.27426080692062
13.713713713713712,751.2827885734599,-538.3309042130572,54.78332159013823,-110.47446100712082
13.733733733733732,752.3795517684576,-540.5426051341207,54.78332159013823,-110.67466120732102
13.753753753753754,753.4763149634554,-542.7583140672002,54.78332159013823,-110.87486140752122
13.773773773773774,754.5730781584531,-544.9780310122958,54.78332159013823,-111.07506160772142
13.793793793793794,755.6698413534508,-547.2017559694074,54.78332159013823,-111.27526180792162
13.813813813813812,756.7666045484485,-549.429488938535,54.78332159013823,-111.47546200812182
13.833833833833832,757.8633677434462,-551.6612299196786,54.78332159013823,-111.67566220832202
13.853853853853854,758.960130938444,-553.8969789128382,54.78332159013823,-111.87586240852222
13.873873873873874,760.0568941334417,-556.1367359180139,54.78332159013823,-112.07606260872242
13.893893893893894,761.1536573284394,-558.3805009352055,54.78332159013823,-112.27626280892262
13.913913913913913,762.2504205234371,-560.6282739644132,54.78332159013823,-112.47646300912282
13.933933933933933,763.3471837184348,-562.8800550056369,54.78332159013823,-112.67666320932302
13.953953953953954,764.4439469134326,-565.1358440588766,54.78332159013823,-112.87686340952322
13.973973973973974,765.5407101084303,-567.3956411241323,54.78332159013823,-113.07706360972342
13.993993993993994,766.637473303428,-569.6594462014041,54.78332159013823,-113.27726380992362
14.014014014014013,767.7342364984257,-571.9272592906918,54.78332159013823,-113.47746401012382
14.034034034034033,768.8309996934235,-574.1990803919956,54.78332159013823,-113.67766421032402
14.054054054054054,769.9277628884212,-576.4749095053154,54.78332159013823,-113.87786441052423
14.074074074074074,771.0245260834189,-578.7547466306512,54.78332159013823,-114.07806461072443
14.094094094094094,772.1212892784166,-581.038591768003,54.78332159013823,-114.27826481092463
14.114114114114113,773.2180524734143,-583.3264449173708,54.78332159013823,-114.47846501112483
14.134134134134133,774.314815668412,-585.6183060787547,54.78332159013823,-114.67866521132503
14.154154154154154,775.4115788634098,-587.9141752521546,54.78332159013823,-114.87886541152523
14.174174174174174,776.5083420584075,-590.2140524375704,54.78332159013823,-115.07906561172543
14.194194194194194,777.6051052534052,-592.5179376350023,54.78332159013823,-115.27926581192563
14.214214214214213,778.7018684484029,-594.8258308444503,54.78332159013823,-115.47946601212583
14.234234234234233,779.7986316434007,-597.1377320659142,54.78332159013823,-115.67966621232603
14.254254254254255,780.8953948383984,-599.4536412993942,54.78332159013823,-115.87986641252623
14.274274274274275,781.9921580333961,-601.7735585448903,54.78332159013823,-116.08006661272643
14.294294294294295,783.0889212283938,-604.0974838024024,54.78332159013823,-116.28026681292663
14.314314314314313,784.1856844233915,-606.4254170719305,54.78332159013823,-116.48046701312683
14.334334334334333,785.2824476183893,-608.7573583534746,54.78332159013823,-116.68066721332703
14.354354354354355,786.379210813387,-611.0933076470347,54.78332159013823,-116.88086741352723
14.374374374374375,787.4759740083847,-613.4332649526109,54.78332159013823,-117.08106761372743
14.394394394394395,788.5727372033824,-615.7772302702031,54.78332159013823,-117.28126781392763
14.414414414414413,789.6695003983801,-618.1252035998112,54.78332159013823,-117.48146801412783
14.434434434434436,790.7662635933779,-620.4771849414354,54.78332159013823,-117.68166821432803
14.454454454454455,791.8630267883756,-622.8331742950757,54.78332159013823,-117.88186841452823
14.474474474474475,792.9597899833733,-625.1931716607319,54.78332159013823,-118.08206861472843
14.494494494494495,794.056553178371,-627.5571770384041,54.78332159013823,-118.28226881492863
14.514514514514513,795.1533163733687,-629.9251904280924,54.78332159013823,-118.48246901512883
14.534534534534536,796.2500795683665,-632.2972118297967,54.78332159013823,-118.68266921532903
14.554554554554555,797.3468427633642,-634.6732412435169,54.78332159013823,-118.88286941552923
14.574574574574575,798.4436059583619,-637.0532786692532,54.78332159013823,-119.08306961572943
14.594594594594595,799.5403691533596,-639.4373241070056,54.78332159013823,-119.28326981592963
14.614614614614613,800.6371323483573,-641.8253775567739,54.78332159013823,-119.48347001612983
14.634634634634637,801.7338955433551,-644.2174390185583,54.78332159013823,-119.68367021633003
14.654654654654655,802.8306587383528,-646.6135084923586,54.78332159013823,-119.88387041653023
14.674674674674675,803.9274219333505,-649.013585978175,54.78332159013823,-120.08407061673043
14.694694694694695,805.0241851283482,-651.4176714760074,54.78332159013823,-120.28427081693063
14.714714714714713,806.1209483233459,-653.8257649858558,54.78332159013823,-120.48447101713083
14.734734734734737,807.2177115183437,-656.2378665077202,54.78332159013823,-120.68467121733103
14.754754754754755,808.3144747133414,-658.6539760416008,54.78332159013823,-120.88487141753123
14.774774774774775,809.4112379083391,-661.0740935874974,54.78332159013823,-121.08507161773143
14.794794794794795,810.5080011033368,-663.49821914541,54.78332159013823,-121.28527181793163
14.814814814814813,811.6047642983345,-665.9263527153386,54.78332159013823,-121.48547201813183
14.834834834834837,812.7015274933323,-668.3584942972832,54.78332159013823,-121.68567221833203
14.854854854854855,813.79829068833,-670.7946438912438,54.78332159013823,-121.88587241853223
14.874874874874875,814.8950538833277,-673.2348014972205,54.78332159013823,-122.08607261873243
14.894894894894895,815.9918170783254,-675.6789671152131,54.78332159013823,-122.28627281893263
14.914914914914913,817.0885802733231,-678.1271407452218,54.78332159013823,-122.48647301913283
14.934934934934937,818.1853434683209,-680.5793223872465,54.78332159013823,-122.68667321933303
14.954954954954955,819.2821066633186,-683.0355120412872,54.78332159013823,-122.88687341953323
14.974974974974975,820.3788698583163,-685.495709707344,54.78332159013823,-123.08707361973343
14.994994994994995,821.475633053314,-687.9599153854167,54.78332159013823,-123.28727381993363
15.015015015015013,822.5723962483117,-690.4281290755055,54.78332159013823,-123.48747402013383
15.035035035035037,823.6691594433095,-692.9003507776102,54.78332159013823,-123.68767422033403
15.055055055055055,824.7659226383072,-695.376580491731,54.78332159013823,-123.88787442053423
15.075075075075075,825.8626858333049,-697.8568182178678,54.78332159013823,-124.08807462073443
15.095095095095095,826.9594490283026,-700.3410639560207,54.78332159013823,-124.28827482093463
15.115115115115113,828.0562122233003,-702.8293177061895,54.78332159013823,-124.48847502113483
15.135135135135137,829.1529754182981,-705.3215794683744,54.78332159013823,-124.68867522133503
15.155155155155155,830.2497386132958,-707.8178492425752,54.78332159013823,-124.88887542153523
15.175175175175175,831.3465018082935,-710.3181270287921,54.78332159013823,-125.08907562173543
15.195195195195195,832.4432650032912,-712.822412827025,54.78332159013823,-125.28927582193563
15.215215215215213,833.540028198289,-715.3307066372739,54.78332159013823,-125.48947602213583
15.235235235235237,834.6367913932867,-717.8430084595389,54.78332159013823,-125.68967622233603
15.255255255255255,835.7335545882844,-720.3593182938198,54.78332159013823,-125.88987642253623
15.275275275275275,836.8303177832821,-722.8796361401169,54.78332159013823,-126.09007662273643
15.295295295295295,837.9270809782798,-725.40396199843,54.78332159013823,-126.29027682293663
15.315315315315313,839.0238441732776,-727.9322958687591,54.78332159013823,-126.49047702313683
15.335335335335337,840.1206073682753,-730.4646377511042,54.78332159013823,-126.69067722333703
15.355355355355355,841.217370563273,-733.0009876454653,54.78332159013823,-126.89087742353723
15.375375375375375,842.3141337582707,-735.5413455518425,54.78332159013823,-127.09107762373743
15.395395395395395,843.4108969532684,-738.0857114702357,54.78332159013823,-127.29127782393763
15.415415415415413,844.5076601482662,-740.6340854006448,54.78332159013823,-127.49147802413783
15.435435435435437,845.6044233432639,-743.18646734307,54.78332159013823,-127.69167822433803
15.455455455455455,846.7011865382616,-745.7428572975113,54.78332159013823,-127.89187842453823
15.475475475475475,847.7979497332593,-748.3032552639685,54.78332159013823,-128.09207862473843
15.495495495495495,848.894712928257,-750.8676612424417,54.78332159013823,-128.29227882493865
15.515515515515514,849.9914761232548,-753.436075232931,54.78332159013823,-128.49247902513886
15.535535535535537,851.0882393182525,-756.0084972354363,54.78332159013823,-128.69267922533908
15.555555555555555,852.1850025132502,-758.5849272499576,54.78332159013823,-128.8928794255393
15.575575575575575,853.2817657082479,-761.1653652764949,54.78332159013823,-129.0930796257395
15.595595595595595,854.3785289032456,-763.7498113150482,54.78332159013823,-129.29327982593972
15.615615615615614,855.4752920982434,-766.3382653656175,54.78332159013823,-129.49348002613993
15.635635635635637,856.5720552932411,-768.9307274282029,54.78332159013823,-129.69368022634015
15.655655655655655,857.6688184882388,-771.5271975028043,54.78332159013823,-129.89388042654036
15.675675675675675,858.7655816832365,-774.1276755894216,54.78332159013823,-130.09408062674058
15.695695695695695,859.8623448782342,-776.732161688055,54.78332159013823,-130.2942808269408
15.715715715715717,860.959108073232,-779.3406557987045,54.78332159013823,-130.494481027141
15.735735735735737,862.0558712682297,-781.9531579213699,54.78332159013823,-130.69468122734122
15.755755755755755,863.1526344632274,-784.5696680560515,54.78332159013823,-130.89488142754143
15.775775775775776,864.2493976582251,-787.190186202749,54.78332159013823,-131.09508162774165
15.795795795795796,865.3461608532228,-789.8147123614626,54.78332159013823,-131.29528182794186
15.815815815815817,866.4429240482206,-792.4432465321922,54.78332159013823,-131.49548202814208
15.835835835835837,867.5396872432183,-795.0757887149379,54.78332159013823,-131.6956822283423
15.855855855855856,868.636450438216,-797.7123389096995,54.78332159013823,-131.8958824285425
15.875875875875876,869.7332136332137,-800.3528971164772,54.78332159013823,-132.09608262874272
15.895895895895896,870.8299768282114,-802.9974633352708,54.78332159013823,-132.29628282894294
15.915915915915917,871.9267400232092,-805.6460375660805,54.78332159013823,-132.49648302914315
15.935935935935937,873.0235032182069,-808.2986198089062,54.78332159013823,-132.69668322934336
15.955955955955956,874.1202664132046,-810.9552100637479,54.78332159013823,-132.89688342954358
15.975975975975976,875.2170296082023,-813.6158083306057,54.78332159013823,-133.0970836297438
15.995995995995996,876.3137928032,-816.2804146094794,54.78332159013823,-133.297283829944
16.016016016016017,877.4105559981978,-818.9490289003692,54.78332159013823,-133.49748403014422
16.036036036036037,878.5073191931955,-821.621651203275,54.78332159013823,-133.69768423034444
16.056056056056057,879.6040823881932,-824.2982815181967,54.78332159013823,-133.89788443054465
16.076076076076077,880.7008455831909,-826.9789198451346,54.78332159013823,-134.09808463074486
16.096096096096094,881.7976087781886,-829.6635661840884,54.78332159013823,-134.29828483094508
16.116116116116117,882.8943719731864,-832.3522205350582,54.78332159013823,-134.4984850311453
16.136136136136138,883.9911351681841,-835.0448828980441,54.78332159013823,-134.6986852313455
16.156156156156158,885.0878983631818,-837.741553273046,54.78332159013823,-134.89888543154572
16.176176176176178,886.1846615581795,-840.4422316600638,54.78332159013823,-135.09908563174594
16.196196196196194,887.2814247531772,-843.1469180590977,54.78332159013823,-135.29928583194615
16.216216216216218,888.378187948175,-845.8556124701477,54.78332159013823,-135.49948603214636
16.236236236236238,889.4749511431727,-848.5683148932137,54.78332159013823,-135.69968623234658
16.256256256256258,890.5717143381704,-851.2850253282958,54.78332159013823,-135.8998864325468
16.276276276276278,891.6684775331681,-854.0057437753939,54.78332159013823,-136.100086632747
16.296296296296294,892.7652407281658,-856.730470234508,54.78332159013823,-136.30028683294722
16.316316316316318,893.8620039231636,-859.4592047056381,54.78332159013823,-136.50048703314744
16.336336336336338,894.9587671181613,-862.1919471887842,54.78332159013823,-136.70068723334765
16.356356356356358,896.055530313159,-864.9286976839463,54.78332159013823,-136.90088743354787
16.376376376376378,897.1522935081567,-867.6694561911245,54.78332159013823,-137.10108763374808
16.396396396396394,898.2490567031545,-870.4142227103187,54.78332159013823,-137.3012878339483
16.416416416416418,899.3458198981522,-873.1629972415288,54.78332159013823,-137.5014880341485
16.436436436436438,900.4425830931499,-875.915779784755,54.78332159013823,-137.70168823434872
16.456456456456458,901.5393462881476,-878.6725703399973,54.78332159013823,-137.90188843454894
16.476476476476478,902.6361094831453,-881.4333689072555,54.78332159013823,-138.10208863474915
16.496496496496494,903.732872678143,-884.1981754865297,54.78332159013823,-138.30228883494937
16.516516516516518,904.8296358731408,-886.96699007782,54.78332159013823,-138.50248903514958
16.536536536536538,905.9263990681385,-889.7398126811263,54.78332159013823,-138.7026892353498
16.556556556556558,907.0231622631362,-892.5166432964486,54.78332159013823,-138.90288943555
16.576576576576578,908.1199254581339,-895.2974819237869,54.78332159013823,-139.10308963575022
16.596596596596594,909.2166886531317,-898.0823285631412,54.78332159013823,-139.30328983595044
16.616616616616618,910.3134518481294,-900.8711832145116,54.78332159013823,-139.50349003615065
16.636636636636638,911.4102150431271,-903.6640458778979,54.78332159013823,-139.70369023635087
16.656656656656658,912.5069782381248,-906.4609165533003,54.78332159013823,-139.90389043655108
16.676676676676678,913.6037414331225,-909.2617952407187,54.78332159013823,-140.1040906367513
16.696696696696694,914.7005046281203,-912.0666819401531,54.78332159013823,-140.3042908369515
16.716716716716718,915.797267823118,-914.8755766516036,54.78332159013823,-140.50449103715172
16.736736736736738,916.8940310181157,-917.6884793750702,54.78332159013823,-140.70469123735194
16.756756756756758,917.9907942131134,-920.5053901105528,54.78332159013823,-140.90489143755215
16.776776776776778,919.0875574081111,-923.3263088580513,54.78332159013823,-141.10509163775237
16.796796796796794,920.1843206031089,-926.1512356175659,54.78332159013823,-141.30529183795258
16.816816816816818,921.2810837981066,-928.9801703890965,54.78332159013823,-141.5054920381528
16.836836836836838,922.3778469931043,-931.8131131726432,54.78332159013823,-141.705692238353
16.856856856856858,923.474610188102,-934.6500639682058,54.78332159013823,-141.90589243855322
16.876876876876878,924.5713733830997,-937.4910227757845,54.78332159013823,-142.10609263875344
16.896896896896898,925.6681365780975,-940.3359895953791,54.78332159013823,-142.30629283895365
16.916916916916918,926.7648997730952,-943.1849644269898,54.78332159013823,-142.50649303915387
16.936936936936938,927.8616629680929,-946.0379472706165,54.78332159013823,-142.70669323935408
16.956956956956958,928.9584261630906,-948.8949381262593,54.78332159013823,-142.9068934395543
16.976976976976978,930.0551893580883,-951.755936993918,54.78332159013823,-143.1070936397545
16.996996996996998,931.1519525530861,-954.6209438735928,54.78332159013823,-143.30729383995472
17.017017017017018,932.2487157480838,-957.4899587652835,54.78332159013823,-143.50749404015494
17.037037037037038,933.3454789430815,-960.3629816689903,54.78332159013823,-143.70769424035515
17.057057057057058,934.4422421380792,-963.2400125847131,54.78332159013823,-143.90789444055537
17.077077077077078,935.539005333077,-966.1210515124519,54.78332159013823,-144.10809464075558
17.097097097097098,936.6357685280747,-969.0060984522067,54.78332159013823,-144.3082948409558
17.117117117117118,937.7325317230724,-971.8951534039776,54.78332159013823,-144.508495041156
17.137137137137138,938.8292949180701,-974.7882163677644,54.78332159013823,-144.70869524135622
17.157157157157158,939.9260581130678,-977.6852873435673,54.78332159013823,-144.90889544155644
17.177177177177178,941.0228213080655,-980.5863663313862,54.78332159013823,-145.10909564175665
17.197197197197198,942.1195845030633,-983.4914533312212,54.78332159013823,-145.30929584195687
17.217217217217218,943.216347698061,-986.4005483430723,54.78332159013823,-145.50949604215708
17.237237237237238,944.3131108930587,-989.3136513669393,54.78332159013823,-145.7096962423573
17.25725725725726,945.4098740880564,-992.2307624028224,54.78332159013823,-145.9098964425575
17.27727727727728,946.5066372830541,-995.1518814507215,54.78332159013823,-146.11009664275772
17.2972972972973,947.6034004780519,-998.0770085106366,54.78332159013823,-146.31029684295794
17.31731731731732,948.7001636730496,-1001.0061435825677,54.78332159013823,-146.51049704315815
17.33733733733734,949.7969268680473,-1003.9392866665148,54.78332159013823,-146.71069724335837
17.35735735735736,950.893690063045,-1006.876437762478,54.78332159013823,-146.91089744355858
17.37737737737738,951.9904532580427,-1009.8175968704571,54.78332159013823,-147.1110976437588
17.3973973973974,953.0872164530405,-1012.7627639904523,54.78332159013823,-147.311297843959
17.41741741741742,954.1839796480382,-1015.7119391224635,54.78332159013823,-147.51149804415923
17.43743743743744,955.2807428430359,-1018.6651222664907,54.78332159013823,-147.71169824435944
17.45745745745746,956.3775060380336,-1021.6223134225339,54.78332159013823,-147.91189844455965
17.47747747747748,957.4742692330314,-1024.5835125905933,54.78332159013823,-148.11209864475987
17.4974974974975,958.5710324280291,-1027.5487197706686,54.78332159013823,-148.31229884496008
17.51751751751752,959.6677956230268,-1030.51793496276,54.78332159013823,-148.5124990451603
17.53753753753754,960.7645588180245,-1033.4911581668673,54.78332159013823,-148.7126992453605
17.55755755755756,961.8613220130222,-1036.4683893829906,54.78332159013823,-148.91289944556073
17.57757757757758,962.95808520802,-1039.44962861113,54.78332159013823,-149.11309964576094
17.5975975975976,964.0548484030177,-1042.4348758512854,54.78332159013823,-149.31329984596115
17.61761761761762,965.1516115980154,-1045.4241311034568,54.78332159013823,-149.51350004616137
17.63763763763764,966.2483747930131,-1048.4173943676442,54.78332159013823,-149.71370024636158
17.65765765765766,967.3451379880108,-1051.4146656438477,54.78332159013823,-149.9139004465618
17.67767767767768,968.4419011830086,-1054.415944932067,54.78332159013823,-150.114100646762
17.6976976976977,969.5386643780063,-1057.4212322323026,54.78332159013823,-150.31430084696223
17.71771771771772,970.635427573004,-1060.430527544554,54.78332159013823,-150.51450104716244
17.73773773773774,971.7321907680017,-1063.4438308688216,54.78332159013823,-150.71470124736265
17.75775775775776,972.8289539629994,-1066.461142205105,54.78332159013823,-150.91490144756287
17.77777777777778,973.9257171579972,-1069.4824615534046,54.78332159013823,-151.11510164776308
17.7977977977978,975.0224803529949,-1072.50778891372,54.78332159013823,-151.3153018479633
17.81781781781782,976.1192435479926,-1075.5371242860517,54.78332159013823,-151.5155020481635
17.83783783783784,977.2160067429903,-1078.5704676703992,54.78332159013823,-151.71570224836373
17.85785785785786,978.312769937988,-1081.6078190667629,54.78332159013823,-151.91590244856394
17.87787787787788,979.4095331329858,-1084.6491784751424,54.78332159013823,-152.11610264876415
17.8978978978979,980.5062963279835,-1087.694545895538,54.78332159013823,-152.31630284896437
17.91791791791792,981.6030595229812,-1090.74392132795,54.78332159013823,-152.51650304916458
17.93793793793794,982.6998227179789,-1093.7973047723776,54.78332159013823,-152.7167032493648
17.95795795795796,983.7965859129766,-1096.8546962288215,54.78332159013823,-152.916903449565
17.97797797797798,984.8933491079744,-1099.9160956972812,54.78332159013823,-153.11710364976523
17.997997997998,985.9901123029721,-1102.981503177757,54.78332159013823,-153.31730384996544
18.01801801801802,987.0868754979698,-1106.0509186702488,54.78332159013823,-153.51750405016566
18.03803803803804,988.1836386929675,-1109.1243421747567,54.78332159013823,-153.71770425036587
18.05805805805806,989.2804018879652,-1112.2017736912806,54.78332159013823,-153.91790445056608
18.07807807807808,990.377165082963,-1115.2832132198205,54.78332159013823,-154.1181046507663
18.0980980980981,991.4739282779607,-1118.3686607603763,54.78332159013823,-154.3183048509665
18.11811811811812,992.5706914729584,-1121.4581163129483,54.78332159013823,-154.51850505116673
18.13813813813814,993.6674546679561,-1124.5515798775361,54.78332159013823,-154.71870525136694
18.15815815815816,994.7642178629538,-1127.6490514541401,54.78332159013823,-154.91890545156716
18.17817817817818,995.8609810579516,-1130.75053104276,54.78332159013823,-155.11910565176737
18.1981981981982,996.9577442529493,-1133.856018643396,54.78332159013823,-155.31930585196758
18.21821821821822,998.054507447947,-1136.965514256048,54.78332159013823,-155.5195060521678
18.23823823823824,999.1512706429447,-1140.079017880716,54.78332159013823,-155.719706252368
18.25825825825826,1000.2480338379424,-1143.1965295174,54.78332159013823,-155.91990645256823
18.27827827827828,1001.3447970329402,-1146.3180491661,54.78332159013823,-156.12010665276844
18.2982982982983,1002.4415602279379,-1149.443576826816,54.78332159013823,-156.32030685296866
18.31831831831832,1003.5383234229356,-1152.5731124995482,54.78332159013823,-156.52050705316887
18.33833833833834,1004.6350866179333,-1155.7066561842962,54.78332159013823,-156.72070725336908
18.35835835835836,1005.731849812931,-1158.8442078810604,54.78332159013823,-156.9209074535693
18.37837837837838,1006.8286130079288,-1161.9857675898406,54.78332159013823,-157.1211076537695
18.3983983983984,1007.9253762029265,-1165.1313353106368,54.78332159013823,-157.32130785396973
18.41841841841842,1009.0221393979242,-1168.2809110434491,54.78332159013823,-157.52150805416994
18.43843843843844,1010.1189025929219,-1171.4344947882773,54.78332159013823,-157.72170825437016
18.45845845845846,1011.2156657879196,-1174.5920865451217,54.78332159013823,-157.92190845457037
18.47847847847848,1012.3124289829174,-1177.753686313982,54.78332159013823,-158.12210865477059
18.4984984984985,1013.4091921779151,-1180.9192940948583,54.78332159013823,-158.3223088549708
18.51851851851852,1014.5059553729128,-1184.0889098877506,54.78332159013823,-158.522509055171
18.53853853853854,1015.6027185679105,-1187.262533692659,54.78332159013823,-158.72270925537123
18.55855855855856,1016.6994817629082,-1190.4401655095833,54.78332159013823,-158.92290945557144
18.57857857857858,1017.796244957906,-1193.6218053385237,54.78332159013823,-159.12310965577166
18.5985985985986,1018.8930081529037,-1196.80745317948,54.78332159013823,-159.32330985597187
18.61861861861862,1019.9897713479014,-1199.9971090324525,54.78332159013823,-159.52351005617209
18.63863863863864,1021.0865345428991,-1203.1907728974409,54.78332159013823,-159.7237102563723
18.65865865865866,1022.1832977378969,-1206.3884447744454,54.78332159013823,-159.92391045657251
18.67867867867868,1023.2800609328946,-1209.5901246634658,54.78332159013823,-160.12411065677273
18.6986986986987,1024.3768241278924,-1212.7958125645023,54.78332159013823,-160.32431085697294
18.71871871871872,1025.4735873228901,-1216.0055084775547,54.78332159013823,-160.52451105717316
18.73873873873874,1026.5703505178878,-1219.2192124026233,54.78332159013823,-160.72471125737337
18.75875875875876,1027.6671137128856,-1222.4369243397077,54.78332159013823,-160.9249114575736
18.77877877877878,1028.7638769078833,-1225.6586442888083,54.78332159013823,-161.1251116577738
18.7987987987988,1029.860640102881,-1228.8843722499248,54.78332159013823,-161.32531185797401
18.81881881881882,1030.9574032978787,-1232.1141082230574,54.78332159013823,-161.52551205817423
18.83883883883884,1032.0541664928764,-1235.347852208206,54.78332159013823,-161.72571225837444
18.85885885885886,1033.1509296878742,-1238.5856042053706,54.78332159013823,-161.92591245857466
18.87887887887888,1034.247692882872,-1241.8273642145514,54.78332159013823,-162.12611265877487
18.8988988988989,1035.3444560778696,-1245.073132235748,54.78332159013823,-162.3263128589751
18.91891891891892,1036.4412192728673,-1248.3229082689609,54.78332159013823,-162.5265130591753
18.93893893893894,1037.537982467865,-1251.5766923141896,54.78332159013823,-162.72671325937552
18.95895895895896,1038.6347456628628,-1254.8344843714344,54.78332159013823,-162.92691345957573
18.97897897897898,1039.7315088578605,-1258.0962844406952,54.78332159013823,-163.12711365977594
18.998998998999,1040.8282720528582,-1261.362092521972,54.78332159013823,-163.32731385997616
19.01901901901902,1041.925035247856,-1264.6319086152648,54.78332159013823,-163.52751406017637
19.03903903903904,1043.0217984428537,-1267.9057327205737,54.78332159013823,-163.7277142603766
19.05905905905906,1044.1185616378514,-1271.1835648378985,54.78332159013823,-163.9279144605768
19.07907907907908,1045.215324832849,-1274.4654049672395,54.78332159013823,-164.12811466077702
19.0990990990991,1046.3120880278468,-1277.7512531085963,54.78332159013823,-164.32831486097723
19.11911911911912,1047.4088512228445,-1281.0411092619693,54.78332159013823,-164.52851506117744
19.13913913913914,1048.5056144178423,-1284.3349734273581,54.78332159013823,-164.72871526137766
19.15915915915916,1049.60237761284,-1287.6328456047631,54.78332159013823,-164.92891546157787
19.17917917917918,1050.6991408078377,-1290.934725794184,54.78332159013823,-165.1291156617781
19.1991991991992,1051.7959040028354,-1294.240613995621,54.78332159013823,-165.3293158619783
19.21921921921922,1052.8926671978331,-1297.550510209074,54.78332159013823,-165.52951606217852
19.23923923923924,1053.9894303928309,-1300.864414434543,54.78332159013823,-165.72971626237873
19.25925925925926,1055.0861935878286,-1304.182326672028,54.78332159013823,-165.92991646257894
19.27927927927928,1056.1829567828263,-1307.504246921529,54.78332159013823,-166.13011666277916
19.2992992992993,1057.279719977824,-1310.830175183046,54.78332159013823,-166.33031686297937
19.31931931931932,1058.3764831728217,-1314.1601114565792,54.78332159013823,-166.5305170631796
19.33933933933934,1059.4732463678195,-1317.4940557421285,54.78332159013823,-166.7307172633798
19.35935935935936,1060.5700095628172,-1320.8320080396936,54.78332159013823,-166.93091746358002
19.37937937937938,1061.666772757815,-1324.173968349275,54.78332159013823,-167.13111766378023
19.3993993993994,1062.7635359528126,-1327.519936670872,54.78332159013823,-167.33131786398044
19.41941941941942,1063.8602991478103,-1330.8699130044854,54.78332159013823,-167.53151806418066
19.43943943943944,1064.957062342808,-1334.2238973501146,54.78332159013823,-167.73171826438087
19.45945945945946,1066.0538255378058,-1337.58188970776,54.78332159013823,-167.9319184645811
19.47947947947948,1067.1505887328035,-1340.9438900774212,54.78332159013823,-168.1321186647813
19.4994994994995,1068.2473519278012,-1344.3098984590986,54.78332159013823,-168.33231886498152
19.51951951951952,1069.344115122799,-1347.6799148527919,54.78332159013823,-168.53251906518173
19.53953953953954,1070.4408783177967,-1351.0539392585013,54.78332159013823,-168.73271926538195
19.55955955955956,1071.5376415127944,-1354.4319716762266,54.78332159013823,-168.93291946558216
19.57957957957958,1072.634404707792,-1357.814012105968,54.78332159013823,-169.13311966578237
19.5995995995996,1073.7311679027898,-1361.2000605477253,54.78332159013823,-169.3333198659826
19.61961961961962,1074.8279310977875,-1364.5901170014988,54.78332159013823,-169.5335200661828
19.63963963963964,1075.9246942927853,-1367.9841814672882,54.78332159013823,-169.73372026638302
19.65965965965966,1077.021457487783,-1371.3822539450937,54.78332159013823,-169.93392046658323
19.67967967967968,1078.1182206827807,-1374.784334434915,54.78332159013823,-170.13412066678345
19.6996996996997,1079.2149838777784,-1378.1904229367526,54.78332159013823,-170.33432086698366
19.71971971971972,1080.3117470727761,-1381.600519450606,54.78332159013823,-170.53452106718387
19.73973973973974,1081.4085102677739,-1385.0146239764756,54.78332159013823,-170.7347212673841
19.75975975975976,1082.5052734627716,-1388.432736514361,54.78332159013823,-170.9349214675843
19.77977977977978,1083.6020366577693,-1391.8548570642627,54.78332159013823,-171.13512166778452
19.7997997997998,1084.698799852767,-1395.2809856261802,54.78332159013823,-171.33532186798473
19.81981981981982,1085.7955630477647,-1398.7111222001138,54.78332159013823,-171.53552206818495
19.83983983983984,1086.8923262427625,-1402.1452667860635,54.78332159013823,-171.73572226838516
19.85985985985986,1087.9890894377602,-1405.5834193840292,54.78332159013823,-171.93592246858537
19.87987987987988,1089.085852632758,-1409.025579994011,54.78332159013823,-172.1361226687856
19.8998998998999,1090.1826158277556,-1412.4717486160087,54.78332159013823,-172.3363228689858
19.91991991991992,1091.2793790227533,-1415.9219252500225,54.78332159013823,-172.53652306918602
19.93993993993994,1092.376142217751,-1419.3761098960522,54.78332159013823,-172.73672326938623
19.95995995995996,1093.4729054127488,-1422.834302554098,54.78332159013823,-172.93692346958645
19.97997997997998,1094.5696686077465,-1426.2965032241598,54.78332159013823,-173.13712366978666
20.0,1095.6664318027442,-1429.7627119062377,54.78332159013823,-173.33732386998688
