t,xpos,ypos,vx,vy
0.0,0.0,36.40291911331812,2.7640518609518385,22.29586965559563
0.02002002002002002,0.0553363735926294,36.849282870186904,2.7640518609518385,22.09566945539543
0.04004004004004004,0.1106727471852588,37.291638615039666,2.7640518609518385,21.89546925519523
0.06006006006006006,0.1660091207778882,37.729986347876405,2.7640518609518385,21.69526905499503
0.08008008008008008,0.2213454943705176,38.16432606869713,2.7640518609518385,21.49506885479483
0.10010010010010009,0.276681867963147,38.59465777750183,2.7640518609518385,21.29486865459463
0.12012012012012012,0.33201824155577636,39.02098147429051,2.7640518609518385,21.09466845439443
0.14014014014014015,0.38735461514840575,39.44329715906317,2.7640518609518385,20.89446825419423
0.16016016016016016,0.44269098874103513,39.86160483181981,2.7640518609518385,20.69426805399403
0.18018018018018017,0.4980273623336645,40.275904492560436,2.7640518609518385,20.49406785379383
0.20020020020020018,0.553363735926294,40.68619614128504,2.7640518609518385,20.29386765359363
0.22022022022022023,0.6087001095189234,41.09247977799362,2.7640518609518385,20.09366745339343
0.24024024024024024,0.6640364831115528,41.49475540268618,2.7640518609518385,19.89346725319323
0.2602602602602603,0.7193728567041823,41.89302301536272,2.7640518609518385,19.69326705299303
0.2802802802802803,0.7747092302968117,42.28728261602324,2.7640518609518385,19.49306685279283
0.3003003003003003,0.8300456038894412,42.677534204667744,2.7640518609518385,19.29286665259263
0.3203203203203203,0.8853819774820706,43.063777781296224,2.7640518609518385,19.09266645239243
0.3403403403403404,0.9407183510747,43.44601334590868,2.7640518609518385,18.89246625219223
0.36036036036036034,0.9960547246673295,43.824240898505124,2.7640518609518385,18.69226605199203
0.3803803803803804,1.0513910982599588,44.198460439085544,2.7640518609518385,18.49206585179183
0.40040040040040037,1.1067274718525881,44.56867196764995,2.7640518609518385,18.29186565159163
0.42042042042042044,1.1620638454452175,44.93487548419833,2.7640518609518385,18.091665451391428
0.44044044044044045,1.2174002190378468,45.29707098873069,2.7640518609518385,17.891465251191228
0.4604604604604605,1.2727365926304761,45.65525848124703,2.7640518609518385,17.691265050991028
0.4804804804804805,1.3280729662231054,46.00943796174735,2.7640518609518385,17.491064850790828
0.5005005005005005,1.3834093398157348,46.35960943023165,2.7640518609518385,17.290864650590628
0.5205205205205206,1.438745713408364,46.70577288669993,2.7640518609518385,17.090664450390427
0.5405405405405406,1.4940820870009934,47.04792833115219,2.7640518609518385,16.890464250190227
0.5605605605605606,1.5494184605936228,47.38607576358844,2.7640518609518385,16.690264049990027
0.5805805805805806,1.604754834186252,47.72021518400866,2.7640518609518385,16.490063849789827
0.6006006006006006,1.6600912077788814,48.05034659241286,2.7640518609518385,16.289863649589627
0.6206206206206206,1.7154275813715107,48.37646998880104,2.7640518609518385,16.089663449389427
0.6406406406406406,1.77076395496414,48.6985853731732,2.7640518609518385,15.889463249189227
0.6606606606606606,1.8261003285567694,49.01669274552934,2.7640518609518385,15.689263048989027
0.6806806806806808,1.8814367021493987,49.33079210586946,2.7640518609518385,15.489062848788826
0.7007007007007007,1.936773075742028,49.64088345419356,2.7640518609518385,15.288862648588626
0.7207207207207207,1.9921094493346574,49.94696679050164,2.7640518609518385,15.088662448388426
0.7407407407407407,2.047445822927287,50.2490421147937,2.7640518609518385,14.888462248188226
0.7607607607607608,2.1027821965199163,50.54710942706974,2.7640518609518385,14.688262047988026
0.7807807807807808,2.1581185701125456,50.841168727329766,2.7640518609518385,14.488061847787826
0.8008008008008007,2.213454943705175,51.13122001557377,2.7640518609518385,14.287861647587626
0.8208208208208208,2.2687913172978043,51.417263291801746,2.7640518609518385,14.087661447387426
0.8408408408408409,2.3241276908904336,51.69929855601371,2.7640518609518385,13.887461247187225
0.8608608608608609,2.379464064483063,51.97732580820965,2.7640518609518385,13.687261046987025
0.8808808808808809,2.4348004380756922,52.25134504838957,2.7640518609518385,13.487060846786825
0.9009009009009008,2.4901368116683216,52.52135627655347,2.7640518609518385,13.286860646586625
0.920920920920921,2.545473185260951,52.78735949270135,2.7640518609518385,13.086660446386425
0.9409409409409409,2.6008095588535802,53.049354696833205,2.7640518609518385,12.886460246186225
0.960960960960961,2.6561459324462096,53.30734188894905,2.7640518609518385,12.686260045986025
0.980980980980981,2.711482306038839,53.561321069048866,2.7640518609518385,12.486059845785825
1.001001001001001,2.766818679631468,53.81129223713267,2.7640518609518385,12.285859645585624
1.021021021021021,2.8221550532240975,54.05725539320045,2.7640518609518385,12.085659445385424
1.0410410410410411,2.877491426816727,54.29921053725221,2.7640518609518385,11.885459245185224
1.0610610610610611,2.932827800409356,54.53715766928795,2.7640518609518385,11.685259044985024
1.0810810810810811,2.9881641740019855,54.77109678930767,2.7640518609518385,11.485058844784824
1.1011011011011012,3.043500547594615,55.00102789731137,2.7640518609518385,11.284858644584624
1.1211211211211212,3.098836921187244,55.22695099329905,2.7640518609518385,11.084658444384424
1.1411411411411412,3.1541732947798735,55.44886607727071,2.7640518609518385,10.884458244184223
1.1611611611611612,3.209509668372503,55.66677314922635,2.7640518609518385,10.684258043984023
1.1811811811811812,3.264846041965132,55.88067220916597,2.7640518609518385,10.484057843783823
1.2012012012012012,3.3201824155577615,56.09056325708957,2.7640518609518385,10.283857643583623
1.2212212212212212,3.375518789150391,56.29644629299715,2.7640518609518385,10.083657443383423
1.2412412412412412,3.43085516274302,56.49832131688871,2.7640518609518385,9.883457243183223
1.2612612612612613,3.4861915363356495,56.69618832876425,2.7640518609518385,9.683257042983023
1.2812812812812813,3.541527909928279,56.89004732862377,2.7640518609518385,9.483056842782823
1.3013013013013013,3.596864283520908,57.07989831646727,2.7640518609518385,9.282856642582622
1.3213213213213213,3.6522006571135375,57.26574129229475,2.7640518609518385,9.082656442382422
1.3413413413413413,3.707537030706167,57.44757625610621,2.7640518609518385,8.882456242182222
1.3613613613613615,3.762873404298796,57.62540320790165,2.7640518609518385,8.682256041982022
1.3813813813813813,3.8182097778914255,57.79922214768107,2.7640518609518385,8.482055841781822
1.4014014014014013,3.873546151484055,57.96903307544447,2.7640518609518385,8.281855641581622
1.4214214214214214,3.928882525076684,58.13483599119185,2.7640518609518385,8.081655441381422
1.4414414414414414,3.9842188986693134,58.29663089492321,2.7640518609518385,7.8814552411812215
1.4614614614614616,4.039555272261943,58.45441778663855,2.7640518609518385,7.681255040981021
1.4814814814814814,4.094891645854572,58.60819666633787,2.7640518609518385,7.481054840780821
1.5015015015015014,4.150228019447201,58.75796753402117,2.7640518609518385,7.280854640580621
1.5215215215215216,4.205564393039831,58.90373038968845,2.7640518609518385,7.080654440380421
1.5415415415415414,4.26090076663246,59.045485233339704,2.7640518609518385,6.880454240180221
1.5615615615615617,4.316237140225089,59.183232064974945,2.7640518609518385,6.680254039980021
1.5815815815815815,4.371573513817719,59.31697088459416,2.7640518609518385,6.480053839779821
1.6016016016016015,4.426909887410348,59.446701692197365,2.7640518609518385,6.2798536395796205
1.6216216216216217,4.482246261002977,59.572424487784545,2.7640518609518385,6.07965343937942
1.6416416416416415,4.537582634595607,59.6941392713557,2.7640518609518385,5.87945323917922
1.6616616616616617,4.592919008188236,59.811846042910844,2.7640518609518385,5.67925303897902
1.6816816816816818,4.648255381780865,59.92554480244996,2.7640518609518385,5.47905283877882
1.7017017017017015,4.703591755373495,60.03523554997306,2.7640518609518385,5.27885263857862
1.7217217217217218,4.758928128966124,60.14091828548014,2.7640518609518385,5.07865243837842
1.7417417417417416,4.814264502558753,60.2425930089712,2.7640518609518385,4.87845223817822
1.7617617617617618,4.869600876151383,60.34025972044624,2.7640518609518385,4.6782520379780195
1.7817817817817818,4.924937249744012,60.43391841990526,2.7640518609518385,4.478051837777819
1.8018018018018016,4.980273623336641,60.52356910734826,2.7640518609518385,4.277851637577619
1.8218218218218218,5.035609996929271,60.60921178277524,2.7640518609518385,4.077651437377419
1.841841841841842,5.0909463705219,60.6908464461862,2.7640518609518385,3.877451237177219
1.8618618618618619,5.146282744114529,60.768473097581136,2.7640518609518385,3.677251036977019
1.8818818818818819,5.201619117707159,60.84209173696006,2.7640518609518385,3.4770508367768187
1.9019019019019017,5.256955491299788,60.911702364322956,2.7640518609518385,3.2768506365766186
1.921921921921922,5.312291864892417,60.97730497966983,2.7640518609518385,3.0766504363764184
1.9419419419419421,5.367628238485047,61.03889958300069,2.7640518609518385,2.8764502361762183
1.961961961961962,5.422964612077676,61.09648617431553,2.7640518609518385,2.676250035976018
1.981981981981982,5.478300985670305,61.15006475361435,2.7640518609518385,2.476049835775818
2.002002002002002,5.533637359262935,61.19963532089715,2.7640518609518385,2.275849635575618
2.022022022022022,5.588973732855564,61.24519787616393,2.7640518609518385,2.075649435375418
2.042042042042042,5.644310106448193,61.28675241941469,2.7640518609518385,1.8754492351752177
2.0620620620620618,5.699646480040823,61.32429895064943,2.7640518609518385,1.6752490349750175
2.0820820820820822,5.754982853633452,61.357837469868144,2.7640518609518385,1.4750488347748174
2.1021021021021022,5.810319227226081,61.387367977070845,2.7640518609518385,1.2748486345746173
2.1221221221221223,5.865655600818711,61.41289047225752,2.7640518609518385,1.0746484343744171
2.1421421421421423,5.92099197441134,61.434404955428185,2.7640518609518385,0.874448234174217
2.1621621621621623,5.976328348003969,61.451911426582825,2.7640518609518385,0.6742480339740169
2.1821821821821823,6.031664721596599,61.46540988572144,2.7640518609518385,0.4740478337738167
2.2022022022022023,6.087001095189228,61.474900332844044,2.7640518609518385,0.2738476335736165
2.2222222222222223,6.142337468781857,61.48038276795062,2.7640518609518385,0.07364743337341634
2.2422422422422423,6.197673842374487,61.48185719104118,2.7640518609518385,-0.12655276682678385
2.2622622622622623,6.253010215967116,61.47932360211572,2.7640518609518385,-0.32675296702698403
2.2822822822822824,6.308346589559745,61.47278200117424,2.7640518609518385,-0.5269531672271842
2.3023023023023024,6.363682963152375,61.462232388216734,2.7640518609518385,-0.7271533674273845
2.3223223223223224,6.419019336745004,61.447674763243214,2.7640518609518385,-0.9273535676275846
2.3423423423423424,6.474355710337633,61.42910912625367,2.7640518609518385,-1.1275537678277847
2.3623623623623624,6.529692083930263,61.40653547724811,2.7640518609518385,-1.3277539680279848
2.3823823823823824,6.585028457522892,61.37995381622653,2.7640518609518385,-1.527954168228185
2.4024024024024024,6.640364831115521,61.34936414318893,2.7640518609518385,-1.728154368428385
2.4224224224224224,6.6957012047081506,61.31476645813531,2.7640518609518385,-1.9283545686285852
2.4424424424424425,6.75103757830078,61.27616076106567,2.7640518609518385,-2.1285547688287854
2.4624624624624625,6.806373951893409,61.233547051980004,2.7640518609518385,-2.3287549690289855
2.4824824824824825,6.8617103254860385,61.186925330878324,2.7640518609518385,-2.5289551692291856
2.5025025025025025,6.917046699078668,61.13629559776062,2.7640518609518385,-2.7291553694293857
2.5225225225225225,6.972383072671297,61.081657852626904,2.7640518609518385,-2.929355569629586
2.5425425425425425,7.0277194462639265,61.02301209547716,2.7640518609518385,-3.129555769829786
2.5625625625625625,7.083055819856556,60.9603583263114,2.7640518609518385,-3.329755970029986
2.5825825825825826,7.138392193449185,60.89369654512962,2.7640518609518385,-3.5299561702301863
2.6026026026026026,7.1937285670418145,60.82302675193182,2.7640518609518385,-3.7301563704303864
2.6226226226226226,7.249064940634444,60.748348946718,2.7640518609518385,-3.9303565706305865
2.6426426426426426,7.304401314227073,60.66966312948816,2.7640518609518385,-4.130556770830787
2.6626626626626626,7.3597376878197025,60.586969300242295,2.7640518609518385,-4.330756971030987
2.6826826826826826,7.415074061412332,60.50026745898041,2.7640518609518385,-4.530957171231187
2.7027027027027026,7.470410435004961,60.40955760570251,2.7640518609518385,-4.7311573714313875
2.722722722722723,7.5257468085975905,60.31483974040859,2.7640518609518385,-4.931357571631588
2.7427427427427427,7.58108318219022,60.21611386309865,2.7640518609518385,-5.131557771831788
2.7627627627627627,7.636419555782849,60.11337997377269,2.7640518609518385,-5.331757972031988
2.7827827827827827,7.6917559293754785,60.006638072430704,2.7640518609518385,-5.531958172232188
2.8028028028028027,7.747092302968108,59.895888159072705,2.7640518609518385,-5.732158372432388
2.822822822822823,7.802428676560737,59.78113023369868,2.7640518609518385,-5.932358572632588
2.8428428428428427,7.8577650501533665,59.66236429630864,2.7640518609518385,-6.132558772832788
2.8628628628628627,7.913101423745996,59.53959034690258,2.7640518609518385,-6.3327589730329885
2.8828828828828827,7.968437797338625,59.412808385480496,2.7640518609518385,-6.532959173233189
2.9029029029029028,8.023774170931254,59.28201841204239,2.7640518609518385,-6.733159373433389
2.922922922922923,8.079110544523884,59.14722042658827,2.7640518609518385,-6.933359573633589
2.942942942942943,8.134446918116513,59.008414429118126,2.7640518609518385,-7.133559773833789
2.962962962962963,8.189783291709142,58.86560041963197,2.7640518609518385,-7.333759974033989
2.982982982982983,8.245119665301772,58.718778398129786,2.7640518609518385,-7.533960174234189
3.003003003003003,8.300456038894401,58.56794836461158,2.7640518609518385,-7.734160374434389
3.0230230230230233,8.35579241248703,58.41311031907736,2.7640518609518385,-7.9343605746345895
3.0430430430430433,8.41112878607966,58.25426426152712,2.7640518609518385,-8.13456077483479
3.063063063063063,8.466465159672289,58.091410191960854,2.7640518609518385,-8.33476097503499
3.083083083083083,8.521801533264918,57.92454811037857,2.7640518609518385,-8.53496117523519
3.103103103103103,8.577137906857548,57.75367801678027,2.7640518609518385,-8.735161375435391
3.1231231231231233,8.632474280450177,57.57879991116595,2.7640518609518385,-8.935361575635591
3.1431431431431434,8.687810654042806,57.39991379353561,2.7640518609518385,-9.135561775835791
3.163163163163163,8.743147027635436,57.217019663889246,2.7640518609518385,-9.335761976035991
3.183183183183183,8.798483401228065,57.03011752222687,2.7640518609518385,-9.535962176236191
3.203203203203203,8.853819774820694,56.839207368548465,2.7640518609518385,-9.736162376436392
3.2232232232232234,8.909156148413324,56.64428920285404,2.7640518609518385,-9.936362576636592
3.2432432432432434,8.964492522005953,56.4453630251436,2.7640518609518385,-10.136562776836792
3.263263263263263,9.019828895598582,56.24242883541714,2.7640518609518385,-10.336762977036992
3.283283283283283,9.075165269191212,56.03548663367465,2.7640518609518385,-10.536963177237192
3.303303303303303,9.130501642783841,55.82453641991615,2.7640518609518385,-10.737163377437392
3.3233233233233235,9.18583801637647,55.609578194141626,2.7640518609518385,-10.937363577637592
3.3433433433433435,9.2411743899691,55.39061195635109,2.7640518609518385,-11.137563777837793
3.3633633633633635,9.296510763561729,55.167637706544525,2.7640518609518385,-11.337763978037993
3.383383383383383,9.351847137154358,54.94065544472194,2.7640518609518385,-11.537964178238193
3.403403403403403,9.407183510746988,54.70966517088334,2.7640518609518385,-11.738164378438393
3.4234234234234235,9.462519884339617,54.47466688502872,2.7640518609518385,-11.938364578638593
3.4434434434434436,9.517856257932246,54.23566058715807,2.7640518609518385,-12.138564778838793
3.4634634634634636,9.573192631524876,53.99264627727141,2.7640518609518385,-12.338764979038993
3.483483483483483,9.628529005117505,53.74562395536873,2.7640518609518385,-12.538965179239193
3.503503503503503,9.683865378710134,53.49459362145002,2.7640518609518385,-12.739165379439394
3.5235235235235236,9.739201752302764,53.2395552755153,2.7640518609518385,-12.939365579639594
3.5435435435435436,9.794538125895393,52.980508917564556,2.7640518609518385,-13.139565779839794
3.5635635635635636,9.849874499488022,52.7174545475978,2.7640518609518385,-13.339765980039994
3.583583583583583,9.905210873080652,52.450392165615014,2.7640518609518385,-13.539966180240194
3.603603603603603,9.960547246673281,52.17932177161621,2.7640518609518385,-13.740166380440394
3.6236236236236237,10.01588362026591,51.90424336560139,2.7640518609518385,-13.940366580640594
3.6436436436436437,10.07121999385854,51.625156947570545,2.7640518609518385,-14.140566780840794
3.6636636636636637,10.126556367451169,51.34206251752368,2.7640518609518385,-14.340766981040995
3.683683683683684,10.181892741043798,51.0549600754608,2.7640518609518385,-14.540967181241195
3.7037037037037033,10.237229114636428,50.763849621381894,2.7640518609518385,-14.741167381441395
3.7237237237237237,10.292565488229057,50.468731155286974,2.7640518609518385,-14.941367581641595
3.7437437437437437,10.347901861821686,50.16960467717603,2.7640518609518385,-15.141567781841795
3.7637637637637638,10.403238235414316,49.86647018704907,2.7640518609518385,-15.341767982041995
3.783783783783784,10.458574609006945,49.55932768490609,2.7640518609518385,-15.541968182242195
3.8038038038038033,10.513910982599574,49.248177170747084,2.7640518609518385,-15.742168382442395
3.823823823823824,10.569247356192204,48.93301864457206,2.7640518609518385,-15.942368582642596
3.843843843843844,10.624583729784833,48.61385210638102,2.7640518609518385,-16.142568782842798
3.863863863863864,10.679920103377462,48.290677556173954,2.7640518609518385,-16.342768983042998
3.8838838838838843,10.735256476970092,47.96349499395087,2.7640518609518385,-16.542969183243198
3.9039039039039034,10.79059285056272,47.632304419711765,2.7640518609518385,-16.743169383443398
3.923923923923924,10.84592922415535,47.29710583345664,2.7640518609518385,-16.943369583643598
3.943943943943944,10.90126559774798,46.9578992351855,2.7640518609518385,-17.143569783843798
3.963963963963964,10.956601971340609,46.61468462489834,2.7640518609518385,-17.343769984044
3.9839839839839843,11.011938344933238,46.26746200259515,2.7640518609518385,-17.5439701842442
4.004004004004004,11.067274718525868,45.91623136827595,2.7640518609518385,-17.7441703844444
4.0240240240240235,11.122611092118497,45.56099272194073,2.7640518609518385,-17.9443705846446
4.044044044044044,11.177947465711126,45.20174606358948,2.7640518609518385,-18.1445707848448
4.064064064064064,11.233283839303756,44.83849139322222,2.7640518609518385,-18.344770985045
4.084084084084084,11.288620212896385,44.471228710838936,2.7640518609518385,-18.5449711852452
4.104104104104104,11.343956586489014,44.099958016439636,2.7640518609518385,-18.7451713854454
4.1241241241241235,11.399292960081643,43.724679310024314,2.7640518609518385,-18.9453715856456
4.1441441441441444,11.454629333674273,43.34539259159297,2.7640518609518385,-19.1455717858458
4.1641641641641645,11.509965707266902,42.96209786114561,2.7640518609518385,-19.345771986046
4.1841841841841845,11.565302080859531,42.574795118682225,2.7640518609518385,-19.5459721862462
4.2042042042042045,11.62063845445216,42.18348436420282,2.7640518609518385,-19.7461723864464
4.2242242242242245,11.67597482804479,41.7881655977074,2.7640518609518385,-19.9463725866466
4.2442442442442445,11.73131120163742,41.38883881919595,2.7640518609518385,-20.1465727868468
4.2642642642642645,11.786647575230049,40.98550402866849,2.7640518609518385,-20.346772987047
4.2842842842842845,11.841983948822678,40.578161226125005,2.7640518609518385,-20.5469731872472
4.3043043043043046,11.897320322415307,40.1668104115655,2.7640518609518385,-20.7471733874474
4.324324324324325,11.952656696007937,39.75145158498998,2.7640518609518385,-20.9473735876476
4.344344344344345,12.007993069600566,39.332084746398436,2.7640518609518385,-21.1475737878478
4.364364364364365,12.063329443193195,38.90870989579087,2.7640518609518385,-21.347773988048
4.384384384384385,12.118665816785825,38.48132703316729,2.7640518609518385,-21.5479741882482
4.404404404404405,12.174002190378454,38.049936158527686,2.7640518609518385,-21.7481743884484
4.424424424424425,12.229338563971083,37.61453727187206,2.7640518609518385,-21.9483745886486
4.444444444444445,12.284674937563713,37.17513037320042,2.7640518609518385,-22.1485747888488
4.464464464464465,12.340011311156342,36.73171546251275,2.7640518609518385,-22.348774989049
4.484484484484485,12.395347684748971,36.284292539809066,2.7640518609518385,-22.5489751892492
4.504504504504505,12.4506840583416,35.83286160508936,2.7640518609518385,-22.7491753894494
4.524524524524525,12.50602043193423,35.37742265835364,2.7640518609518385,-22.949375589649602
4.544544544544545,12.56135680552686,34.9179756996019,2.7640518609518385,-23.149575789849802
4.564564564564565,12.616693179119489,34.45452072883413,2.7640518609518385,-23.349775990050002
4.584584584584585,12.672029552712118,33.98705774605035,2.7640518609518385,-23.549976190250202
4.604604604604605,12.727365926304747,33.515586751250545,2.7640518609518385,-23.750176390450402
4.624624624624625,12.782702299897377,33.04010774443472,2.7640518609518385,-23.950376590650603
4.644644644644645,12.838038673490006,32.560620725602874,2.7640518609518385,-24.150576790850803
4.664664664664665,12.893375047082635,32.07712569475501,2.7640518609518385,-24.350776991051003
4.684684684684685,12.948711420675265,31.589622651891126,2.7640518609518385,-24.550977191251203
4.704704704704705,13.004047794267894,31.098111597011222,2.7640518609518385,-24.751177391451403
4.724724724724725,13.059384167860523,30.6025925301153,2.7640518609518385,-24.951377591651603
4.744744744744745,13.114720541453153,30.103065451203356,2.7640518609518385,-25.151577791851803
4.764764764764765,13.170056915045782,29.59953036027539,2.7640518609518385,-25.351777992052003
4.784784784784785,13.225393288638411,29.091987257331407,2.7640518609518385,-25.551978192252204
4.804804804804805,13.28072966223104,28.580436142371404,2.7640518609518385,-25.752178392452404
4.824824824824825,13.33606603582367,28.06487701539538,2.7640518609518385,-25.952378592652604
4.844844844844845,13.3914024094163,27.545309876403334,2.7640518609518385,-26.152578792852804
4.864864864864865,13.446738783008929,27.02173472539527,2.7640518609518385,-26.352778993053004
4.884884884884885,13.502075156601558,26.494151562371187,2.7640518609518385,-26.552979193253204
4.904904904904905,13.557411530194187,25.96256038733108,2.7640518609518385,-26.753179393453404
4.924924924924925,13.612747903786817,25.426961200274956,2.7640518609518385,-26.953379593653604
4.944944944944945,13.668084277379446,24.887354001202812,2.7640518609518385,-27.153579793853805
4.964964964964965,13.723420650972075,24.34373879011465,2.7640518609518385,-27.353779994054005
4.984984984984985,13.778757024564705,23.796115567010464,2.7640518609518385,-27.553980194254205
5.005005005005005,13.834093398157334,23.24448433189026,2.7640518609518385,-27.754180394454405
5.025025025025025,13.889429771749963,22.688845084754035,2.7640518609518385,-27.954380594654605
5.045045045045045,13.944766145342593,22.129197825601793,2.7640518609518385,-28.154580794854805
5.065065065065065,14.000102518935222,21.565542554433527,2.7640518609518385,-28.354780995055005
5.085085085085085,14.055438892527851,20.997879271249243,2.7640518609518385,-28.554981195255206
5.105105105105105,14.11077526612048,20.42620797604894,2.7640518609518385,-28.755181395455406
5.125125125125125,14.16611163971311,19.850528668832617,2.7640518609518385,-28.955381595655606
5.145145145145145,14.22144801330574,19.27084134960027,2.7640518609518385,-29.155581795855806
5.165165165165165,14.276784386898369,18.687146018351907,2.7640518609518385,-29.355781996056006
5.185185185185185,14.332120760490998,18.099442675087523,2.7640518609518385,-29.555982196256206
5.205205205205205,14.387457134083627,17.507731319807117,2.7640518609518385,-29.756182396456406
5.225225225225225,14.442793507676257,16.912011952510692,2.7640518609518385,-29.956382596656606
5.245245245245245,14.498129881268886,16.312284573198248,2.7640518609518385,-30.156582796856807
5.265265265265265,14.553466254861515,15.708549181869783,2.7640518609518385,-30.356782997057007
5.285285285285285,14.608802628454145,15.100805778525299,2.7640518609518385,-30.556983197257207
5.305305305305305,14.664139002046774,14.489054363164794,2.7640518609518385,-30.757183397457407
5.325325325325325,14.719475375639403,13.87329493578827,2.7640518609518385,-30.957383597657607
5.345345345345346,14.774811749232033,13.253527496395725,2.7640518609518385,-31.157583797857807
5.365365365365365,14.830148122824662,12.62975204498716,2.7640518609518385,-31.357783998058007
5.385385385385385,14.885484496417291,12.001968581562576,2.7640518609518385,-31.557984198258207
5.405405405405405,14.94082087000992,11.370177106121972,2.7640518609518385,-31.758184398458408
5.425425425425425,14.99615724360255,10.734377618665347,2.7640518609518385,-31.958384598658608
5.445445445445446,15.05149361719518,10.094570119192703,2.7640518609518385,-32.15858479885881
5.465465465465465,15.106829990787809,9.450754607704038,2.7640518609518385,-32.35878499905901
5.485485485485485,15.162166364380438,8.802931084199352,2.7640518609518385,-32.55898519925921
5.505505505505505,15.217502737973067,8.151099548678648,2.7640518609518385,-32.75918539945941
5.525525525525525,15.272839111565697,7.495260001141923,2.7640518609518385,-32.95938559965961
5.545545545545546,15.328175485158326,6.835412441589178,2.7640518609518385,-33.15958579985981
5.565565565565565,15.383511858750955,6.171556870020414,2.7640518609518385,-33.35978600006001
5.585585585585585,15.438848232343584,5.503693286435629,2.7640518609518385,-33.55998620026021
5.605605605605605,15.494184605936214,4.831821690834824,2.7640518609518385,-33.76018640046041
5.625625625625625,15.549520979528843,4.155942083217998,2.7640518609518385,-33.96038660066061
5.645645645645646,15.604857353121472,3.4760544635851534,2.7640518609518385,-34.16058680086081
5.665665665665665,15.660193726714102,2.7921588319362884,2.7640518609518385,-34.36078700106101
5.685685685685685,15.715530100306731,2.104255188271403,2.7640518609518385,-34.56098720126121
5.7057057057057055,15.77086647389936,1.4123435325904978,2.7640518609518385,-34.76118740146141
5.7257257257257255,15.82620284749199,0.7164238648935727,2.7640518609518385,-34.96138760166161
5.745745745745746,15.88153922108462,0.016496185180627454,2.7640518609518385,-35.16158780186181
5.7657657657657655,15.936875594677248,-0.6874395065483377,2.7640518609518385,-35.36178800206201
5.7857857857857855,15.992211968269878,-1.395383210293323,2.7640518609518385,-35.561988202262214
5.8058058058058055,16.04754834186251,-2.107334926054328,2.7640518609518385,-35.762188402462414
5.8258258258258255,16.10288471545514,-2.8232946538313533,2.7640518609518385,-35.962388602662614
5.845845845845846,16.15822108904777,-3.5432623936243983,2.7640518609518385,-36.162588802862814
5.865865865865866,16.213557462640402,-4.267238145433463,2.7640518609518385,-36.362789003063014
5.885885885885886,16.268893836233033,-4.995221909258548,2.7640518609518385,-36.562989203263214
5.905905905905906,16.324230209825664,-5.727213685099654,2.7640518609518385,-36.763189403463414
5.925925925925926,16.379566583418296,-6.463213472956779,2.7640518609518385,-36.963389603663614
5.9459459459459465,16.434902957010927,-7.203221272829925,2.7640518609518385,-37.163589803863815
5.965965965965966,16.490239330603558,-7.947237084719091,2.7640518609518385,-37.363790004064015
5.9859859859859865,16.54557570419619,-8.695260908624276,2.7640518609518385,-37.563990204264215
6.006006006006006,16.60091207778882,-9.44729274454548,2.7640518609518385,-37.764190404464415
6.026026026026026,16.65624845138145,-10.203332592482706,2.7640518609518385,-37.964390604664615
6.046046046046047,16.711584824974082,-10.96338045243595,2.7640518609518385,-38.164590804864815
6.066066066066066,16.766921198566713,-11.727436324405216,2.7640518609518385,-38.364791005065015
6.086086086086087,16.822257572159344,-12.495500208390503,2.7640518609518385,-38.564991205265216
6.106106106106106,16.877593945751975,-13.267572104391808,2.7640518609518385,-38.765191405465416
6.126126126126126,16.932930319344607,-14.043652012409135,2.7640518609518385,-38.965391605665616
6.146146146146147,16.988266692937238,-14.82373993244248,2.7640518609518385,-39.165591805865816
6.166166166166166,17.04360306652987,-15.607835864491847,2.7640518609518385,-39.365792006066016
6.186186186186187,17.0989394401225,-16.395939808557234,2.7640518609518385,-39.565992206266216
6.206206206206206,17.15427581371513,-17.18805176463864,2.7640518609518385,-39.766192406466416
6.226226226226226,17.209612187307762,-17.984171732736066,2.7640518609518385,-39.966392606666616
6.246246246246247,17.264948560900393,-18.78429971284951,2.7640518609518385,-40.16659280686682
6.266266266266266,17.320284934493024,-19.588435704978977,2.7640518609518385,-40.36679300706702
6.286286286286287,17.375621308085655,-20.396579709124463,2.7640518609518385,-40.56699320726722
6.306306306306306,17.430957681678287,-21.20873172528597,2.7640518609518385,-40.76719340746742
6.326326326326326,17.486294055270918,-22.024891753463493,2.7640518609518385,-40.96739360766762
6.346346346346347,17.54163042886355,-22.84505979365704,2.7640518609518385,-41.16759380786782
6.366366366366366,17.59696680245618,-23.669235845866606,2.7640518609518385,-41.36779400806802
6.386386386386387,17.65230317604881,-24.49741991009219,2.7640518609518385,-41.56799420826822
6.406406406406406,17.707639549641442,-25.329611986333795,2.7640518609518385,-41.76819440846842
6.426426426426426,17.762975923234073,-26.165812074591422,2.7640518609518385,-41.96839460866862
6.446446446446447,17.818312296826704,-27.006020174865068,2.7640518609518385,-42.16859480886882
6.466466466466466,17.873648670419335,-27.850236287154733,2.7640518609518385,-42.36879500906902
6.486486486486487,17.928985044011966,-28.69846041146042,2.7640518609518385,-42.56899520926922
6.506506506506506,17.984321417604598,-29.550692547782127,2.7640518609518385,-42.76919540946942
6.526526526526526,18.03965779119723,-30.406932696119853,2.7640518609518385,-42.96939560966962
6.546546546546547,18.09499416478986,-31.267180856473598,2.7640518609518385,-43.16959580986982
6.566566566566566,18.15033053838249,-32.131437028843365,2.7640518609518385,-43.36979601007002
6.586586586586587,18.205666911975122,-32.99970121322915,2.7640518609518385,-43.56999621027022
6.606606606606606,18.261003285567753,-33.87197340963096,2.7640518609518385,-43.77019641047042
6.626626626626627,18.316339659160384,-34.748253618048786,2.7640518609518385,-43.97039661067062
6.646646646646647,18.371676032753015,-35.62854183848263,2.7640518609518385,-44.17059681087082
6.666666666666666,18.427012406345646,-36.512838070932496,2.7640518609518385,-44.37079701107102
6.686686686686687,18.482348779938278,-37.40114231539838,2.7640518609518385,-44.57099721127122
6.706706706706706,18.53768515353091,-38.29345457188029,2.7640518609518385,-44.77119741147142
6.726726726726727,18.59302152712354,-39.18977484037821,2.7640518609518385,-44.97139761167162
6.746746746746747,18.64835790071617,-40.09010312089216,2.7640518609518385,-45.17159781187182
6.766766766766766,18.703694274308802,-40.99443941342213,2.7640518609518385,-45.37179801207202
6.786786786786787,18.759030647901433,-41.90278371796811,2.7640518609518385,-45.57199821227222
6.806806806806806,18.814367021494064,-42.81513603453012,2.7640518609518385,-45.77219841247242
6.826826826826827,18.869703395086695,-43.73149636310815,2.7640518609518385,-45.97239861267262
6.846846846846847,18.925039768679326,-44.651864703702195,2.7640518609518385,-46.17259881287282
6.866866866866866,18.980376142271957,-45.57624105631226,2.7640518609518385,-46.37279901307302
6.886886886886887,19.03571251586459,-46.504625420938346,2.7640518609518385,-46.57299921327322
6.906906906906906,19.09104888945722,-47.43701779758045,2.7640518609518385,-46.77319941347342
6.926926926926927,19.14638526304985,-48.37341818623858,2.7640518609518385,-46.97339961367362
6.946946946946947,19.201721636642482,-49.313826586912725,2.7640518609518385,-47.17359981387382
6.966966966966966,19.257058010235113,-50.25824299960289,2.7640518609518385,-47.37380001407402
6.986986986986987,19.312394383827744,-51.20666742430908,2.7640518609518385,-47.57400021427422
7.007007007007006,19.367730757420375,-52.15909986103129,2.7640518609518385,-47.77420041447442
7.027027027027027,19.423067131013006,-53.115540309769514,2.7640518609518385,-47.97440061467462
7.047047047047047,19.478403504605637,-54.075988770523765,2.7640518609518385,-48.17460081487482
7.067067067067066,19.53373987819827,-55.04044524329403,2.7640518609518385,-48.37480101507502
7.087087087087087,19.5890762517909,-56.00890972808032,2.7640518609518385,-48.57500121527522
7.107107107107106,19.64441262538353,-56.98138222488262,2.7640518609518385,-48.77520141547542
7.127127127127127,19.699748998976162,-57.95786273370095,2.7640518609518385,-48.97540161567562
7.147147147147147,19.755085372568793,-58.9383512545353,2.7640518609518385,-49.17560181587582
7.167167167167166,19.810421746161424,-59.92284778738566,2.7640518609518385,-49.37580201607602
7.187187187187187,19.865758119754055,-60.91135233225205,2.7640518609518385,-49.57600221627622
7.207207207207206,19.921094493346686,-61.90386488913446,2.7640518609518385,-49.77620241647642
7.227227227227227,19.976430866939317,-62.900385458032886,2.7640518609518385,-49.97640261667662
7.247247247247247,20.03176724053195,-63.900914038947334,2.7640518609518385,-50.17660281687682
7.267267267267268,20.08710361412458,-64.9054506318778,2.7640518609518385,-50.37680301707702
7.287287287287287,20.14243998771721,-65.91399523682429,2.7640518609518385,-50.57700321727722
7.3073073073073065,20.19777636130984,-66.9265478537868,2.7640518609518385,-50.77720341747742
7.327327327327327,20.253112734902473,-67.94310848276533,2.7640518609518385,-50.97740361767762
7.347347347347347,20.308449108495104,-68.96367712375987,2.7640518609518385,-51.177603817877824
7.367367367367368,20.363785482087735,-69.98825377677043,2.7640518609518385,-51.377804018078024
7.387387387387387,20.419121855680366,-71.01683844179702,2.7640518609518385,-51.578004218278224
7.4074074074074066,20.474458229272997,-72.04943111883962,2.7640518609518385,-51.778204418478424
7.4274274274274275,20.52979460286563,-73.08603180789825,2.7640518609518385,-51.978404618678624
7.4474474474474475,20.58513097645826,-74.1266405089729,2.7640518609518385,-52.178604818878824
7.467467467467468,20.64046735005089,-75.17125722206356,2.7640518609518385,-52.378805019079024
7.4874874874874875,20.69580372364352,-76.21988194717025,2.7640518609518385,-52.579005219279225
7.507507507507507,20.751140097236153,-77.27251468429296,2.7640518609518385,-52.779205419479425
7.5275275275275275,20.806476470828784,-78.32915543343168,2.7640518609518385,-52.979405619679625
7.5475475475475475,20.861812844421415,-79.38980419458643,2.7640518609518385,-53.179605819879825
7.567567567567568,20.917149218014046,-80.4544609677572,2.7640518609518385,-53.379806020080025
7.587587587587588,20.972485591606677,-81.52312575294398,2.7640518609518385,-53.580006220280225
7.607607607607607,21.02782196519931,-82.5957985501468,2.7640518609518385,-53.780206420480425
7.627627627627628,21.08315833879194,-83.67247935936562,2.7640518609518385,-53.980406620680625
7.647647647647648,21.13849471238457,-84.75316818060047,2.7640518609518385,-54.180606820880826
7.6676676676676685,21.1938310859772,-85.83786501385134,2.7640518609518385,-54.380807021081026
7.687687687687688,21.249167459569833,-86.92656985911823,2.7640518609518385,-54.581007221281226
7.707707707707707,21.304503833162464,-88.01928271640114,2.7640518609518385,-54.781207421481426
7.727727727727728,21.359840206755095,-89.11600358570007,2.7640518609518385,-54.981407621681626
7.747747747747748,21.415176580347726,-90.21673246701502,2.7640518609518385,-55.181607821881826
7.767767767767769,21.470512953940357,-91.32146936034599,2.7640518609518385,-55.381808022082026
7.787787787787788,21.52584932753299,-92.43021426569297,2.7640518609518385,-55.58200822228223
7.807807807807807,21.58118570112562,-93.54296718305598,2.7640518609518385,-55.78220842248243
7.827827827827828,21.63652207471825,-94.659728112435,2.7640518609518385,-55.98240862268263
7.847847847847848,21.69185844831088,-95.78049705383005,2.7640518609518385,-56.18260882288283
7.867867867867869,21.747194821903513,-96.90527400724112,2.7640518609518385,-56.38280902308303
7.887887887887888,21.802531195496144,-98.0340589726682,2.7640518609518385,-56.58300922328323
7.907907907907909,21.857867569088775,-99.16685195011131,2.7640518609518385,-56.78320942348343
7.927927927927928,21.913203942681406,-100.30365293957044,2.7640518609518385,-56.98340962368363
7.947947947947948,21.968540316274037,-101.44446194104559,2.7640518609518385,-57.18360982388383
7.967967967967969,22.02387668986667,-102.58927895453675,2.7640518609518385,-57.38381002408403
7.987987987987988,22.0792130634593,-103.73810398004395,2.7640518609518385,-57.58401022428423
8.008008008008009,22.13454943705193,-104.89093701756715,2.7640518609518385,-57.78421042448443
8.028028028028029,22.18988581064456,-106.04777806710638,2.7640518609518385,-57.98441062468463
8.048048048048047,22.245222184237193,-107.20862712866163,2.7640518609518385,-58.18461082488483
8.068068068068069,22.300558557829824,-108.3734842022329,2.7640518609518385,-58.38481102508503
8.088088088088089,22.355894931422455,-109.54234928782019,2.7640518609518385,-58.58501122528523
8.108108108108109,22.411231305015086,-110.7152223854235,2.7640518609518385,-58.78521142548543
8.128128128128129,22.466567678607717,-111.89210349504283,2.7640518609518385,-58.98541162568563
8.148148148148147,22.521904052200348,-113.07299261667818,2.7640518609518385,-59.18561182588583
8.168168168168169,22.57724042579298,-114.25788975032954,2.7640518609518385,-59.38581202608603
8.188188188188189,22.63257679938561,-115.44679489599693,2.7640518609518385,-59.58601222628623
8.208208208208209,22.68791317297824,-116.63970805368034,2.7640518609518385,-59.78621242648643
8.228228228228229,22.743249546570873,-117.83662922337976,2.7640518609518385,-59.98641262668663
8.248248248248247,22.798585920163504,-119.03755840509521,2.7640518609518385,-60.18661282688683
8.268268268268269,22.853922293756135,-120.24249559882668,2.7640518609518385,-60.38681302708703
8.288288288288289,22.909258667348766,-121.45144080457416,2.7640518609518385,-60.58701322728723
8.308308308308309,22.964595040941397,-122.66439402233767,2.7640518609518385,-60.78721342748743
8.328328328328329,23.019931414534028,-123.8813552521172,2.7640518609518385,-60.98741362768763
8.348348348348347,23.07526778812666,-125.10232449391275,2.7640518609518385,-61.18761382788783
8.368368368368369,23.13060416171929,-126.32730174772432,2.7640518609518385,-61.38781402808803
8.388388388388389,23.18594053531192,-127.55628701355191,2.7640518609518385,-61.58801422828823
8.408408408408409,23.241276908904553,-128.78928029139553,2.7640518609518385,-61.78821442848843
8.428428428428429,23.296613282497184,-130.02628158125515,2.7640518609518385,-61.98841462868863
8.448448448448449,23.351949656089815,-131.26729088313078,2.7640518609518385,-62.18861482888883
8.468468468468469,23.407286029682446,-132.51230819702246,2.7640518609518385,-62.38881502908903
8.488488488488489,23.462622403275077,-133.76133352293016,2.7640518609518385,-62.58901522928923
8.508508508508509,23.517958776867708,-135.01436686085387,2.7640518609518385,-62.78921542948943
8.528528528528529,23.57329515046034,-136.2714082107936,2.7640518609518385,-62.98941562968963
8.548548548548549,23.62863152405297,-137.53245757274934,2.7640518609518385,-63.18961582988983
8.568568568568569,23.6839678976456,-138.7975149467211,2.7640518609518385,-63.38981603009003
8.588588588588589,23.739304271238233,-140.0665803327089,2.7640518609518385,-63.59001623029023
8.608608608608609,23.794640644830864,-141.3396537307127,2.7640518609518385,-63.79021643049043
8.62862862862863,23.849977018423495,-142.61673514073254,2.7640518609518385,-63.99041663069063
8.64864864864865,23.905313392016126,-143.8978245627684,2.7640518609518385,-64.19061683089083
8.66866866866867,23.960649765608757,-145.18292199682026,2.7640518609518385,-64.39081703109103
8.68868868868869,24.015986139201388,-146.47202744288813,2.7640518609518385,-64.59101723129123
8.70870870870871,24.07132251279402,-147.76514090097203,2.7640518609518385,-64.79121743149143
8.72872872872873,24.12665888638665,-149.06226237107197,2.7640518609518385,-64.99141763169163
8.74874874874875,24.18199525997928,-150.36339185318792,2.7640518609518385,-65.19161783189183
8.76876876876877,24.237331633571912,-151.6685293473199,2.7640518609518385,-65.39181803209203
8.78878878878879,24.292668007164544,-152.97767485346787,2.7640518609518385,-65.59201823229223
8.80880880880881,24.348004380757175,-154.29082837163187,2.7640518609518385,-65.79221843249243
8.82882882882883,24.403340754349806,-155.6079899018119,2.7640518609518385,-65.99241863269263
8.84884884884885,24.458677127942437,-156.92915944400795,2.7640518609518385,-66.19261883289283
8.86886886886887,24.514013501535068,-158.25433699822003,2.7640518609518385,-66.39281903309303
8.88888888888889,24.5693498751277,-159.58352256444812,2.7640518609518385,-66.59301923329323
8.90890890890891,24.62468624872033,-160.91671614269222,2.7640518609518385,-66.79321943349343
8.92892892892893,24.68002262231296,-162.25391773295235,2.7640518609518385,-66.99341963369363
8.94894894894895,24.735358995905592,-163.59512733522848,2.7640518609518385,-67.19361983389383
8.96896896896897,24.790695369498223,-164.94034494952066,2.7640518609518385,-67.39382003409403
8.98898898898899,24.846031743090855,-166.28957057582886,2.7640518609518385,-67.59402023429423
9.00900900900901,24.901368116683486,-167.64280421415307,2.7640518609518385,-67.79422043449443
9.02902902902903,24.956704490276117,-169.0000458644933,2.7640518609518385,-67.99442063469463
9.04904904904905,25.012040863868748,-170.36129552684955,2.7640518609518385,-68.19462083489483
9.06906906906907,25.06737723746138,-171.7265532012218,2.7640518609518385,-68.39482103509503
9.08908908908909,25.12271361105401,-173.0958188876101,2.7640518609518385,-68.59502123529523
9.10910910910911,25.17804998464664,-174.46909258601443,2.7640518609518385,-68.79522143549544
9.12912912912913,25.233386358239272,-175.84637429643476,2.7640518609518385,-68.99542163569564
9.14914914914915,25.288722731831903,-177.2276640188711,2.7640518609518385,-69.19562183589584
9.16916916916917,25.344059105424535,-178.61296175332348,2.7640518609518385,-69.39582203609604
9.18918918918919,25.399395479017166,-180.00226749979186,2.7640518609518385,-69.59602223629624
9.20920920920921,25.454731852609797,-181.39558125827625,2.7640518609518385,-69.79622243649644
9.22922922922923,25.510068226202428,-182.7929030287767,2.7640518609518385,-69.99642263669664
9.24924924924925,25.56540459979506,-184.19423281129315,2.7640518609518385,-70.19662283689684
9.26926926926927,25.62074097338769,-185.59957060582562,2.7640518609518385,-70.39682303709704
9.28928928928929,25.67607734698032,-187.0089164123741,2.7640518609518385,-70.59702323729724
9.30930930930931,25.731413720572952,-188.4222702309386,2.7640518609518385,-70.79722343749744
9.32932932932933,25.786750094165583,-189.83963206151913,2.7640518609518385,-70.99742363769764
9.34934934934935,25.842086467758214,-191.2610019041157,2.7640518609518385,-71.19762383789784
9.36936936936937,25.897422841350846,-192.68637975872826,2.7640518609518385,-71.39782403809804
9.38938938938939,25.952759214943477,-194.11576562535686,2.7640518609518385,-71.59802423829824
9.40940940940941,26.008095588536108,-195.54915950400147,2.7640518609518385,-71.79822443849844
9.42942942942943,26.06343196212874,-196.9865613946621,2.7640518609518385,-71.99842463869864
9.44944944944945,26.11876833572137,-198.42797129733873,2.7640518609518385,-72.19862483889884
9.46946946946947,26.174104709314,-199.8733892120314,2.7640518609518385,-72.39882503909904
9.48948948948949,26.229441082906632,-201.3228151387401,2.7640518609518385,-72.59902523929924
9.50950950950951,26.284777456499263,-202.77624907746483,2.7640518609518385,-72.79922543949944
9.52952952952953,26.340113830091894,-204.23369102820556,2.7640518609518385,-72.99942563969964
9.54954954954955,26.395450203684526,-205.6951409909623,2.7640518609518385,-73.19962583989984
9.56956956956957,26.450786577277157,-207.16059896573506,2.7640518609518385,-73.39982604010004
9.58958958958959,26.506122950869788,-208.63006495252384,2.7640518609518385,-73.60002624030024
9.60960960960961,26.56145932446242,-210.10353895132866,2.7640518609518385,-73.80022644050044
9.62962962962963,26.61679569805505,-211.5810209621495,2.7640518609518385,-74.00042664070064
9.64964964964965,26.67213207164768,-213.06251098498635,2.7640518609518385,-74.20062684090084
9.66966966966967,26.727468445240312,-214.5480090198392,2.7640518609518385,-74.40082704110104
9.68968968968969,26.782804818832943,-216.0375150667081,2.7640518609518385,-74.60102724130124
9.70970970970971,26.838141192425574,-217.531029125593,2.7640518609518385,-74.80122744150144
9.72972972972973,26.893477566018205,-219.02855119649394,2.7640518609518385,-75.00142764170164
9.74974974974975,26.948813939610837,-220.5300812794109,2.7640518609518385,-75.20162784190184
9.76976976976977,27.004150313203468,-222.03561937434387,2.7640518609518385,-75.40182804210204
9.78978978978979,27.0594866867961,-223.54516548129286,2.7640518609518385,-75.60202824230224
9.80980980980981,27.11482306038873,-225.05871960025786,2.7640518609518385,-75.80222844250244
9.82982982982983,27.17015943398136,-226.57628173123888,2.7640518609518385,-76.00242864270264
9.84984984984985,27.225495807573992,-228.09785187423594,2.7640518609518385,-76.20262884290284
9.86986986986987,27.280832181166623,-229.62343002924902,2.7640518609518385,-76.40282904310304
9.88988988988989,27.336168554759254,-231.15301619627812,2.7640518609518385,-76.60302924330324
9.90990990990991,27.391504928351885,-232.68661037532323,2.7640518609518385,-76.80322944350344
9.92992992992993,27.446841301944517,-234.22421256638435,2.7640518609518385,-77.00342964370364
9.94994994994995,27.502177675537148,-235.7658227694615,2.7640518609518385,-77.20362984390384
9.96996996996997,27.55751404912978,-237.31144098455465,2.7640518609518385,-77.40383004410404
9.98998998998999,27.61285042272241,-238.86106721166385,2.7640518609518385,-77.60403024430424
10.01001001001001,27.66818679631504,-240.41470145078907,2.7640518609518385,-77.80423044450444
10.03003003003003,27.723523169907672,-241.9723437019303,2.7640518609518385,-78.00443064470464
10.05005005005005,27.778859543500303,-243.53399396508755,2.7640518609518385,-78.20463084490484
10.07007007007007,27.834195917092934,-245.0996522402608,2.7640518609518385,-78.40483104510504
10.09009009009009,27.889532290685565,-246.6693185274501,2.7640518609518385,-78.60503124530524
10.11011011011011,27.944868664278196,-248.2429928266554,2.7640518609518385,-78.80523144550544
10.13013013013013,28.000205037870828,-249.82067513787675,2.7640518609518385,-79.00543164570564
10.15015015015015,28.05554141146346,-251.4023654611141,2.7640518609518385,-79.20563184590584
10.17017017017017,28.11087778505609,-252.98806379636747,2.7640518609518385,-79.40583204610604
10.19019019019019,28.16621415864872,-254.57777014363685,2.7640518609518385,-79.60603224630624
10.21021021021021,28.221550532241352,-256.1714845029223,2.7640518609518385,-79.80623244650644
10.23023023023023,28.276886905833983,-257.7692068742237,2.7640518609518385,-80.00643264670664
10.25025025025025,28.332223279426614,-259.37093725754113,2.7640518609518385,-80.20663284690684
10.27027027027027,28.387559653019245,-260.9766756528746,2.7640518609518385,-80.40683304710704
10.29029029029029,28.442896026611876,-262.58642206022404,2.7640518609518385,-80.60703324730724
10.31031031031031,28.498232400204508,-264.2001764795896,2.7640518609518385,-80.80723344750744
10.33033033033033,28.55356877379714,-265.8179389109711,2.7640518609518385,-81.00743364770764
10.35035035035035,28.60890514738977,-267.4397093543687,2.7640518609518385,-81.20763384790784
10.37037037037037,28.6642415209824,-269.06548780978227,2.7640518609518385,-81.40783404810804
10.39039039039039,28.719577894575032,-270.69527427721187,2.7640518609518385,-81.60803424830824
10.41041041041041,28.774914268167663,-272.3290687566575,2.7640518609518385,-81.80823444850844
10.43043043043043,28.830250641760294,-273.9668712481191,2.7640518609518385,-82.00843464870864
10.45045045045045,28.885587015352925,-275.60868175159675,2.7640518609518385,-82.20863484890884
10.47047047047047,28.940923388945556,-277.2545002670904,2.7640518609518385,-82.40883504910904
10.49049049049049,28.996259762538187,-278.9043267946001,2.7640518609518385,-82.60903524930924
10.51051051051051,29.05159613613082,-280.55816133412577,2.7640518609518385,-82.80923544950944
10.53053053053053,29.10693250972345,-282.2160038856675,2.7640518609518385,-83.00943564970964
10.55055055055055,29.16226888331608,-283.87785444922525,2.7640518609518385,-83.20963584990984
10.57057057057057,29.217605256908712,-285.54371302479905,2.7640518609518385,-83.40983605011004
10.59059059059059,29.272941630501343,-287.21357961238886,2.7640518609518385,-83.61003625031024
10.61061061061061,29.328278004093974,-288.8874542119947,2.7640518609518385,-83.81023645051044
10.63063063063063,29.383614377686605,-290.5653368236165,2.7640518609518385,-84.01043665071064
10.65065065065065,29.438950751279236,-292.2472274472544,2.7640518609518385,-84.21063685091084
10.67067067067067,29.494287124871867,-293.93312608290825,2.7640518609518385,-84.41083705111105
10.690690690690692,29.5496234984645,-295.62303273057813,2.7640518609518385,-84.61103725131125
10.71071071071071,29.60495987205713,-297.31694739026403,2.7640518609518385,-84.81123745151145
10.73073073073073,29.66029624564976,-299.01487006196595,2.7640518609518385,-85.01143765171165
10.75075075075075,29.715632619242392,-300.7168007456839,2.7640518609518385,-85.21163785191185
10.77077077077077,29.770968992835023,-302.42273944141783,2.7640518609518385,-85.41183805211205
10.790790790790792,29.826305366427654,-304.1326861491678,2.7640518609518385,-85.61203825231225
10.81081081081081,29.881641740020285,-305.84664086893383,2.7640518609518385,-85.81223845251245
10.83083083083083,29.936978113612916,-307.5646036007159,2.7640518609518385,-86.01243865271265
10.85085085085085,29.992314487205547,-309.28657434451395,2.7640518609518385,-86.21263885291285
10.87087087087087,30.04765086079818,-311.01255310032803,2.7640518609518385,-86.41283905311305
10.890890890890892,30.10298723439081,-312.74253986815813,2.7640518609518385,-86.61303925331325
10.91091091091091,30.15832360798344,-314.47653464800425,2.7640518609518385,-86.81323945351345
10.93093093093093,30.213659981576072,-316.2145374398664,2.7640518609518385,-87.01343965371365
10.95095095095095,30.268996355168703,-317.9565482437445,2.7640518609518385,-87.21363985391385
10.97097097097097,30.324332728761334,-319.7025670596387,2.7640518609518385,-87.41384005411405
10.990990990990992,30.379669102353965,-321.45259388754886,2.7640518609518385,-87.61404025431425
11.01101101101101,30.435005475946596,-323.20662872747505,2.7640518609518385,-87.81424045451445
11.03103103103103,30.490341849539227,-324.96467157941726,2.7640518609518385,-88.01444065471465
11.05105105105105,30.54567822313186,-326.72672244337554,2.7640518609518385,-88.21464085491485
11.07107107107107,30.60101459672449,-328.49278131934983,2.7640518609518385,-88.41484105511505
11.091091091091092,30.65635097031712,-330.26284820734014,2.7640518609518385,-88.61504125531525
11.11111111111111,30.71168734390975,-332.03692310734647,2.7640518609518385,-88.81524145551545
11.13113113113113,30.767023717502383,-333.8150060193688,2.7640518609518385,-89.01544165571565
11.15115115115115,30.822360091095014,-335.59709694340717,2.7640518609518385,-89.21564185591585
11.17117117117117,30.877696464687645,-337.38319587946154,2.7640518609518385,-89.41584205611605
11.191191191191193,30.933032838280276,-339.1733028275319,2.7640518609518385,-89.61604225631625
11.21121121121121,30.988369211872907,-340.96741778761833,2.7640518609518385,-89.81624245651645
11.23123123123123,31.04370558546554,-342.76554075972075,2.7640518609518385,-90.01644265671665
11.25125125125125,31.09904195905817,-344.5676717438392,2.7640518609518385,-90.21664285691685
11.27127127127127,31.1543783326508,-346.37381073997364,2.7640518609518385,-90.41684305711705
11.291291291291293,31.20971470624343,-348.1839577481241,2.7640518609518385,-90.61704325731725
11.31131131131131,31.265051079836063,-349.99811276829064,2.7640518609518385,-90.81724345751745
11.33133133133133,31.320387453428694,-351.8162758004732,2.7640518609518385,-91.01744365771765
11.35135135135135,31.375723827021325,-353.63844684467176,2.7640518609518385,-91.21764385791785
11.37137137137137,31.431060200613956,-355.46462590088635,2.7640518609518385,-91.41784405811805
11.391391391391393,31.486396574206587,-357.29481296911695,2.7640518609518385,-91.61804425831825
11.411411411411411,31.54173294779922,-359.12900804936356,2.7640518609518385,-91.81824445851845
11.431431431431431,31.59706932139185,-360.9672111416262,2.7640518609518385,-92.01844465871865
11.451451451451451,31.65240569498448,-362.80942224590484,2.7640518609518385,-92.21864485891885
11.471471471471471,31.70774206857711,-364.6556413621995,2.7640518609518385,-92.41884505911905
11.491491491491493,31.763078442169743,-366.5058684905102,2.7640518609518385,-92.61904525931925
11.511511511511511,31.818414815762374,-368.3601036308369,2.7640518609518385,-92.81924545951945
11.531531531531531,31.873751189355005,-370.2183467831796,2.7640518609518385,-93.01944565971965
11.551551551551551,31.929087562947636,-372.0805979475383,2.7640518609518385,-93.21964585991985
11.571571571571571,31.984423936540267,-373.9468571239131,2.7640518609518385,-93.41984606012005
11.591591591591593,32.0397603101329,-375.8171243123039,2.7640518609518385,-93.62004626032025
11.611611611611611,32.09509668372553,-377.69139951271075,2.7640518609518385,-93.82024646052045
11.631631631631631,32.15043305731816,-379.5696827251336,2.7640518609518385,-94.02044666072065
11.651651651651651,32.20576943091079,-381.45197394957245,2.7640518609518385,-94.22064686092085
11.671671671671671,32.26110580450342,-383.3382731860273,2.7640518609518385,-94.42084706112105
11.691691691691693,32.316442178096054,-385.2285804344982,2.7640518609518385,-94.62104726132125
11.711711711711711,32.371778551688685,-387.1228956949851,2.7640518609518385,-94.82124746152145
11.731731731731731,32.427114925281316,-389.02121896748804,2.7640518609518385,-95.02144766172165
11.751751751751751,32.48245129887395,-390.923550252007,2.7640518609518385,-95.22164786192185
11.771771771771771,32.53778767246658,-392.8298895485419,2.7640518609518385,-95.42184806212205
11.791791791791793,32.59312404605921,-394.7402368570929,2.7640518609518385,-95.62204826232225
11.811811811811811,32.64846041965184,-396.65459217765994,2.7640518609518385,-95.82224846252245
11.831831831831831,32.70379679324447,-398.572955510243,2.7640518609518385,-96.02244866272265
11.851851851851851,32.7591331668371,-400.49532685484206,2.7640518609518385,-96.22264886292285
11.871871871871871,32.814469540429734,-402.42170621145715,2.7640518609518385,-96.42284906312305
11.891891891891893,32.869805914022365,-404.35209358008825,2.7640518609518385,-96.62304926332325
11.911911911911911,32.925142287614996,-406.28648896073537,2.7640518609518385,-96.82324946352345
11.931931931931931,32.98047866120763,-408.2248923533985,2.7640518609518385,-97.02344966372365
11.951951951951951,33.03581503480026,-410.16730375807765,2.7640518609518385,-97.22364986392385
11.971971971971973,33.09115140839289,-412.1137231747728,2.7640518609518385,-97.42385006412405
11.991991991991993,33.14648778198552,-414.064150603484,2.7640518609518385,-97.62405026432425
12.012012012012011,33.20182415557815,-416.0185860442112,2.7640518609518385,-97.82425046452445
12.032032032032031,33.25716052917078,-417.9770294969544,2.7640518609518385,-98.02445066472465
12.052052052052051,33.312496902763414,-419.9394809617136,2.7640518609518385,-98.22465086492485
12.072072072072073,33.367833276356045,-421.9059404384889,2.7640518609518385,-98.42485106512505
12.092092092092093,33.423169649948676,-423.87640792728024,2.7640518609518385,-98.62505126532525
12.112112112112111,33.47850602354131,-425.85088342808757,2.7640518609518385,-98.82525146552545
12.132132132132131,33.53384239713394,-427.8293669409109,2.7640518609518385,-99.02545166572565
12.152152152152151,33.58917877072657,-429.8118584657503,2.7640518609518385,-99.22565186592585
12.172172172172173,33.6445151443192,-431.79835800260565,2.7640518609518385,-99.42585206612605
12.192192192192193,33.69985151791183,-433.78886555147704,2.7640518609518385,-99.62605226632625
12.212212212212211,33.75518789150446,-435.78338111236445,2.7640518609518385,-99.82625246652646
12.232232232232231,33.810524265097094,-437.7819046852679,2.7640518609518385,-100.02645266672666
12.252252252252251,33.865860638689725,-439.7844362701873,2.7640518609518385,-100.22665286692686
12.272272272272273,33.921197012282356,-441.79097586712277,2.7640518609518385,-100.42685306712706
12.292292292292293,33.97653338587499,-443.80152347607424,2.7640518609518385,-100.62705326732726
12.312312312312311,34.03186975946762,-445.8160790970417,2.7640518609518385,-100.82725346752746
12.332332332332332,34.08720613306025,-447.8346427300253,2.7640518609518385,-101.02745366772766
12.352352352352352,34.14254250665288,-449.85721437502485,2.7640518609518385,-101.22765386792786
12.372372372372373,34.19787888024551,-451.88379403204044,2.7640518609518385,-101.42785406812806
12.392392392392393,34.25321525383814,-453.91438170107205,2.7640518609518385,-101.62805426832826
12.412412412412412,34.308551627430774,-455.94897738211966,2.7640518609518385,-101.82825446852846
12.432432432432432,34.363888001023405,-457.9875810751833,2.7640518609518385,-102.02845466872866
12.452452452452452,34.419224374616036,-460.03019278026295,2.7640518609518385,-102.22865486892886
12.472472472472473,34.47456074820867,-462.0768124973586,2.7640518609518385,-102.42885506912906
12.492492492492493,34.5298971218013,-464.1274402264703,2.7640518609518385,-102.62905526932926
12.512512512512512,34.58523349539393,-466.182075967598,2.7640518609518385,-102.82925546952946
12.532532532532532,34.64056986898656,-468.2407197207417,2.7640518609518385,-103.02945566972966
12.552552552552552,34.69590624257919,-470.30337148590144,2.7640518609518385,-103.22965586992986
12.572572572572573,34.75124261617182,-472.37003126307724,2.7640518609518385,-103.42985607013006
12.592592592592593,34.80657898976445,-474.44069905226905,2.7640518609518385,-103.63005627033026
12.612612612612612,34.861915363357085,-476.5153748534769,2.7640518609518385,-103.83025647053046
12.632632632632632,34.917251736949716,-478.59405866670073,2.7640518609518385,-104.03045667073066
12.652652652652652,34.97258811054235,-480.6767504919406,2.7640518609518385,-104.23065687093086
12.672672672672673,35.02792448413498,-482.7634503291965,2.7640518609518385,-104.43085707113106
12.692692692692694,35.08326085772761,-484.85415817846837,2.7640518609518385,-104.63105727133126
12.712712712712712,35.13859723132024,-486.9488740397563,2.7640518609518385,-104.83125747153146
12.732732732732732,35.19393360491287,-489.0475979130602,2.7640518609518385,-105.03145767173166
12.752752752752752,35.2492699785055,-491.15032979838014,2.7640518609518385,-105.23165787193186
12.772772772772774,35.30460635209813,-493.2570696957161,2.7640518609518385,-105.43185807213206
12.792792792792794,35.359942725690765,-495.36781760506807,2.7640518609518385,-105.63205827233226
12.812812812812812,35.415279099283396,-497.48257352643606,2.7640518609518385,-105.83225847253246
12.832832832832832,35.47061547287603,-499.6013374598201,2.7640518609518385,-106.03245867273266
12.852852852852852,35.52595184646866,-501.7241094052202,2.7640518609518385,-106.23265887293286
12.872872872872874,35.58128822006129,-503.8508893626363,2.7640518609518385,-106.43285907313306
12.892892892892894,35.63662459365392,-505.9816773320684,2.7640518609518385,-106.63305927333326
12.912912912912912,35.69196096724655,-508.1164733135165,2.7640518609518385,-106.83325947353346
12.932932932932932,35.74729734083918,-510.25527730698064,2.7640518609518385,-107.03345967373366
12.952952952952952,35.80263371443181,-512.3980893124608,2.7640518609518385,-107.23365987393386
12.972972972972974,35.857970088024445,-514.544909329957,2.7640518609518385,-107.43386007413406
12.992992992992994,35.913306461617076,-516.6957373594693,2.7640518609518385,-107.63406027433426
13.013013013013012,35.96864283520971,-518.8505734009975,2.7640518609518385,-107.83426047453446
13.033033033033032,36.02397920880234,-521.0094174545418,2.7640518609518385,-108.03446067473466
13.053053053053052,36.07931558239497,-523.1722695201021,2.7640518609518385,-108.23466087493486
13.073073073073074,36.1346519559876,-525.3391295976784,2.7640518609518385,-108.43486107513506
13.093093093093094,36.18998832958023,-527.5099976872707,2.7640518609518385,-108.63506127533526
13.113113113113112,36.24532470317286,-529.684873788879,2.7640518609518385,-108.83526147553546
13.133133133133132,36.30066107676549,-531.8637579025034,2.7640518609518385,-109.03546167573566
13.153153153153154,36.355997450358124,-534.0466500281437,2.7640518609518385,-109.23566187593586
13.173173173173174,36.411333823950756,-536.2335501658001,2.7640518609518385,-109.43586207613606
13.193193193193194,36.46667019754339,-538.4244583154725,2.7640518609518385,-109.63606227633626
13.213213213213212,36.52200657113602,-540.6193744771609,2.7640518609518385,-109.83626247653646
13.233233233233232,36.57734294472865,-542.8182986508654,2.7640518609518385,-110.03646267673666
13.253253253253254,36.63267931832128,-545.0212308365858,2.7640518609518385,-110.23666287693686
13.273273273273274,36.68801569191391,-547.2281710343223,2.7640518609518385,-110.43686307713706
13.293293293293294,36.74335206550654,-549.4391192440747,2.7640518609518385,-110.63706327733726
13.313313313313312,36.79868843909917,-551.6540754658432,2.7640518609518385,-110.83726347753746
13.333333333333332,36.854024812691804,-553.8730396996277,2.7640518609518385,-111.03746367773766
13.353353353353354,36.909361186284436,-556.0960119454282,2.7640518609518385,-111.23766387793786
13.373373373373374,36.96469755987707,-558.3229922032448,2.7640518609518385,-111.43786407813806
13.393393393393394,37.0200339334697,-560.5539804730773,2.7640518609518385,-111.63806427833826
13.413413413413412,37.07537030706233,-562.7889767549259,2.7640518609518385,-111.83826447853846
13.433433433433432,37.13070668065496,-565.0279810487905,2.7640518609518385,-112.03846467873866
13.453453453453454,37.18604305424759,-567.2709933546711,2.7640518609518385,-112.23866487893886
13.473473473473474,37.24137942784022,-569.5180136725678,2.7640518609518385,-112.43886507913906
13.493493493493494,37.29671580143285,-571.7690420024805,2.7640518609518385,-112.63906527933926
13.513513513513512,37.352052175025484,-574.0240783444093,2.7640518609518385,-112.83926547953946
13.533533533533532,37.407388548618115,-576.2831226983541,2.7640518609518385,-113.03946567973966
13.553553553553554,37.46272492221075,-578.5461750643149,2.7640518609518385,-113.23966587993986
13.573573573573574,37.51806129580338,-580.8132354422917,2.7640518609518385,-113.43986608014006
13.593593593593594,37.57339766939601,-583.0843038322845,2.7640518609518385,-113.64006628034026
13.613613613613612,37.62873404298864,-585.3593802342933,2.7640518609518385,-113.84026648054046
13.633633633633632,37.68407041658127,-587.6384646483182,2.7640518609518385,-114.04046668074066
13.653653653653654,37.7394067901739,-589.921557074359,2.7640518609518385,-114.24066688094086
13.673673673673674,37.79474316376653,-592.2086575124159,2.7640518609518385,-114.44086708114106
13.693693693693694,37.850079537359164,-594.4997659624888,2.7640518609518385,-114.64106728134126
13.713713713713712,37.905415910951795,-596.7948824245777,2.7640518609518385,-114.84126748154146
13.733733733733732,37.96075228454443,-599.0940068986827,2.7640518609518385,-115.04146768174166
13.753753753753754,38.01608865813706,-601.3971393848036,2.7640518609518385,-115.24166788194186
13.773773773773774,38.07142503172969,-603.7042798829406,2.7640518609518385,-115.44186808214207
13.793793793793794,38.12676140532232,-606.0154283930935,2.7640518609518385,-115.64206828234227
13.813813813813812,38.18209777891495,-608.3305849152625,2.7640518609518385,-115.84226848254247
13.833833833833832,38.23743415250758,-610.6497494494475,2.7640518609518385,-116.04246868274267
13.853853853853854,38.29277052610021,-612.9729219956486,2.7640518609518385,-116.24266888294287
13.873873873873874,38.348106899692844,-615.3001025538656,2.7640518609518385,-116.44286908314307
13.893893893893894,38.403443273285475,-617.6312911240987,2.7640518609518385,-116.64306928334327
13.913913913913913,38.45877964687811,-619.9664877063477,2.7640518609518385,-116.84326948354347
13.933933933933933,38.51411602047074,-622.3056923006128,2.7640518609518385,-117.04346968374367
13.953953953953954,38.56945239406337,-624.6489049068939,2.7640518609518385,-117.24366988394387
13.973973973973974,38.624788767656,-626.9961255251911,2.7640518609518385,-117.44387008414407
13.993993993993994,38.68012514124863,-629.3473541555044,2.7640518609518385,-117.64407028434427
14.014014014014013,38.73546151484126,-631.7025907978336,2.7640518609518385,-117.84427048454447
14.034034034034033,38.79079788843389,-634.0618354521789,2.7640518609518385,-118.04447068474467
14.054054054054054,38.846134262026524,-636.4250881185402,2.7640518609518385,-118.24467088494487
14.074074074074074,38.901470635619155,-638.7923487969175,2.7640518609518385,-118.44487108514507
14.094094094094094,38.956807009211786,-641.1636174873108,2.7640518609518385,-118.64507128534527
14.114114114114113,39.01214338280442,-643.5388941897202,2.7640518609518385,-118.84527148554547
14.134134134134133,39.06747975639705,-645.9181789041455,2.7640518609518385,-119.04547168574567
14.154154154154154,39.12281612998968,-648.3014716305869,2.7640518609518385,-119.24567188594587
14.174174174174174,39.17815250358231,-650.6887723690443,2.7640518609518385,-119.44587208614607
14.194194194194194,39.23348887717494,-653.0800811195177,2.7640518609518385,-119.64607228634627
14.214214214214213,39.28882525076757,-655.4753978820071,2.7640518609518385,-119.84627248654647
14.234234234234233,39.344161624360204,-657.8747226565125,2.7640518609518385,-120.04647268674667
14.254254254254255,39.399497997952835,-660.278055443034,2.7640518609518385,-120.24667288694687
14.274274274274275,39.454834371545466,-662.6853962415714,2.7640518609518385,-120.44687308714707
14.294294294294295,39.5101707451381,-665.0967450521249,2.7640518609518385,-120.64707328734727
14.314314314314313,39.56550711873073,-667.5121018746944,2.7640518609518385,-120.84727348754747
14.334334334334333,39.62084349232336,-669.9314667092799,2.7640518609518385,-121.04747368774767
14.354354354354355,39.67617986591599,-672.3548395558814,2.7640518609518385,-121.24767388794787
14.374374374374375,39.73151623950862,-674.782220414499,2.7640518609518385,-121.44787408814807
14.394394394394395,39.78685261310125,-677.2136092851325,2.7640518609518385,-121.64807428834827
14.414414414414413,39.842188986693884,-679.6490061677821,2.7640518609518385,-121.84827448854847
14.434434434434436,39.897525360286515,-682.0884110624477,2.7640518609518385,-122.04847468874867
14.454454454454455,39.952861733879146,-684.5318239691293,2.7640518609518385,-122.24867488894887
14.474474474474475,40.00819810747178,-686.979244887827,2.7640518609518385,-122.44887508914907
14.494494494494495,40.06353448106441,-689.4306738185408,2.7640518609518385,-122.64907528934927
14.514514514514513,40.11887085465704,-691.8861107612705,2.7640518609518385,-122.84927548954947
14.534534534534536,40.17420722824967,-694.3455557160163,2.7640518609518385,-123.04947568974967
14.554554554554555,40.2295436018423,-696.8090086827781,2.7640518609518385,-123.24967588994987
14.574574574574575,40.28487997543493,-699.2764696615559,2.7640518609518385,-123.44987609015007
14.594594594594595,40.340216349027564,-701.7479386523497,2.7640518609518385,-123.65007629035027
14.614614614614613,40.395552722620195,-704.2234156551596,2.7640518609518385,-123.85027649055047
14.634634634634637,40.450889096212826,-706.7029006699854,2.7640518609518385,-124.05047669075067
14.654654654654655,40.50622546980546,-709.1863936968273,2.7640518609518385,-124.25067689095087
14.674674674674675,40.56156184339809,-711.6738947356852,2.7640518609518385,-124.45087709115107
14.694694694694695,40.61689821699072,-714.1654037865591,2.7640518609518385,-124.65107729135127
14.714714714714713,40.67223459058335,-716.660920849449,2.7640518609518385,-124.85127749155147
14.734734734734737,40.72757096417598,-719.1604459243549,2.7640518609518385,-125.05147769175167
14.754754754754755,40.78290733776861,-721.6639790112769,2.7640518609518385,-125.25167789195187
14.774774774774775,40.838243711361244,-724.1715201102148,2.7640518609518385,-125.45187809215207
14.794794794794795,40.893580084953875,-726.6830692211688,2.7640518609518385,-125.65207829235227
14.814814814814813,40.948916458546506,-729.1986263441388,2.7640518609518385,-125.85227849255247
14.834834834834837,41.00425283213914,-731.7181914791248,2.7640518609518385,-126.05247869275267
14.854854854854855,41.05958920573177,-734.2417646261268,2.7640518609518385,-126.25267889295287
14.874874874874875,41.1149255793244,-736.7693457851449,2.7640518609518385,-126.45287909315307
14.894894894894895,41.17026195291703,-739.3009349561789,2.7640518609518385,-126.65307929335327
14.914914914914913,41.22559832650966,-741.836532139229,2.7640518609518385,-126.85327949355347
14.934934934934937,41.28093470010229,-744.3761373342951,2.7640518609518385,-127.05347969375367
14.954954954954955,41.336271073694924,-746.9197505413772,2.7640518609518385,-127.25367989395387
14.974974974974975,41.391607447287555,-749.4673717604753,2.7640518609518385,-127.45388009415407
14.994994994994995,41.446943820880186,-752.0190009915896,2.7640518609518385,-127.65408029435427
15.015015015015013,41.50228019447282,-754.5746382347198,2.7640518609518385,-127.85428049455447
15.035035035035037,41.55761656806545,-757.1342834898661,2.7640518609518385,-128.0544806947547
15.055055055055055,41.61295294165808,-759.6979367570284,2.7640518609518385,-128.2546808949549
15.075075075075075,41.66828931525071,-762.2655980362067,2.7640518609518385,-128.45488109515512
15.095095095095095,41.72362568884334,-764.837267327401,2.7640518609518385,-128.65508129535533
15.115115115115113,41.77896206243597,-767.4129446306114,2.7640518609518385,-128.85528149555554
15.135135135135137,41.834298436028604,-769.9926299458377,2.7640518609518385,-129.05548169575576
15.155155155155155,41.889634809621235,-772.5763232730801,2.7640518609518385,-129.25568189595597
15.175175175175175,41.944971183213866,-775.1640246123385,2.7640518609518385,-129.4558820961562
15.195195195195195,42.0003075568065,-777.7557339636129,2.7640518609518385,-129.6560822963564
15.215215215215213,42.05564393039913,-780.3514513269033,2.7640518609518385,-129.85628249655662
15.235235235235237,42.11098030399176,-782.9511767022098,2.7640518609518385,-130.05648269675683
15.255255255255255,42.16631667758439,-785.5549100895322,2.7640518609518385,-130.25668289695705
15.275275275275275,42.22165305117702,-788.1626514888707,2.7640518609518385,-130.45688309715726
15.295295295295295,42.27698942476965,-790.7744009002251,2.7640518609518385,-130.65708329735747
15.315315315315313,42.332325798362284,-793.3901583235956,2.7640518609518385,-130.8572834975577
15.335335335335337,42.387662171954915,-796.0099237589822,2.7640518609518385,-131.0574836977579
15.355355355355355,42.442998545547546,-798.6336972063847,2.7640518609518385,-131.25768389795812
15.375375375375375,42.49833491914018,-801.2614786658032,2.7640518609518385,-131.45788409815833
15.395395395395395,42.55367129273281,-803.8932681372378,2.7640518609518385,-131.65808429835855
15.415415415415413,42.60900766632544,-806.5290656206884,2.7640518609518385,-131.85828449855876
15.435435435435437,42.66434403991807,-809.168871116155,2.7640518609518385,-132.05848469875897
15.455455455455455,42.7196804135107,-811.8126846236377,2.7640518609518385,-132.2586848989592
15.475475475475475,42.77501678710333,-814.4605061431364,2.7640518609518385,-132.4588850991594
15.495495495495495,42.830353160695964,-817.1123356746511,2.7640518609518385,-132.65908529935962
15.515515515515514,42.885689534288595,-819.7681732181819,2.7640518609518385,-132.85928549955983
15.535535535535537,42.941025907881226,-822.4280187737287,2.7640518609518385,-133.05948569976005
15.555555555555555,42.99636228147386,-825.0918723412915,2.7640518609518385,-133.25968589996026
15.575575575575575,43.05169865506649,-827.7597339208703,2.7640518609518385,-133.45988610016047
15.595595595595595,43.10703502865912,-830.4316035124651,2.7640518609518385,-133.6600863003607
15.615615615615614,43.16237140225175,-833.107481116076,2.7640518609518385,-133.8602865005609
15.635635635635637,43.21770777584438,-835.7873667317028,2.7640518609518385,-134.06048670076112
15.655655655655655,43.27304414943701,-838.4712603593457,2.7640518609518385,-134.26068690096133
15.675675675675675,43.328380523029644,-841.1591619990046,2.7640518609518385,-134.46088710116155
15.695695695695695,43.383716896622275,-843.8510716506795,2.7640518609518385,-134.66108730136176
15.715715715715717,43.439053270214906,-846.5469893143704,2.7640518609518385,-134.86128750156197
15.735735735735737,43.49438964380754,-849.2469149900774,2.7640518609518385,-135.0614877017622
15.755755755755755,43.54972601740017,-851.9508486778003,2.7640518609518385,-135.2616879019624
15.775775775775776,43.6050623909928,-854.6587903775393,2.7640518609518385,-135.46188810216262
15.795795795795796,43.66039876458543,-857.3707400892943,2.7640518609518385,-135.66208830236283
15.815815815815817,43.71573513817806,-860.0866978130653,2.7640518609518385,-135.86228850256305
15.835835835835837,43.77107151177069,-862.8066635488523,2.7640518609518385,-136.06248870276326
15.855855855855856,43.826407885363324,-865.5306372966553,2.7640518609518385,-136.26268890296348
15.875875875875876,43.881744258955955,-868.2586190564743,2.7640518609518385,-136.4628891031637
15.895895895895896,43.937080632548586,-870.9906088283094,2.7640518609518385,-136.6630893033639
15.915915915915917,43.99241700614122,-873.7266066121605,2.7640518609518385,-136.86328950356412
15.935935935935937,44.04775337973385,-876.4666124080277,2.7640518609518385,-137.06348970376433
15.955955955955956,44.10308975332648,-879.2106262159109,2.7640518609518385,-137.26368990396455
15.975975975975976,44.15842612691911,-881.9586480358101,2.7640518609518385,-137.46389010416476
15.995995995995996,44.21376250051174,-884.7106778677254,2.7640518609518385,-137.66409030436498
16.016016016016017,44.26909887410437,-887.4667157116567,2.7640518609518385,-137.8642905045652
16.036036036036037,44.324435247697004,-890.226761567604,2.7640518609518385,-138.0644907047654
16.056056056056057,44.379771621289635,-892.9908154355672,2.7640518609518385,-138.26469090496562
16.076076076076077,44.435107994882266,-895.7588773155466,2.7640518609518385,-138.46489110516583
16.096096096096094,44.4904443684749,-898.5309472075419,2.7640518609518385,-138.66509130536605
16.116116116116117,44.54578074206753,-901.3070251115532,2.7640518609518385,-138.86529150556626
16.136136136136138,44.60111711566016,-904.0871110275806,2.7640518609518385,-139.06549170576648
16.156156156156158,44.65645348925279,-906.871204955624,2.7640518609518385,-139.2656919059667
16.176176176176178,44.71178986284542,-909.6593068956834,2.7640518609518385,-139.4658921061669
16.196196196196194,44.76712623643805,-912.4514168477588,2.7640518609518385,-139.66609230636712
16.216216216216218,44.82246261003068,-915.2475348118502,2.7640518609518385,-139.86629250656733
16.236236236236238,44.877798983623315,-918.0476607879576,2.7640518609518385,-140.06649270676755
16.256256256256258,44.933135357215946,-920.8517947760811,2.7640518609518385,-140.26669290696776
16.276276276276278,44.98847173080858,-923.6599367762205,2.7640518609518385,-140.46689310716798
16.296296296296294,45.04380810440121,-926.472086788376,2.7640518609518385,-140.6670933073682
16.316316316316318,45.09914447799384,-929.2882448125475,2.7640518609518385,-140.8672935075684
16.336336336336338,45.15448085158647,-932.108410848735,2.7640518609518385,-141.06749370776862
16.356356356356358,45.2098172251791,-934.9325848969386,2.7640518609518385,-141.26769390796883
16.376376376376378,45.26515359877173,-937.7607669571581,2.7640518609518385,-141.46789410816905
16.396396396396394,45.32048997236436,-940.5929570293937,2.7640518609518385,-141.66809430836926
16.416416416416418,45.375826345956995,-943.4291551136454,2.7640518609518385,-141.86829450856948
16.436436436436438,45.431162719549626,-946.2693612099131,2.7640518609518385,-142.0684947087697
16.456456456456458,45.48649909314226,-949.1135753181968,2.7640518609518385,-142.2686949089699
16.476476476476478,45.54183546673489,-951.9617974384965,2.7640518609518385,-142.46889510917012
16.496496496496494,45.59717184032752,-954.8140275708123,2.7640518609518385,-142.66909530937033
16.516516516516518,45.65250821392015,-957.6702657151441,2.7640518609518385,-142.86929550957055
16.536536536536538,45.70784458751278,-960.5305118714919,2.7640518609518385,-143.06949570977076
16.556556556556558,45.76318096110541,-963.3947660398557,2.7640518609518385,-143.26969590997098
16.576576576576578,45.81851733469804,-966.2630282202355,2.7640518609518385,-143.4698961101712
16.596596596596594,45.873853708290675,-969.1352984126313,2.7640518609518385,-143.6700963103714
16.616616616616618,45.929190081883306,-972.0115766170431,2.7640518609518385,-143.87029651057162
16.636636636636638,45.98452645547594,-974.891862833471,2.7640518609518385,-144.07049671077183
16.656656656656658,46.03986282906857,-977.7761570619149,2.7640518609518385,-144.27069691097205
16.676676676676678,46.0951992026612,-980.6644593023748,2.7640518609518385,-144.47089711117226
16.696696696696694,46.15053557625383,-983.5567695548507,2.7640518609518385,-144.67109731137248
16.716716716716718,46.20587194984646,-986.4530878193426,2.7640518609518385,-144.8712975115727
16.736736736736738,46.26120832343909,-989.3534140958506,2.7640518609518385,-145.0714977117729
16.756756756756758,46.31654469703172,-992.2577483843745,2.7640518609518385,-145.27169791197312
16.776776776776778,46.371881070624354,-995.1660906849145,2.7640518609518385,-145.47189811217333
16.796796796796794,46.427217444216986,-998.0784409974705,2.7640518609518385,-145.67209831237355
16.816816816816818,46.48255381780962,-1000.9947993220425,2.7640518609518385,-145.87229851257376
16.836836836836838,46.53789019140225,-1003.9151656586305,2.7640518609518385,-146.07249871277398
16.856856856856858,46.59322656499488,-1006.8395400072345,2.7640518609518385,-146.2726989129742
16.876876876876878,46.64856293858751,-1009.7679223678546,2.7640518609518385,-146.4728991131744
16.896896896896898,46.70389931218014,-1012.7003127404907,2.7640518609518385,-146.67309931337462
16.916916916916918,46.75923568577277,-1015.6367111251429,2.7640518609518385,-146.87329951357484
16.936936936936938,46.8145720593654,-1018.5771175218111,2.7640518609518385,-147.07349971377505
16.956956956956958,46.869908432958034,-1021.5215319304954,2.7640518609518385,-147.27369991397526
16.976976976976978,46.925244806550666,-1024.4699543511956,2.7640518609518385,-147.47390011417548
16.996996996996998,46.9805811801433,-1027.4223847839119,2.7640518609518385,-147.6741003143757
17.017017017017018,47.03591755373593,-1030.378823228644,2.7640518609518385,-147.8743005145759
17.037037037037038,47.09125392732856,-1033.3392696853923,2.7640518609518385,-148.07450071477612
17.057057057057058,47.14659030092119,-1036.3037241541565,2.7640518609518385,-148.27470091497634
17.077077077077078,47.20192667451382,-1039.2721866349368,2.7640518609518385,-148.47490111517655
17.097097097097098,47.25726304810645,-1042.244657127733,2.7640518609518385,-148.67510131537676
17.117117117117118,47.31259942169908,-1045.2211356325454,2.7640518609518385,-148.87530151557698
17.137137137137138,47.367935795291714,-1048.2016221493739,2.7640518609518385,-149.0755017157772
17.157157157157158,47.423272168884345,-1051.1861166782182,2.7640518609518385,-149.2757019159774
17.177177177177178,47.47860854247698,-1054.1746192190787,2.7640518609518385,-149.47590211617762
17.197197197197198,47.53394491606961,-1057.1671297719552,2.7640518609518385,-149.67610231637784
17.217217217217218,47.58928128966224,-1060.1636483368477,2.7640518609518385,-149.87630251657805
17.237237237237238,47.64461766325487,-1063.1641749137561,2.7640518609518385,-150.07650271677826
17.25725725725726,47.6999540368475,-1066.1687095026807,2.7640518609518385,-150.27670291697848
17.27727727727728,47.75529041044013,-1069.1772521036212,2.7640518609518385,-150.4769031171787
17.2972972972973,47.81062678403276,-1072.1898027165778,2.7640518609518385,-150.6771033173789
17.31731731731732,47.865963157625394,-1075.2063613415503,2.7640518609518385,-150.87730351757912
17.33733733733734,47.921299531218025,-1078.226927978539,2.7640518609518385,-151.07750371777934
17.35735735735736,47.97663590481066,-1081.2515026275435,2.7640518609518385,-151.27770391797955
17.37737737737738,48.03197227840329,-1084.2800852885641,2.7640518609518385,-151.47790411817977
17.3973973973974,48.08730865199592,-1087.3126759616007,2.7640518609518385,-151.67810431837998
17.41741741741742,48.14264502558855,-1090.3492746466534,2.7640518609518385,-151.8783045185802
17.43743743743744,48.19798139918118,-1093.389881343722,2.7640518609518385,-152.0785047187804
17.45745745745746,48.25331777277381,-1096.4344960528067,2.7640518609518385,-152.27870491898062
17.47747747747748,48.30865414636644,-1099.4831187739073,2.7640518609518385,-152.47890511918084
17.4974974974975,48.363990519959074,-1102.535749507024,2.7640518609518385,-152.67910531938105
17.51751751751752,48.419326893551705,-1105.5923882521568,2.7640518609518385,-152.87930551958127
17.53753753753754,48.47466326714434,-1108.6530350093055,2.7640518609518385,-153.07950571978148
17.55755755755756,48.52999964073697,-1111.7176897784702,2.7640518609518385,-153.2797059199817
17.57757757757758,48.5853360143296,-1114.786352559651,2.7640518609518385,-153.4799061201819
17.5975975975976,48.64067238792223,-1117.859023352848,2.7640518609518385,-153.68010632038212
17.61761761761762,48.69600876151486,-1120.9357021580608,2.7640518609518385,-153.88030652058234
17.63763763763764,48.75134513510749,-1124.0163889752898,2.7640518609518385,-154.08050672078255
17.65765765765766,48.80668150870012,-1127.1010838045347,2.7640518609518385,-154.28070692098277
17.67767767767768,48.862017882292754,-1130.1897866457957,2.7640518609518385,-154.48090712118298
17.6976976976977,48.917354255885385,-1133.2824974990726,2.7640518609518385,-154.6811073213832
17.71771771771772,48.972690629478016,-1136.3792163643657,2.7640518609518385,-154.8813075215834
17.73773773773774,49.02802700307065,-1139.4799432416746,2.7640518609518385,-155.08150772178362
17.75775775775776,49.08336337666328,-1142.5846781309997,2.7640518609518385,-155.28170792198384
17.77777777777778,49.13869975025591,-1145.6934210323407,2.7640518609518385,-155.48190812218405
17.7977977977978,49.19403612384854,-1148.8061719456978,2.7640518609518385,-155.68210832238427
17.81781781781782,49.24937249744117,-1151.9229308710708,2.7640518609518385,-155.88230852258448
17.83783783783784,49.3047088710338,-1155.04369780846,2.7640518609518385,-156.0825087227847
17.85785785785786,49.360045244626434,-1158.168472757865,2.7640518609518385,-156.2827089229849
17.87787787787788,49.415381618219065,-1161.297255719286,2.7640518609518385,-156.48290912318512
17.8978978978979,49.470717991811696,-1164.4300466927232,2.7640518609518385,-156.68310932338534
17.91791791791792,49.52605436540433,-1167.5668456781764,2.7640518609518385,-156.88330952358555
17.93793793793794,49.58139073899696,-1170.7076526756455,2.7640518609518385,-157.08350972378577
17.95795795795796,49.63672711258959,-1173.8524676851307,2.7640518609518385,-157.28370992398598
17.97797797797798,49.69206348618222,-1177.0012907066318,2.7640518609518385,-157.4839101241862
17.997997997998,49.74739985977485,-1180.154121740149,2.7640518609518385,-157.6841103243864
18.01801801801802,49.80273623336748,-1183.3109607856823,2.7640518609518385,-157.88431052458662
18.03803803803804,49.858072606960114,-1186.4718078432315,2.7640518609518385,-158.08451072478684
18.05805805805806,49.913408980552745,-1189.6366629127967,2.7640518609518385,-158.28471092498705
18.07807807807808,49.968745354145376,-1192.805525994378,2.7640518609518385,-158.48491112518727
18.0980980980981,50.02408172773801,-1195.9783970879755,2.7640518609518385,-158.68511132538748
18.11811811811812,50.07941810133064,-1199.1552761935889,2.7640518609518385,-158.8853115255877
18.13813813813814,50.13475447492327,-1202.3361633112183,2.7640518609518385,-159.0855117257879
18.15815815815816,50.1900908485159,-1205.5210584408637,2.7640518609518385,-159.28571192598812
18.17817817817818,50.24542722210853,-1208.7099615825252,2.7640518609518385,-159.48591212618834
18.1981981981982,50.30076359570116,-1211.9028727362027,2.7640518609518385,-159.68611232638855
18.21821821821822,50.356099969293794,-1215.0997919018962,2.7640518609518385,-159.88631252658877
18.23823823823824,50.411436342886425,-1218.3007190796056,2.7640518609518385,-160.08651272678898
18.25825825825826,50.466772716479056,-1221.5056542693312,2.7640518609518385,-160.2867129269892
18.27827827827828,50.52210909007169,-1224.7145974710727,2.7640518609518385,-160.4869131271894
18.2982982982983,50.57744546366432,-1227.9275486848303,2.7640518609518385,-160.68711332738962
18.31831831831832,50.63278183725695,-1231.1445079106038,2.7640518609518385,-160.88731352758984
18.33833833833834,50.68811821084958,-1234.3654751483934,2.7640518609518385,-161.08751372779005
18.35835835835836,50.74345458444221,-1237.590450398199,2.7640518609518385,-161.28771392799027
18.37837837837838,50.79879095803484,-1240.8194336600206,2.7640518609518385,-161.48791412819048
18.3983983983984,50.854127331627474,-1244.0524249338582,2.7640518609518385,-161.6881143283907
18.41841841841842,50.909463705220105,-1247.289424219712,2.7640518609518385,-161.8883145285909
18.43843843843844,50.964800078812736,-1250.5304315175815,2.7640518609518385,-162.08851472879113
18.45845845845846,51.02013645240537,-1253.7754468274672,2.7640518609518385,-162.28871492899134
18.47847847847848,51.075472825998,-1257.0244701493689,2.7640518609518385,-162.48891512919155
18.4984984984985,51.13080919959063,-1260.2775014832866,2.7640518609518385,-162.68911532939177
18.51851851851852,51.18614557318326,-1263.5345408292203,2.7640518609518385,-162.88931552959198
18.53853853853854,51.24148194677589,-1266.79558818717,2.7640518609518385,-163.0895157297922
18.55855855855856,51.29681832036852,-1270.060643557136,2.7640518609518385,-163.2897159299924
18.57857857857858,51.352154693961154,-1273.3297069391178,2.7640518609518385,-163.48991613019263
18.5985985985986,51.407491067553785,-1276.6027783331158,2.7640518609518385,-163.69011633039284
18.61861861861862,51.462827441146416,-1279.8798577391296,2.7640518609518385,-163.89031653059305
18.63863863863864,51.51816381473905,-1283.1609451571596,2.7640518609518385,-164.09051673079327
18.65865865865866,51.57350018833168,-1286.4460405872055,2.7640518609518385,-164.29071693099348
18.67867867867868,51.62883656192431,-1289.7351440292675,2.7640518609518385,-164.4909171311937
18.6986986986987,51.68417293551694,-1293.0282554833454,2.7640518609518385,-164.6911173313939
18.71871871871872,51.73950930910957,-1296.3253749494395,2.7640518609518385,-164.89131753159413
18.73873873873874,51.7948456827022,-1299.6265024275494,2.7640518609518385,-165.09151773179434
18.75875875875876,51.850182056294834,-1302.9316379176755,2.7640518609518385,-165.29171793199455
18.77877877877878,51.905518429887465,-1306.2407814198175,2.7640518609518385,-165.49191813219477
18.7987987987988,51.960854803480096,-1309.5539329339756,2.7640518609518385,-165.69211833239498
18.81881881881882,52.01619117707273,-1312.8710924601496,2.7640518609518385,-165.8923185325952
18.83883883883884,52.07152755066536,-1316.1922599983398,2.7640518609518385,-166.0925187327954
18.85885885885886,52.12686392425799,-1319.5174355485458,2.7640518609518385,-166.29271893299563
18.87887887887888,52.18220029785062,-1322.846619110768,2.7640518609518385,-166.49291913319584
18.8988988988989,52.23753667144325,-1326.179810685006,2.7640518609518385,-166.69311933339606
18.91891891891892,52.29287304503588,-1329.5170102712602,2.7640518609518385,-166.89331953359627
18.93893893893894,52.348209418628514,-1332.8582178695303,2.7640518609518385,-167.09351973379648
18.95895895895896,52.403545792221145,-1336.2034334798166,2.7640518609518385,-167.2937199339967
18.97897897897898,52.458882165813776,-1339.5526571021187,2.7640518609518385,-167.4939201341969
18.998998998999,52.51421853940641,-1342.905888736437,2.7640518609518385,-167.69412033439713
19.01901901901902,52.56955491299904,-1346.2631283827711,2.7640518609518385,-167.89432053459734
19.03903903903904,52.62489128659167,-1349.6243760411214,2.7640518609518385,-168.09452073479756
19.05905905905906,52.6802276601843,-1352.9896317114878,2.7640518609518385,-168.29472093499777
19.07907907907908,52.73556403377693,-1356.3588953938702,2.7640518609518385,-168.49492113519798
19.0990990990991,52.79090040736956,-1359.7321670882686,2.7640518609518385,-168.6951213353982
19.11911911911912,52.846236780962194,-1363.109446794683,2.7640518609518385,-168.8953215355984
19.13913913913914,52.901573154554825,-1366.4907345131135,2.7640518609518385,-169.09552173579863
19.15915915915916,52.956909528147456,-1369.8760302435599,2.7640518609518385,-169.29572193599884
19.17917917917918,53.01224590174009,-1373.2653339860224,2.7640518609518385,-169.49592213619906
19.1991991991992,53.06758227533272,-1376.6586457405008,2.7640518609518385,-169.69612233639927
19.21921921921922,53.12291864892535,-1380.0559655069953,2.7640518609518385,-169.89632253659948
19.23923923923924,53.17825502251798,-1383.4572932855058,2.7640518609518385,-170.0965227367997
19.25925925925926,53.23359139611061,-1386.8626290760324,2.7640518609518385,-170.2967229369999
19.27927927927928,53.28892776970324,-1390.2719728785748,2.7640518609518385,-170.49692313720013
19.2992992992993,53.344264143295874,-1393.6853246931335,2.7640518609518385,-170.69712333740034
19.31931931931932,53.399600516888505,-1397.102684519708,2.7640518609518385,-170.89732353760056
19.33933933933934,53.454936890481136,-1400.5240523582986,2.7640518609518385,-171.09752373780077
19.35935935935936,53.51027326407377,-1403.9494282089051,2.7640518609518385,-171.29772393800098
19.37937937937938,53.5656096376664,-1407.3788120715278,2.7640518609518385,-171.4979241382012
19.3993993993994,53.62094601125903,-1410.8122039461664,2.7640518609518385,-171.6981243384014
19.41941941941942,53.67628238485166,-1414.249603832821,2.7640518609518385,-171.89832453860163
19.43943943943944,53.73161875844429,-1417.6910117314917,2.7640518609518385,-172.09852473880184
19.45945945945946,53.78695513203692,-1421.1364276421784,2.7640518609518385,-172.29872493900206
19.47947947947948,53.842291505629554,-1424.585851564881,2.7640518609518385,-172.49892513920227
19.4994994994995,53.897627879222185,-1428.0392834995998,2.7640518609518385,-172.69912533940249
19.51951951951952,53.952964252814816,-1431.4967234463347,2.7640518609518385,-172.8993255396027
19.53953953953954,54.00830062640745,-1434.9581714050855,2.7640518609518385,-173.0995257398029
19.55955955955956,54.06363700000008,-1438.4236273758524,2.7640518609518385,-173.29972594000313
19.57957957957958,54.11897337359271,-1441.8930913586353,2.7640518609518385,-173.49992614020334
19.5995995995996,54.17430974718534,-1445.3665633534342,2.7640518609518385,-173.70012634040356
19.61961961961962,54.22964612077797,-1448.844043360249,2.7640518609518385,-173.90032654060377
19.63963963963964,54.2849824943706,-1452.32553137908,2.7640518609518385,-174.10052674080399
19.65965965965966,54.340318867963234,-1455.811027409927,2.7640518609518385,-174.3007269410042
19.67967967967968,54.395655241555865,-1459.30053145279,2.7640518609518385,-174.50092714120441
19.6996996996997,54.450991615148496,-1462.794043507669,2.7640518609518385,-174.70112734140463
19.71971971971972,54.50632798874113,-1466.291563574564,2.7640518609518385,-174.90132754160484
19.73973973973974,54.56166436233376,-1469.793091653475,2.7640518609518385,-175.10152774180506
19.75975975975976,54.61700073592639,-1473.298627744402,2.7640518609518385,-175.30172794200527
19.77977977977978,54.67233710951902,-1476.808171847345,2.7640518609518385,-175.5019281422055
19.7997997997998,54.72767348311165,-1480.321723962304,2.7640518609518385,-175.7021283424057
19.81981981981982,54.78300985670428,-1483.839284089279,2.7640518609518385,-175.90232854260591
19.83983983983984,54.838346230296914,-1487.3608522282702,2.7640518609518385,-176.10252874280613
19.85985985985986,54.893682603889545,-1490.8864283792773,2.7640518609518385,-176.30272894300634
19.87987987987988,54.949018977482176,-1494.4160125423005,2.7640518609518385,-176.50292914320656
19.8998998998999,55.00435535107481,-1497.9496047173395,2.7640518609518385,-176.70312934340677
19.91991991991992,55.05969172466744,-1501.4872049043947,2.7640518609518385,-176.903329543607
19.93993993993994,55.11502809826007,-1505.0288131034658,2.7640518609518385,-177.1035297438072
19.95995995995996,55.1703644718527,-1508.574429314553,2.7640518609518385,-177.30372994400742
19.97997997997998,55.22570084544533,-1512.1240535376564,2.7640518609518385,-177.50393014420763
20.0,55.28103721903796,-1515.6776857727757,2.7640518609518385,-177.70413034440784
