t,xpos,ypos,vx,vy
0.0,0.0,38.039249262151586,37.670793475060144,30.37370378177446
0.02002002002002002,0.7541700395407436,38.64733141994487,37.670793475060144,30.17350358157426
0.04004004004004004,1.5083400790814872,39.25140556572213,37.670793475060144,29.97330338137406
0.06006006006006006,2.262510118622231,39.851471699483376,37.670793475060144,29.77310318117386
0.08008008008008008,3.0166801581629743,40.4475298212286,37.670793475060144,29.57290298097366
0.10010010010010009,3.7708501977037177,41.0395799309578,37.670793475060144,29.37270278077346
0.12012012012012012,4.525020237244461,41.627622028670984,37.670793475060144,29.17250258057326
0.14014014014014015,5.279190276785204,42.21165611436815,37.670793475060144,28.97230238037306
0.16016016016016016,6.033360316325948,42.791682188049286,37.670793475060144,28.77210218017286
0.18018018018018017,6.787530355866691,43.36770024971441,37.670793475060144,28.571901979972658
0.20020020020020018,7.541700395407434,43.93971029936351,37.670793475060144,28.371701779772458
0.22022022022022023,8.295870434948178,44.50771233699659,37.670793475060144,28.171501579572258
0.24024024024024024,9.050040474488922,45.071706362613654,37.670793475060144,27.971301379372058
0.2602602602602603,9.804210514029666,45.631692376214694,37.670793475060144,27.771101179171858
0.2802802802802803,10.55838055357041,46.18767037779972,37.670793475060144,27.570900978971657
0.3003003003003003,11.312550593111155,46.73964036736872,37.670793475060144,27.370700778771457
0.3203203203203203,12.066720632651899,47.2876023449217,37.670793475060144,27.170500578571257
0.3403403403403404,12.820890672192643,47.831556310458666,37.670793475060144,26.970300378371057
0.36036036036036034,13.575060711733387,48.37150226397961,37.670793475060144,26.770100178170857
0.3803803803803804,14.329230751274132,48.90744020548453,37.670793475060144,26.569899977970657
0.40040040040040037,15.083400790814876,49.43937013497343,37.670793475060144,26.369699777770457
0.42042042042042044,15.83757083035562,49.96729205244631,37.670793475060144,26.169499577570257
0.44044044044044045,16.591740869896363,50.491205957903176,37.670793475060144,25.969299377370056
0.4604604604604605,17.345910909437105,51.01111185134402,37.670793475060144,25.769099177169856
0.4804804804804805,18.100080948977848,51.52700973276884,37.670793475060144,25.568898976969656
0.5005005005005005,18.85425098851859,52.03889960217764,37.670793475060144,25.368698776769456
0.5205205205205206,19.608421028059333,52.546781459570425,37.670793475060144,25.168498576569256
0.5405405405405406,20.362591067600075,53.050655304947185,37.670793475060144,24.968298376369056
0.5605605605605606,21.116761107140817,53.55052113830793,37.670793475060144,24.768098176168856
0.5805805805805806,21.87093114668156,54.04637895965265,37.670793475060144,24.567897975968656
0.6006006006006006,22.625101186222302,54.53822876898135,37.670793475060144,24.367697775768455
0.6206206206206206,23.379271225763045,55.02607056629403,37.670793475060144,24.167497575568255
0.6406406406406406,24.133441265303787,55.50990435159069,37.670793475060144,23.967297375368055
0.6606606606606606,24.88761130484453,55.989730124871336,37.670793475060144,23.767097175167855
0.6806806806806808,25.641781344385272,56.46554788613596,37.670793475060144,23.566896974967655
0.7007007007007007,26.395951383926015,56.93735763538456,37.670793475060144,23.366696774767455
0.7207207207207207,27.150121423466757,57.40515937261714,37.670793475060144,23.166496574567255
0.7407407407407407,27.9042914630075,57.8689530978337,37.670793475060144,22.966296374367055
0.7607607607607608,28.658461502548242,58.32873881103424,37.670793475060144,22.766096174166854
0.7807807807807808,29.412631542088985,58.784516512218765,37.670793475060144,22.565895973966654
0.8008008008008007,30.166801581629727,59.236286201387266,37.670793475060144,22.365695773766454
0.8208208208208208,30.92097162117047,59.68404787853975,37.670793475060144,22.165495573566254
0.8408408408408409,31.675141660711212,60.12780154367621,37.670793475060144,21.965295373366054
0.8608608608608609,32.42931170025196,60.56754719679665,37.670793475060144,21.765095173165854
0.8808808808808809,33.183481739792704,61.00328483790108,37.670793475060144,21.564894972965654
0.9009009009009008,33.93765177933345,61.43501446698948,37.670793475060144,21.364694772765453
0.920920920920921,34.691821818874196,61.86273608406186,37.670793475060144,21.164494572565253
0.9409409409409409,35.44599185841494,62.28644968911822,37.670793475060144,20.964294372365053
0.960960960960961,36.20016189795569,62.70615528215856,37.670793475060144,20.764094172164853
0.980980980980981,36.954331937496434,63.12185286318288,37.670793475060144,20.563893971964653
1.001001001001001,37.70850197703718,63.53354243219118,37.670793475060144,20.363693771764453
1.021021021021021,38.462672016577926,63.94122398918346,37.670793475060144,20.163493571564253
1.0410410410410411,39.21684205611867,64.34489753415973,37.670793475060144,19.963293371364053
1.0610610610610611,39.97101209565942,64.74456306711997,37.670793475060144,19.763093171163852
1.0810810810810811,40.725182135200164,65.1402205880642,37.670793475060144,19.562892970963652
1.1011011011011012,41.47935217474091,65.53187009699239,37.670793475060144,19.362692770763452
1.1211211211211212,42.233522214281656,65.91951159390457,37.670793475060144,19.162492570563252
1.1411411411411412,42.9876922538224,66.30314507880074,37.670793475060144,18.962292370363052
1.1611611611611612,43.74186229336315,66.68277055168087,37.670793475060144,18.762092170162852
1.1811811811811812,44.496032332903894,67.058388012545,37.670793475060144,18.56189196996265
1.2012012012012012,45.25020237244464,67.4299974613931,37.670793475060144,18.36169176976245
1.2212212212212212,46.004372411985386,67.79759889822517,37.670793475060144,18.16149156956225
1.2412412412412412,46.75854245152613,68.16119232304123,37.670793475060144,17.96129136936205
1.2612612612612613,47.51271249106688,68.52077773584128,37.670793475060144,17.76109116916185
1.2812812812812813,48.266882530607624,68.87635513662529,37.670793475060144,17.56089096896165
1.3013013013013013,49.02105257014837,69.22792452539329,37.670793475060144,17.36069076876145
1.3213213213213213,49.775222609689116,69.57548590214527,37.670793475060144,17.16049056856125
1.3413413413413413,50.52939264922986,69.91903926688124,37.670793475060144,16.96029036836105
1.3613613613613615,51.28356268877061,70.25858461960118,37.670793475060144,16.76009016816085
1.3813813813813813,52.037732728311354,70.5941219603051,37.670793475060144,16.55988996796065
1.4014014014014013,52.7919027678521,70.92565128899301,37.670793475060144,16.35968976776045
1.4214214214214214,53.54607280739285,71.25317260566489,37.670793475060144,16.15948956756025
1.4414414414414414,54.30024284693359,71.57668591032075,37.670793475060144,15.95928936736005
1.4614614614614616,55.05441288647434,71.8961912029606,37.670793475060144,15.75908916715985
1.4814814814814814,55.808582926015085,72.21168848358441,37.670793475060144,15.55888896695965
1.5015015015015014,56.56275296555583,72.52317775219221,37.670793475060144,15.35868876675945
1.5215215215215216,57.31692300509658,72.830659008784,37.670793475060144,15.15848856655925
1.5415415415415414,58.07109304463732,73.13413225335975,37.670793475060144,14.95828836635905
1.5615615615615617,58.82526308417807,73.43359748591949,37.670793475060144,14.75808816615885
1.5815815815815815,59.579433123718815,73.72905470646322,37.670793475060144,14.557887965958649
1.6016016016016015,60.33360316325956,74.02050391499091,37.670793475060144,14.357687765758449
1.6216216216216217,61.08777320280031,74.30794511150259,37.670793475060144,14.157487565558249
1.6416416416416415,61.84194324234105,74.59137829599825,37.670793475060144,13.957287365358049
1.6616616616616617,62.5961132818818,74.87080346847789,37.670793475060144,13.757087165157849
1.6816816816816818,63.350283321422545,75.1462206289415,37.670793475060144,13.556886964957648
1.7017017017017015,64.10445336096329,75.41762977738911,37.670793475060144,13.356686764757448
1.7217217217217218,64.85862340050403,75.6850309138207,37.670793475060144,13.156486564557248
1.7417417417417416,65.61279344004477,75.94842403823625,37.670793475060144,12.956286364357048
1.7617617617617618,66.36696347958551,76.2078091506358,37.670793475060144,12.756086164156848
1.7817817817817818,67.12113351912625,76.46318625101932,37.670793475060144,12.555885963956648
1.8018018018018016,67.87530355866699,76.71455533938682,37.670793475060144,12.355685763756448
1.8218218218218218,68.62947359820772,76.9619164157383,37.670793475060144,12.155485563556248
1.841841841841842,69.38364363774846,77.20526948007377,37.670793475060144,11.955285363356047
1.8618618618618619,70.1378136772892,77.4446145323932,37.670793475060144,11.755085163155847
1.8818818818818819,70.89198371682994,77.67995157269662,37.670793475060144,11.554884962955647
1.9019019019019017,71.64615375637068,77.91128060098403,37.670793475060144,11.354684762755447
1.921921921921922,72.40032379591142,78.1386016172554,37.670793475060144,11.154484562555247
1.9419419419419421,73.15449383545216,78.36191462151076,37.670793475060144,10.954284362355047
1.961961961961962,73.9086638749929,78.58121961375011,37.670793475060144,10.754084162154847
1.981981981981982,74.66283391453364,78.79651659397342,37.670793475060144,10.553883961954647
2.002002002002002,75.41700395407437,79.00780556218072,37.670793475060144,10.353683761754446
2.022022022022022,76.17117399361511,79.215086518372,37.670793475060144,10.153483561554246
2.042042042042042,76.92534403315585,79.41835946254726,37.670793475060144,9.953283361354046
2.0620620620620618,77.67951407269659,79.6176243947065,37.670793475060144,9.753083161153846
2.0820820820820822,78.43368411223733,79.81288131484972,37.670793475060144,9.552882960953646
2.1021021021021022,79.18785415177807,80.00413022297693,37.670793475060144,9.352682760753446
2.1221221221221223,79.94202419131881,80.1913711190881,37.670793475060144,9.152482560553246
2.1421421421421423,80.69619423085955,80.37460400318326,37.670793475060144,8.952282360353045
2.1621621621621623,81.45036427040029,80.55382887526241,37.670793475060144,8.752082160152845
2.1821821821821823,82.20453430994102,80.72904573532553,37.670793475060144,8.551881959952645
2.2022022022022023,82.95870434948176,80.90025458337263,37.670793475060144,8.351681759752445
2.2222222222222223,83.7128743890225,81.06745541940371,37.670793475060144,8.151481559552245
2.2422422422422423,84.46704442856324,81.23064824341877,37.670793475060144,7.951281359352045
2.2622622622622623,85.22121446810398,81.38983305541781,37.670793475060144,7.751081159151845
2.2822822822822824,85.97538450764472,81.54500985540083,37.670793475060144,7.550880958951645
2.3023023023023024,86.72955454718546,81.69617864336783,37.670793475060144,7.350680758751444
2.3223223223223224,87.4837245867262,81.84333941931881,37.670793475060144,7.150480558551244
2.3423423423423424,88.23789462626694,81.98649218325377,37.670793475060144,6.950280358351044
2.3623623623623624,88.99206466580767,82.12563693517271,37.670793475060144,6.750080158150844
2.3823823823823824,89.74623470534841,82.26077367507563,37.670793475060144,6.549879957950644
2.4024024024024024,90.50040474488915,82.39190240296253,37.670793475060144,6.349679757750444
2.4224224224224224,91.25457478442989,82.5190231188334,37.670793475060144,6.149479557550244
2.4424424424424425,92.00874482397063,82.64213582268826,37.670793475060144,5.9492793573500435
2.4624624624624625,92.76291486351137,82.7612405145271,37.670793475060144,5.749079157149843
2.4824824824824825,93.51708490305211,82.87633719434993,37.670793475060144,5.548878956949643
2.5025025025025025,94.27125494259285,82.98742586215673,37.670793475060144,5.348678756749443
2.5225225225225225,95.02542498213359,83.09450651794751,37.670793475060144,5.148478556549243
2.5425425425425425,95.77959502167433,83.19757916172227,37.670793475060144,4.948278356349043
2.5625625625625625,96.53376506121506,83.29664379348101,37.670793475060144,4.748078156148843
2.5825825825825826,97.2879351007558,83.39170041322373,37.670793475060144,4.547877955948643
2.6026026026026026,98.04210514029654,83.48274902095044,37.670793475060144,4.3476777557484425
2.6226226226226226,98.79627517983728,83.56978961666111,37.670793475060144,4.147477555548242
2.6426426426426426,99.55044521937802,83.65282220035577,37.670793475060144,3.9472773553480422
2.6626626626626626,100.30461525891876,83.73184677203442,37.670793475060144,3.747077155147842
2.6826826826826826,101.0587852984595,83.80686333169703,37.670793475060144,3.546876954947642
2.7027027027027026,101.81295533800024,83.87787187934363,37.670793475060144,3.346676754747442
2.722722722722723,102.56712537754098,83.94487241497421,37.670793475060144,3.1464765545472417
2.7427427427427427,103.32129541708171,84.00786493858877,37.670793475060144,2.9462763543470416
2.7627627627627627,104.07546545662245,84.0668494501873,37.670793475060144,2.7460761541468415
2.7827827827827827,104.82963549616319,84.12182594976983,37.670793475060144,2.5458759539466413
2.8028028028028027,105.58380553570393,84.17279443733632,37.670793475060144,2.345675753746441
2.822822822822823,106.33797557524467,84.2197549128868,37.670793475060144,2.145475553546241
2.8428428428428427,107.09214561478541,84.26270737642126,37.670793475060144,1.945275353346041
2.8628628628628627,107.84631565432615,84.3016518279397,37.670793475060144,1.7450751531458408
2.8828828828828827,108.60048569386689,84.33658826744211,37.670793475060144,1.5448749529456407
2.9029029029029028,109.35465573340763,84.36751669492851,37.670793475060144,1.3446747527454406
2.922922922922923,110.10882577294836,84.3944371103989,37.670793475060144,1.1444745525452404
2.942942942942943,110.8629958124891,84.41734951385325,37.670793475060144,0.9442743523450403
2.962962962962963,111.61716585202984,84.4362539052916,37.670793475060144,0.7440741521448402
2.982982982982983,112.37133589157058,84.45115028471392,37.670793475060144,0.54387395194464
3.003003003003003,113.12550593111132,84.46203865212021,37.670793475060144,0.34367375174443987
3.0230230230230233,113.87967597065206,84.4689190075105,37.670793475060144,0.14347355154423969
3.0430430430430433,114.6338460101928,84.47179135088476,37.670793475060144,-0.0567266486559605
3.063063063063063,115.38801604973354,84.47065568224299,37.670793475060144,-0.2569268488561607
3.083083083083083,116.14218608927428,84.46551200158521,37.670793475060144,-0.45712704905636087
3.103103103103103,116.89635612881501,84.45636030891141,37.670793475060144,-0.657327249256561
3.1231231231231233,117.65052616835575,84.44320060422159,37.670793475060144,-0.8575274494567613
3.1431431431431434,118.40469620789649,84.42603288751575,37.670793475060144,-1.0577276496569614
3.163163163163163,119.15886624743723,84.40485715879389,37.670793475060144,-1.2579278498571616
3.183183183183183,119.91303628697797,84.379673418056,37.670793475060144,-1.4581280500573617
3.203203203203203,120.66720632651871,84.3504816653021,37.670793475060144,-1.6583282502575618
3.2232232232232234,121.42137636605945,84.31728190053218,37.670793475060144,-1.858528450457762
3.2432432432432434,122.17554640560019,84.28007412374623,37.670793475060144,-2.058728650657962
3.263263263263263,122.92971644514093,84.23885833494427,37.670793475060144,-2.258928850858162
3.283283283283283,123.68388648468166,84.19363453412629,37.670793475060144,-2.4591290510583623
3.303303303303303,124.4380565242224,84.1444027212923,37.670793475060144,-2.6593292512585625
3.3233233233233235,125.19222656376314,84.09116289644227,37.670793475060144,-2.8595294514587626
3.3433433433433435,125.94639660330388,84.03391505957623,37.670793475060144,-3.0597296516589627
3.3633633633633635,126.70056664284462,83.97265921069418,37.670793475060144,-3.259929851859163
3.383383383383383,127.45473668238536,83.90739534979609,37.670793475060144,-3.460130052059363
3.403403403403403,128.2089067219261,83.83812347688199,37.670793475060144,-3.660330252259563
3.4234234234234235,128.96307676146685,83.76484359195187,37.670793475060144,-3.8605304524597632
3.4434434434434436,129.7172468010076,83.68755569500573,37.670793475060144,-4.060730652659964
3.4634634634634636,130.47141684054836,83.60625978604357,37.670793475060144,-4.260930852860164
3.483483483483483,131.2255868800891,83.52095586506539,37.670793475060144,-4.461131053060364
3.503503503503503,131.97975691962986,83.43164393207118,37.670793475060144,-4.661331253260564
3.5235235235235236,132.73392695917062,83.33832398706096,37.670793475060144,-4.861531453460764
3.5435435435435436,133.48809699871137,83.24099603003472,37.670793475060144,-5.0617316536609644
3.5635635635635636,134.24226703825212,83.13966006099245,37.670793475060144,-5.261931853861165
3.583583583583583,134.99643707779288,83.03431607993417,37.670793475060144,-5.462132054061365
3.603603603603603,135.75060711733363,82.92496408685987,37.670793475060144,-5.662332254261565
3.6236236236236237,136.50477715687438,82.81160408176954,37.670793475060144,-5.862532454461765
3.6436436436436437,137.25894719641514,82.6942360646632,37.670793475060144,-6.062732654661965
3.6636636636636637,138.0131172359559,82.57286003554084,37.670793475060144,-6.262932854862165
3.683683683683684,138.76728727549664,82.44747599440247,37.670793475060144,-6.463133055062365
3.7037037037037033,139.5214573150374,82.31808394124806,37.670793475060144,-6.6633332552625655
3.7237237237237237,140.27562735457815,82.18468387607764,37.670793475060144,-6.863533455462766
3.7437437437437437,141.0297973941189,82.0472757988912,37.670793475060144,-7.063733655662966
3.7637637637637638,141.78396743365965,81.90585970968874,37.670793475060144,-7.263933855863166
3.783783783783784,142.5381374732004,81.76043560847026,37.670793475060144,-7.464134056063366
3.8038038038038033,143.29230751274116,81.61100349523576,37.670793475060144,-7.664334256263566
3.823823823823824,144.0464775522819,81.45756336998524,37.670793475060144,-7.864534456463766
3.843843843843844,144.80064759182267,81.3001152327187,37.670793475060144,-8.064734656663967
3.863863863863864,145.55481763136342,81.13865908343614,37.670793475060144,-8.264934856864167
3.8838838838838843,146.30898767090417,80.97319492213755,37.670793475060144,-8.465135057064368
3.9039039039039034,147.06315771044493,80.80372274882295,37.670793475060144,-8.665335257264568
3.923923923923924,147.81732774998568,80.63024256349233,37.670793475060144,-8.865535457464768
3.943943943943944,148.57149778952643,80.45275436614568,37.670793475060144,-9.065735657664968
3.963963963963964,149.32566782906719,80.27125815678302,37.670793475060144,-9.265935857865168
3.9839839839839843,150.07983786860794,80.08575393540434,37.670793475060144,-9.466136058065368
4.004004004004004,150.8340079081487,79.89624170200963,37.670793475060144,-9.666336258265568
4.0240240240240235,151.58817794768945,79.70272145659891,37.670793475060144,-9.866536458465768
4.044044044044044,152.3423479872302,79.50519319917217,37.670793475060144,-10.066736658665969
4.064064064064064,153.09651802677095,79.30365692972941,37.670793475060144,-10.266936858866169
4.084084084084084,153.8506880663117,79.09811264827063,37.670793475060144,-10.467137059066369
4.104104104104104,154.60485810585246,78.88856035479583,37.670793475060144,-10.667337259266569
4.1241241241241235,155.3590281453932,78.67500004930501,37.670793475060144,-10.867537459466769
4.1441441441441444,156.11319818493396,78.45743173179817,37.670793475060144,-11.06773765966697
4.1641641641641645,156.86736822447472,78.2358554022753,37.670793475060144,-11.26793785986717
4.1841841841841845,157.62153826401547,78.01027106073643,37.670793475060144,-11.46813806006737
4.2042042042042045,158.37570830355622,77.78067870718152,37.670793475060144,-11.66833826026757
4.2242242242242245,159.12987834309698,77.5470783416106,37.670793475060144,-11.86853846046777
4.2442442442442445,159.88404838263773,77.30946996402366,37.670793475060144,-12.06873866066797
4.2642642642642645,160.63821842217848,77.0678535744207,37.670793475060144,-12.26893886086817
4.2842842842842845,161.39238846171924,76.82222917280171,37.670793475060144,-12.46913906106837
4.3043043043043046,162.14655850126,76.57259675916671,37.670793475060144,-12.66933926126857
4.324324324324325,162.90072854080074,76.31895633351569,37.670793475060144,-12.86953946146877
4.344344344344345,163.6548985803415,76.06130789584864,37.670793475060144,-13.06973966166897
4.364364364364365,164.40906861988225,75.79965144616558,37.670793475060144,-13.26993986186917
4.384384384384385,165.163238659423,75.5339869844665,37.670793475060144,-13.47014006206937
4.404404404404405,165.91740869896375,75.26431451075139,37.670793475060144,-13.67034026226957
4.424424424424425,166.6715787385045,74.99063402502027,37.670793475060144,-13.870540462469771
4.444444444444445,167.42574877804526,74.71294552727312,37.670793475060144,-14.070740662669971
4.464464464464465,168.179918817586,74.43124901750996,37.670793475060144,-14.270940862870171
4.484484484484485,168.93408885712677,74.14554449573077,37.670793475060144,-14.471141063070371
4.504504504504505,169.68825889666752,73.85583196193558,37.670793475060144,-14.671341263270572
4.524524524524525,170.44242893620827,73.56211141612435,37.670793475060144,-14.871541463470772
4.544544544544545,171.19659897574903,73.26438285829711,37.670793475060144,-15.071741663670972
4.564564564564565,171.95076901528978,72.96264628845385,37.670793475060144,-15.271941863871172
4.584584584584585,172.70493905483053,72.65690170659457,37.670793475060144,-15.472142064071372
4.604604604604605,173.45910909437129,72.34714911271926,37.670793475060144,-15.672342264271572
4.624624624624625,174.21327913391204,72.03338850682795,37.670793475060144,-15.872542464471772
4.644644644644645,174.9674491734528,71.7156198889206,37.670793475060144,-16.072742664671974
4.664664664664665,175.72161921299355,71.39384325899724,37.670793475060144,-16.272942864872174
4.684684684684685,176.4757892525343,71.06805861705786,37.670793475060144,-16.473143065072374
4.704704704704705,177.22995929207505,70.73826596310245,37.670793475060144,-16.673343265272575
4.724724724724725,177.9841293316158,70.40446529713103,37.670793475060144,-16.873543465472775
4.744744744744745,178.73829937115656,70.06665661914359,37.670793475060144,-17.073743665672975
4.764764764764765,179.4924694106973,69.72483992914012,37.670793475060144,-17.273943865873175
4.784784784784785,180.24663945023806,69.37901522712063,37.670793475060144,-17.474144066073375
4.804804804804805,181.00080948977882,69.02918251308513,37.670793475060144,-17.674344266273575
4.824824824824825,181.75497952931957,68.6753417870336,37.670793475060144,-17.874544466473775
4.844844844844845,182.50914956886032,68.31749304896606,37.670793475060144,-18.074744666673976
4.864864864864865,183.26331960840108,67.9556362988825,37.670793475060144,-18.274944866874176
4.884884884884885,184.01748964794183,67.58977153678292,37.670793475060144,-18.475145067074376
4.904904904904905,184.77165968748258,67.21989876266731,37.670793475060144,-18.675345267274576
4.924924924924925,185.52582972702334,66.84601797653569,37.670793475060144,-18.875545467474776
4.944944944944945,186.2799997665641,66.46812917838805,37.670793475060144,-19.075745667674976
4.964964964964965,187.03416980610484,66.08623236822439,37.670793475060144,-19.275945867875176
4.984984984984985,187.7883398456456,65.7003275460447,37.670793475060144,-19.476146068075376
5.005005005005005,188.54250988518635,65.310414711849,37.670793475060144,-19.676346268275577
5.025025025025025,189.2966799247271,64.91649386563728,37.670793475060144,-19.876546468475777
5.045045045045045,190.05084996426785,64.51856500740953,37.670793475060144,-20.076746668675977
5.065065065065065,190.8050200038086,64.11662813716578,37.670793475060144,-20.276946868876177
5.085085085085085,191.55919004334936,63.710683254905994,37.670793475060144,-20.477147069076377
5.105105105105105,192.3133600828901,63.30073036063019,37.670793475060144,-20.677347269276577
5.125125125125125,193.06753012243087,62.88676945433836,37.670793475060144,-20.877547469476777
5.145145145145145,193.82170016197162,62.46880053603052,37.670793475060144,-21.077747669676977
5.165165165165165,194.57587020151237,62.046823605706656,37.670793475060144,-21.277947869877178
5.185185185185185,195.33004024105313,61.620838663366776,37.670793475060144,-21.478148070077378
5.205205205205205,196.08421028059388,61.19084570901087,37.670793475060144,-21.678348270277578
5.225225225225225,196.83838032013463,60.75684474263895,37.670793475060144,-21.878548470477778
5.245245245245245,197.59255035967539,60.318835764251006,37.670793475060144,-22.078748670677978
5.265265265265265,198.34672039921614,59.87681877384704,37.670793475060144,-22.278948870878178
5.285285285285285,199.1008904387569,59.430793771427055,37.670793475060144,-22.47914907107838
5.305305305305305,199.85506047829764,58.98076075699105,37.670793475060144,-22.67934927127858
5.325325325325325,200.6092305178384,58.52671973053903,37.670793475060144,-22.87954947147878
5.345345345345346,201.36340055737915,58.06867069207099,37.670793475060144,-23.07974967167898
5.365365365365365,202.1175705969199,57.606613641586925,37.670793475060144,-23.27994987187918
5.385385385385385,202.87174063646066,57.14054857908684,37.670793475060144,-23.48015007207938
5.405405405405405,203.6259106760014,56.67047550457074,37.670793475060144,-23.68035027227958
5.425425425425425,204.38008071554216,56.196394418038615,37.670793475060144,-23.88055047247978
5.445445445445446,205.13425075508292,55.71830531949047,37.670793475060144,-24.08075067267998
5.465465465465465,205.88842079462367,55.23620820892631,37.670793475060144,-24.28095087288018
5.485485485485485,206.64259083416442,54.75010308634612,37.670793475060144,-24.48115107308038
5.505505505505505,207.39676087370518,54.259989951749915,37.670793475060144,-24.68135127328058
5.525525525525525,208.15093091324593,53.76586880513769,37.670793475060144,-24.88155147348078
5.545545545545546,208.90510095278668,53.26773964650945,37.670793475060144,-25.08175167368098
5.565565565565565,209.65927099232744,52.76560247586519,37.670793475060144,-25.28195187388118
5.585585585585585,210.4134410318682,52.2594572932049,37.670793475060144,-25.48215207408138
5.605605605605605,211.16761107140894,51.7493040985286,37.670793475060144,-25.68235227428158
5.625625625625625,211.9217811109497,51.235142891836276,37.670793475060144,-25.88255247448178
5.645645645645646,212.67595115049045,50.71697367312793,37.670793475060144,-26.08275267468198
5.665665665665665,213.4301211900312,50.194796442403565,37.670793475060144,-26.28295287488218
5.685685685685685,214.18429122957195,49.66861119966318,37.670793475060144,-26.48315307508238
5.7057057057057055,214.9384612691127,49.13841794490678,37.670793475060144,-26.68335327528258
5.7257257257257255,215.69263130865346,48.60421667813435,37.670793475060144,-26.88355347548278
5.745745745745746,216.4468013481942,48.06600739934591,37.670793475060144,-27.08375367568298
5.7657657657657655,217.20097138773497,47.52379010854144,37.670793475060144,-27.28395387588318
5.7857857857857855,217.95514142727572,46.97756480572096,37.670793475060144,-27.48415407608338
5.8058058058058055,218.70931146681647,46.427331490884455,37.670793475060144,-27.68435427628358
5.8258258258258255,219.46348150635723,45.87309016403193,37.670793475060144,-27.884554476483782
5.845845845845846,220.21765154589798,45.31484082516339,37.670793475060144,-28.084754676683982
5.865865865865866,220.97182158543873,44.75258347427882,37.670793475060144,-28.284954876884182
5.885885885885886,221.72599162497949,44.186318111378235,37.670793475060144,-28.485155077084382
5.905905905905906,222.48016166452024,43.61604473646163,37.670793475060144,-28.685355277284582
5.925925925925926,223.234331704061,43.041763349529006,37.670793475060144,-28.885555477484782
5.9459459459459465,223.98850174360174,42.463473950580365,37.670793475060144,-29.085755677684983
5.965965965965966,224.7426717831425,41.8811765396157,37.670793475060144,-29.285955877885183
5.9859859859859865,225.49684182268325,41.294871116635015,37.670793475060144,-29.486156078085383
6.006006006006006,226.251011862224,40.70455768163831,37.670793475060144,-29.686356278285583
6.026026026026026,227.00518190176476,40.11023623462559,37.670793475060144,-29.886556478485783
6.046046046046047,227.7593519413055,39.51190677559684,37.670793475060144,-30.086756678685983
6.066066066066066,228.51352198084626,38.90956930455208,37.670793475060144,-30.286956878886183
6.086086086086087,229.26769202038702,38.303223821491294,37.670793475060144,-30.487157079086384
6.106106106106106,230.02186205992777,37.692870326414486,37.670793475060144,-30.687357279286584
6.126126126126126,230.77603209946852,37.07850881932166,37.670793475060144,-30.887557479486784
6.146146146146147,231.53020213900928,36.460139300212816,37.670793475060144,-31.087757679686984
6.166166166166166,232.28437217855003,35.837761769087955,37.670793475060144,-31.287957879887184
6.186186186186187,233.03854221809078,35.21137622594707,37.670793475060144,-31.488158080087384
6.206206206206206,233.79271225763154,34.58098267079016,37.670793475060144,-31.688358280287584
6.226226226226226,234.5468822971723,33.94658110361724,37.670793475060144,-31.888558480487784
6.246246246246247,235.30105233671304,33.308171524428296,37.670793475060144,-32.08875868068799
6.266266266266266,236.0552223762538,32.66575393322333,37.670793475060144,-32.28895888088819
6.286286286286287,236.80939241579455,32.019328330002345,37.670793475060144,-32.48915908108839
6.306306306306306,237.5635624553353,31.36889471476534,37.670793475060144,-32.68935928128859
6.326326326326326,238.31773249487605,30.714453087512315,37.670793475060144,-32.88955948148879
6.346346346346347,239.0719025344168,30.05600344824327,37.670793475060144,-33.08975968168899
6.366366366366366,239.82607257395756,29.393545796958207,37.670793475060144,-33.28995988188919
6.386386386386387,240.5802426134983,28.72708013365712,37.670793475060144,-33.49016008208939
6.406406406406406,241.33441265303907,28.056606458340017,37.670793475060144,-33.69036028228959
6.426426426426426,242.08858269257982,27.382124771006893,37.670793475060144,-33.89056048248979
6.446446446446447,242.84275273212057,26.703635071657747,37.670793475060144,-34.09076068268999
6.466466466466466,243.59692277166133,26.02113736029258,37.670793475060144,-34.29096088289019
6.486486486486487,244.35109281120208,25.334631636911396,37.670793475060144,-34.49116108309039
6.506506506506506,245.10526285074283,24.644117901514193,37.670793475060144,-34.69136128329059
6.526526526526526,245.85943289028359,23.949596154100966,37.670793475060144,-34.89156148349079
6.546546546546547,246.61360292982434,23.25106639467172,37.670793475060144,-35.09176168369099
6.566566566566566,247.3677729693651,22.548528623226456,37.670793475060144,-35.29196188389119
6.586586586586587,248.12194300890584,21.841982839765173,37.670793475060144,-35.49216208409139
6.606606606606606,248.8761130484466,21.131429044287867,37.670793475060144,-35.69236228429159
6.626626626626627,249.63028308798735,20.41686723679454,37.670793475060144,-35.89256248449179
6.646646646646647,250.3844531275281,19.698297417285197,37.670793475060144,-36.09276268469199
6.666666666666666,251.13862316706886,18.975719585759833,37.670793475060144,-36.29296288489219
6.686686686686687,251.8927932066096,18.249133742218447,37.670793475060144,-36.49316308509239
6.706706706706706,252.64696324615036,17.518539886661042,37.670793475060144,-36.69336328529259
6.726726726726727,253.40113328569112,16.783938019087618,37.670793475060144,-36.89356348549279
6.746746746746747,254.15530332523187,16.04532813949817,37.670793475060144,-37.09376368569299
6.766766766766766,254.90947336477262,15.302710247892705,37.670793475060144,-37.29396388589319
6.786786786786787,255.66364340431338,14.55608434427122,37.670793475060144,-37.49416408609339
6.806806806806806,256.41781344385413,13.805450428633714,37.670793475060144,-37.69436428629359
6.826826826826827,257.17198348339485,13.050808500980189,37.670793475060144,-37.89456448649379
6.846846846846847,257.9261535229356,12.292158561310643,37.670793475060144,-38.09476468669399
6.866866866866866,258.6803235624763,11.529500609625078,37.670793475060144,-38.29496488689419
6.886886886886887,259.434493602017,10.762834645923492,37.670793475060144,-38.49516508709439
6.906906906906906,260.18866364155775,9.992160670205887,37.670793475060144,-38.69536528729459
6.926926926926927,260.9428336810985,9.217478682472262,37.670793475060144,-38.89556548749479
6.946946946946947,261.6970037206392,8.438788682722617,37.670793475060144,-39.09576568769499
6.966966966966966,262.4511737601799,7.656090670956951,37.670793475060144,-39.29596588789519
6.986986986986987,263.20534379972065,6.8693846471752655,37.670793475060144,-39.49616608809539
7.007007007007006,263.9595138392614,6.07867061137756,37.670793475060144,-39.69636628829559
7.027027027027027,264.7136838788021,5.283948563563834,37.670793475060144,-39.89656648849579
7.047047047047047,265.4678539183428,4.485218503734089,37.670793475060144,-40.09676668869599
7.067067067067066,266.22202395788355,3.6824804318883233,37.670793475060144,-40.29696688889619
7.087087087087087,266.9761939974243,2.875734348026538,37.670793475060144,-40.49716708909639
7.107107107107106,267.730364036965,2.0649802521487324,37.670793475060144,-40.697367289296594
7.127127127127127,268.4845340765057,1.2502181442549067,37.670793475060144,-40.897567489496794
7.147147147147147,269.23870411604645,0.431448024345061,37.670793475060144,-41.097767689696994
7.167167167167166,269.9928741555872,-0.39133010758080466,37.670793475060144,-41.297967889897194
7.187187187187187,270.7470441951279,-1.2181162515226904,37.670793475060144,-41.498168090097394
7.207207207207206,271.5012142346686,-2.048910407480596,37.670793475060144,-41.698368290297594
7.227227227227227,272.25538427420935,-2.883712575454522,37.670793475060144,-41.898568490497794
7.247247247247247,273.0095543137501,-3.7225227554444675,37.670793475060144,-42.098768690697995
7.267267267267268,273.7637243532908,-4.565340947450434,37.670793475060144,-42.298968890898195
7.287287287287287,274.5178943928315,-5.41216715147242,37.670793475060144,-42.499169091098395
7.3073073073073065,275.27206443237225,-6.263001367510426,37.670793475060144,-42.699369291298595
7.327327327327327,276.02623447191297,-7.117843595564452,37.670793475060144,-42.899569491498795
7.347347347347347,276.7804045114537,-7.976693835634498,37.670793475060144,-43.099769691698995
7.367367367367368,277.5345745509944,-8.839552087720563,37.670793475060144,-43.299969891899195
7.387387387387387,278.28874459053515,-9.706418351822649,37.670793475060144,-43.500170092099395
7.4074074074074066,279.04291463007587,-10.577292627940755,37.670793475060144,-43.700370292299596
7.4274274274274275,279.7970846696166,-11.452174916074881,37.670793475060144,-43.900570492499796
7.4474474474474475,280.5512547091573,-12.331065216225028,37.670793475060144,-44.100770692699996
7.467467467467468,281.30542474869804,-13.213963528391194,37.670793475060144,-44.300970892900196
7.4874874874874875,282.05959478823877,-14.10086985257338,37.670793475060144,-44.501171093100396
7.507507507507507,282.8137648277795,-14.991784188771586,37.670793475060144,-44.701371293300596
7.5275275275275275,283.5679348673202,-15.886706536985812,37.670793475060144,-44.901571493500796
7.5475475475475475,284.32210490686094,-16.785636897216058,37.670793475060144,-45.101771693701
7.567567567567568,285.07627494640167,-17.688575269462323,37.670793475060144,-45.3019718939012
7.587587587587588,285.8304449859424,-18.59552165372461,37.670793475060144,-45.5021720941014
7.607607607607607,286.5846150254831,-19.506476050002917,37.670793475060144,-45.7023722943016
7.627627627627628,287.33878506502384,-20.421438458297242,37.670793475060144,-45.9025724945018
7.647647647647648,288.09295510456457,-21.340408878607587,37.670793475060144,-46.102772694702
7.6676676676676685,288.8471251441053,-22.263387310933954,37.670793475060144,-46.3029728949022
7.687687687687688,289.601295183646,-23.19037375527634,37.670793475060144,-46.5031730951024
7.707707707707707,290.35546522318674,-24.121368211634746,37.670793475060144,-46.7033732953026
7.727727727727728,291.10963526272747,-25.056370680009174,37.670793475060144,-46.9035734955028
7.747747747747748,291.8638053022682,-25.99538116039962,37.670793475060144,-47.103773695703
7.767767767767769,292.6179753418089,-26.938399652806087,37.670793475060144,-47.3039738959032
7.787787787787788,293.37214538134964,-27.885426157228572,37.670793475060144,-47.5041740961034
7.807807807807807,294.12631542089036,-28.83646067366708,37.670793475060144,-47.7043742963036
7.827827827827828,294.8804854604311,-29.791503202121607,37.670793475060144,-47.9045744965038
7.847847847847848,295.6346554999718,-30.750553742592153,37.670793475060144,-48.104774696704
7.867867867867869,296.38882553951254,-31.71361229507872,37.670793475060144,-48.3049748969042
7.887887887887888,297.14299557905326,-32.680678859581306,37.670793475060144,-48.5051750971044
7.907907907907909,297.897165618594,-33.65175343609991,37.670793475060144,-48.7053752973046
7.927927927927928,298.6513356581347,-34.626836024634535,37.670793475060144,-48.9055754975048
7.947947947947948,299.40550569767544,-35.605926625185184,37.670793475060144,-49.105775697705
7.967967967967969,300.15967573721616,-36.58902523775185,37.670793475060144,-49.3059758979052
7.987987987987988,300.9138457767569,-37.576131862334535,37.670793475060144,-49.5061760981054
8.008008008008009,301.6680158162976,-38.567246498933244,37.670793475060144,-49.7063762983056
8.028028028028029,302.42218585583834,-39.56236914754797,37.670793475060144,-49.9065764985058
8.048048048048047,303.17635589537906,-40.561499808178716,37.670793475060144,-50.106776698706
8.068068068068069,303.9305259349198,-41.56463848082549,37.670793475060144,-50.3069768989062
8.088088088088089,304.6846959744605,-42.57178516548827,37.670793475060144,-50.5071770991064
8.108108108108109,305.43886601400123,-43.58293986216708,37.670793475060144,-50.7073772993066
8.128128128128129,306.19303605354196,-44.598102570861904,37.670793475060144,-50.9075774995068
8.148148148148147,306.9472060930827,-45.61727329157275,37.670793475060144,-51.107777699707
8.168168168168169,307.7013761326234,-46.64045202429962,37.670793475060144,-51.3079778999072
8.188188188188189,308.45554617216413,-47.667638769042505,37.670793475060144,-51.5081781001074
8.208208208208209,309.20971621170486,-48.69883352580141,37.670793475060144,-51.7083783003076
8.228228228228229,309.9638862512456,-49.73403629457634,37.670793475060144,-51.9085785005078
8.248248248248247,310.7180562907863,-50.77324707536729,37.670793475060144,-52.108778700708
8.268268268268269,311.47222633032703,-51.816465868174255,37.670793475060144,-52.3089789009082
8.288288288288289,312.22639636986776,-52.86369267299724,37.670793475060144,-52.5091791011084
8.308308308308309,312.9805664094085,-53.914927489836245,37.670793475060144,-52.7093793013086
8.328328328328329,313.7347364489492,-54.970170318691274,37.670793475060144,-52.9095795015088
8.348348348348347,314.48890648848993,-56.02942115956232,37.670793475060144,-53.109779701709
8.368368368368369,315.24307652803066,-57.092680012449385,37.670793475060144,-53.3099799019092
8.388388388388389,315.9972465675714,-58.159946877352475,37.670793475060144,-53.5101801021094
8.408408408408409,316.7514166071121,-59.23122175427158,37.670793475060144,-53.7103803023096
8.428428428428429,317.50558664665283,-60.30650464320671,37.670793475060144,-53.9105805025098
8.448448448448449,318.25975668619355,-61.38579554415786,37.670793475060144,-54.11078070271
8.468468468468469,319.0139267257343,-62.469094457125024,37.670793475060144,-54.3109809029102
8.488488488488489,319.768096765275,-63.55640138210821,37.670793475060144,-54.5111811031104
8.508508508508509,320.52226680481573,-64.64771631910742,37.670793475060144,-54.7113813033106
8.528528528528529,321.27643684435645,-65.74303926812264,37.670793475060144,-54.9115815035108
8.548548548548549,322.0306068838972,-66.84237022915389,37.670793475060144,-55.111781703711
8.568568568568569,322.7847769234379,-67.94570920220116,37.670793475060144,-55.3119819039112
8.588588588588589,323.5389469629786,-69.05305618726445,37.670793475060144,-55.5121821041114
8.608608608608609,324.29311700251935,-70.16441118434375,37.670793475060144,-55.7123823043116
8.62862862862863,325.0472870420601,-71.27977419343908,37.670793475060144,-55.9125825045118
8.64864864864865,325.8014570816008,-72.39914521455043,37.670793475060144,-56.112782704712004
8.66866866866867,326.5556271211415,-73.5225242476778,37.670793475060144,-56.312982904912204
8.68868868868869,327.30979716068225,-74.64991129282119,37.670793475060144,-56.513183105112404
8.70870870870871,328.063967200223,-75.7813063499806,37.670793475060144,-56.713383305312604
8.72872872872873,328.8181372397637,-76.91670941915602,37.670793475060144,-56.913583505512804
8.74874874874875,329.5723072793044,-78.05612050034748,37.670793475060144,-57.113783705713004
8.76876876876877,330.32647731884515,-79.19953959355495,37.670793475060144,-57.313983905913204
8.78878878878879,331.0806473583859,-80.34696669877843,37.670793475060144,-57.514184106113404
8.80880880880881,331.8348173979266,-81.49840181601793,37.670793475060144,-57.714384306313605
8.82882882882883,332.5889874374673,-82.65384494527346,37.670793475060144,-57.914584506513805
8.84884884884885,333.34315747700805,-83.81329608654501,37.670793475060144,-58.114784706714005
8.86886886886887,334.0973275165488,-84.97675523983257,37.670793475060144,-58.314984906914205
8.88888888888889,334.8514975560895,-86.14422240513616,37.670793475060144,-58.515185107114405
8.90890890890891,335.6056675956302,-87.31569758245577,37.670793475060144,-58.715385307314605
8.92892892892893,336.35983763517095,-88.49118077179139,37.670793475060144,-58.915585507514805
8.94894894894895,337.1140076747117,-89.67067197314304,37.670793475060144,-59.115785707715006
8.96896896896897,337.8681777142524,-90.85417118651071,37.670793475060144,-59.315985907915206
8.98898898898899,338.6223477537931,-92.0416784118944,37.670793475060144,-59.516186108115406
9.00900900900901,339.37651779333385,-93.23319364929411,37.670793475060144,-59.716386308315606
9.02902902902903,340.13068783287457,-94.42871689870984,37.670793475060144,-59.916586508515806
9.04904904904905,340.8848578724153,-95.62824816014158,37.670793475060144,-60.116786708716006
9.06906906906907,341.639027911956,-96.83178743358935,37.670793475060144,-60.316986908916206
9.08908908908909,342.39319795149675,-98.03933471905314,37.670793475060144,-60.517187109116406
9.10910910910911,343.14736799103747,-99.25089001653295,37.670793475060144,-60.71738730931661
9.12912912912913,343.9015380305782,-100.46645332602878,37.670793475060144,-60.91758750951681
9.14914914914915,344.6557080701189,-101.68602464754063,37.670793475060144,-61.11778770971701
9.16916916916917,345.40987810965964,-102.9096039810685,37.670793475060144,-61.31798790991721
9.18918918918919,346.16404814920037,-104.13719132661238,37.670793475060144,-61.51818811011741
9.20920920920921,346.9182181887411,-105.36878668417229,37.670793475060144,-61.71838831031761
9.22922922922923,347.6723882282818,-106.60439005374822,37.670793475060144,-61.91858851051781
9.24924924924925,348.42655826782254,-107.84400143534016,37.670793475060144,-62.11878871071801
9.26926926926927,349.18072830736327,-109.08762082894813,37.670793475060144,-62.31898891091821
9.28928928928929,349.934898346904,-110.33524823457212,37.670793475060144,-62.51918911111841
9.30930930930931,350.6890683864447,-111.58688365221212,37.670793475060144,-62.71938931131861
9.32932932932933,351.44323842598544,-112.84252708186816,37.670793475060144,-62.91958951151881
9.34934934934935,352.19740846552617,-114.1021785235402,37.670793475060144,-63.11978971171901
9.36936936936937,352.9515785050669,-115.36583797722827,37.670793475060144,-63.31998991191921
9.38938938938939,353.7057485446076,-116.63350544293236,37.670793475060144,-63.52019011211941
9.40940940940941,354.45991858414834,-117.90518092065247,37.670793475060144,-63.72039031231961
9.42942942942943,355.21408862368907,-119.1808644103886,37.670793475060144,-63.92059051251981
9.44944944944945,355.9682586632298,-120.46055591214075,37.670793475060144,-64.12079071272001
9.46946946946947,356.7224287027705,-121.74425542590892,37.670793475060144,-64.32099091292021
9.48948948948949,357.47659874231124,-123.0319629516931,37.670793475060144,-64.52119111312041
9.50950950950951,358.23076878185196,-124.32367848949332,37.670793475060144,-64.72139131332061
9.52952952952953,358.9849388213927,-125.61940203930955,37.670793475060144,-64.92159151352081
9.54954954954955,359.7391088609334,-126.9191336011418,37.670793475060144,-65.12179171372101
9.56956956956957,360.49327890047414,-128.22287317499007,37.670793475060144,-65.32199191392121
9.58958958958959,361.24744894001486,-129.53062076085436,37.670793475060144,-65.52219211412141
9.60960960960961,362.0016189795556,-130.84237635873467,37.670793475060144,-65.72239231432161
9.62962962962963,362.7557890190963,-132.158139968631,37.670793475060144,-65.92259251452181
9.64964964964965,363.50995905863704,-133.47791159054333,37.670793475060144,-66.12279271472201
9.66966966966967,364.26412909817776,-134.8016912244717,37.670793475060144,-66.32299291492221
9.68968968968969,365.0182991377185,-136.1294788704161,37.670793475060144,-66.52319311512241
9.70970970970971,365.7724691772592,-137.46127452837652,37.670793475060144,-66.72339331532261
9.72972972972973,366.52663921679994,-138.79707819835295,37.670793475060144,-66.92359351552281
9.74974974974975,367.28080925634066,-140.1368898803454,37.670793475060144,-67.12379371572301
9.76976976976977,368.0349792958814,-141.48070957435385,37.670793475060144,-67.32399391592321
9.78978978978979,368.7891493354221,-142.82853728037833,37.670793475060144,-67.52419411612341
9.80980980980981,369.54331937496283,-144.18037299841885,37.670793475060144,-67.72439431632361
9.82982982982983,370.29748941450356,-145.53621672847538,37.670793475060144,-67.92459451652381
9.84984984984985,371.0516594540443,-146.89606847054793,37.670793475060144,-68.12479471672401
9.86986986986987,371.805829493585,-148.2599282246365,37.670793475060144,-68.32499491692421
9.88988988988989,372.55999953312573,-149.62779599074108,37.670793475060144,-68.52519511712441
9.90990990990991,373.31416957266646,-150.99967176886167,37.670793475060144,-68.72539531732461
9.92992992992993,374.0683396122072,-152.37555555899831,37.670793475060144,-68.92559551752481
9.94994994994995,374.8225096517479,-153.75544736115097,37.670793475060144,-69.12579571772501
9.96996996996997,375.57667969128863,-155.13934717531964,37.670793475060144,-69.32599591792521
9.98998998998999,376.33084973082936,-156.52725500150433,37.670793475060144,-69.52619611812541
10.01001001001001,377.0850197703701,-157.91917083970503,37.670793475060144,-69.72639631832561
10.03003003003003,377.8391898099108,-159.31509468992175,37.670793475060144,-69.92659651852581
10.05005005005005,378.59335984945153,-160.7150265521545,37.670793475060144,-70.12679671872601
10.07007007007007,379.34752988899226,-162.1189664264033,37.670793475060144,-70.32699691892621
10.09009009009009,380.101699928533,-163.52691431266808,37.670793475060144,-70.52719711912641
10.11011011011011,380.8558699680737,-164.9388702109489,37.670793475060144,-70.72739731932661
10.13013013013013,381.61004000761443,-166.35483412124572,37.670793475060144,-70.92759751952681
10.15015015015015,382.36421004715515,-167.77480604355856,37.670793475060144,-71.12779771972701
10.17017017017017,383.1183800866959,-169.1987859778874,37.670793475060144,-71.32799791992721
10.19019019019019,383.8725501262366,-170.6267739242323,37.670793475060144,-71.52819812012741
10.21021021021021,384.62672016577733,-172.05876988259323,37.670793475060144,-71.72839832032761
10.23023023023023,385.38089020531805,-173.49477385297016,37.670793475060144,-71.92859852052781
10.25025025025025,386.1350602448588,-174.9347858353631,37.670793475060144,-72.12879872072801
10.27027027027027,386.8892302843995,-176.37880582977206,37.670793475060144,-72.32899892092821
10.29029029029029,387.6434003239402,-177.82683383619704,37.670793475060144,-72.52919912112841
10.31031031031031,388.39757036348095,-179.27886985463806,37.670793475060144,-72.72939932132861
10.33033033033033,389.1517404030217,-180.7349138850951,37.670793475060144,-72.92959952152881
10.35035035035035,389.9059104425624,-182.19496592756815,37.670793475060144,-73.12979972172901
10.37037037037037,390.6600804821031,-183.65902598205722,37.670793475060144,-73.32999992192921
10.39039039039039,391.41425052164385,-185.1270940485623,37.670793475060144,-73.53020012212941
10.41041041041041,392.1684205611846,-186.5991701270834,37.670793475060144,-73.73040032232961
10.43043043043043,392.9225906007253,-188.07525421762054,37.670793475060144,-73.93060052252982
10.45045045045045,393.676760640266,-189.5553463201737,37.670793475060144,-74.13080072273002
10.47047047047047,394.43093067980675,-191.03944643474287,37.670793475060144,-74.33100092293022
10.49049049049049,395.1851007193475,-192.52755456132806,37.670793475060144,-74.53120112313042
10.51051051051051,395.9392707588882,-194.01967069992926,37.670793475060144,-74.73140132333062
10.53053053053053,396.6934407984289,-195.51579485054648,37.670793475060144,-74.93160152353082
10.55055055055055,397.44761083796965,-197.01592701317972,37.670793475060144,-75.13180172373102
10.57057057057057,398.2017808775104,-198.520067187829,37.670793475060144,-75.33200192393122
10.59059059059059,398.9559509170511,-200.0282153744943,37.670793475060144,-75.53220212413142
10.61061061061061,399.7101209565918,-201.5403715731756,37.670793475060144,-75.73240232433162
10.63063063063063,400.46429099613255,-203.05653578387293,37.670793475060144,-75.93260252453182
10.65065065065065,401.2184610356733,-204.57670800658627,37.670793475060144,-76.13280272473202
10.67067067067067,401.972631075214,-206.10088824131563,37.670793475060144,-76.33300292493222
10.690690690690692,402.7268011147547,-207.62907648806103,37.670793475060144,-76.53320312513242
10.71071071071071,403.48097115429545,-209.16127274682245,37.670793475060144,-76.73340332533262
10.73073073073073,404.23514119383617,-210.69747701759988,37.670793475060144,-76.93360352553282
10.75075075075075,404.9893112333769,-212.23768930039333,37.670793475060144,-77.13380372573302
10.77077077077077,405.7434812729176,-213.7819095952028,37.670793475060144,-77.33400392593322
10.790790790790792,406.49765131245834,-215.33013790202827,37.670793475060144,-77.53420412613342
10.81081081081081,407.25182135199907,-216.8823742208698,37.670793475060144,-77.73440432633362
10.83083083083083,408.0059913915398,-218.43861855172733,37.670793475060144,-77.93460452653382
10.85085085085085,408.7601614310805,-219.99887089460088,37.670793475060144,-78.13480472673402
10.87087087087087,409.51433147062124,-221.56313124949045,37.670793475060144,-78.33500492693422
10.890890890890892,410.26850151016197,-223.13139961639604,37.670793475060144,-78.53520512713442
10.91091091091091,411.0226715497027,-224.70367599531764,37.670793475060144,-78.73540532733462
10.93093093093093,411.7768415892434,-226.27996038625525,37.670793475060144,-78.93560552753482
10.95095095095095,412.53101162878414,-227.86025278920891,37.670793475060144,-79.13580572773502
10.97097097097097,413.28518166832487,-229.4445532041786,37.670793475060144,-79.33600592793522
10.990990990990992,414.0393517078656,-231.03286163116428,37.670793475060144,-79.53620612813542
11.01101101101101,414.7935217474063,-232.625178070166,37.670793475060144,-79.73640632833562
11.03103103103103,415.54769178694704,-234.2215025211837,37.670793475060144,-79.93660652853582
11.05105105105105,416.30186182648777,-235.82183498421745,37.670793475060144,-80.13680672873602
11.07107107107107,417.0560318660285,-237.42617545926723,37.670793475060144,-80.33700692893622
11.091091091091092,417.8102019055692,-239.03452394633302,37.670793475060144,-80.53720712913642
11.11111111111111,418.56437194510994,-240.64688044541484,37.670793475060144,-80.73740732933662
11.13113113113113,419.31854198465066,-242.26324495651266,37.670793475060144,-80.93760752953682
11.15115115115115,420.0727120241914,-243.8836174796265,37.670793475060144,-81.13780772973702
11.17117117117117,420.8268820637321,-245.50799801475637,37.670793475060144,-81.33800792993722
11.191191191191193,421.58105210327284,-247.13638656190227,37.670793475060144,-81.53820813013742
11.21121121121121,422.33522214281356,-248.7687831210642,37.670793475060144,-81.73840833033762
11.23123123123123,423.0893921823543,-250.40518769224212,37.670793475060144,-81.93860853053782
11.25125125125125,423.843562221895,-252.04560027543607,37.670793475060144,-82.13880873073802
11.27127127127127,424.59773226143574,-253.69002087064604,37.670793475060144,-82.33900893093822
11.291291291291293,425.35190230097646,-255.33844947787202,37.670793475060144,-82.53920913113842
11.31131131131131,426.1060723405172,-256.990886097114,37.670793475060144,-82.73940933133862
11.33133133133133,426.8602423800579,-258.647330728372,37.670793475060144,-82.93960953153882
11.35135135135135,427.61441241959864,-260.30778337164605,37.670793475060144,-83.13980973173902
11.37137137137137,428.36858245913936,-261.9722440269361,37.670793475060144,-83.34000993193922
11.391391391391393,429.1227524986801,-263.6407126942422,37.670793475060144,-83.54021013213942
11.411411411411411,429.8769225382208,-265.31318937356434,37.670793475060144,-83.74041033233962
11.431431431431431,430.63109257776154,-266.9896740649025,37.670793475060144,-83.94061053253982
11.451451451451451,431.38526261730226,-268.67016676825665,37.670793475060144,-84.14081073274002
11.471471471471471,432.139432656843,-270.3546674836268,37.670793475060144,-84.34101093294022
11.491491491491493,432.8936026963837,-272.043176211013,37.670793475060144,-84.54121113314042
11.511511511511511,433.64777273592443,-273.7356929504152,37.670793475060144,-84.74141133334062
11.531531531531531,434.40194277546516,-275.43221770183345,37.670793475060144,-84.94161153354082
11.551551551551551,435.1561128150059,-277.1327504652677,37.670793475060144,-85.14181173374102
11.571571571571571,435.9102828545466,-278.83729124071795,37.670793475060144,-85.34201193394122
11.591591591591593,436.66445289408733,-280.5458400281842,37.670793475060144,-85.54221213414142
11.611611611611611,437.41862293362806,-282.2583968276665,37.670793475060144,-85.74241233434162
11.631631631631631,438.1727929731688,-283.97496163916486,37.670793475060144,-85.94261253454182
11.651651651651651,438.9269630127095,-285.69553446267923,37.670793475060144,-86.14281273474202
11.671671671671671,439.68113305225023,-287.4201152982096,37.670793475060144,-86.34301293494222
11.691691691691693,440.43530309179096,-289.148704145756,37.670793475060144,-86.54321313514242
11.711711711711711,441.1894731313317,-290.88130100531845,37.670793475060144,-86.74341333534262
11.731731731731731,441.9436431708724,-292.6179058768969,37.670793475060144,-86.94361353554282
11.751751751751751,442.69781321041313,-294.35851876049134,37.670793475060144,-87.14381373574302
11.771771771771771,443.45198324995386,-296.1031396561018,37.670793475060144,-87.34401393594322
11.791791791791793,444.2061532894946,-297.8517685637283,37.670793475060144,-87.54421413614342
11.811811811811811,444.9603233290353,-299.6044054833708,37.670793475060144,-87.74441433634362
11.831831831831831,445.71449336857603,-301.3610504150293,37.670793475060144,-87.94461453654382
11.851851851851851,446.46866340811675,-303.1217033587038,37.670793475060144,-88.14481473674402
11.871871871871871,447.2228334476575,-304.88636431439437,37.670793475060144,-88.34501493694422
11.891891891891893,447.9770034871982,-306.655033282101,37.670793475060144,-88.54521513714442
11.911911911911911,448.7311735267389,-308.4277102618236,37.670793475060144,-88.74541533734462
11.931931931931931,449.48534356627965,-310.20439525356227,37.670793475060144,-88.94561553754482
11.951951951951951,450.2395136058204,-311.98508825731693,37.670793475060144,-89.14581573774502
11.971971971971973,450.9936836453611,-313.7697892730876,37.670793475060144,-89.34601593794523
11.991991991991993,451.7478536849018,-315.5584983008743,37.670793475060144,-89.54621613814543
12.012012012012011,452.50202372444255,-317.351215340677,37.670793475060144,-89.74641633834563
12.032032032032031,453.2561937639833,-319.14794039249574,37.670793475060144,-89.94661653854583
12.052052052052051,454.010363803524,-320.9486734563305,37.670793475060144,-90.14681673874603
12.072072072072073,454.7645338430647,-322.75341453218124,37.670793475060144,-90.34701693894623
12.092092092092093,455.51870388260545,-324.562163620048,37.670793475060144,-90.54721713914643
12.112112112112111,456.2728739221462,-326.3749207199308,37.670793475060144,-90.74741733934663
12.132132132132131,457.0270439616869,-328.1916858318296,37.670793475060144,-90.94761753954683
12.152152152152151,457.7812140012276,-330.0124589557445,37.670793475060144,-91.14781773974703
12.172172172172173,458.53538404076835,-331.83724009167537,37.670793475060144,-91.34801793994723
12.192192192192193,459.2895540803091,-333.6660292396223,37.670793475060144,-91.54821814014743
12.212212212212211,460.0437241198498,-335.4988263995852,37.670793475060144,-91.74841834034763
12.232232232232231,460.7978941593905,-337.33563157156414,37.670793475060144,-91.94861854054783
12.252252252252251,461.55206419893125,-339.1764447555591,37.670793475060144,-92.14881874074803
12.272272272272273,462.306234238472,-341.02126595157006,37.670793475060144,-92.34901894094823
12.292292292292293,463.0604042780127,-342.87009515959704,37.670793475060144,-92.54921914114843
12.312312312312311,463.8145743175534,-344.72293237964004,37.670793475060144,-92.74941934134863
12.332332332332332,464.56874435709415,-346.57977761169906,37.670793475060144,-92.94961954154883
12.352352352352352,465.32291439663487,-348.4406308557741,37.670793475060144,-93.14981974174903
12.372372372372373,466.0770844361756,-350.30549211186514,37.670793475060144,-93.35001994194923
12.392392392392393,466.8312544757163,-352.17436137997225,37.670793475060144,-93.55022014214943
12.412412412412412,467.58542451525705,-354.0472386600954,37.670793475060144,-93.75042034234963
12.432432432432432,468.33959455479777,-355.92412395223454,37.670793475060144,-93.95062054254983
12.452452452452452,469.0937645943385,-357.8050172563897,37.670793475060144,-94.15082074275003
12.472472472472473,469.8479346338792,-359.6899185725609,37.670793475060144,-94.35102094295023
12.492492492492493,470.60210467341994,-361.5788279007481,37.670793475060144,-94.55122114315043
12.512512512512512,471.35627471296067,-363.4717452409513,37.670793475060144,-94.75142134335063
12.532532532532532,472.1104447525014,-365.3686705931705,37.670793475060144,-94.95162154355083
12.552552552552552,472.8646147920421,-367.26960395740576,37.670793475060144,-95.15182174375103
12.572572572572573,473.61878483158284,-369.174545333657,37.670793475060144,-95.35202194395123
12.592592592592593,474.37295487112357,-371.0834947219243,37.670793475060144,-95.55222214415143
12.612612612612612,475.1271249106643,-372.9964521222076,37.670793475060144,-95.75242234435163
12.632632632632632,475.881294950205,-374.9134175345069,37.670793475060144,-95.95262254455183
12.652652652652652,476.63546498974574,-376.83439095882227,37.670793475060144,-96.15282274475203
12.672672672672673,477.38963502928647,-378.75937239515366,37.670793475060144,-96.35302294495223
12.692692692692694,478.1438050688272,-380.68836184350107,37.670793475060144,-96.55322314515243
12.712712712712712,478.8979751083679,-382.6213593038645,37.670793475060144,-96.75342334535263
12.732732732732732,479.65214514790864,-384.55836477624393,37.670793475060144,-96.95362354555283
12.752752752752752,480.40631518744937,-386.4993782606394,37.670793475060144,-97.15382374575303
12.772772772772774,481.1604852269901,-388.44439975705086,37.670793475060144,-97.35402394595323
12.792792792792794,481.9146552665308,-390.39342926547835,37.670793475060144,-97.55422414615343
12.812812812812812,482.66882530607154,-392.34646678592185,37.670793475060144,-97.75442434635363
12.832832832832832,483.42299534561226,-394.30351231838137,37.670793475060144,-97.95462454655383
12.852852852852852,484.177165385153,-396.2645658628569,37.670793475060144,-98.15482474675403
12.872872872872874,484.9313354246937,-398.22962741934845,37.670793475060144,-98.35502494695423
12.892892892892894,485.68550546423444,-400.198696987856,37.670793475060144,-98.55522514715443
12.912912912912912,486.43967550377516,-402.17177456837965,37.670793475060144,-98.75542534735463
12.932932932932932,487.1938455433159,-404.1488601609193,37.670793475060144,-98.95562554755483
12.952952952952952,487.9480155828566,-406.12995376547497,37.670793475060144,-99.15582574775503
12.972972972972974,488.70218562239734,-408.11505538204665,37.670793475060144,-99.35602594795523
12.992992992992994,489.45635566193806,-410.10416501063435,37.670793475060144,-99.55622614815543
13.013013013013012,490.2105257014788,-412.09728265123806,37.670793475060144,-99.75642634835563
13.033033033033032,490.9646957410195,-414.0944083038578,37.670793475060144,-99.95662654855583
13.053053053053052,491.71886578056024,-416.09554196849354,37.670793475060144,-100.15682674875603
13.073073073073074,492.47303582010096,-418.1006836451453,37.670793475060144,-100.35702694895623
13.093093093093094,493.2272058596417,-420.10983333381307,37.670793475060144,-100.55722714915643
13.113113113113112,493.9813758991824,-422.12299103449686,37.670793475060144,-100.75742734935663
13.133133133133132,494.73554593872313,-424.14015674719667,37.670793475060144,-100.95762754955683
13.153153153153154,495.48971597826386,-426.16133047191255,37.670793475060144,-101.15782774975703
13.173173173173174,496.2438860178046,-428.18651220864444,37.670793475060144,-101.35802794995723
13.193193193193194,496.9980560573453,-430.21570195739235,37.670793475060144,-101.55822815015743
13.213213213213212,497.75222609688603,-432.2488997181563,37.670793475060144,-101.75842835035763
13.233233233233232,498.50639613642676,-434.2861054909362,37.670793475060144,-101.95862855055783
13.253253253253254,499.2605661759675,-436.3273192757322,37.670793475060144,-102.15882875075803
13.273273273273274,500.0147362155082,-438.37254107254415,37.670793475060144,-102.35902895095823
13.293293293293294,500.76890625504893,-440.42177088137214,37.670793475060144,-102.55922915115843
13.313313313313312,501.52307629458966,-442.47500870221614,37.670793475060144,-102.75942935135863
13.333333333333332,502.2772463341304,-444.53225453507616,37.670793475060144,-102.95962955155883
13.353353353353354,503.0314163736711,-446.5935083799522,37.670793475060144,-103.15982975175903
13.373373373373374,503.78558641321183,-448.65877023684425,37.670793475060144,-103.36002995195923
13.393393393393394,504.53975645275256,-450.7280401057523,37.670793475060144,-103.56023015215943
13.413413413413412,505.2939264922933,-452.80131798667645,37.670793475060144,-103.76043035235963
13.433433433433432,506.048096531834,-454.8786038796166,37.670793475060144,-103.96063055255983
13.453453453453454,506.80226657137473,-456.9598977845728,37.670793475060144,-104.16083075276003
13.473473473473474,507.55643661091545,-459.04519970154496,37.670793475060144,-104.36103095296023
13.493493493493494,508.3106066504562,-461.13450963053316,37.670793475060144,-104.56123115316043
13.513513513513512,509.0647766899969,-463.2278275715374,37.670793475060144,-104.76143135336063
13.533533533533532,509.81894672953763,-465.3251535245576,37.670793475060144,-104.96163155356084
13.553553553553554,510.57311676907835,-467.42648748959385,37.670793475060144,-105.16183175376104
13.573573573573574,511.3272868086191,-469.5318294666461,37.670793475060144,-105.36203195396124
13.593593593593594,512.0814568481599,-471.6411794557144,37.670793475060144,-105.56223215416144
13.613613613613612,512.8356268877006,-473.7545374567987,37.670793475060144,-105.76243235436164
13.633633633633632,513.5897969272414,-475.871903469899,37.670793475060144,-105.96263255456184
13.653653653653654,514.3439669667822,-477.9932774950154,37.670793475060144,-106.16283275476204
13.673673673673674,515.098137006323,-480.1186595321478,37.670793475060144,-106.36303295496224
13.693693693693694,515.8523070458638,-482.2480495812962,37.670793475060144,-106.56323315516244
13.713713713713712,516.6064770854045,-484.3814476424606,37.670793475060144,-106.76343335536264
13.733733733733732,517.3606471249453,-486.51885371564106,37.670793475060144,-106.96363355556284
13.753753753753754,518.1148171644861,-488.6602678008375,37.670793475060144,-107.16383375576304
13.773773773773774,518.8689872040269,-490.80568989805,37.670793475060144,-107.36403395596324
13.793793793793794,519.6231572435677,-492.9551200072785,37.670793475060144,-107.56423415616344
13.813813813813812,520.3773272831085,-495.108558128523,37.670793475060144,-107.76443435636364
13.833833833833832,521.1314973226492,-497.2660042617835,37.670793475060144,-107.96463455656384
13.853853853853854,521.88566736219,-499.42745840706004,37.670793475060144,-108.16483475676404
13.873873873873874,522.6398374017308,-501.5929205643526,37.670793475060144,-108.36503495696424
13.893893893893894,523.3940074412716,-503.76239073366116,37.670793475060144,-108.56523515716444
13.913913913913913,524.1481774808124,-505.9358689149858,37.670793475060144,-108.76543535736464
13.933933933933933,524.9023475203531,-508.11335510832646,37.670793475060144,-108.96563555756484
13.953953953953954,525.6565175598939,-510.29484931368313,37.670793475060144,-109.16583575776504
13.973973973973974,526.4106875994347,-512.4803515310558,37.670793475060144,-109.36603595796524
13.993993993993994,527.1648576389755,-514.6698617604445,37.670793475060144,-109.56623615816544
14.014014014014013,527.9190276785163,-516.8633800018492,37.670793475060144,-109.76643635836564
14.034034034034033,528.673197718057,-519.06090625527,37.670793475060144,-109.96663655856584
14.054054054054054,529.4273677575978,-521.2624405207067,37.670793475060144,-110.16683675876604
14.074074074074074,530.1815377971386,-523.4679827981595,37.670793475060144,-110.36703695896624
14.094094094094094,530.9357078366794,-525.6775330876283,37.670793475060144,-110.56723715916644
14.114114114114113,531.6898778762202,-527.8910913891131,37.670793475060144,-110.76743735936664
14.134134134134133,532.444047915761,-530.1086577026139,37.670793475060144,-110.96763755956684
14.154154154154154,533.1982179553017,-532.3302320281307,37.670793475060144,-111.16783775976704
14.174174174174174,533.9523879948425,-534.5558143656635,37.670793475060144,-111.36803795996724
14.194194194194194,534.7065580343833,-536.7854047152124,37.670793475060144,-111.56823816016744
14.214214214214213,535.4607280739241,-539.0190030767773,37.670793475060144,-111.76843836036764
14.234234234234233,536.2148981134649,-541.2566094503582,37.670793475060144,-111.96863856056784
14.254254254254255,536.9690681530057,-543.4982238359551,37.670793475060144,-112.16883876076804
14.274274274274275,537.7232381925464,-545.743846233568,37.670793475060144,-112.36903896096824
14.294294294294295,538.4774082320872,-547.993476643197,37.670793475060144,-112.56923916116844
14.314314314314313,539.231578271628,-550.2471150648421,37.670793475060144,-112.76943936136864
14.334334334334333,539.9857483111688,-552.5047614985032,37.670793475060144,-112.96963956156884
14.354354354354355,540.7399183507096,-554.7664159441803,37.670793475060144,-113.16983976176904
14.374374374374375,541.4940883902503,-557.0320784018734,37.670793475060144,-113.37003996196924
14.394394394394395,542.2482584297911,-559.3017488715825,37.670793475060144,-113.57024016216944
14.414414414414413,543.0024284693319,-561.5754273533076,37.670793475060144,-113.77044036236964
14.434434434434436,543.7565985088727,-563.8531138470488,37.670793475060144,-113.97064056256984
14.454454454454455,544.5107685484135,-566.134808352806,37.670793475060144,-114.17084076277004
14.474474474474475,545.2649385879542,-568.4205108705792,37.670793475060144,-114.37104096297024
14.494494494494495,546.019108627495,-570.7102214003684,37.670793475060144,-114.57124116317044
14.514514514514513,546.7732786670358,-573.0039399421736,37.670793475060144,-114.77144136337064
14.534534534534536,547.5274487065766,-575.3016664959948,37.670793475060144,-114.97164156357084
14.554554554554555,548.2816187461174,-577.6034010618321,37.670793475060144,-115.17184176377104
14.574574574574575,549.0357887856582,-579.9091436396853,37.670793475060144,-115.37204196397124
14.594594594594595,549.7899588251989,-582.2188942295546,37.670793475060144,-115.57224216417144
14.614614614614613,550.5441288647397,-584.5326528314399,37.670793475060144,-115.77244236437164
14.634634634634637,551.2982989042805,-586.8504194453412,37.670793475060144,-115.97264256457184
14.654654654654655,552.0524689438213,-589.1721940712586,37.670793475060144,-116.17284276477204
14.674674674674675,552.8066389833621,-591.4979767091919,37.670793475060144,-116.37304296497224
14.694694694694695,553.5608090229028,-593.8277673591413,37.670793475060144,-116.57324316517244
14.714714714714713,554.3149790624436,-596.1615660211066,37.670793475060144,-116.77344336537264
14.734734734734737,555.0691491019844,-598.499372695088,37.670793475060144,-116.97364356557284
14.754754754754755,555.8233191415252,-600.8411873810854,37.670793475060144,-117.17384376577304
14.774774774774775,556.577489181066,-603.1870100790989,37.670793475060144,-117.37404396597324
14.794794794794795,557.3316592206068,-605.5368407891284,37.670793475060144,-117.57424416617344
14.814814814814813,558.0858292601475,-607.890679511174,37.670793475060144,-117.77444436637364
14.834834834834837,558.8399992996883,-610.2485262452356,37.670793475060144,-117.97464456657384
14.854854854854855,559.5941693392291,-612.6103809913131,37.670793475060144,-118.17484476677404
14.874874874874875,560.3483393787699,-614.9762437494068,37.670793475060144,-118.37504496697424
14.894894894894895,561.1025094183107,-617.3461145195164,37.670793475060144,-118.57524516717444
14.914914914914913,561.8566794578514,-619.719993301642,37.670793475060144,-118.77544536737464
14.934934934934937,562.6108494973922,-622.0978800957837,37.670793475060144,-118.97564556757484
14.954954954954955,563.365019536933,-624.4797749019414,37.670793475060144,-119.17584576777504
14.974974974974975,564.1191895764738,-626.8656777201151,37.670793475060144,-119.37604596797524
14.994994994994995,564.8733596160146,-629.2555885503048,37.670793475060144,-119.57624616817544
15.015015015015013,565.6275296555553,-631.6495073925105,37.670793475060144,-119.77644636837564
15.035035035035037,566.3816996950961,-634.0474342467322,37.670793475060144,-119.97664656857584
15.055055055055055,567.1358697346369,-636.44936911297,37.670793475060144,-120.17684676877604
15.075075075075075,567.8900397741777,-638.8553119912237,37.670793475060144,-120.37704696897625
15.095095095095095,568.6442098137185,-641.2652628814935,37.670793475060144,-120.57724716917645
15.115115115115113,569.3983798532593,-643.6792217837793,37.670793475060144,-120.77744736937665
15.135135135135137,570.1525498928,-646.0971886980811,37.670793475060144,-120.97764756957685
15.155155155155155,570.9067199323408,-648.519163624399,37.670793475060144,-121.17784776977705
15.175175175175175,571.6608899718816,-650.9451465627328,37.670793475060144,-121.37804796997725
15.195195195195195,572.4150600114224,-653.3751375130827,37.670793475060144,-121.57824817017745
15.215215215215213,573.1692300509632,-655.8091364754486,37.670793475060144,-121.77844837037765
15.235235235235237,573.923400090504,-658.2471434498304,37.670793475060144,-121.97864857057785
15.255255255255255,574.6775701300447,-660.6891584362284,37.670793475060144,-122.17884877077805
15.275275275275275,575.4317401695855,-663.1351814346423,37.670793475060144,-122.37904897097825
15.295295295295295,576.1859102091263,-665.5852124450722,37.670793475060144,-122.57924917117845
15.315315315315313,576.9400802486671,-668.0392514675183,37.670793475060144,-122.77944937137865
15.335335335335337,577.6942502882079,-670.4972985019804,37.670793475060144,-122.97964957157885
15.355355355355355,578.4484203277486,-672.9593535484585,37.670793475060144,-123.17984977177905
15.375375375375375,579.2025903672894,-675.4254166069526,37.670793475060144,-123.38004997197925
15.395395395395395,579.9567604068302,-677.8954876774627,37.670793475060144,-123.58025017217945
15.415415415415413,580.710930446371,-680.3695667599889,37.670793475060144,-123.78045037237965
15.435435435435437,581.4651004859118,-682.847653854531,37.670793475060144,-123.98065057257985
15.455455455455455,582.2192705254525,-685.3297489610892,37.670793475060144,-124.18085077278005
15.475475475475475,582.9734405649933,-687.8158520796634,37.670793475060144,-124.38105097298025
15.495495495495495,583.7276106045341,-690.3059632102536,37.670793475060144,-124.58125117318045
15.515515515515514,584.4817806440749,-692.8000823528598,37.670793475060144,-124.78145137338065
15.535535535535537,585.2359506836157,-695.298209507482,37.670793475060144,-124.98165157358085
15.555555555555555,585.9901207231565,-697.8003446741203,37.670793475060144,-125.18185177378105
15.575575575575575,586.7442907626972,-700.3064878527746,37.670793475060144,-125.38205197398125
15.595595595595595,587.498460802238,-702.8166390434449,37.670793475060144,-125.58225217418145
15.615615615615614,588.2526308417788,-705.3307982461312,37.670793475060144,-125.78245237438165
15.635635635635637,589.0068008813196,-707.8489654608335,37.670793475060144,-125.98265257458185
15.655655655655655,589.7609709208604,-710.3711406875518,37.670793475060144,-126.18285277478205
15.675675675675675,590.5151409604011,-712.8973239262862,37.670793475060144,-126.38305297498225
15.695695695695695,591.2693109999419,-715.4275151770365,37.670793475060144,-126.58325317518245
15.715715715715717,592.0234810394827,-717.9617144398029,37.670793475060144,-126.78345337538265
15.735735735735737,592.7776510790235,-720.4999217145853,37.670793475060144,-126.98365357558285
15.755755755755755,593.5318211185643,-723.0421370013837,37.670793475060144,-127.18385377578305
15.775775775775776,594.285991158105,-725.5883603001981,37.670793475060144,-127.38405397598325
15.795795795795796,595.0401611976458,-728.1385916110286,37.670793475060144,-127.58425417618345
15.815815815815817,595.7943312371866,-730.6928309338751,37.670793475060144,-127.78445437638365
15.835835835835837,596.5485012767274,-733.2510782687377,37.670793475060144,-127.98465457658385
15.855855855855856,597.3026713162682,-735.8133336156163,37.670793475060144,-128.18485477678405
15.875875875875876,598.056841355809,-738.379596974511,37.670793475060144,-128.38505497698426
15.895895895895896,598.8110113953497,-740.9498683454216,37.670793475060144,-128.58525517718448
15.915915915915917,599.5651814348905,-743.5241477283482,37.670793475060144,-128.7854553773847
15.935935935935937,600.3193514744313,-746.1024351232909,37.670793475060144,-128.9856555775849
15.955955955955956,601.0735215139721,-748.6847305302496,37.670793475060144,-129.18585577778512
15.975975975975976,601.8276915535129,-751.2710339492243,37.670793475060144,-129.38605597798534
15.995995995995996,602.5818615930536,-753.861345380215,37.670793475060144,-129.58625617818555
16.016016016016017,603.3360316325944,-756.4556648232217,37.670793475060144,-129.78645637838576
16.036036036036037,604.0902016721352,-759.0539922782444,37.670793475060144,-129.98665657858598
16.056056056056057,604.844371711676,-761.6563277452832,37.670793475060144,-130.1868567787862
16.076076076076077,605.5985417512168,-764.262671224338,37.670793475060144,-130.3870569789864
16.096096096096094,606.3527117907576,-766.8730227154088,37.670793475060144,-130.58725717918662
16.116116116116117,607.1068818302983,-769.4873822184956,37.670793475060144,-130.78745737938684
16.136136136136138,607.8610518698391,-772.1057497335984,37.670793475060144,-130.98765757958705
16.156156156156158,608.6152219093799,-774.7281252607172,37.670793475060144,-131.18785777978727
16.176176176176178,609.3693919489207,-777.354508799852,37.670793475060144,-131.38805797998748
16.196196196196194,610.1235619884615,-779.9849003510029,37.670793475060144,-131.5882581801877
16.216216216216218,610.8777320280022,-782.6192999141698,37.670793475060144,-131.7884583803879
16.236236236236238,611.631902067543,-785.2577074893527,37.670793475060144,-131.98865858058812
16.256256256256258,612.3860721070838,-787.9001230765516,37.670793475060144,-132.18885878078834
16.276276276276278,613.1402421466246,-790.5465466757665,37.670793475060144,-132.38905898098855
16.296296296296294,613.8944121861654,-793.1969782869976,37.670793475060144,-132.58925918118877
16.316316316316318,614.6485822257061,-795.8514179102447,37.670793475060144,-132.78945938138898
16.336336336336338,615.4027522652469,-798.5098655455078,37.670793475060144,-132.9896595815892
16.356356356356358,616.1569223047877,-801.1723211927869,37.670793475060144,-133.1898597817894
16.376376376376378,616.9110923443285,-803.838784852082,37.670793475060144,-133.39005998198962
16.396396396396394,617.6652623838693,-806.5092565233931,37.670793475060144,-133.59026018218984
16.416416416416418,618.4194324234101,-809.1837362067203,37.670793475060144,-133.79046038239005
16.436436436436438,619.1736024629508,-811.8622239020634,37.670793475060144,-133.99066058259027
16.456456456456458,619.9277725024916,-814.5447196094226,37.670793475060144,-134.19086078279048
16.476476476476478,620.6819425420324,-817.2312233287978,37.670793475060144,-134.3910609829907
16.496496496496494,621.4361125815732,-819.921735060189,37.670793475060144,-134.5912611831909
16.516516516516518,622.190282621114,-822.6162548035962,37.670793475060144,-134.79146138339112
16.536536536536538,622.9444526606547,-825.3147825590195,37.670793475060144,-134.99166158359134
16.556556556556558,623.6986227001955,-828.0173183264587,37.670793475060144,-135.19186178379155
16.576576576576578,624.4527927397363,-830.723862105914,37.670793475060144,-135.39206198399177
16.596596596596594,625.2069627792771,-833.4344138973853,37.670793475060144,-135.59226218419198
16.616616616616618,625.9611328188179,-836.1489737008726,37.670793475060144,-135.7924623843922
16.636636636636638,626.7153028583587,-838.8675415163759,37.670793475060144,-135.9926625845924
16.656656656656658,627.4694728978994,-841.5901173438953,37.670793475060144,-136.19286278479262
16.676676676676678,628.2236429374402,-844.3167011834306,37.670793475060144,-136.39306298499284
16.696696696696694,628.977812976981,-847.047293034982,37.670793475060144,-136.59326318519305
16.716716716716718,629.7319830165218,-849.7818928985494,37.670793475060144,-136.79346338539327
16.736736736736738,630.4861530560626,-852.5205007741328,37.670793475060144,-136.99366358559348
16.756756756756758,631.2403230956033,-855.2631166617322,37.670793475060144,-137.1938637857937
16.776776776776778,631.9944931351441,-858.0097405613477,37.670793475060144,-137.3940639859939
16.796796796796794,632.7486631746849,-860.7603724729793,37.670793475060144,-137.59426418619412
16.816816816816818,633.5028332142257,-863.5150123966268,37.670793475060144,-137.79446438639434
16.836836836836838,634.2570032537665,-866.2736603322904,37.670793475060144,-137.99466458659455
16.856856856856858,635.0111732933073,-869.03631627997,37.670793475060144,-138.19486478679477
16.876876876876878,635.765343332848,-871.8029802396657,37.670793475060144,-138.39506498699498
16.896896896896898,636.5195133723888,-874.5736522113773,37.670793475060144,-138.5952651871952
16.916916916916918,637.2736834119296,-877.348332195105,37.670793475060144,-138.7954653873954
16.936936936936938,638.0278534514704,-880.1270201908486,37.670793475060144,-138.99566558759562
16.956956956956958,638.7820234910112,-882.9097161986083,37.670793475060144,-139.19586578779584
16.976976976976978,639.5361935305519,-885.696420218384,37.670793475060144,-139.39606598799605
16.996996996996998,640.2903635700927,-888.4871322501757,37.670793475060144,-139.59626618819627
17.017017017017018,641.0445336096335,-891.2818522939834,37.670793475060144,-139.79646638839648
17.037037037037038,641.7987036491743,-894.0805803498072,37.670793475060144,-139.9966665885967
17.057057057057058,642.5528736887151,-896.8833164176469,37.670793475060144,-140.1968667887969
17.077077077077078,643.3070437282558,-899.6900604975027,37.670793475060144,-140.39706698899712
17.097097097097098,644.0612137677966,-902.5008125893745,37.670793475060144,-140.59726718919734
17.117117117117118,644.8153838073374,-905.3155726932623,37.670793475060144,-140.79746738939755
17.137137137137138,645.5695538468782,-908.1343408091661,37.670793475060144,-140.99766758959777
17.157157157157158,646.323723886419,-910.957116937086,37.670793475060144,-141.19786778979798
17.177177177177178,647.0778939259598,-913.7839010770218,37.670793475060144,-141.3980679899982
17.197197197197198,647.8320639655005,-916.6146932289737,37.670793475060144,-141.5982681901984
17.217217217217218,648.5862340050413,-919.4494933929416,37.670793475060144,-141.79846839039863
17.237237237237238,649.3404040445821,-922.2883015689256,37.670793475060144,-141.99866859059884
17.25725725725726,650.0945740841229,-925.1311177569256,37.670793475060144,-142.19886879079905
17.27727727727728,650.8487441236637,-927.9779419569417,37.670793475060144,-142.39906899099927
17.2972972972973,651.6029141632044,-930.8287741689737,37.670793475060144,-142.59926919119948
17.31731731731732,652.3570842027452,-933.6836143930218,37.670793475060144,-142.7994693913997
17.33733733733734,653.111254242286,-936.5424626290859,37.670793475060144,-142.9996695915999
17.35735735735736,653.8654242818268,-939.405318877166,37.670793475060144,-143.19986979180013
17.37737737737738,654.6195943213676,-942.2721831372621,37.670793475060144,-143.40006999200034
17.3973973973974,655.3737643609084,-945.1430554093743,37.670793475060144,-143.60027019220055
17.41741741741742,656.1279344004491,-948.0179356935024,37.670793475060144,-143.80047039240077
17.43743743743744,656.8821044399899,-950.8968239896466,37.670793475060144,-144.00067059260098
17.45745745745746,657.6362744795307,-953.7797202978068,37.670793475060144,-144.2008707928012
17.47747747747748,658.3904445190715,-956.666624617983,37.670793475060144,-144.4010709930014
17.4974974974975,659.1446145586123,-959.5575369501752,37.670793475060144,-144.60127119320163
17.51751751751752,659.898784598153,-962.4524572943834,37.670793475060144,-144.80147139340184
17.53753753753754,660.6529546376938,-965.3513856506077,37.670793475060144,-145.00167159360205
17.55755755755756,661.4071246772346,-968.2543220188479,37.670793475060144,-145.20187179380227
17.57757757757758,662.1612947167754,-971.1612663991042,37.670793475060144,-145.40207199400248
17.5975975975976,662.9154647563162,-974.0722187913765,37.670793475060144,-145.6022721942027
17.61761761761762,663.669634795857,-976.9871791956648,37.670793475060144,-145.8024723944029
17.63763763763764,664.4238048353977,-979.9061476119691,37.670793475060144,-146.00267259460313
17.65765765765766,665.1779748749385,-982.8291240402895,37.670793475060144,-146.20287279480334
17.67767767767768,665.9321449144793,-985.7561084806258,37.670793475060144,-146.40307299500355
17.6976976976977,666.6863149540201,-988.6871009329782,37.670793475060144,-146.60327319520377
17.71771771771772,667.4404849935609,-991.6221013973467,37.670793475060144,-146.80347339540398
17.73773773773774,668.1946550331016,-994.5611098737312,37.670793475060144,-147.0036735956042
17.75775775775776,668.9488250726424,-997.5041263621317,37.670793475060144,-147.2038737958044
17.77777777777778,669.7029951121832,-1000.4511508625483,37.670793475060144,-147.40407399600463
17.7977977977978,670.457165151724,-1003.4021833749808,37.670793475060144,-147.60427419620484
17.81781781781782,671.2113351912648,-1006.3572238994294,37.670793475060144,-147.80447439640506
17.83783783783784,671.9655052308055,-1009.316272435894,37.670793475060144,-148.00467459660527
17.85785785785786,672.7196752703463,-1012.2793289843746,37.670793475060144,-148.20487479680548
17.87787787787788,673.4738453098871,-1015.2463935448712,37.670793475060144,-148.4050749970057
17.8978978978979,674.2280153494279,-1018.2174661173839,37.670793475060144,-148.6052751972059
17.91791791791792,674.9821853889687,-1021.1925467019125,37.670793475060144,-148.80547539740613
17.93793793793794,675.7363554285095,-1024.1716352984572,37.670793475060144,-149.00567559760634
17.95795795795796,676.4905254680502,-1027.154731907018,37.670793475060144,-149.20587579780656
17.97797797797798,677.244695507591,-1030.1418365275947,37.670793475060144,-149.40607599800677
17.997997997998,677.9988655471318,-1033.1329491601875,37.670793475060144,-149.60627619820698
18.01801801801802,678.7530355866726,-1036.1280698047963,37.670793475060144,-149.8064763984072
18.03803803803804,679.5072056262134,-1039.1271984614211,37.670793475060144,-150.0066765986074
18.05805805805806,680.2613756657541,-1042.130335130062,37.670793475060144,-150.20687679880763
18.07807807807808,681.0155457052949,-1045.1374798107188,37.670793475060144,-150.40707699900784
18.0980980980981,681.7697157448357,-1048.1486325033916,37.670793475060144,-150.60727719920806
18.11811811811812,682.5238857843765,-1051.1637932080805,37.670793475060144,-150.80747739940827
18.13813813813814,683.2780558239173,-1054.1829619247853,37.670793475060144,-151.00767759960848
18.15815815815816,684.032225863458,-1057.2061386535063,37.670793475060144,-151.2078777998087
18.17817817817818,684.7863959029988,-1060.2333233942431,37.670793475060144,-151.4080780000089
18.1981981981982,685.5405659425396,-1063.2645161469961,37.670793475060144,-151.60827820020913
18.21821821821822,686.2947359820804,-1066.299716911765,37.670793475060144,-151.80847840040934
18.23823823823824,687.0489060216212,-1069.33892568855,37.670793475060144,-152.00867860060956
18.25825825825826,687.803076061162,-1072.382142477351,37.670793475060144,-152.20887880080977
18.27827827827828,688.5572461007027,-1075.429367278168,37.670793475060144,-152.40907900100999
18.2982982982983,689.3114161402435,-1078.480600091001,37.670793475060144,-152.6092792012102
18.31831831831832,690.0655861797843,-1081.53584091585,37.670793475060144,-152.8094794014104
18.33833833833834,690.8197562193251,-1084.595089752715,37.670793475060144,-153.00967960161063
18.35835835835836,691.5739262588659,-1087.6583466015961,37.670793475060144,-153.20987980181084
18.37837837837838,692.3280962984066,-1090.7256114624931,37.670793475060144,-153.41008000201106
18.3983983983984,693.0822663379474,-1093.7968843354063,37.670793475060144,-153.61028020221127
18.41841841841842,693.8364363774882,-1096.8721652203353,37.670793475060144,-153.81048040241149
18.43843843843844,694.590606417029,-1099.9514541172805,37.670793475060144,-154.0106806026117
18.45845845845846,695.3447764565698,-1103.0347510262418,37.670793475060144,-154.21088080281191
18.47847847847848,696.0989464961106,-1106.122055947219,37.670793475060144,-154.41108100301213
18.4984984984985,696.8531165356513,-1109.2133688802123,37.670793475060144,-154.61128120321234
18.51851851851852,697.6072865751921,-1112.3086898252216,37.670793475060144,-154.81148140341256
18.53853853853854,698.3614566147329,-1115.408018782247,37.670793475060144,-155.01168160361277
18.55855855855856,699.1156266542737,-1118.5113557512882,37.670793475060144,-155.211881803813
18.57857857857858,699.8697966938145,-1121.6187007323456,37.670793475060144,-155.4120820040132
18.5985985985986,700.6239667333552,-1124.7300537254189,37.670793475060144,-155.61228220421341
18.61861861861862,701.378136772896,-1127.8454147305083,37.670793475060144,-155.81248240441363
18.63863863863864,702.1323068124368,-1130.9647837476136,37.670793475060144,-156.01268260461384
18.65865865865866,702.8864768519776,-1134.088160776735,37.670793475060144,-156.21288280481406
18.67867867867868,703.6406468915184,-1137.2155458178725,37.670793475060144,-156.41308300501427
18.6986986986987,704.3948169310592,-1140.346938871026,37.670793475060144,-156.6132832052145
18.71871871871872,705.1489869705999,-1143.4823399361953,37.670793475060144,-156.8134834054147
18.73873873873874,705.9031570101407,-1146.6217490133808,37.670793475060144,-157.01368360561491
18.75875875875876,706.6573270496815,-1149.7651661025823,37.670793475060144,-157.21388380581513
18.77877877877878,707.4114970892223,-1152.9125912037998,37.670793475060144,-157.41408400601534
18.7987987987988,708.1656671287631,-1156.0640243170333,37.670793475060144,-157.61428420621556
18.81881881881882,708.9198371683038,-1159.2194654422829,37.670793475060144,-157.81448440641577
18.83883883883884,709.6740072078446,-1162.3789145795483,37.670793475060144,-158.014684606616
18.85885885885886,710.4281772473854,-1165.54237172883,37.670793475060144,-158.2148848068162
18.87887887887888,711.1823472869262,-1168.7098368901275,37.670793475060144,-158.41508500701642
18.8988988988989,711.936517326467,-1171.881310063441,37.670793475060144,-158.61528520721663
18.91891891891892,712.6906873660078,-1175.0567912487709,37.670793475060144,-158.81548540741684
18.93893893893894,713.4448574055485,-1178.2362804461166,37.670793475060144,-159.01568560761706
18.95895895895896,714.1990274450893,-1181.4197776554784,37.670793475060144,-159.21588580781727
18.97897897897898,714.9531974846301,-1184.607282876856,37.670793475060144,-159.4160860080175
18.998998998999,715.7073675241709,-1187.79879611025,37.670793475060144,-159.6162862082177
19.01901901901902,716.4615375637117,-1190.9943173556596,37.670793475060144,-159.81648640841792
19.03903903903904,717.2157076032524,-1194.1938466130855,37.670793475060144,-160.01668660861813
19.05905905905906,717.9698776427932,-1197.3973838825273,37.670793475060144,-160.21688680881834
19.07907907907908,718.724047682334,-1200.6049291639852,37.670793475060144,-160.41708700901856
19.0990990990991,719.4782177218748,-1203.816482457459,37.670793475060144,-160.61728720921877
19.11911911911912,720.2323877614156,-1207.032043762949,37.670793475060144,-160.817487409419
19.13913913913914,720.9865578009563,-1210.2516130804547,37.670793475060144,-161.0176876096192
19.15915915915916,721.7407278404971,-1213.4751904099767,37.670793475060144,-161.21788780981942
19.17917917917918,722.4948978800379,-1216.7027757515145,37.670793475060144,-161.41808801001963
19.1991991991992,723.2490679195787,-1219.9343691050685,37.670793475060144,-161.61828821021984
19.21921921921922,724.0032379591195,-1223.1699704706384,37.670793475060144,-161.81848841042006
19.23923923923924,724.7574079986603,-1226.4095798482244,37.670793475060144,-162.01868861062027
19.25925925925926,725.511578038201,-1229.6531972378264,37.670793475060144,-162.2188888108205
19.27927927927928,726.2657480777418,-1232.9008226394444,37.670793475060144,-162.4190890110207
19.2992992992993,727.0199181172826,-1236.1524560530784,37.670793475060144,-162.61928921122092
19.31931931931932,727.7740881568234,-1239.4080974787285,37.670793475060144,-162.81948941142113
19.33933933933934,728.5282581963642,-1242.6677469163944,37.670793475060144,-163.01968961162135
19.35935935935936,729.282428235905,-1245.9314043660765,37.670793475060144,-163.21988981182156
19.37937937937938,730.0365982754457,-1249.1990698277746,37.670793475060144,-163.42009001202177
19.3993993993994,730.7907683149865,-1252.4707433014887,37.670793475060144,-163.620290212222
19.41941941941942,731.5449383545273,-1255.746424787219,37.670793475060144,-163.8204904124222
19.43943943943944,732.2991083940681,-1259.0261142849652,37.670793475060144,-164.02069061262242
19.45945945945946,733.0532784336089,-1262.3098117947275,37.670793475060144,-164.22089081282263
19.47947947947948,733.8074484731496,-1265.5975173165057,37.670793475060144,-164.42109101302285
19.4994994994995,734.5616185126904,-1268.8892308503,37.670793475060144,-164.62129121322306
19.51951951951952,735.3157885522312,-1272.1849523961102,37.670793475060144,-164.82149141342327
19.53953953953954,736.069958591772,-1275.4846819539366,37.670793475060144,-165.0216916136235
19.55955955955956,736.8241286313128,-1278.7884195237789,37.670793475060144,-165.2218918138237
19.57957957957958,737.5782986708535,-1282.0961651056373,37.670793475060144,-165.42209201402392
19.5995995995996,738.3324687103943,-1285.4079186995116,37.670793475060144,-165.62229221422413
19.61961961961962,739.0866387499351,-1288.723680305402,37.670793475060144,-165.82249241442435
19.63963963963964,739.8408087894759,-1292.0434499233083,37.670793475060144,-166.02269261462456
19.65965965965966,740.5949788290167,-1295.3672275532308,37.670793475060144,-166.22289281482477
19.67967967967968,741.3491488685574,-1298.6950131951692,37.670793475060144,-166.423093015025
19.6996996996997,742.1033189080982,-1302.0268068491237,37.670793475060144,-166.6232932152252
19.71971971971972,742.857488947639,-1305.362608515094,37.670793475060144,-166.82349341542542
19.73973973973974,743.6116589871798,-1308.7024181930806,37.670793475060144,-167.02369361562563
19.75975975975976,744.3658290267206,-1312.046235883083,37.670793475060144,-167.22389381582585
19.77977977977978,745.1199990662614,-1315.3940615851016,37.670793475060144,-167.42409401602606
19.7997997997998,745.8741691058021,-1318.745895299136,37.670793475060144,-167.62429421622628
19.81981981981982,746.6283391453429,-1322.1017370251866,37.670793475060144,-167.8244944164265
19.83983983983984,747.3825091848837,-1325.461586763253,37.670793475060144,-168.0246946166267
19.85985985985986,748.1366792244245,-1328.8254445133357,37.670793475060144,-168.22489481682692
19.87987987987988,748.8908492639653,-1332.1933102754344,37.670793475060144,-168.42509501702713
19.8998998998999,749.645019303506,-1335.565184049549,37.670793475060144,-168.62529521722735
19.91991991991992,750.3991893430468,-1338.9410658356799,37.670793475060144,-168.82549541742756
19.93993993993994,751.1533593825876,-1342.3209556338265,37.670793475060144,-169.02569561762778
19.95995995995996,751.9075294221284,-1345.7048534439894,37.670793475060144,-169.225895817828
19.97997997997998,752.6616994616692,-1349.092759266168,37.670793475060144,-169.4260960180282
20.0,753.41586950121,-1352.484673100363,37.670793475060144,-169.62629621822842
