t,xpos,ypos,vx,vy
0.0,0.0,38.01750177379947,26.95937783159155,78.79968319196698
0.02002002002002002,0.5397272839157468,39.59507300887388,26.95937783159155,78.59948299176678
0.04004004004004004,1.0794545678314935,41.168636231932275,26.95937783159155,78.39928279156658
0.06006006006006006,1.6191818517472403,42.738191442974646,26.95937783159155,78.19908259136638
0.08008008008008008,2.158909135662987,44.303738642001,26.95937783159155,77.99888239116618
0.10010010010010009,2.698636419578734,45.86527782901133,26.95937783159155,77.79868219096598
0.12012012012012012,3.238363703494481,47.42280900400565,26.95937783159155,77.59848199076578
0.14014014014014015,3.778090987410228,48.976332166983944,26.95937783159155,77.39828179056558
0.16016016016016016,4.317818271325975,50.525847317946216,26.95937783159155,77.19808159036538
0.18018018018018017,4.857545555241722,52.07135445689247,26.95937783159155,76.99788139016518
0.20020020020020018,5.397272839157469,53.612853583822705,26.95937783159155,76.79768118996498
0.22022022022022023,5.937000123073216,55.150344698736916,26.95937783159155,76.59748098976478
0.24024024024024024,6.476727406988963,56.68382780163511,26.95937783159155,76.39728078956458
0.2602602602602603,7.01645469090471,58.213302892517284,26.95937783159155,76.19708058936438
0.2802802802802803,7.556181974820457,59.73876997138344,26.95937783159155,75.99688038916418
0.3003003003003003,8.095909258736203,61.260229038233575,26.95937783159155,75.79668018896398
0.3203203203203203,8.63563654265195,62.77768009306769,26.95937783159155,75.59647998876378
0.3403403403403404,9.175363826567697,64.29112313588578,26.95937783159155,75.39627978856358
0.36036036036036034,9.715091110483444,65.80055816668786,26.95937783159155,75.19607958836338
0.3803803803803804,10.25481839439919,67.30598518547392,26.95937783159155,74.99587938816317
0.40040040040040037,10.794545678314938,68.80740419224395,26.95937783159155,74.79567918796297
0.42042042042042044,11.334272962230685,70.30481518699797,26.95937783159155,74.59547898776277
0.44044044044044045,11.874000246146432,71.79821816973596,26.95937783159155,74.39527878756257
0.4604604604604605,12.413727530062179,73.28761314045794,26.95937783159155,74.19507858736237
0.4804804804804805,12.953454813977926,74.7730000991639,26.95937783159155,73.99487838716217
0.5005005005005005,13.493182097893673,76.25437904585382,26.95937783159155,73.79467818696197
0.5205205205205206,14.03290938180942,77.73174998052774,26.95937783159155,73.59447798676177
0.5405405405405406,14.572636665725167,79.20511290318564,26.95937783159155,73.39427778656157
0.5605605605605606,15.112363949640914,80.6744678138275,26.95937783159155,73.19407758636137
0.5805805805805806,15.65209123355666,82.13981471245336,26.95937783159155,72.99387738616117
0.6006006006006006,16.191818517472406,83.6011535990632,26.95937783159155,72.79367718596097
0.6206206206206206,16.73154580138815,85.058484473657,26.95937783159155,72.59347698576077
0.6406406406406406,17.271273085303896,86.5118073362348,26.95937783159155,72.39327678556057
0.6606606606606606,17.81100036921964,87.96112218679657,26.95937783159155,72.19307658536037
0.6806806806806808,18.350727653135387,89.40642902534232,26.95937783159155,71.99287638516017
0.7007007007007007,18.890454937051132,90.84772785187205,26.95937783159155,71.79267618495997
0.7207207207207207,19.430182220966877,92.28501866638577,26.95937783159155,71.59247598475977
0.7407407407407407,19.969909504882622,93.71830146888345,26.95937783159155,71.39227578455957
0.7607607607607608,20.509636788798367,95.14757625936512,26.95937783159155,71.19207558435937
0.7807807807807808,21.049364072714113,96.57284303783078,26.95937783159155,70.99187538415917
0.8008008008008007,21.589091356629858,97.99410180428042,26.95937783159155,70.79167518395897
0.8208208208208208,22.128818640545603,99.41135255871403,26.95937783159155,70.59147498375877
0.8408408408408409,22.66854592446135,100.82459530113162,26.95937783159155,70.39127478355857
0.8608608608608609,23.208273208377094,102.2338300315332,26.95937783159155,70.19107458335837
0.8808808808808809,23.74800049229284,103.63905674991875,26.95937783159155,69.99087438315817
0.9009009009009008,24.287727776208584,105.04027545628828,26.95937783159155,69.79067418295797
0.920920920920921,24.82745506012433,106.4374861506418,26.95937783159155,69.59047398275777
0.9409409409409409,25.367182344040074,107.83068883297929,26.95937783159155,69.39027378255757
0.960960960960961,25.90690962795582,109.21988350330076,26.95937783159155,69.19007358235737
0.980980980980981,26.446636911871565,110.60507016160622,26.95937783159155,68.98987338215717
1.001001001001001,26.98636419578731,111.98624880789565,26.95937783159155,68.78967318195697
1.021021021021021,27.526091479703055,113.36341944216906,26.95937783159155,68.58947298175677
1.0410410410410411,28.0658187636188,114.73658206442646,26.95937783159155,68.38927278155657
1.0610610610610611,28.605546047534546,116.10573667466782,26.95937783159155,68.18907258135637
1.0810810810810811,29.14527333145029,117.47088327289318,26.95937783159155,67.98887238115617
1.1011011011011012,29.685000615366036,118.83202185910251,26.95937783159155,67.78867218095597
1.1211211211211212,30.22472789928178,120.18915243329582,26.95937783159155,67.58847198075577
1.1411411411411412,30.764455183197526,121.54227499547311,26.95937783159155,67.38827178055557
1.1611611611611612,31.30418246711327,122.89138954563438,26.95937783159155,67.18807158035537
1.1811811811811812,31.843909751029017,124.23649608377964,26.95937783159155,66.98787138015517
1.2012012012012012,32.38363703494476,125.57759460990887,26.95937783159155,66.78767117995497
1.2212212212212212,32.92336431886051,126.91468512402209,26.95937783159155,66.58747097975477
1.2412412412412412,33.46309160277625,128.24776762611927,26.95937783159155,66.38727077955457
1.2612612612612613,34.002818886692,129.57684211620045,26.95937783159155,66.18707057935437
1.2812812812812813,34.54254617060774,130.9019085942656,26.95937783159155,65.98687037915417
1.3013013013013013,35.08227345452349,132.22296706031472,26.95937783159155,65.78667017895397
1.3213213213213213,35.62200073843923,133.54001751434782,26.95937783159155,65.58646997875377
1.3413413413413413,36.16172802235498,134.85305995636492,26.95937783159155,65.38626977855357
1.3613613613613615,36.701455306270724,136.162094386366,26.95937783159155,65.18606957835337
1.3813813813813813,37.24118259018647,137.46712080435105,26.95937783159155,64.98586937815317
1.4014014014014013,37.780909874102214,138.7681392103201,26.95937783159155,64.78566917795297
1.4214214214214214,38.32063715801796,140.0651496042731,26.95937783159155,64.58546897775277
1.4414414414414414,38.860364441933704,141.3581519862101,26.95937783159155,64.38526877755257
1.4614614614614616,39.40009172584945,142.64714635613106,26.95937783159155,64.18506857735237
1.4814814814814814,39.939819009765195,143.93213271403602,26.95937783159155,63.98486837715217
1.5015015015015014,40.47954629368094,145.21311105992496,26.95937783159155,63.78466817695197
1.5215215215215216,41.019273577596685,146.49008139379788,26.95937783159155,63.58446797675177
1.5415415415415414,41.55900086151243,147.76304371565476,26.95937783159155,63.38426777655157
1.5615615615615617,42.098728145428176,149.03199802549562,26.95937783159155,63.18406757635137
1.5815815815815815,42.63845542934392,150.29694432332047,26.95937783159155,62.98386737615117
1.6016016016016015,43.178182713259666,151.5578826091293,26.95937783159155,62.78366717595097
1.6216216216216217,43.71790999717541,152.81481288292213,26.95937783159155,62.58346697575077
1.6416416416416415,44.25763728109116,154.06773514469893,26.95937783159155,62.38326677555057
1.6616616616616617,44.7973645650069,155.3166493944597,26.95937783159155,62.18306657535037
1.6816816816816818,45.33709184892265,156.56155563220443,26.95937783159155,61.98286637515017
1.7017017017017015,45.87681913283839,157.80245385793316,26.95937783159155,61.782666174949966
1.7217217217217218,46.41654641675414,159.03934407164587,26.95937783159155,61.582465974749766
1.7417417417417416,46.95627370066988,160.27222627334257,26.95937783159155,61.382265774549566
1.7617617617617618,47.49600098458563,161.50110046302325,26.95937783159155,61.182065574349366
1.7817817817817818,48.03572826850137,162.72596664068791,26.95937783159155,60.981865374149166
1.8018018018018016,48.57545555241712,163.94682480633654,26.95937783159155,60.781665173948966
1.8218218218218218,49.11518283633286,165.16367495996914,26.95937783159155,60.581464973748766
1.841841841841842,49.65491012024861,166.37651710158573,26.95937783159155,60.381264773548565
1.8618618618618619,50.194637404164354,167.5853512311863,26.95937783159155,60.181064573348365
1.8818818818818819,50.7343646880801,168.79017734877087,26.95937783159155,59.980864373148165
1.9019019019019017,51.274091971995844,169.9909954543394,26.95937783159155,59.780664172947965
1.921921921921922,51.81381925591159,171.1878055478919,26.95937783159155,59.580463972747765
1.9419419419419421,52.353546539827335,172.3806076294284,26.95937783159155,59.380263772547565
1.961961961961962,52.89327382374308,173.56940169894887,26.95937783159155,59.180063572347365
1.981981981981982,53.433001107658825,174.75418775645332,26.95937783159155,58.979863372147165
2.002002002002002,53.97272839157457,175.93496580194176,26.95937783159155,58.779663171946964
2.022022022022022,54.512455675490315,177.11173583541418,26.95937783159155,58.579462971746764
2.042042042042042,55.05218295940606,178.28449785687056,26.95937783159155,58.379262771546564
2.0620620620620618,55.591910243321806,179.45325186631092,26.95937783159155,58.179062571346364
2.0820820820820822,56.13163752723755,180.61799786373527,26.95937783159155,57.978862371146164
2.1021021021021022,56.671364811153296,181.7787358491436,26.95937783159155,57.778662170945964
2.1221221221221223,57.21109209506904,182.93546582253592,26.95937783159155,57.578461970745764
2.1421421421421423,57.75081937898479,184.08818778391222,26.95937783159155,57.37826177054556
2.1621621621621623,58.29054666290053,185.2369017332725,26.95937783159155,57.17806157034536
2.1821821821821823,58.83027394681628,186.38160767061675,26.95937783159155,56.97786137014516
2.2022022022022023,59.37000123073202,187.52230559594497,26.95937783159155,56.77766116994496
2.2222222222222223,59.90972851464777,188.65899550925718,26.95937783159155,56.57746096974476
2.2422422422422423,60.44945579856351,189.79167741055338,26.95937783159155,56.37726076954456
2.2622622622622623,60.98918308247926,190.92035129983356,26.95937783159155,56.17706056934436
2.2822822822822824,61.528910366395,192.04501717709772,26.95937783159155,55.97686036914416
2.3023023023023024,62.06863765031075,193.16567504234584,26.95937783159155,55.77666016894396
2.3223223223223224,62.60836493422649,194.28232489557794,26.95937783159155,55.57645996874376
2.3423423423423424,63.14809221814224,195.39496673679403,26.95937783159155,55.37625976854356
2.3623623623623624,63.687819502057984,196.5036005659941,26.95937783159155,55.17605956834336
2.3823823823823824,64.22754678597373,197.60822638317816,26.95937783159155,54.97585936814316
2.4024024024024024,64.76727406988948,198.7088441883462,26.95937783159155,54.77565916794296
2.4224224224224224,65.30700135380523,199.8054539814982,26.95937783159155,54.57545896774276
2.4424424424424425,65.84672863772099,200.8980557626342,26.95937783159155,54.37525876754256
2.4624624624624625,66.38645592163674,201.98664953175415,26.95937783159155,54.17505856734236
2.4824824824824825,66.92618320555249,203.0712352888581,26.95937783159155,53.97485836714216
2.5025025025025025,67.46591048946824,204.15181303394604,26.95937783159155,53.77465816694196
2.5225225225225225,68.005637773384,205.22838276701796,26.95937783159155,53.57445796674176
2.5425425425425425,68.54536505729975,206.30094448807387,26.95937783159155,53.37425776654156
2.5625625625625625,69.0850923412155,207.36949819711373,26.95937783159155,53.17405756634136
2.5825825825825826,69.62481962513125,208.43404389413757,26.95937783159155,52.97385736614116
2.6026026026026026,70.164546909047,209.4945815791454,26.95937783159155,52.77365716594096
2.6226226226226226,70.70427419296276,210.55111125213722,26.95937783159155,52.57345696574076
2.6426426426426426,71.24400147687851,211.60363291311302,26.95937783159155,52.37325676554056
2.6626626626626626,71.78372876079426,212.6521465620728,26.95937783159155,52.17305656534036
2.6826826826826826,72.32345604471001,213.69665219901654,26.95937783159155,51.97285636514016
2.7027027027027026,72.86318332862577,214.73714982394426,26.95937783159155,51.77265616493996
2.722722722722723,73.40291061254152,215.77363943685597,26.95937783159155,51.57245596473976
2.7427427427427427,73.94263789645727,216.80612103775167,26.95937783159155,51.37225576453956
2.7627627627627627,74.48236518037302,217.83459462663134,26.95937783159155,51.17205556433936
2.7827827827827827,75.02209246428878,218.859060203495,26.95937783159155,50.97185536413916
2.8028028028028027,75.56181974820453,219.87951776834262,26.95937783159155,50.77165516393896
2.822822822822823,76.10154703212028,220.89596732117423,26.95937783159155,50.57145496373876
2.8428428428428427,76.64127431603603,221.9084088619898,26.95937783159155,50.37125476353856
2.8628628628628627,77.18100159995178,222.91684239078938,26.95937783159155,50.17105456333836
2.8828828828828827,77.72072888386754,223.92126790757294,26.95937783159155,49.97085436313816
2.9029029029029028,78.26045616778329,224.92168541234048,26.95937783159155,49.77065416293796
2.922922922922923,78.80018345169904,225.918094905092,26.95937783159155,49.57045396273776
2.942942942942943,79.3399107356148,226.91049638582749,26.95937783159155,49.37025376253756
2.962962962962963,79.87963801953055,227.89888985454695,26.95937783159155,49.17005356233736
2.982982982982983,80.4193653034463,228.8832753112504,26.95937783159155,48.96985336213716
3.003003003003003,80.95909258736205,229.86365275593784,26.95937783159155,48.76965316193696
3.0230230230230233,81.4988198712778,230.84002218860925,26.95937783159155,48.56945296173676
3.0430430430430433,82.03854715519356,231.81238360926466,26.95937783159155,48.36925276153656
3.063063063063063,82.57827443910931,232.78073701790402,26.95937783159155,48.16905256133636
3.083083083083083,83.11800172302506,233.74508241452736,26.95937783159155,47.96885236113616
3.103103103103103,83.65772900694081,234.7054197991347,26.95937783159155,47.76865216093596
3.1231231231231233,84.19745629085656,235.661749171726,26.95937783159155,47.56845196073576
3.1431431431431434,84.73718357477232,236.6140705323013,26.95937783159155,47.36825176053556
3.163163163163163,85.27691085868807,237.56238388086058,26.95937783159155,47.16805156033536
3.183183183183183,85.81663814260382,238.50668921740382,26.95937783159155,46.96785136013516
3.203203203203203,86.35636542651957,239.44698654193104,26.95937783159155,46.76765115993496
3.2232232232232234,86.89609271043533,240.38327585444225,26.95937783159155,46.56745095973476
3.2432432432432434,87.43581999435108,241.31555715493744,26.95937783159155,46.367250759534556
3.263263263263263,87.97554727826683,242.2438304434166,26.95937783159155,46.167050559334356
3.283283283283283,88.51527456218258,243.16809571987977,26.95937783159155,45.966850359134156
3.303303303303303,89.05500184609834,244.0883529843269,26.95937783159155,45.766650158933956
3.3233233233233235,89.59472913001409,245.004602236758,26.95937783159155,45.566449958733756
3.3433433433433435,90.13445641392984,245.91684347717307,26.95937783159155,45.366249758533556
3.3633633633633635,90.67418369784559,246.82507670557214,26.95937783159155,45.166049558333356
3.383383383383383,91.21391098176134,247.7293019219552,26.95937783159155,44.965849358133156
3.403403403403403,91.7536382656771,248.62951912632224,26.95937783159155,44.765649157932955
3.4234234234234235,92.29336554959285,249.52572831867326,26.95937783159155,44.565448957732755
3.4434434434434436,92.8330928335086,250.41792949900824,26.95937783159155,44.365248757532555
3.4634634634634636,93.37282011742435,251.3061226673272,26.95937783159155,44.165048557332355
3.483483483483483,93.9125474013401,252.19030782363015,26.95937783159155,43.964848357132155
3.503503503503503,94.45227468525586,253.07048496791708,26.95937783159155,43.764648156931955
3.5235235235235236,94.99200196917161,253.946654100188,26.95937783159155,43.564447956731755
3.5435435435435436,95.53172925308736,254.8188152204429,26.95937783159155,43.364247756531555
3.5635635635635636,96.07145653700312,255.68696832868176,26.95937783159155,43.164047556331354
3.583583583583583,96.61118382091887,256.5511134249046,26.95937783159155,42.963847356131154
3.603603603603603,97.15091110483462,257.4112505091114,26.95937783159155,42.763647155930954
3.6236236236236237,97.69063838875037,258.26737958130224,26.95937783159155,42.563446955730754
3.6436436436436437,98.23036567266612,259.11950064147703,26.95937783159155,42.363246755530554
3.6636636636636637,98.77009295658188,259.9676136896358,26.95937783159155,42.163046555330354
3.683683683683684,99.30982024049763,260.8117187257786,26.95937783159155,41.962846355130154
3.7037037037037033,99.84954752441338,261.6518157499053,26.95937783159155,41.76264615492995
3.7237237237237237,100.38927480832913,262.48790476201606,26.95937783159155,41.56244595472975
3.7437437437437437,100.92900209224489,263.3199857621108,26.95937783159155,41.36224575452955
3.7637637637637638,101.46872937616064,264.1480587501894,26.95937783159155,41.16204555432935
3.783783783783784,102.00845666007639,264.97212372625205,26.95937783159155,40.96184535412915
3.8038038038038033,102.54818394399214,265.79218069029866,26.95937783159155,40.76164515392895
3.823823823823824,103.0879112279079,266.60822964232926,26.95937783159155,40.56144495372875
3.843843843843844,103.62763851182365,267.42027058234385,26.95937783159155,40.36124475352855
3.863863863863864,104.1673657957394,268.2283035103424,26.95937783159155,40.16104455332835
3.8838838838838843,104.70709307965515,269.03232842632497,26.95937783159155,39.96084435312815
3.9039039039039034,105.2468203635709,269.8323453302915,26.95937783159155,39.76064415292795
3.923923923923924,105.78654764748666,270.628354222242,26.95937783159155,39.56044395272775
3.943943943943944,106.32627493140241,271.42035510217653,26.95937783159155,39.36024375252755
3.963963963963964,106.86600221531816,272.208347970095,26.95937783159155,39.16004355232735
3.9839839839839843,107.40572949923391,272.9923328259975,26.95937783159155,38.95984335212715
4.004004004004004,107.94545678314967,273.7723096698839,26.95937783159155,38.75964315192695
4.0240240240240235,108.48518406706542,274.5482785017543,26.95937783159155,38.55944295172675
4.044044044044044,109.02491135098117,275.32023932160865,26.95937783159155,38.35924275152655
4.064064064064064,109.56463863489692,276.088192129447,26.95937783159155,38.15904255132635
4.084084084084084,110.10436591881268,276.85213692526935,26.95937783159155,37.95884235112615
4.104104104104104,110.64409320272843,277.6120737090757,26.95937783159155,37.75864215092595
4.1241241241241235,111.18382048664418,278.368002480866,26.95937783159155,37.55844195072575
4.1441441441441444,111.72354777055993,279.1199232406403,26.95937783159155,37.35824175052555
4.1641641641641645,112.26327505447568,279.86783598839855,26.95937783159155,37.15804155032535
4.1841841841841845,112.80300233839144,280.6117407241408,26.95937783159155,36.95784135012515
4.2042042042042045,113.34272962230719,281.35163744786706,26.95937783159155,36.75764114992495
4.2242242242242245,113.88245690622294,282.0875261595773,26.95937783159155,36.55744094972475
4.2442442442442445,114.4221841901387,282.8194068592715,26.95937783159155,36.35724074952455
4.2642642642642645,114.96191147405445,283.54727954694965,26.95937783159155,36.15704054932435
4.2842842842842845,115.5016387579702,284.2711442226118,26.95937783159155,35.95684034912415
4.3043043043043046,116.04136604188595,284.9910008862579,26.95937783159155,35.75664014892395
4.324324324324325,116.5810933258017,285.706849537888,26.95937783159155,35.55643994872375
4.344344344344345,117.12082060971746,286.41869017750207,26.95937783159155,35.35623974852355
4.364364364364365,117.66054789363321,287.12652280510014,26.95937783159155,35.15603954832335
4.384384384384385,118.20027517754896,287.8303474206822,26.95937783159155,34.95583934812315
4.404404404404405,118.74000246146471,288.5301640242482,26.95937783159155,34.75563914792295
4.424424424424425,119.27972974538046,289.22597261579824,26.95937783159155,34.55543894772275
4.444444444444445,119.81945702929622,289.91777319533224,26.95937783159155,34.35523874752255
4.464464464464465,120.35918431321197,290.60556576285023,26.95937783159155,34.15503854732235
4.484484484484485,120.89891159712772,291.2893503183522,26.95937783159155,33.95483834712215
4.504504504504505,121.43863888104347,291.96912686183816,26.95937783159155,33.75463814692195
4.524524524524525,121.97836616495923,292.64489539330805,26.95937783159155,33.55443794672175
4.544544544544545,122.51809344887498,293.3166559127619,26.95937783159155,33.35423774652155
4.564564564564565,123.05782073279073,293.98440842019977,26.95937783159155,33.15403754632135
4.584584584584585,123.59754801670648,294.6481529156216,26.95937783159155,32.95383734612115
4.604604604604605,124.13727530062224,295.30788939902743,26.95937783159155,32.75363714592095
4.624624624624625,124.67700258453799,295.96361787041724,26.95937783159155,32.55343694572075
4.644644644644645,125.21672986845374,296.61533832979103,26.95937783159155,32.35323674552055
4.664664664664665,125.75645715236949,297.2630507771488,26.95937783159155,32.15303654532035
4.684684684684685,126.29618443628524,297.90675521249057,26.95937783159155,31.952836345120147
4.704704704704705,126.835911720201,298.5464516358163,26.95937783159155,31.752636144919947
4.724724724724725,127.37563900411675,299.18214004712604,26.95937783159155,31.552435944719747
4.744744744744745,127.9153662880325,299.81382044641975,26.95937783159155,31.352235744519547
4.764764764764765,128.45509357194825,300.4414928336974,26.95937783159155,31.152035544319347
4.784784784784785,128.994820855864,301.065157208959,26.95937783159155,30.951835344119146
4.804804804804805,129.53454813977973,301.68481357220463,26.95937783159155,30.751635143918946
4.824824824824825,130.07427542369547,302.3004619234342,26.95937783159155,30.551434943718746
4.844844844844845,130.6140027076112,302.9121022626478,26.95937783159155,30.351234743518546
4.864864864864865,131.15372999152694,303.51973458984537,26.95937783159155,30.151034543318346
4.884884884884885,131.69345727544268,304.1233589050269,26.95937783159155,29.950834343118146
4.904904904904905,132.23318455935842,304.72297520819245,26.95937783159155,29.750634142917946
4.924924924924925,132.77291184327416,305.31858349934197,26.95937783159155,29.550433942717746
4.944944944944945,133.3126391271899,305.91018377847547,26.95937783159155,29.350233742517545
4.964964964964965,133.85236641110563,306.49777604559296,26.95937783159155,29.150033542317345
4.984984984984985,134.39209369502137,307.0813603006944,26.95937783159155,28.949833342117145
5.005005005005005,134.9318209789371,307.6609365437799,26.95937783159155,28.749633141916945
5.025025025025025,135.47154826285285,308.23650477484927,26.95937783159155,28.549432941716745
5.045045045045045,136.0112755467686,308.80806499390263,26.95937783159155,28.349232741516545
5.065065065065065,136.55100283068433,309.37561720094,26.95937783159155,28.149032541316345
5.085085085085085,137.09073011460006,309.9391613959613,26.95937783159155,27.948832341116145
5.105105105105105,137.6304573985158,310.49869757896664,26.95937783159155,27.748632140915944
5.125125125125125,138.17018468243154,311.05422574995595,26.95937783159155,27.548431940715744
5.145145145145145,138.70991196634728,311.60574590892924,26.95937783159155,27.348231740515544
5.165165165165165,139.24963925026302,312.1532580558865,26.95937783159155,27.148031540315344
5.185185185185185,139.78936653417875,312.69676219082777,26.95937783159155,26.947831340115144
5.205205205205205,140.3290938180945,313.236258313753,26.95937783159155,26.747631139914944
5.225225225225225,140.86882110201023,313.77174642466224,26.95937783159155,26.547430939714744
5.245245245245245,141.40854838592597,314.30322652355545,26.95937783159155,26.347230739514544
5.265265265265265,141.9482756698417,314.8306986104326,26.95937783159155,26.147030539314343
5.285285285285285,142.48800295375744,315.3541626852937,26.95937783159155,25.946830339114143
5.305305305305305,143.02773023767318,315.8736187481388,26.95937783159155,25.746630138913943
5.325325325325325,143.56745752158892,316.3890667989679,26.95937783159155,25.546429938713743
5.345345345345346,144.10718480550466,316.900506837781,26.95937783159155,25.346229738513543
5.365365365365365,144.6469120894204,317.40793886457806,26.95937783159155,25.146029538313343
5.385385385385385,145.18663937333613,317.9113628793591,26.95937783159155,24.945829338113143
5.405405405405405,145.72636665725187,318.41077888212413,26.95937783159155,24.745629137912942
5.425425425425425,146.2660939411676,318.90618687287315,26.95937783159155,24.545428937712742
5.445445445445446,146.80582122508335,319.39758685160615,26.95937783159155,24.345228737512542
5.465465465465465,147.3455485089991,319.88497881832313,26.95937783159155,24.145028537312342
5.485485485485485,147.88527579291483,320.3683627730241,26.95937783159155,23.944828337112142
5.505505505505505,148.42500307683056,320.84773871570906,26.95937783159155,23.744628136911942
5.525525525525525,148.9647303607463,321.32310664637794,26.95937783159155,23.54442793671174
5.545545545545546,149.50445764466204,321.7944665650308,26.95937783159155,23.34422773651154
5.565565565565565,150.04418492857778,322.26181847166765,26.95937783159155,23.14402753631134
5.585585585585585,150.58391221249352,322.7251623662885,26.95937783159155,22.94382733611114
5.605605605605605,151.12363949640925,323.1844982488933,26.95937783159155,22.74362713591094
5.625625625625625,151.663366780325,323.6398261194821,26.95937783159155,22.54342693571074
5.645645645645646,152.20309406424073,324.0911459780549,26.95937783159155,22.34322673551054
5.665665665665665,152.74282134815647,324.53845782461167,26.95937783159155,22.14302653531034
5.685685685685685,153.2825486320722,324.9817616591524,26.95937783159155,21.94282633511014
5.7057057057057055,153.82227591598794,325.42105748167717,26.95937783159155,21.74262613490994
5.7257257257257255,154.36200319990368,325.8563452921859,26.95937783159155,21.54242593470974
5.745745745745746,154.90173048381942,326.2876250906786,26.95937783159155,21.34222573450954
5.7657657657657655,155.44145776773516,326.7148968771553,26.95937783159155,21.14202553430934
5.7857857857857855,155.9811850516509,327.1381606516159,26.95937783159155,20.94182533410914
5.8058058058058055,156.52091233556663,327.5574164140605,26.95937783159155,20.74162513390894
5.8258258258258255,157.06063961948237,327.9726641644891,26.95937783159155,20.54142493370874
5.845845845845846,157.6003669033981,328.3839039029017,26.95937783159155,20.34122473350854
5.865865865865866,158.14009418731385,328.79113562929825,26.95937783159155,20.14102453330834
5.885885885885886,158.6798214712296,329.1943593436788,26.95937783159155,19.94082433310814
5.905905905905906,159.21954875514533,329.5935750460433,26.95937783159155,19.74062413290794
5.925925925925926,159.75927603906106,329.98878273639184,26.95937783159155,19.54042393270774
5.9459459459459465,160.2990033229768,330.37998241472434,26.95937783159155,19.34022373250754
5.965965965965966,160.83873060689254,330.7671740810408,26.95937783159155,19.14002353230734
5.9859859859859865,161.37845789080828,331.1503577353413,26.95937783159155,18.93982333210714
6.006006006006006,161.91818517472402,331.52953337762574,26.95937783159155,18.73962313190694
6.026026026026026,162.45791245863975,331.9047010078941,26.95937783159155,18.53942293170674
6.046046046046047,162.9976397425555,332.2758606261465,26.95937783159155,18.33922273150654
6.066066066066066,163.53736702647123,332.64301223238283,26.95937783159155,18.13902253130634
6.086086086086087,164.07709431038697,333.00615582660316,26.95937783159155,17.938822331106138
6.106106106106106,164.6168215943027,333.3652914088075,26.95937783159155,17.738622130905938
6.126126126126126,165.15654887821844,333.7204189789958,26.95937783159155,17.538421930705738
6.146146146146147,165.69627616213418,334.07153853716807,26.95937783159155,17.338221730505538
6.166166166166166,166.23600344604992,334.41865008332434,26.95937783159155,17.138021530305338
6.186186186186187,166.77573072996566,334.7617536174646,26.95937783159155,16.937821330105137
6.206206206206206,167.3154580138814,335.10084913958883,26.95937783159155,16.737621129904937
6.226226226226226,167.85518529779714,335.43593664969706,26.95937783159155,16.537420929704737
6.246246246246247,168.39491258171287,335.76701614778926,26.95937783159155,16.337220729504537
6.266266266266266,168.9346398656286,336.09408763386546,26.95937783159155,16.137020529304337
6.286286286286287,169.47436714954435,336.4171511079256,26.95937783159155,15.936820329104137
6.306306306306306,170.0140944334601,336.7362065699697,26.95937783159155,15.736620128903937
6.326326326326326,170.55382171737583,337.05125401999777,26.95937783159155,15.536419928703737
6.346346346346347,171.09354900129156,337.36229345800984,26.95937783159155,15.336219728503536
6.366366366366366,171.6332762852073,337.6693248840059,26.95937783159155,15.136019528303336
6.386386386386387,172.17300356912304,337.97234829798595,26.95937783159155,14.935819328103136
6.406406406406406,172.71273085303878,338.27136369995,26.95937783159155,14.735619127902936
6.426426426426426,173.25245813695452,338.566371089898,26.95937783159155,14.535418927702736
6.446446446446447,173.79218542087025,338.85737046783,26.95937783159155,14.335218727502536
6.466466466466466,174.331912704786,339.14436183374596,26.95937783159155,14.135018527302336
6.486486486486487,174.87163998870173,339.4273451876459,26.95937783159155,13.934818327102136
6.506506506506506,175.41136727261747,339.7063205295299,26.95937783159155,13.734618126901935
6.526526526526526,175.9510945565332,339.9812878593978,26.95937783159155,13.534417926701735
6.546546546546547,176.49082184044894,340.25224717724967,26.95937783159155,13.334217726501535
6.566566566566566,177.03054912436468,340.5191984830855,26.95937783159155,13.134017526301335
6.586586586586587,177.57027640828042,340.78214177690535,26.95937783159155,12.933817326101135
6.606606606606606,178.11000369219616,341.04107705870916,26.95937783159155,12.733617125900935
6.626626626626627,178.6497309761119,341.29600432849696,26.95937783159155,12.533416925700735
6.646646646646647,179.18945826002764,341.54692358626875,26.95937783159155,12.333216725500534
6.666666666666666,179.72918554394337,341.7938348320245,26.95937783159155,12.133016525300334
6.686686686686687,180.2689128278591,342.03673806576427,26.95937783159155,11.932816325100134
6.706706706706706,180.80864011177485,342.275633287488,26.95937783159155,11.732616124899934
6.726726726726727,181.3483673956906,342.5105204971957,26.95937783159155,11.532415924699734
6.746746746746747,181.88809467960633,342.74139969488743,26.95937783159155,11.332215724499534
6.766766766766766,182.42782196352206,342.9682708805631,26.95937783159155,11.132015524299334
6.786786786786787,182.9675492474378,343.19113405422274,26.95937783159155,10.931815324099134
6.806806806806806,183.50727653135354,343.40998921586635,26.95937783159155,10.731615123898933
6.826826826826827,184.04700381526928,343.62483636549393,26.95937783159155,10.531414923698733
6.846846846846847,184.58673109918502,343.8356755031055,26.95937783159155,10.331214723498533
6.866866866866866,185.12645838310075,344.04250662870106,26.95937783159155,10.131014523298333
6.886886886886887,185.6661856670165,344.2453297422806,26.95937783159155,9.930814323098133
6.906906906906906,186.20591295093223,344.44414484384413,26.95937783159155,9.730614122897933
6.926926926926927,186.74564023484797,344.63895193339164,26.95937783159155,9.530413922697733
6.946946946946947,187.2853675187637,344.82975101092313,26.95937783159155,9.330213722497533
6.966966966966966,187.82509480267944,345.0165420764386,26.95937783159155,9.130013522297332
6.986986986986987,188.36482208659518,345.1993251299381,26.95937783159155,8.929813322097132
7.007007007007006,188.90454937051092,345.3781001714215,26.95937783159155,8.729613121896932
7.027027027027027,189.44427665442666,345.55286720088895,26.95937783159155,8.529412921696732
7.047047047047047,189.9840039383424,345.7236262183403,26.95937783159155,8.329212721496532
7.067067067067066,190.52373122225814,345.89037722377566,26.95937783159155,8.129012521296332
7.087087087087087,191.06345850617387,346.053120217195,26.95937783159155,7.928812321096132
7.107107107107106,191.6031857900896,346.2118551985983,26.95937783159155,7.7286121208959315
7.127127127127127,192.14291307400535,346.3665821679856,26.95937783159155,7.528411920695731
7.147147147147147,192.6826403579211,346.5173011253569,26.95937783159155,7.328211720495531
7.167167167167166,193.22236764183683,346.66401207071215,26.95937783159155,7.128011520295331
7.187187187187187,193.76209492575256,346.8067150040514,26.95937783159155,6.927811320095131
7.207207207207206,194.3018222096683,346.94540992537463,26.95937783159155,6.727611119894931
7.227227227227227,194.84154949358404,347.08009683468185,26.95937783159155,6.527410919694731
7.247247247247247,195.38127677749978,347.21077573197306,26.95937783159155,6.327210719494531
7.267267267267268,195.92100406141552,347.33744661724825,26.95937783159155,6.1270105192943305
7.287287287287287,196.46073134533125,347.4601094905074,26.95937783159155,5.92681031909413
7.3073073073073065,197.000458629247,347.5787643517505,26.95937783159155,5.72661011889393
7.327327327327327,197.54018591316273,347.6934112009776,26.95937783159155,5.52640991869373
7.347347347347347,198.07991319707847,347.8040500381887,26.95937783159155,5.32620971849353
7.367367367367368,198.6196404809942,347.91068086338373,26.95937783159155,5.12600951829333
7.387387387387387,199.15936776490994,348.01330367656277,26.95937783159155,4.92580931809313
7.4074074074074066,199.69909504882568,348.1119184777258,26.95937783159155,4.72560911789293
7.4274274274274275,200.23882233274142,348.2065252668728,26.95937783159155,4.5254089176927295
7.4474474474474475,200.77854961665716,348.2971240440038,26.95937783159155,4.325208717492529
7.467467467467468,201.3182769005729,348.38371480911877,26.95937783159155,4.125008517292329
7.4874874874874875,201.85800418448864,348.46629756221773,26.95937783159155,3.924808317092129
7.507507507507507,202.39773146840437,348.5448723033007,26.95937783159155,3.724608116891929
7.5275275275275275,202.9374587523201,348.6194390323676,26.95937783159155,3.524407916691729
7.5475475475475475,203.47718603623585,348.68999774941847,26.95937783159155,3.3242077164915287
7.567567567567568,204.0169133201516,348.7565484544533,26.95937783159155,3.1240075162913286
7.587587587587588,204.55664060406733,348.81909114747214,26.95937783159155,2.9238073160911284
7.607607607607607,205.09636788798306,348.87762582847495,26.95937783159155,2.7236071158909283
7.627627627627628,205.6360951718988,348.93215249746174,26.95937783159155,2.523406915690728
7.647647647647648,206.17582245581454,348.9826711544325,26.95937783159155,2.323206715490528
7.6676676676676685,206.71554973973028,349.0291817993873,26.95937783159155,2.123006515290328
7.687687687687688,207.25527702364602,349.07168443232604,26.95937783159155,1.9228063150901278
7.707707707707707,207.79500430756175,349.11017905324877,26.95937783159155,1.7226061148899277
7.727727727727728,208.3347315914775,349.1446656621555,26.95937783159155,1.5224059146897275
7.747747747747748,208.87445887539323,349.1751442590462,26.95937783159155,1.3222057144895274
7.767767767767769,209.41418615930897,349.2016148439209,26.95937783159155,1.1220055142893273
7.787787787787788,209.9539134432247,349.22407741677955,26.95937783159155,0.9218053140891271
7.807807807807807,210.49364072714044,349.24253197762215,26.95937783159155,0.721605113888927
7.827827827827828,211.03336801105618,349.25697852644873,26.95937783159155,0.5214049136887269
7.847847847847848,211.57309529497192,349.2674170632593,26.95937783159155,0.3212047134885267
7.867867867867869,212.11282257888766,349.27384758805385,26.95937783159155,0.12100451328832651
7.887887887887888,212.6525498628034,349.2762701008324,26.95937783159155,-0.07919568691187368
7.907907907907909,213.19227714671914,349.2746846015949,26.95937783159155,-0.27939588711207386
7.927927927927928,213.73200443063487,349.2690910903414,26.95937783159155,-0.47959608731227404
7.947947947947948,214.2717317145506,349.2594895670719,26.95937783159155,-0.6797962875124742
7.967967967967969,214.81145899846635,349.2458800317864,26.95937783159155,-0.8799964877126745
7.987987987987988,215.3511862823821,349.22826248448484,26.95937783159155,-1.0801966879128746
8.008008008008009,215.89091356629783,349.2066369251673,26.95937783159155,-1.2803968881130747
8.028028028028029,216.43064085021356,349.1810033538337,26.95937783159155,-1.4805970883132749
8.048048048048047,216.9703681341293,349.15136177048413,26.95937783159155,-1.680797288513475
8.068068068068069,217.51009541804504,349.11771217511847,26.95937783159155,-1.8809974887136751
8.088088088088089,218.04982270196078,349.0800545677368,26.95937783159155,-2.0811976889138752
8.108108108108109,218.58954998587652,349.0383889483391,26.95937783159155,-2.2813978891140754
8.128128128128129,219.12927726979225,348.9927153169254,26.95937783159155,-2.4815980893142755
8.148148148148147,219.669004553708,348.9430336734957,26.95937783159155,-2.6817982895144756
8.168168168168169,220.20873183762373,348.88934401804994,26.95937783159155,-2.8819984897146758
8.188188188188189,220.74845912153947,348.8316463505882,26.95937783159155,-3.082198689914876
8.208208208208209,221.2881864054552,348.7699406711104,26.95937783159155,-3.282398890115076
8.228228228228229,221.82791368937094,348.70422697961664,26.95937783159155,-3.482599090315276
8.248248248248247,222.36764097328668,348.63450527610684,26.95937783159155,-3.6827992905154763
8.268268268268269,222.90736825720242,348.560775560581,26.95937783159155,-3.8829994907156764
8.288288288288289,223.44709554111816,348.4830378330392,26.95937783159155,-4.083199690915877
8.308308308308309,223.9868228250339,348.4012920934813,26.95937783159155,-4.283399891116077
8.328328328328329,224.52655010894964,348.31553834190737,26.95937783159155,-4.483600091316277
8.348348348348347,225.06627739286537,348.22577657831744,26.95937783159155,-4.683800291516477
8.368368368368369,225.6060046767811,348.1320068027115,26.95937783159155,-4.8840004917166775
8.388388388388389,226.14573196069685,348.0342290150895,26.95937783159155,-5.084200691916878
8.408408408408409,226.6854592446126,347.93244321545154,26.95937783159155,-5.284400892117078
8.428428428428429,227.22518652852833,347.82664940379755,26.95937783159155,-5.484601092317278
8.448448448448449,227.76491381244406,347.71684758012753,26.95937783159155,-5.684801292517478
8.468468468468469,228.3046410963598,347.6030377444415,26.95937783159155,-5.885001492717678
8.488488488488489,228.84436838027554,347.48521989673947,26.95937783159155,-6.085201692917878
8.508508508508509,229.38409566419128,347.3633940370214,26.95937783159155,-6.285401893118078
8.528528528528529,229.92382294810702,347.23756016528733,26.95937783159155,-6.4856020933182785
8.548548548548549,230.46355023202275,347.10771828153725,26.95937783159155,-6.685802293518479
8.568568568568569,231.0032775159385,346.9738683857711,26.95937783159155,-6.886002493718679
8.588588588588589,231.54300479985423,346.8360104779889,26.95937783159155,-7.086202693918879
8.608608608608609,232.08273208376997,346.6941445581907,26.95937783159155,-7.286402894119079
8.62862862862863,232.6224593676857,346.5482706263765,26.95937783159155,-7.486603094319279
8.64864864864865,233.16218665160144,346.3983886825463,26.95937783159155,-7.686803294519479
8.66866866866867,233.70191393551718,346.24449872670004,26.95937783159155,-7.887003494719679
8.68868868868869,234.24164121943292,346.0866007588378,26.95937783159155,-8.08720369491988
8.70870870870871,234.78136850334866,345.9246947789595,26.95937783159155,-8.28740389512008
8.72872872872873,235.3210957872644,345.75878078706523,26.95937783159155,-8.48760409532028
8.74874874874875,235.86082307118014,345.58885878315493,26.95937783159155,-8.68780429552048
8.76876876876877,236.40055035509587,345.4149287672286,26.95937783159155,-8.888004495720681
8.78878878878879,236.9402776390116,345.2369907392863,26.95937783159155,-9.088204695920881
8.80880880880881,237.48000492292735,345.05504469932794,26.95937783159155,-9.288404896121081
8.82882882882883,238.0197322068431,344.8690906473535,26.95937783159155,-9.488605096321281
8.84884884884885,238.55945949075883,344.6791285833631,26.95937783159155,-9.688805296521481
8.86886886886887,239.09918677467456,344.48515850735663,26.95937783159155,-9.889005496721682
8.88888888888889,239.6389140585903,344.28718041933416,26.95937783159155,-10.089205696921882
8.90890890890891,240.17864134250604,344.0851943192957,26.95937783159155,-10.289405897122082
8.92892892892893,240.71836862642178,343.8792002072412,26.95937783159155,-10.489606097322282
8.94894894894895,241.25809591033752,343.66919808317067,26.95937783159155,-10.689806297522482
8.96896896896897,241.79782319425325,343.45518794708414,26.95937783159155,-10.890006497722682
8.98898898898899,242.337550478169,343.2371697989816,26.95937783159155,-11.090206697922882
9.00900900900901,242.87727776208473,343.01514363886304,26.95937783159155,-11.290406898123083
9.02902902902903,243.41700504600047,342.78910946672846,26.95937783159155,-11.490607098323283
9.04904904904905,243.9567323299162,342.55906728257787,26.95937783159155,-11.690807298523483
9.06906906906907,244.49645961383195,342.3250170864112,26.95937783159155,-11.891007498723683
9.08908908908909,245.03618689774768,342.08695887822853,26.95937783159155,-12.091207698923883
9.10910910910911,245.57591418166342,341.84489265802983,26.95937783159155,-12.291407899124083
9.12912912912913,246.11564146557916,341.5988184258151,26.95937783159155,-12.491608099324283
9.14914914914915,246.6553687494949,341.3487361815844,26.95937783159155,-12.691808299524483
9.16916916916917,247.19509603341064,341.09464592533766,26.95937783159155,-12.892008499724684
9.18918918918919,247.73482331732637,340.8365476570749,26.95937783159155,-13.092208699924884
9.20920920920921,248.2745506012421,340.57444137679613,26.95937783159155,-13.292408900125084
9.22922922922923,248.81427788515785,340.30832708450134,26.95937783159155,-13.492609100325284
9.24924924924925,249.3540051690736,340.03820478019054,26.95937783159155,-13.692809300525484
9.26926926926927,249.89373245298933,339.7640744638637,26.95937783159155,-13.893009500725684
9.28928928928929,250.43345973690506,339.4859361355209,26.95937783159155,-14.093209700925884
9.30930930930931,250.9731870208208,339.20378979516204,26.95937783159155,-14.293409901126084
9.32932932932933,251.51291430473654,338.9176354427871,26.95937783159155,-14.493610101326285
9.34934934934935,252.05264158865228,338.6274730783962,26.95937783159155,-14.693810301526485
9.36936936936937,252.59236887256802,338.3333027019892,26.95937783159155,-14.894010501726685
9.38938938938939,253.13209615648375,338.03512431356626,26.95937783159155,-15.094210701926885
9.40940940940941,253.6718234403995,337.7329379131273,26.95937783159155,-15.294410902127085
9.42942942942943,254.21155072431523,337.4267435006723,26.95937783159155,-15.494611102327285
9.44944944944945,254.75127800823097,337.11654107620126,26.95937783159155,-15.694811302527485
9.46946946946947,255.2910052921467,336.8023306397142,26.95937783159155,-15.895011502727685
9.48948948948949,255.83073257606245,336.4841121912112,26.95937783159155,-16.095211702927887
9.50950950950951,256.3704598599782,336.1618857306921,26.95937783159155,-16.295411903128088
9.52952952952953,256.91018714389395,335.83565125815704,26.95937783159155,-16.495612103328288
9.54954954954955,257.4499144278097,335.50540877360595,26.95937783159155,-16.695812303528488
9.56956956956957,257.9896417117254,335.1711582770388,26.95937783159155,-16.896012503728688
9.58958958958959,258.52936899564116,334.8328997684556,26.95937783159155,-17.096212703928888
9.60960960960961,259.0690962795569,334.4906332478564,26.95937783159155,-17.296412904129088
9.62962962962963,259.60882356347264,334.1443587152412,26.95937783159155,-17.49661310432929
9.64964964964965,260.1485508473884,333.79407617060997,26.95937783159155,-17.69681330452949
9.66966966966967,260.6882781313041,333.4397856139627,26.95937783159155,-17.89701350472969
9.68968968968969,261.22800541521985,333.08148704529947,26.95937783159155,-18.09721370492989
9.70970970970971,261.7677326991356,332.7191804646202,26.95937783159155,-18.29741390513009
9.72972972972973,262.30745998305133,332.3528658719249,26.95937783159155,-18.49761410533029
9.74974974974975,262.84718726696707,331.9825432672136,26.95937783159155,-18.69781430553049
9.76976976976977,263.3869145508828,331.6082126504863,26.95937783159155,-18.89801450573069
9.78978978978979,263.92664183479855,331.22987402174294,26.95937783159155,-19.09821470593089
9.80980980980981,264.4663691187143,330.8475273809836,26.95937783159155,-19.29841490613109
9.82982982982983,265.00609640263,330.46117272820817,26.95937783159155,-19.49861510633129
9.84984984984985,265.54582368654576,330.07081006341673,26.95937783159155,-19.69881530653149
9.86986986986987,266.0855509704615,329.6764393866093,26.95937783159155,-19.89901550673169
9.88988988988989,266.62527825437724,329.2780606977858,26.95937783159155,-20.09921570693189
9.90990990990991,267.165005538293,328.8756739969463,26.95937783159155,-20.29941590713209
9.92992992992993,267.7047328222087,328.4692792840908,26.95937783159155,-20.49961610733229
9.94994994994995,268.24446010612445,328.0588765592193,26.95937783159155,-20.69981630753249
9.96996996996997,268.7841873900402,327.64446582233177,26.95937783159155,-20.90001650773269
9.98998998998999,269.3239146739559,327.2260470734282,26.95937783159155,-21.10021670793289
10.01001001001001,269.86364195787166,326.80362031250866,26.95937783159155,-21.30041690813309
10.03003003003003,270.4033692417874,326.3771855395731,26.95937783159155,-21.50061710833329
10.05005005005005,270.94309652570314,325.9467427546215,26.95937783159155,-21.70081730853349
10.07007007007007,271.4828238096189,325.5122919576539,26.95937783159155,-21.90101750873369
10.09009009009009,272.0225510935346,325.0738331486702,26.95937783159155,-22.10121770893389
10.11011011011011,272.56227837745035,324.6313663276705,26.95937783159155,-22.30141790913409
10.13013013013013,273.1020056613661,324.1848914946548,26.95937783159155,-22.50161810933429
10.15015015015015,273.64173294528183,323.73440864962305,26.95937783159155,-22.70181830953449
10.17017017017017,274.18146022919757,323.2799177925753,26.95937783159155,-22.90201850973469
10.19019019019019,274.7211875131133,322.82141892351154,26.95937783159155,-23.102218709934892
10.21021021021021,275.26091479702905,322.35891204243177,26.95937783159155,-23.302418910135092
10.23023023023023,275.8006420809448,321.892397149336,26.95937783159155,-23.502619110335292
10.25025025025025,276.3403693648605,321.42187424422417,26.95937783159155,-23.702819310535492
10.27027027027027,276.88009664877626,320.94734332709635,26.95937783159155,-23.903019510735692
10.29029029029029,277.419823932692,320.4688043979525,26.95937783159155,-24.103219710935893
10.31031031031031,277.95955121660774,319.98625745679266,26.95937783159155,-24.303419911136093
10.33033033033033,278.4992785005235,319.49970250361673,26.95937783159155,-24.503620111336293
10.35035035035035,279.0390057844392,319.0091395384248,26.95937783159155,-24.703820311536493
10.37037037037037,279.57873306835495,318.51456856121683,26.95937783159155,-24.904020511736693
10.39039039039039,280.1184603522707,318.01598957199286,26.95937783159155,-25.104220711936893
10.41041041041041,280.6581876361864,317.5134025707529,26.95937783159155,-25.304420912137093
10.43043043043043,281.19791492010216,317.00680755749687,26.95937783159155,-25.504621112337293
10.45045045045045,281.7376422040179,316.49620453222485,26.95937783159155,-25.704821312537494
10.47047047047047,282.27736948793364,315.9815934949368,26.95937783159155,-25.905021512737694
10.49049049049049,282.8170967718494,315.46297444563277,26.95937783159155,-26.105221712937894
10.51051051051051,283.3568240557651,314.9403473843127,26.95937783159155,-26.305421913138094
10.53053053053053,283.89655133968085,314.4137123109766,26.95937783159155,-26.505622113338294
10.55055055055055,284.4362786235966,313.8830692256245,26.95937783159155,-26.705822313538494
10.57057057057057,284.97600590751233,313.3484181282564,26.95937783159155,-26.906022513738694
10.59059059059059,285.51573319142807,312.8097590188722,26.95937783159155,-27.106222713938894
10.61061061061061,286.0554604753438,312.267091897472,26.95937783159155,-27.306422914139095
10.63063063063063,286.59518775925955,311.7204167640558,26.95937783159155,-27.506623114339295
10.65065065065065,287.1349150431753,311.1697336186236,26.95937783159155,-27.706823314539495
10.67067067067067,287.674642327091,310.61504246117534,26.95937783159155,-27.907023514739695
10.690690690690692,288.21436961100676,310.0563432917111,26.95937783159155,-28.107223714939895
10.71071071071071,288.7540968949225,309.4936361102308,26.95937783159155,-28.307423915140095
10.73073073073073,289.29382417883824,308.9269209167345,26.95937783159155,-28.507624115340295
10.75075075075075,289.833551462754,308.3561977112222,26.95937783159155,-28.707824315540496
10.77077077077077,290.3732787466697,307.78146649369387,26.95937783159155,-28.908024515740696
10.790790790790792,290.91300603058545,307.20272726414953,26.95937783159155,-29.108224715940896
10.81081081081081,291.4527333145012,306.6199800225892,26.95937783159155,-29.308424916141096
10.83083083083083,291.9924605984169,306.0332247690128,26.95937783159155,-29.508625116341296
10.85085085085085,292.53218788233266,305.44246150342036,26.95937783159155,-29.708825316541496
10.87087087087087,293.0719151662484,304.8476902258119,26.95937783159155,-29.909025516741696
10.890890890890892,293.61164245016414,304.24891093618743,26.95937783159155,-30.109225716941896
10.91091091091091,294.1513697340799,303.64612363454694,26.95937783159155,-30.309425917142097
10.93093093093093,294.6910970179956,303.03932832089043,26.95937783159155,-30.509626117342297
10.95095095095095,295.23082430191135,302.4285249952179,26.95937783159155,-30.709826317542497
10.97097097097097,295.7705515858271,301.8137136575294,26.95937783159155,-30.910026517742697
10.990990990990992,296.31027886974283,301.1948943078248,26.95937783159155,-31.110226717942897
11.01101101101101,296.85000615365857,300.57206694610426,26.95937783159155,-31.310426918143097
11.03103103103103,297.3897334375743,299.9452315723677,26.95937783159155,-31.510627118343297
11.05105105105105,297.92946072149005,299.3143881866151,26.95937783159155,-31.710827318543497
11.07107107107107,298.4691880054058,298.67953678884646,26.95937783159155,-31.911027518743698
11.091091091091092,299.0089152893215,298.0406773790618,26.95937783159155,-32.1112277189439
11.11111111111111,299.54864257323726,297.3978099572611,26.95937783159155,-32.3114279191441
11.13113113113113,300.088369857153,296.75093452344436,26.95937783159155,-32.5116281193443
11.15115115115115,300.62809714106874,296.1000510776116,26.95937783159155,-32.7118283195445
11.17117117117117,301.1678244249845,295.4451596197629,26.95937783159155,-32.9120285197447
11.191191191191193,301.7075517089002,294.7862601498981,26.95937783159155,-33.1122287199449
11.21121121121121,302.24727899281595,294.12335266801733,26.95937783159155,-33.3124289201451
11.23123123123123,302.7870062767317,293.45643717412054,26.95937783159155,-33.5126291203453
11.25125125125125,303.3267335606474,292.7855136682077,26.95937783159155,-33.7128293205455
11.27127127127127,303.86646084456316,292.1105821502789,26.95937783159155,-33.9130295207457
11.291291291291293,304.4061881284789,291.43164262033406,26.95937783159155,-34.1132297209459
11.31131131131131,304.94591541239464,290.7486950783732,26.95937783159155,-34.3134299211461
11.33133133133133,305.4856426963104,290.06173952439633,26.95937783159155,-34.5136301213463
11.35135135135135,306.0253699802261,289.3707759584034,26.95937783159155,-34.7138303215465
11.37137137137137,306.56509726414185,288.6758043803944,26.95937783159155,-34.9140305217467
11.391391391391393,307.1048245480576,287.97682479036945,26.95937783159155,-35.1142307219469
11.411411411411411,307.64455183197333,287.27383718832846,26.95937783159155,-35.3144309221471
11.431431431431431,308.18427911588907,286.56684157427145,26.95937783159155,-35.5146311223473
11.451451451451451,308.7240063998048,285.8558379481984,26.95937783159155,-35.714831322547504
11.471471471471471,309.26373368372055,285.1408263101094,26.95937783159155,-35.915031522747704
11.491491491491493,309.8034609676363,284.42180666000434,26.95937783159155,-36.115231722947904
11.511511511511511,310.343188251552,283.69877899788327,26.95937783159155,-36.315431923148104
11.531531531531531,310.88291553546776,282.9717433237462,26.95937783159155,-36.515632123348304
11.551551551551551,311.4226428193835,282.2406996375931,26.95937783159155,-36.715832323548504
11.571571571571571,311.96237010329924,281.50564793942397,26.95937783159155,-36.916032523748704
11.591591591591593,312.502097387215,280.76658822923883,26.95937783159155,-37.116232723948904
11.611611611611611,313.0418246711307,280.02352050703763,26.95937783159155,-37.316432924149105
11.631631631631631,313.58155195504645,279.2764447728204,26.95937783159155,-37.516633124349305
11.651651651651651,314.1212792389622,278.5253610265872,26.95937783159155,-37.716833324549505
11.671671671671671,314.6610065228779,277.7702692683379,26.95937783159155,-37.917033524749705
11.691691691691693,315.20073380679366,277.01116949807266,26.95937783159155,-38.117233724949905
11.711711711711711,315.7404610907094,276.2480617157914,26.95937783159155,-38.317433925150105
11.731731731731731,316.28018837462514,275.4809459214941,26.95937783159155,-38.517634125350305
11.751751751751751,316.8199156585409,274.70982211518077,26.95937783159155,-38.717834325550506
11.771771771771771,317.3596429424566,273.93469029685144,26.95937783159155,-38.918034525750706
11.791791791791793,317.89937022637235,273.1555504665061,26.95937783159155,-39.118234725950906
11.811811811811811,318.4390975102881,272.37240262414474,26.95937783159155,-39.318434926151106
11.831831831831831,318.97882479420383,271.58524676976737,26.95937783159155,-39.518635126351306
11.851851851851851,319.51855207811957,270.7940829033739,26.95937783159155,-39.718835326551506
11.871871871871871,320.0582793620353,269.99891102496446,26.95937783159155,-39.919035526751706
11.891891891891893,320.59800664595105,269.199731134539,26.95937783159155,-40.119235726951906
11.911911911911911,321.1377339298668,268.3965432320975,26.95937783159155,-40.31943592715211
11.931931931931931,321.6774612137825,267.58934731764,26.95937783159155,-40.51963612735231
11.951951951951951,322.21718849769826,266.77814339116645,26.95937783159155,-40.71983632755251
11.971971971971973,322.756915781614,265.9629314526769,26.95937783159155,-40.92003652775271
11.991991991991993,323.29664306552974,265.14371150217136,26.95937783159155,-41.12023672795291
12.012012012012011,323.8363703494455,264.3204835396498,26.95937783159155,-41.32043692815311
12.032032032032031,324.3760976333612,263.4932475651122,26.95937783159155,-41.52063712835331
12.052052052052051,324.91582491727695,262.6620035785586,26.95937783159155,-41.72083732855351
12.072072072072073,325.4555522011927,261.826751579989,26.95937783159155,-41.92103752875371
12.092092092092093,325.9952794851084,260.98749156940335,26.95937783159155,-42.12123772895391
12.112112112112111,326.53500676902416,260.14422354680164,26.95937783159155,-42.32143792915411
12.132132132132131,327.0747340529399,259.2969475121839,26.95937783159155,-42.52163812935431
12.152152152152151,327.61446133685564,258.4456634655502,26.95937783159155,-42.72183832955451
12.172172172172173,328.1541886207714,257.59037140690043,26.95937783159155,-42.92203852975471
12.192192192192193,328.6939159046871,256.73107133623466,26.95937783159155,-43.12223872995491
12.212212212212211,329.23364318860285,255.86776325355288,26.95937783159155,-43.32243893015511
12.232232232232231,329.7733704725186,255.00044715885508,26.95937783159155,-43.52263913035531
12.252252252252251,330.31309775643433,254.12912305214127,26.95937783159155,-43.72283933055551
12.272272272272273,330.85282504035007,253.25379093341144,26.95937783159155,-43.92303953075571
12.292292292292293,331.3925523242658,252.37445080266556,26.95937783159155,-44.12323973095591
12.312312312312311,331.93227960818155,251.49110265990367,26.95937783159155,-44.32343993115611
12.332332332332332,332.4720068920973,250.60374650512577,26.95937783159155,-44.52364013135631
12.352352352352352,333.011734176013,249.71238233833185,26.95937783159155,-44.72384033155651
12.372372372372373,333.55146145992876,248.8170101595219,26.95937783159155,-44.92404053175671
12.392392392392393,334.0911887438445,247.91762996869596,26.95937783159155,-45.12424073195691
12.412412412412412,334.63091602776024,247.014241765854,26.95937783159155,-45.32444093215711
12.432432432432432,335.170643311676,246.10684555099598,26.95937783159155,-45.52464113235731
12.452452452452452,335.7103705955917,245.19544132412196,26.95937783159155,-45.72484133255751
12.472472472472473,336.25009787950745,244.28002908523192,26.95937783159155,-45.92504153275771
12.492492492492493,336.7898251634232,243.36060883432586,26.95937783159155,-46.12524173295791
12.512512512512512,337.3295524473389,242.4371805714038,26.95937783159155,-46.32544193315811
12.532532532532532,337.86927973125466,241.5097442964657,26.95937783159155,-46.52564213335831
12.552552552552552,338.4090070151704,240.57830000951157,26.95937783159155,-46.72584233355851
12.572572572572573,338.94873429908614,239.64284771054142,26.95937783159155,-46.92604253375871
12.592592592592593,339.4884615830019,238.70338739955525,26.95937783159155,-47.12624273395891
12.612612612612612,340.0281888669176,237.75991907655308,26.95937783159155,-47.32644293415911
12.632632632632632,340.56791615083336,236.81244274153488,26.95937783159155,-47.52664313435931
12.652652652652652,341.1076434347491,235.86095839450067,26.95937783159155,-47.72684333455951
12.672672672672673,341.64737071866483,234.90546603545042,26.95937783159155,-47.92704353475971
12.692692692692694,342.18709800258057,233.94596566438415,26.95937783159155,-48.12724373495991
12.712712712712712,342.7268252864963,232.98245728130186,26.95937783159155,-48.32744393516011
12.732732732732732,343.26655257041205,232.01494088620356,26.95937783159155,-48.52764413536031
12.752752752752752,343.8062798543278,231.04341647908925,26.95937783159155,-48.72784433556051
12.772772772772774,344.3460071382435,230.0678840599589,26.95937783159155,-48.92804453576071
12.792792792792794,344.88573442215926,229.08834362881257,26.95937783159155,-49.12824473596091
12.812812812812812,345.425461706075,228.10479518565018,26.95937783159155,-49.32844493616111
12.832832832832832,345.96518898999074,227.11723873047177,26.95937783159155,-49.52864513636131
12.852852852852852,346.5049162739065,226.12567426327735,26.95937783159155,-49.72884533656151
12.872872872872874,347.0446435578222,225.1301017840669,26.95937783159155,-49.92904553676171
12.892892892892894,347.58437084173795,224.13052129284046,26.95937783159155,-50.12924573696191
12.912912912912912,348.1240981256537,223.126932789598,26.95937783159155,-50.32944593716211
12.932932932932932,348.6638254095694,222.11933627433947,26.95937783159155,-50.52964613736231
12.952952952952952,349.20355269348516,221.10773174706495,26.95937783159155,-50.72984633756251
12.972972972972974,349.7432799774009,220.0921192077744,26.95937783159155,-50.93004653776271
12.992992992992994,350.28300726131664,219.07249865646784,26.95937783159155,-51.13024673796291
13.013013013013012,350.8227345452324,218.04887009314527,26.95937783159155,-51.330446938163114
13.033033033033032,351.3624618291481,217.02123351780668,26.95937783159155,-51.530647138363314
13.053053053053052,351.90218911306386,215.98958893045204,26.95937783159155,-51.730847338563514
13.073073073073074,352.4419163969796,214.9539363310814,26.95937783159155,-51.931047538763714
13.093093093093094,352.98164368089533,213.91427571969473,26.95937783159155,-52.131247738963914
13.113113113113112,353.52137096481107,212.87060709629205,26.95937783159155,-52.331447939164114
13.133133133133132,354.0610982487268,211.82293046087335,26.95937783159155,-52.531648139364314
13.153153153153154,354.60082553264255,210.77124581343864,26.95937783159155,-52.731848339564515
13.173173173173174,355.1405528165583,209.7155531539879,26.95937783159155,-52.932048539764715
13.193193193193194,355.680280100474,208.65585248252114,26.95937783159155,-53.132248739964915
13.213213213213212,356.22000738438976,207.59214379903835,26.95937783159155,-53.332448940165115
13.233233233233232,356.7597346683055,206.52442710353955,26.95937783159155,-53.532649140365315
13.253253253253254,357.29946195222124,205.45270239602473,26.95937783159155,-53.732849340565515
13.273273273273274,357.839189236137,204.3769696764939,26.95937783159155,-53.933049540765715
13.293293293293294,358.3789165200527,203.29722894494705,26.95937783159155,-54.133249740965915
13.313313313313312,358.91864380396845,202.21348020138416,26.95937783159155,-54.333449941166116
13.333333333333332,359.4583710878842,201.12572344580525,26.95937783159155,-54.533650141366316
13.353353353353354,359.9980983717999,200.03395867821033,26.95937783159155,-54.733850341566516
13.373373373373374,360.53782565571566,198.9381858985994,26.95937783159155,-54.934050541766716
13.393393393393394,361.0775529396314,197.83840510697243,26.95937783159155,-55.134250741966916
13.413413413413412,361.61728022354714,196.73461630332946,26.95937783159155,-55.334450942167116
13.433433433433432,362.1570075074629,195.62681948767045,26.95937783159155,-55.534651142367316
13.453453453453454,362.6967347913786,194.51501465999542,26.95937783159155,-55.73485134256752
13.473473473473474,363.23646207529436,193.39920182030437,26.95937783159155,-55.93505154276772
13.493493493493494,363.7761893592101,192.2793809685973,26.95937783159155,-56.13525174296792
13.513513513513512,364.31591664312583,191.15555210487423,26.95937783159155,-56.33545194316812
13.533533533533532,364.85564392704157,190.02771522913514,26.95937783159155,-56.53565214336832
13.553553553553554,365.3953712109573,188.89587034138003,26.95937783159155,-56.73585234356852
13.573573573573574,365.93509849487305,187.76001744160888,26.95937783159155,-56.93605254376872
13.593593593593594,366.4748257787888,186.6201565298217,26.95937783159155,-57.13625274396892
13.613613613613612,367.0145530627045,185.47628760601853,26.95937783159155,-57.33645294416912
13.633633633633632,367.55428034662026,184.32841067019933,26.95937783159155,-57.53665314436932
13.653653653653654,368.094007630536,183.17652572236412,26.95937783159155,-57.73685334456952
13.673673673673674,368.63373491445174,182.0206327625129,26.95937783159155,-57.93705354476972
13.693693693693694,369.1734621983675,180.86073179064562,26.95937783159155,-58.13725374496992
13.713713713713712,369.7131894822832,179.69682280676233,26.95937783159155,-58.33745394517012
13.733733733733732,370.25291676619895,178.52890581086302,26.95937783159155,-58.53765414537032
13.753753753753754,370.7926440501147,177.3569808029477,26.95937783159155,-58.73785434557052
13.773773773773774,371.3323713340304,176.18104778301637,26.95937783159155,-58.93805454577072
13.793793793793794,371.87209861794616,175.00110675106902,26.95937783159155,-59.13825474597092
13.813813813813812,372.4118259018619,173.81715770710562,26.95937783159155,-59.33845494617112
13.833833833833832,372.95155318577764,172.6292006511262,26.95937783159155,-59.53865514637132
13.853853853853854,373.4912804696934,171.43723558313079,26.95937783159155,-59.73885534657152
13.873873873873874,374.0310077536091,170.24126250311934,26.95937783159155,-59.93905554677172
13.893893893893894,374.57073503752486,169.0412814110919,26.95937783159155,-60.13925574697192
13.913913913913913,375.1104623214406,167.83729230704841,26.95937783159155,-60.33945594717212
13.933933933933933,375.65018960535633,166.62929519098893,26.95937783159155,-60.53965614737232
13.953953953953954,376.18991688927207,165.4172900629134,26.95937783159155,-60.73985634757252
13.973973973973974,376.7296441731878,164.20127692282185,26.95937783159155,-60.94005654777272
13.993993993993994,377.26937145710355,162.98125577071428,26.95937783159155,-61.14025674797292
14.014014014014013,377.8090987410193,161.7572266065907,26.95937783159155,-61.34045694817312
14.034034034034033,378.348826024935,160.5291894304511,26.95937783159155,-61.54065714837332
14.054054054054054,378.88855330885076,159.2971442422955,26.95937783159155,-61.74085734857352
14.074074074074074,379.4282805927665,158.06109104212385,26.95937783159155,-61.94105754877372
14.094094094094094,379.96800787668224,156.82102982993618,26.95937783159155,-62.14125774897392
14.114114114114113,380.507735160598,155.5769606057325,26.95937783159155,-62.34145794917412
14.134134134134133,381.0474624445137,154.3288833695128,26.95937783159155,-62.54165814937432
14.154154154154154,381.58718972842945,153.07679812127708,26.95937783159155,-62.74185834957452
14.174174174174174,382.1269170123452,151.82070486102535,26.95937783159155,-62.94205854977472
14.194194194194194,382.6666442962609,150.56060358875757,26.95937783159155,-63.14225874997492
14.214214214214213,383.20637158017666,149.29649430447378,26.95937783159155,-63.34245895017512
14.234234234234233,383.7460988640924,148.02837700817398,26.95937783159155,-63.54265915037532
14.254254254254255,384.28582614800814,146.75625169985815,26.95937783159155,-63.74285935057552
14.274274274274275,384.8255534319239,145.48011837952632,26.95937783159155,-63.94305955077572
14.294294294294295,385.3652807158396,144.19997704717846,26.95937783159155,-64.14325975097593
14.314314314314313,385.90500799975536,142.91582770281457,26.95937783159155,-64.34345995117613
14.334334334334333,386.4447352836711,141.62767034643466,26.95937783159155,-64.54366015137633
14.354354354354355,386.98446256758683,140.33550497803873,26.95937783159155,-64.74386035157653
14.374374374374375,387.52418985150257,139.03933159762678,26.95937783159155,-64.94406055177673
14.394394394394395,388.0639171354183,137.73915020519883,26.95937783159155,-65.14426075197693
14.414414414414413,388.60364441933405,136.43496080075485,26.95937783159155,-65.34446095217713
14.434434434434436,389.1433717032498,135.12676338429486,26.95937783159155,-65.54466115237733
14.454454454454455,389.6830989871655,133.81455795581883,26.95937783159155,-65.74486135257753
14.474474474474475,390.22282627108126,132.49834451532678,26.95937783159155,-65.94506155277773
14.494494494494495,390.762553554997,131.1781230628187,26.95937783159155,-66.14526175297793
14.514514514514513,391.30228083891274,129.85389359829463,26.95937783159155,-66.34546195317813
14.534534534534536,391.8420081228285,128.52565612175454,26.95937783159155,-66.54566215337833
14.554554554554555,392.3817354067442,127.19341063319841,26.95937783159155,-66.74586235357853
14.574574574574575,392.92146269065995,125.85715713262627,26.95937783159155,-66.94606255377873
14.594594594594595,393.4611899745757,124.51689562003811,26.95937783159155,-67.14626275397893
14.614614614614613,394.0009172584914,123.17262609543393,26.95937783159155,-67.34646295417913
14.634634634634637,394.54064454240716,121.82434855881372,26.95937783159155,-67.54666315437933
14.654654654654655,395.0803718263229,120.47206301017751,26.95937783159155,-67.74686335457953
14.674674674674675,395.62009911023864,119.11576944952526,26.95937783159155,-67.94706355477973
14.694694694694695,396.1598263941544,117.755467876857,26.95937783159155,-68.14726375497993
14.714714714714713,396.6995536780701,116.39115829217272,26.95937783159155,-68.34746395518013
14.734734734734737,397.23928096198586,115.02284069547241,26.95937783159155,-68.54766415538033
14.754754754754755,397.7790082459016,113.65051508675609,26.95937783159155,-68.74786435558053
14.774774774774775,398.31873552981733,112.27418146602375,26.95937783159155,-68.94806455578073
14.794794794794795,398.85846281373307,110.89383983327538,26.95937783159155,-69.14826475598093
14.814814814814813,399.3981900976488,109.509490188511,26.95937783159155,-69.34846495618113
14.834834834834837,399.93791738156455,108.1211325317306,26.95937783159155,-69.54866515638133
14.854854854854855,400.4776446654803,106.72876686293417,26.95937783159155,-69.74886535658153
14.874874874874875,401.017371949396,105.33239318212172,26.95937783159155,-69.94906555678173
14.894894894894895,401.55709923331176,103.93201148929326,26.95937783159155,-70.14926575698193
14.914914914914913,402.0968265172275,102.52762178444878,26.95937783159155,-70.34946595718213
14.934934934934937,402.63655380114324,101.11922406758828,26.95937783159155,-70.54966615738233
14.954954954954955,403.176281085059,99.70681833871176,26.95937783159155,-70.74986635758253
14.974974974974975,403.7160083689747,98.29040459781922,26.95937783159155,-70.95006655778273
14.994994994994995,404.25573565289045,96.86998284491065,26.95937783159155,-71.15026675798293
15.015015015015013,404.7954629368062,95.44555307998607,26.95937783159155,-71.35046695818313
15.035035035035037,405.3351902207219,94.01711530304547,26.95937783159155,-71.55066715838333
15.055055055055055,405.87491750463766,92.58466951408884,26.95937783159155,-71.75086735858353
15.075075075075075,406.4146447885534,91.1482157131162,26.95937783159155,-71.95106755878373
15.095095095095095,406.95437207246914,89.70775390012754,26.95937783159155,-72.15126775898393
15.115115115115113,407.4940993563849,88.26328407512285,26.95937783159155,-72.35146795918413
15.135135135135137,408.0338266403006,86.81480623810215,26.95937783159155,-72.55166815938433
15.155155155155155,408.57355392421636,85.36232038906543,26.95937783159155,-72.75186835958453
15.175175175175175,409.1132812081321,83.90582652801268,26.95937783159155,-72.95206855978473
15.195195195195195,409.65300849204783,82.44532465494392,26.95937783159155,-73.15226875998493
15.215215215215213,410.19273577596357,80.98081476985914,26.95937783159155,-73.35246896018513
15.235235235235237,410.7324630598793,79.51229687275833,26.95937783159155,-73.55266916038534
15.255255255255255,411.27219034379505,78.0397709636415,26.95937783159155,-73.75286936058554
15.275275275275275,411.8119176277108,76.56323704250866,26.95937783159155,-73.95306956078574
15.295295295295295,412.3516449116265,75.0826951093598,26.95937783159155,-74.15326976098594
15.315315315315313,412.89137219554226,73.59814516419492,26.95937783159155,-74.35346996118614
15.335335335335337,413.431099479458,72.10958720701402,26.95937783159155,-74.55367016138634
15.355355355355355,413.97082676337374,70.6170212378171,26.95937783159155,-74.75387036158654
15.375375375375375,414.5105540472895,69.12044725660415,26.95937783159155,-74.95407056178674
15.395395395395395,415.0502813312052,67.61986526337519,26.95937783159155,-75.15427076198694
15.415415415415413,415.59000861512095,66.11527525813021,26.95937783159155,-75.35447096218714
15.435435435435437,416.1297358990367,64.6066772408692,26.95937783159155,-75.55467116238734
15.455455455455455,416.6694631829524,63.09407121159218,26.95937783159155,-75.75487136258754
15.475475475475475,417.20919046686817,61.577457170299134,26.95937783159155,-75.95507156278774
15.495495495495495,417.7489177507839,60.05683511699007,26.95937783159155,-76.15527176298794
15.515515515515514,418.28864503469964,58.53220505166499,26.95937783159155,-76.35547196318814
15.535535535535537,418.8283723186154,57.00356697432388,26.95937783159155,-76.55567216338834
15.555555555555555,419.3680996025311,55.47092088496676,26.95937783159155,-76.75587236358854
15.575575575575575,419.90782688644686,53.934266783593614,26.95937783159155,-76.95607256378874
15.595595595595595,420.4475541703626,52.393604670204454,26.95937783159155,-77.15627276398894
15.615615615615614,420.98728145427833,50.84893454479927,26.95937783159155,-77.35647296418914
15.635635635635637,421.52700873819407,49.300256407378065,26.95937783159155,-77.55667316438934
15.655655655655655,422.0667360221098,47.74757025794084,26.95937783159155,-77.75687336458954
15.675675675675675,422.60646330602555,46.1908760964876,26.95937783159155,-77.95707356478974
15.695695695695695,423.1461905899413,44.63017392301833,26.95937783159155,-78.15727376498994
15.715715715715717,423.685917873857,43.06546373753305,26.95937783159155,-78.35747396519014
15.735735735735737,424.22564515777276,41.496745540031746,26.95937783159155,-78.55767416539034
15.755755755755755,424.7653724416885,39.92401933051442,26.95937783159155,-78.75787436559054
15.775775775775776,425.30509972560424,38.347285108981076,26.95937783159155,-78.95807456579074
15.795795795795796,425.84482700952,36.76654287543171,26.95937783159155,-79.15827476599094
15.815815815815817,426.3845542934357,35.18179262986633,26.95937783159155,-79.35847496619114
15.835835835835837,426.92428157735145,33.593034372284926,26.95937783159155,-79.55867516639134
15.855855855855856,427.4640088612672,32.0002681026875,26.95937783159155,-79.75887536659154
15.875875875875876,428.0037361451829,30.403493821074054,26.95937783159155,-79.95907556679174
15.895895895895896,428.54346342909867,28.80271152744459,26.95937783159155,-80.15927576699194
15.915915915915917,429.0831907130144,27.197921221799106,26.95937783159155,-80.35947596719214
15.935935935935937,429.62291799693014,25.589122904137604,26.95937783159155,-80.55967616739234
15.955955955955956,430.1626452808459,23.97631657446008,26.95937783159155,-80.75987636759254
15.975975975975976,430.7023725647616,22.359502232766534,26.95937783159155,-80.96007656779274
15.995995995995996,431.24209984867736,20.73867987905697,26.95937783159155,-81.16027676799294
16.016016016016017,431.7818271325931,19.113849513331385,26.95937783159155,-81.36047696819314
16.036036036036037,432.32155441650883,17.48501113558978,26.95937783159155,-81.56067716839334
16.056056056056057,432.86128170042457,15.852164745832155,26.95937783159155,-81.76087736859354
16.076076076076077,433.4010089843403,14.21531034405851,26.95937783159155,-81.96107756879374
16.096096096096094,433.94073626825605,12.574447930268846,26.95937783159155,-82.16127776899394
16.116116116116117,434.4804635521718,10.929577504463161,26.95937783159155,-82.36147796919414
16.136136136136138,435.0201908360875,9.280699066641457,26.95937783159155,-82.56167816939434
16.156156156156158,435.55991812000326,7.627812616803732,26.95937783159155,-82.76187836959454
16.176176176176178,436.099645403919,5.970918154949988,26.95937783159155,-82.96207856979474
16.196196196196194,436.63937268783474,4.310015681080223,26.95937783159155,-83.16227876999494
16.216216216216218,437.1790999717505,2.6451051951944384,26.95937783159155,-83.36247897019514
16.236236236236238,437.7188272556662,0.9761866972926339,26.95937783159155,-83.56267917039534
16.256256256256258,438.25855453958195,-0.6967398126251907,26.95937783159155,-83.76287937059554
16.276276276276278,438.7982818234977,-2.3736743345590354,26.95937783159155,-83.96307957079574
16.296296296296294,439.3380091074134,-4.0546168685089,26.95937783159155,-84.16327977099594
16.316316316316318,439.87773639132917,-5.739567414474784,26.95937783159155,-84.36347997119614
16.336336336336338,440.4174636752449,-7.428525972456689,26.95937783159155,-84.56368017139634
16.356356356356358,440.95719095916064,-9.121492542454614,26.95937783159155,-84.76388037159654
16.376376376376378,441.4969182430764,-10.81846712446856,26.95937783159155,-84.96408057179674
16.396396396396394,442.0366455269921,-12.519449718498525,26.95937783159155,-85.16428077199694
16.416416416416418,442.57637281090786,-14.22444032454451,26.95937783159155,-85.36448097219714
16.436436436436438,443.1161000948236,-15.933438942606514,26.95937783159155,-85.56468117239734
16.456456456456458,443.65582737873933,-17.646445572684538,26.95937783159155,-85.76488137259754
16.476476476476478,444.19555466265507,-19.363460214778584,26.95937783159155,-85.96508157279774
16.496496496496494,444.7352819465708,-21.08448286888865,26.95937783159155,-86.16528177299794
16.516516516516518,445.27500923048655,-22.809513535014734,26.95937783159155,-86.36548197319814
16.536536536536538,445.8147365144023,-24.538552213156837,26.95937783159155,-86.56568217339834
16.556556556556558,446.354463798318,-26.271598903314963,26.95937783159155,-86.76588237359854
16.576576576576578,446.89419108223376,-28.00865360548911,26.95937783159155,-86.96608257379874
16.596596596596594,447.4339183661495,-29.749716319679273,26.95937783159155,-87.16628277399894
16.616616616616618,447.97364565006524,-31.49478704588546,26.95937783159155,-87.36648297419914
16.636636636636638,448.513372933981,-33.24386578410766,26.95937783159155,-87.56668317439934
16.656656656656658,449.0531002178967,-34.99695253434589,26.95937783159155,-87.76688337459954
16.676676676676678,449.59282750181245,-36.754047296600135,26.95937783159155,-87.96708357479974
16.696696696696694,450.1325547857282,-38.5151500708704,26.95937783159155,-88.16728377499994
16.716716716716718,450.6722820696439,-40.280260857156684,26.95937783159155,-88.36748397520014
16.736736736736738,451.21200935355967,-42.04937965545899,26.95937783159155,-88.56768417540034
16.756756756756758,451.7517366374754,-43.822506465777316,26.95937783159155,-88.76788437560054
16.776776776776778,452.29146392139114,-45.59964128811166,26.95937783159155,-88.96808457580075
16.796796796796794,452.8311912053069,-47.380784122462025,26.95937783159155,-89.16828477600095
16.816816816816818,453.3709184892226,-49.16593496882841,26.95937783159155,-89.36848497620115
16.836836836836838,453.91064577313836,-50.95509382721082,26.95937783159155,-89.56868517640135
16.856856856856858,454.4503730570541,-52.74826069760924,26.95937783159155,-89.76888537660155
16.876876876876878,454.99010034096983,-54.545435580023685,26.95937783159155,-89.96908557680175
16.896896896896898,455.52982762488557,-56.346618474454154,26.95937783159155,-90.16928577700195
16.916916916916918,456.0695549088013,-58.15180938090064,26.95937783159155,-90.36948597720215
16.936936936936938,456.60928219271705,-59.961008299363144,26.95937783159155,-90.56968617740235
16.956956956956958,457.1490094766328,-61.77421522984167,26.95937783159155,-90.76988637760255
16.976976976976978,457.6887367605485,-63.59143017233622,26.95937783159155,-90.97008657780275
16.996996996996998,458.22846404446426,-65.41265312684678,26.95937783159155,-91.17028677800295
17.017017017017018,458.76819132838,-67.23788409337337,26.95937783159155,-91.37048697820315
17.037037037037038,459.30791861229574,-69.06712307191597,26.95937783159155,-91.57068717840335
17.057057057057058,459.8476458962115,-70.9003700624746,26.95937783159155,-91.77088737860355
17.077077077077078,460.3873731801272,-72.73762506504924,26.95937783159155,-91.97108757880375
17.097097097097098,460.92710046404295,-74.57888807963991,26.95937783159155,-92.17128777900395
17.117117117117118,461.4668277479587,-76.42415910624659,26.95937783159155,-92.37148797920415
17.137137137137138,462.0065550318744,-78.2734381448693,26.95937783159155,-92.57168817940435
17.157157157157158,462.54628231579017,-80.12672519550803,26.95937783159155,-92.77188837960455
17.177177177177178,463.0860095997059,-81.98402025816277,26.95937783159155,-92.97208857980475
17.197197197197198,463.62573688362164,-83.84532333283354,26.95937783159155,-93.17228878000495
17.217217217217218,464.1654641675374,-85.71063441952033,26.95937783159155,-93.37248898020515
17.237237237237238,464.7051914514531,-87.57995351822314,26.95937783159155,-93.57268918040535
17.25725725725726,465.24491873536886,-89.45328062894197,26.95937783159155,-93.77288938060555
17.27727727727728,465.7846460192846,-91.33061575167682,26.95937783159155,-93.97308958080575
17.2972972972973,466.32437330320033,-93.21195888642768,26.95937783159155,-94.17328978100595
17.31731731731732,466.86410058711607,-95.09731003319456,26.95937783159155,-94.37348998120615
17.33733733733734,467.4038278710318,-96.98666919197747,26.95937783159155,-94.57369018140635
17.35735735735736,467.94355515494755,-98.8800363627764,26.95937783159155,-94.77389038160655
17.37737737737738,468.4832824388633,-100.77741154559133,26.95937783159155,-94.97409058180675
17.3973973973974,469.023009722779,-102.6787947404223,26.95937783159155,-95.17429078200695
17.41741741741742,469.56273700669476,-104.58418594726929,26.95937783159155,-95.37449098220715
17.43743743743744,470.1024642906105,-106.49358516613229,26.95937783159155,-95.57469118240735
17.45745745745746,470.64219157452624,-108.40699239701132,26.95937783159155,-95.77489138260755
17.47747747747748,471.181918858442,-110.32440763990637,26.95937783159155,-95.97509158280775
17.4974974974975,471.7216461423577,-112.24583089481743,26.95937783159155,-96.17529178300795
17.51751751751752,472.26137342627345,-114.17126216174452,26.95937783159155,-96.37549198320815
17.53753753753754,472.8011007101892,-116.10070144068763,26.95937783159155,-96.57569218340835
17.55755755755756,473.3408279941049,-118.03414873164675,26.95937783159155,-96.77589238360855
17.57757757757758,473.88055527802067,-119.9716040346219,26.95937783159155,-96.97609258380875
17.5975975975976,474.4202825619364,-121.91306734961307,26.95937783159155,-97.17629278400895
17.61761761761762,474.96000984585214,-123.85853867662026,26.95937783159155,-97.37649298420915
17.63763763763764,475.4997371297679,-125.80801801564346,26.95937783159155,-97.57669318440935
17.65765765765766,476.0394644136836,-127.76150536668268,26.95937783159155,-97.77689338460955
17.67767767767768,476.57919169759936,-129.71900072973793,26.95937783159155,-97.97709358480975
17.6976976976977,477.1189189815151,-131.6805041048092,26.95937783159155,-98.17729378500995
17.71771771771772,477.65864626543083,-133.64601549189646,26.95937783159155,-98.37749398521015
17.73773773773774,478.19837354934657,-135.61553489099978,26.95937783159155,-98.57769418541035
17.75775775775776,478.7381008332623,-137.58906230211912,26.95937783159155,-98.77789438561055
17.77777777777778,479.27782811717805,-139.56659772525447,26.95937783159155,-98.97809458581075
17.7977977977978,479.8175554010938,-141.54814116040583,26.95937783159155,-99.17829478601095
17.81781781781782,480.3572826850095,-143.53369260757322,26.95937783159155,-99.37849498621115
17.83783783783784,480.89700996892526,-145.5232520667566,26.95937783159155,-99.57869518641135
17.85785785785786,481.436737252841,-147.51681953795602,26.95937783159155,-99.77889538661155
17.87787787787788,481.97646453675674,-149.51439502117148,26.95937783159155,-99.97909558681175
17.8978978978979,482.5161918206725,-151.51597851640295,26.95937783159155,-100.17929578701195
17.91791791791792,483.0559191045882,-153.52157002365044,26.95937783159155,-100.37949598721215
17.93793793793794,483.59564638850395,-155.53116954291394,26.95937783159155,-100.57969618741235
17.95795795795796,484.1353736724197,-157.54477707419346,26.95937783159155,-100.77989638761255
17.97797797797798,484.6751009563354,-159.562392617489,26.95937783159155,-100.98009658781275
17.997997997998,485.21482824025117,-161.58401617280057,26.95937783159155,-101.18029678801295
18.01801801801802,485.7545555241669,-163.60964774012817,26.95937783159155,-101.38049698821315
18.03803803803804,486.29428280808264,-165.63928731947178,26.95937783159155,-101.58069718841335
18.05805805805806,486.8340100919984,-167.6729349108314,26.95937783159155,-101.78089738861355
18.07807807807808,487.3737373759141,-169.71059051420704,26.95937783159155,-101.98109758881375
18.0980980980981,487.91346465982986,-171.7522541295987,26.95937783159155,-102.18129778901395
18.11811811811812,488.4531919437456,-173.7979257570064,26.95937783159155,-102.38149798921415
18.13813813813814,488.99291922766133,-175.8476053964301,26.95937783159155,-102.58169818941435
18.15815815815816,489.53264651157707,-177.90129304786984,26.95937783159155,-102.78189838961455
18.17817817817818,490.0723737954928,-179.9589887113256,26.95937783159155,-102.98209858981475
18.1981981981982,490.61210107940855,-182.02069238679735,26.95937783159155,-103.18229879001495
18.21821821821822,491.1518283633243,-184.08640407428513,26.95937783159155,-103.38249899021515
18.23823823823824,491.69155564724,-186.15612377378892,26.95937783159155,-103.58269919041535
18.25825825825826,492.23128293115576,-188.22985148530876,26.95937783159155,-103.78289939061555
18.27827827827828,492.7710102150715,-190.3075872088446,26.95937783159155,-103.98309959081575
18.2982982982983,493.31073749898724,-192.38933094439648,26.95937783159155,-104.18329979101595
18.31831831831832,493.850464782903,-194.47508269196436,26.95937783159155,-104.38349999121615
18.33833833833834,494.3901920668187,-196.56484245154826,26.95937783159155,-104.58370019141636
18.35835835835836,494.92991935073445,-198.65861022314817,26.95937783159155,-104.78390039161656
18.37837837837838,495.4696466346502,-200.75638600676413,26.95937783159155,-104.98410059181676
18.3983983983984,496.0093739185659,-202.8581698023961,26.95937783159155,-105.18430079201696
18.41841841841842,496.54910120248167,-204.9639616100441,26.95937783159155,-105.38450099221716
18.43843843843844,497.0888284863974,-207.0737614297081,26.95937783159155,-105.58470119241736
18.45845845845846,497.62855577031314,-209.18756926138812,26.95937783159155,-105.78490139261756
18.47847847847848,498.1682830542289,-211.30538510508416,26.95937783159155,-105.98510159281776
18.4984984984985,498.7080103381446,-213.42720896079624,26.95937783159155,-106.18530179301796
18.51851851851852,499.24773762206036,-215.55304082852433,26.95937783159155,-106.38550199321816
18.53853853853854,499.7874649059761,-217.68288070826844,26.95937783159155,-106.58570219341836
18.55855855855856,500.32719218989183,-219.81672860002857,26.95937783159155,-106.78590239361856
18.57857857857858,500.86691947380757,-221.9545845038047,26.95937783159155,-106.98610259381876
18.5985985985986,501.4066467577233,-224.09644841959687,26.95937783159155,-107.18630279401896
18.61861861861862,501.94637404163905,-226.24232034740504,26.95937783159155,-107.38650299421916
18.63863863863864,502.4861013255548,-228.39220028722926,26.95937783159155,-107.58670319441936
18.65865865865866,503.0258286094705,-230.5460882390695,26.95937783159155,-107.78690339461956
18.67867867867868,503.56555589338626,-232.70398420292574,26.95937783159155,-107.98710359481976
18.6986986986987,504.105283177302,-234.865888178798,26.95937783159155,-108.18730379501996
18.71871871871872,504.64501046121774,-237.03180016668628,26.95937783159155,-108.38750399522016
18.73873873873874,505.1847377451335,-239.20172016659058,26.95937783159155,-108.58770419542036
18.75875875875876,505.7244650290492,-241.37564817851091,26.95937783159155,-108.78790439562056
18.77877877877878,506.26419231296495,-243.55358420244727,26.95937783159155,-108.98810459582076
18.7987987987988,506.8039195968807,-245.73552823839964,26.95937783159155,-109.18830479602096
18.81881881881882,507.3436468807964,-247.92148028636802,26.95937783159155,-109.38850499622116
18.83883883883884,507.88337416471217,-250.11144034635242,26.95937783159155,-109.58870519642136
18.85885885885886,508.4231014486279,-252.30540841835284,26.95937783159155,-109.78890539662156
18.87887887887888,508.96282873254364,-254.5033845023693,26.95937783159155,-109.98910559682176
18.8988988988989,509.5025560164594,-256.7053685984018,26.95937783159155,-110.18930579702196
18.91891891891892,510.0422833003751,-258.91136070645024,26.95937783159155,-110.38950599722216
18.93893893893894,510.58201058429086,-261.1213608265148,26.95937783159155,-110.58970619742236
18.95895895895896,511.1217378682066,-263.3353689585953,26.95937783159155,-110.78990639762256
18.97897897897898,511.66146515212233,-265.5533851026919,26.95937783159155,-110.99010659782276
18.998998998999,512.2011924360381,-267.7754092588045,26.95937783159155,-111.19030679802296
19.01901901901902,512.7409197199539,-270.00144142693307,26.95937783159155,-111.39050699822316
19.03903903903904,513.2806470038697,-272.2314816070777,26.95937783159155,-111.59070719842336
19.05905905905906,513.8203742877855,-274.4655297992383,26.95937783159155,-111.79090739862356
19.07907907907908,514.3601015717013,-276.70358600341496,26.95937783159155,-111.99110759882376
19.0990990990991,514.8998288556171,-278.9456502196076,26.95937783159155,-112.19130779902396
19.11911911911912,515.4395561395329,-281.1917224478163,26.95937783159155,-112.39150799922416
19.13913913913914,515.9792834234487,-283.441802688041,26.95937783159155,-112.59170819942436
19.15915915915916,516.5190107073645,-285.6958909402817,26.95937783159155,-112.79190839962456
19.17917917917918,517.0587379912803,-287.9539872045384,26.95937783159155,-112.99210859982476
19.1991991991992,517.5984652751961,-290.2160914808112,26.95937783159155,-113.19230880002496
19.21921921921922,518.1381925591119,-292.4822037691,26.95937783159155,-113.39250900022516
19.23923923923924,518.6779198430277,-294.75232406940484,26.95937783159155,-113.59270920042536
19.25925925925926,519.2176471269435,-297.0264523817257,26.95937783159155,-113.79290940062556
19.27927927927928,519.7573744108593,-299.30458870606253,26.95937783159155,-113.99310960082576
19.2992992992993,520.297101694775,-301.5867330424154,26.95937783159155,-114.19330980102596
19.31931931931932,520.8368289786908,-303.8728853907843,26.95937783159155,-114.39351000122616
19.33933933933934,521.3765562626066,-306.1630457511692,26.95937783159155,-114.59371020142636
19.35935935935936,521.9162835465224,-308.4572141235701,26.95937783159155,-114.79391040162656
19.37937937937938,522.4560108304382,-310.75539050798704,26.95937783159155,-114.99411060182676
19.3993993993994,522.995738114354,-313.05757490442,26.95937783159155,-115.19431080202696
19.41941941941942,523.5354653982698,-315.36376731286896,26.95937783159155,-115.39451100222716
19.43943943943944,524.0751926821856,-317.67396773333394,26.95937783159155,-115.59471120242736
19.45945945945946,524.6149199661014,-319.988176165815,26.95937783159155,-115.79491140262756
19.47947947947948,525.1546472500172,-322.30639261031206,26.95937783159155,-115.99511160282776
19.4994994994995,525.694374533933,-324.62861706682514,26.95937783159155,-116.19531180302796
19.51951951951952,526.2341018178488,-326.95484953535424,26.95937783159155,-116.39551200322816
19.53953953953954,526.7738291017646,-329.28509001589936,26.95937783159155,-116.59571220342836
19.55955955955956,527.3135563856804,-331.6193385084605,26.95937783159155,-116.79591240362856
19.57957957957958,527.8532836695962,-333.95759501303763,26.95937783159155,-116.99611260382876
19.5995995995996,528.393010953512,-336.2998595296308,26.95937783159155,-117.19631280402896
19.61961961961962,528.9327382374278,-338.64613205823997,26.95937783159155,-117.39651300422916
19.63963963963964,529.4724655213436,-340.99641259886516,26.95937783159155,-117.59671320442936
19.65965965965966,530.0121928052594,-343.35070115150637,26.95937783159155,-117.79691340462956
19.67967967967968,530.5519200891752,-345.7089977161636,26.95937783159155,-117.99711360482976
19.6996996996997,531.091647373091,-348.0713022928369,26.95937783159155,-118.19731380502996
19.71971971971972,531.6313746570067,-350.4376148815262,26.95937783159155,-118.39751400523016
19.73973973973974,532.1711019409225,-352.8079354822315,26.95937783159155,-118.59771420543036
19.75975975975976,532.7108292248383,-355.18226409495287,26.95937783159155,-118.79791440563056
19.77977977977978,533.2505565087541,-357.5606007196902,26.95937783159155,-118.99811460583076
19.7997997997998,533.7902837926699,-359.9429453564436,26.95937783159155,-119.19831480603096
19.81981981981982,534.3300110765857,-362.329298005213,26.95937783159155,-119.39851500623116
19.83983983983984,534.8697383605015,-364.7196586659984,26.95937783159155,-119.59871520643136
19.85985985985986,535.4094656444173,-367.1140273387998,26.95937783159155,-119.79891540663156
19.87987987987988,535.9491929283331,-369.51240402361725,26.95937783159155,-119.99911560683177
19.8998998998999,536.4889202122489,-371.9147887204507,26.95937783159155,-120.19931580703197
19.91991991991992,537.0286474961647,-374.32118142930017,26.95937783159155,-120.39951600723217
19.93993993993994,537.5683747800805,-376.73158215016565,26.95937783159155,-120.59971620743237
19.95995995995996,538.1081020639963,-379.1459908830472,26.95937783159155,-120.79991640763257
19.97997997997998,538.6478293479121,-381.5644076279448,26.95937783159155,-121.00011660783277
20.0,539.1875566318279,-383.98683238485836,26.95937783159155,-121.20031680803297
