t,xpos,ypos,vx,vy
0.0,0.0,38.31525350167334,86.85918338908559,32.193444498631315
0.02002002002002002,1.7389225903720837,38.95976690504934,86.85918338908559,31.993244298431115
0.04004004004004004,3.4778451807441675,39.60027229640932,86.85918338908559,31.793044098230915
0.06006006006006006,5.216767771116251,40.23676967575329,86.85918338908559,31.592843898030715
0.08008008008008008,6.955690361488335,40.86925904308123,86.85918338908559,31.392643697830515
0.10010010010010009,8.69461295186042,41.49774039839315,86.85918338908559,31.192443497630315
0.12012012012012012,10.433535542232503,42.12221374168905,86.85918338908559,30.992243297430115
0.14014014014014015,12.172458132604588,42.74267907296893,86.85918338908559,30.792043097229914
0.16016016016016016,13.911380722976672,43.3591363922328,86.85918338908559,30.591842897029714
0.18018018018018017,15.650303313348756,43.97158569948064,86.85918338908559,30.391642696829514
0.20020020020020018,17.38922590372084,44.58002699471246,86.85918338908559,30.191442496629314
0.22022022022022023,19.128148494092923,45.18446027792827,86.85918338908559,29.991242296429114
0.24024024024024024,20.867071084465007,45.78488554912805,86.85918338908559,29.791042096228914
0.2602602602602603,22.60599367483709,46.38130280831181,86.85918338908559,29.590841896028714
0.2802802802802803,24.344916265209175,46.97371205547955,86.85918338908559,29.390641695828513
0.3003003003003003,26.08383885558126,47.562113290631274,86.85918338908559,29.190441495628313
0.3203203203203203,27.822761445953343,48.14650651376697,86.85918338908559,28.990241295428113
0.3403403403403404,29.561684036325428,48.726891724886656,86.85918338908559,28.790041095227913
0.36036036036036034,31.300606626697512,49.303268923990316,86.85918338908559,28.589840895027713
0.3803803803803804,33.03952921706959,49.87563811107796,86.85918338908559,28.389640694827513
0.40040040040040037,34.77845180744168,50.443999286149584,86.85918338908559,28.189440494627313
0.42042042042042044,36.51737439781376,51.008352449205184,86.85918338908559,27.989240294427113
0.44044044044044045,38.256296988185845,51.56869760024477,86.85918338908559,27.789040094226912
0.4604604604604605,39.99521957855793,52.12503473926833,86.85918338908559,27.588839894026712
0.4804804804804805,41.73414216893001,52.67736386627587,86.85918338908559,27.388639693826512
0.5005005005005005,43.4730647593021,53.22568498126739,86.85918338908559,27.188439493626312
0.5205205205205206,45.21198734967418,53.76999808424289,86.85918338908559,26.988239293426112
0.5405405405405406,46.950909940046266,54.31030317520238,86.85918338908559,26.788039093225912
0.5605605605605606,48.68983253041835,54.84660025414584,86.85918338908559,26.58783889302571
0.5805805805805806,50.428755120790434,55.37888932107328,86.85918338908559,26.38763869282551
0.6006006006006006,52.16767771116252,55.907170375984705,86.85918338908559,26.18743849262531
0.6206206206206206,53.9066003015346,56.43144341888011,86.85918338908559,25.98723829242511
0.6406406406406406,55.64552289190669,56.95170844975949,86.85918338908559,25.78703809222491
0.6606606606606606,57.38444548227877,57.46796546862285,86.85918338908559,25.58683789202471
0.6806806806806808,59.123368072650855,57.98021447547019,86.85918338908559,25.38663769182451
0.7007007007007007,60.86229066302294,58.48845547030151,86.85918338908559,25.18643749162431
0.7207207207207207,62.601213253395024,58.99268845311681,86.85918338908559,24.98623729142411
0.7407407407407407,64.3401358437671,59.49291342391609,86.85918338908559,24.78603709122391
0.7607607607607608,66.07905843413918,59.98913038269936,86.85918338908559,24.58583689102371
0.7807807807807808,67.81798102451127,60.4813393294666,86.85918338908559,24.38563669082351
0.8008008008008007,69.55690361488335,60.96954026421782,86.85918338908559,24.18543649062331
0.8208208208208208,71.29582620525544,61.45373318695302,86.85918338908559,23.98523629042311
0.8408408408408409,73.03474879562752,61.933918097672205,86.85918338908559,23.78503609022291
0.8608608608608609,74.7736713859996,62.41009499637536,86.85918338908559,23.58483589002271
0.8808808808808809,76.51259397637169,62.88226388306251,86.85918338908559,23.38463568982251
0.9009009009009008,78.25151656674377,63.35042475773363,86.85918338908559,23.18443548962231
0.920920920920921,79.99043915711586,63.814577620388725,86.85918338908559,22.98423528942211
0.9409409409409409,81.72936174748794,64.2747224710278,86.85918338908559,22.78403508922191
0.960960960960961,83.46828433786003,64.73085930965087,86.85918338908559,22.58383488902171
0.980980980980981,85.20720692823211,65.1829881362579,86.85918338908559,22.38363468882151
1.001001001001001,86.9461295186042,65.63110895084893,86.85918338908559,22.18343448862131
1.021021021021021,88.68505210897628,66.07522175342393,86.85918338908559,21.98323428842111
1.0410410410410411,90.42397469934836,66.51532654398291,86.85918338908559,21.78303408822091
1.0610610610610611,92.16289728972045,66.95142332252587,86.85918338908559,21.58283388802071
1.0810810810810811,93.90181988009253,67.38351208905281,86.85918338908559,21.38263368782051
1.1011011011011012,95.64074247046462,67.81159284356373,86.85918338908559,21.182433487620308
1.1211211211211212,97.3796650608367,68.23566558605863,86.85918338908559,20.982233287420108
1.1411411411411412,99.11858765120878,68.65573031653751,86.85918338908559,20.782033087219908
1.1611611611611612,100.85751024158087,69.07178703500037,86.85918338908559,20.581832887019708
1.1811811811811812,102.59643283195295,69.48383574144721,86.85918338908559,20.381632686819508
1.2012012012012012,104.33535542232504,69.89187643587803,86.85918338908559,20.181432486619308
1.2212212212212212,106.07427801269712,70.29590911829283,86.85918338908559,19.981232286419107
1.2412412412412412,107.8132006030692,70.6959337886916,86.85918338908559,19.781032086218907
1.2612612612612613,109.55212319344129,71.09195044707437,86.85918338908559,19.580831886018707
1.2812812812812813,111.29104578381337,71.48395909344111,86.85918338908559,19.380631685818507
1.3013013013013013,113.02996837418546,71.87195972779183,86.85918338908559,19.180431485618307
1.3213213213213213,114.76889096455754,72.25595235012653,86.85918338908559,18.980231285418107
1.3413413413413413,116.50781355492963,72.63593696044522,86.85918338908559,18.780031085217907
1.3613613613613615,118.24673614530171,73.01191355874788,86.85918338908559,18.579830885017707
1.3813813813813813,119.9856587356738,73.38388214503452,86.85918338908559,18.379630684817506
1.4014014014014013,121.72458132604588,73.75184271930515,86.85918338908559,18.179430484617306
1.4214214214214214,123.46350391641796,74.11579528155974,86.85918338908559,17.979230284417106
1.4414414414414414,125.20242650679005,74.47573983179832,86.85918338908559,17.779030084216906
1.4614614614614616,126.94134909716213,74.83167637002089,86.85918338908559,17.578829884016706
1.4814814814814814,128.6802716875342,75.18360489622742,86.85918338908559,17.378629683816506
1.5015015015015014,130.41919427790629,75.53152541041794,86.85918338908559,17.178429483616306
1.5215215215215216,132.15811686827837,75.87543791259245,86.85918338908559,16.978229283416105
1.5415415415415414,133.89703945865045,76.21534240275092,86.85918338908559,16.778029083215905
1.5615615615615617,135.63596204902254,76.55123888089338,86.85918338908559,16.577828883015705
1.5815815815815815,137.37488463939462,76.88312734701982,86.85918338908559,16.377628682815505
1.6016016016016015,139.1138072297667,77.21100780113024,86.85918338908559,16.177428482615305
1.6216216216216217,140.8527298201388,77.53488024322463,86.85918338908559,15.977228282415105
1.6416416416416415,142.59165241051087,77.85474467330302,86.85918338908559,15.777028082214905
1.6616616616616617,144.33057500088296,78.17060109136538,86.85918338908559,15.576827882014705
1.6816816816816818,146.06949759125504,78.48244949741172,86.85918338908559,15.376627681814504
1.7017017017017015,147.80842018162713,78.79028989144204,86.85918338908559,15.176427481614304
1.7217217217217218,149.5473427719992,79.09412227345635,86.85918338908559,14.976227281414104
1.7417417417417416,151.2862653623713,79.39394664345463,86.85918338908559,14.776027081213904
1.7617617617617618,153.02518795274338,79.68976300143689,86.85918338908559,14.575826881013704
1.7817817817817818,154.76411054311546,79.98157134740313,86.85918338908559,14.375626680813504
1.8018018018018016,156.50303313348755,80.26937168135335,86.85918338908559,14.175426480613304
1.8218218218218218,158.24195572385963,80.55316400328755,86.85918338908559,13.975226280413104
1.841841841841842,159.98087831423172,80.83294831320573,86.85918338908559,13.775026080212903
1.8618618618618619,161.7198009046038,81.10872461110789,86.85918338908559,13.574825880012703
1.8818818818818819,163.45872349497589,81.38049289699403,86.85918338908559,13.374625679812503
1.9019019019019017,165.19764608534797,81.64825317086415,86.85918338908559,13.174425479612303
1.921921921921922,166.93656867572005,81.91200543271825,86.85918338908559,12.974225279412103
1.9419419419419421,168.67549126609214,82.17174968255632,86.85918338908559,12.774025079211903
1.961961961961962,170.41441385646422,82.42748592037839,86.85918338908559,12.573824879011703
1.981981981981982,172.1533364468363,82.67921414618442,86.85918338908559,12.373624678811503
2.002002002002002,173.8922590372084,82.92693435997444,86.85918338908559,12.173424478611302
2.022022022022022,175.63118162758047,83.17064656174844,86.85918338908559,11.973224278411102
2.042042042042042,177.37010421795256,83.41035075150643,86.85918338908559,11.773024078210902
2.0620620620620618,179.10902680832464,83.64604692924839,86.85918338908559,11.572823878010702
2.0820820820820822,180.84794939869673,83.87773509497433,86.85918338908559,11.372623677810502
2.1021021021021022,182.5868719890688,84.10541524868425,86.85918338908559,11.172423477610302
2.1221221221221223,184.3257945794409,84.32908739037815,86.85918338908559,10.972223277410102
2.1421421421421423,186.06471716981298,84.54875152005603,86.85918338908559,10.772023077209901
2.1621621621621623,187.80363976018506,84.7644076377179,86.85918338908559,10.571822877009701
2.1821821821821823,189.54256235055715,84.97605574336373,86.85918338908559,10.371622676809501
2.2022022022022023,191.28148494092923,85.18369583699355,86.85918338908559,10.171422476609301
2.2222222222222223,193.02040753130132,85.38732791860735,86.85918338908559,9.971222276409101
2.2422422422422423,194.7593301216734,85.58695198820513,86.85918338908559,9.7710220762089
2.2622622622622623,196.49825271204548,85.78256804578689,86.85918338908559,9.5708218760087
2.2822822822822824,198.23717530241757,85.97417609135263,86.85918338908559,9.3706216758085
2.3023023023023024,199.97609789278965,86.16177612490235,86.85918338908559,9.1704214756083
2.3223223223223224,201.71502048316174,86.34536814643604,86.85918338908559,8.9702212754081
2.3423423423423424,203.45394307353382,86.52495215595373,86.85918338908559,8.7700210752079
2.3623623623623624,205.1928656639059,86.70052815345538,86.85918338908559,8.5698208750077
2.3823823823823824,206.931788254278,86.87209613894102,86.85918338908559,8.3696206748075
2.4024024024024024,208.67071084465007,87.03965611241064,86.85918338908559,8.1694204746073
2.4224224224224224,210.40963343502216,87.20320807386425,86.85918338908559,7.9692202744071
2.4424424424424425,212.14855602539424,87.36275202330182,86.85918338908559,7.7690200742068996
2.4624624624624625,213.88747861576633,87.51828796072338,86.85918338908559,7.568819874006699
2.4824824824824825,215.6264012061384,87.66981588612893,86.85918338908559,7.368619673806499
2.5025025025025025,217.3653237965105,87.81733579951845,86.85918338908559,7.168419473606299
2.5225225225225225,219.10424638688258,87.96084770089195,86.85918338908559,6.968219273406099
2.5425425425425425,220.84316897725466,88.10035159024943,86.85918338908559,6.768019073205899
2.5625625625625625,222.58209156762675,88.23584746759089,86.85918338908559,6.567818873005699
2.5825825825825826,224.32101415799883,88.36733533291633,86.85918338908559,6.367618672805499
2.6026026026026026,226.05993674837092,88.49481518622575,86.85918338908559,6.1674184726052985
2.6226226226226226,227.798859338743,88.61828702751914,86.85918338908559,5.967218272405098
2.6426426426426426,229.53778192911508,88.73775085679652,86.85918338908559,5.767018072204898
2.6626626626626626,231.27670451948717,88.85320667405789,86.85918338908559,5.566817872004698
2.6826826826826826,233.01562710985925,88.96465447930322,86.85918338908559,5.366617671804498
2.7027027027027026,234.75454970023134,89.07209427253254,86.85918338908559,5.166417471604298
2.722722722722723,236.49347229060342,89.17552605374584,86.85918338908559,4.966217271404098
2.7427427427427427,238.2323948809755,89.27494982294311,86.85918338908559,4.766017071203898
2.7627627627627627,239.9713174713476,89.37036558012437,86.85918338908559,4.5658168710036975
2.7827827827827827,241.71024006171967,89.46177332528961,86.85918338908559,4.365616670803497
2.8028028028028027,243.44916265209176,89.54917305843884,86.85918338908559,4.165416470603297
2.822822822822823,245.18808524246384,89.63256477957204,86.85918338908559,3.965216270403097
2.8428428428428427,246.92700783283593,89.71194848868922,86.85918338908559,3.765016070202897
2.8628628628628627,248.665930423208,89.78732418579038,86.85918338908559,3.564815870002697
2.8828828828828827,250.4048530135801,89.85869187087552,86.85918338908559,3.3646156698024967
2.9029029029029028,252.14377560395218,89.92605154394464,86.85918338908559,3.1644154696022966
2.922922922922923,253.88269819432426,89.98940320499774,86.85918338908559,2.9642152694020965
2.942942942942943,255.62162078469635,90.04874685403482,86.85918338908559,2.7640150692018963
2.962962962962963,257.3605433750684,90.10408249105588,86.85918338908559,2.563814869001696
2.982982982982983,259.09946596544046,90.15541011606092,86.85918338908559,2.363614668801496
3.003003003003003,260.8383885558125,90.20272972904993,86.85918338908559,2.163414468601296
3.0230230230230233,262.57731114618457,90.24604133002293,86.85918338908559,1.9632142684010958
3.0430430430430433,264.3162337365566,90.28534491897992,86.85918338908559,1.7630140682008957
3.063063063063063,266.0551563269287,90.32064049592087,86.85918338908559,1.5628138680006955
3.083083083083083,267.79407891730074,90.35192806084581,86.85918338908559,1.3626136678004954
3.103103103103103,269.5330015076728,90.37920761375473,86.85918338908559,1.1624134676002953
3.1231231231231233,271.27192409804485,90.40247915464762,86.85918338908559,0.9622132674000952
3.1431431431431434,273.0108466884169,90.4217426835245,86.85918338908559,0.762013067199895
3.163163163163163,274.74976927878896,90.43699820038536,86.85918338908559,0.5618128669996949
3.183183183183183,276.488691869161,90.44824570523019,86.85918338908559,0.3616126667994947
3.203203203203203,278.2276144595331,90.45548519805901,86.85918338908559,0.16141246659929454
3.2232232232232234,279.9665370499051,90.45871667887181,86.85918338908559,-0.03878773360090565
3.2432432432432434,281.7054596402772,90.4579401476686,86.85918338908559,-0.23898793380110583
3.263263263263263,283.44438223064924,90.45315560444935,86.85918338908559,-0.439188134001306
3.283283283283283,285.1833048210213,90.44436304921409,86.85918338908559,-0.6393883342015062
3.303303303303303,286.92222741139335,90.43156248196281,86.85918338908559,-0.8395885344017064
3.3233233233233235,288.6611500017654,90.41475390269551,86.85918338908559,-1.0397887346019066
3.3433433433433435,290.40007259213746,90.39393731141219,86.85918338908559,-1.2399889348021067
3.3633633633633635,292.1389951825095,90.36911270811285,86.85918338908559,-1.4401891350023068
3.383383383383383,293.8779177728816,90.34028009279749,86.85918338908559,-1.640389335202507
3.403403403403403,295.61684036325363,90.3074394654661,86.85918338908559,-1.840589535402707
3.4234234234234235,297.3557629536257,90.2705908261187,86.85918338908559,-2.040789735602907
3.4434434434434436,299.09468554399774,90.22973417475528,86.85918338908559,-2.2409899358031073
3.4634634634634636,300.8336081343698,90.18486951137584,86.85918338908559,-2.4411901360033075
3.483483483483483,302.57253072474185,90.13599683598038,86.85918338908559,-2.6413903362035076
3.503503503503503,304.3114533151139,90.08311614856889,86.85918338908559,-2.8415905364037077
3.5235235235235236,306.05037590548596,90.02622744914139,86.85918338908559,-3.041790736603908
3.5435435435435436,307.789298495858,89.96533073769787,86.85918338908559,-3.241990936804108
3.5635635635635636,309.5282210862301,89.90042601423832,86.85918338908559,-3.442191137004308
3.583583583583583,311.26714367660213,89.83151327876276,86.85918338908559,-3.6423913372045083
3.603603603603603,313.0060662669742,89.75859253127118,86.85918338908559,-3.8425915374047084
3.6236236236236237,314.74498885734624,89.68166377176358,86.85918338908559,-4.042791737604909
3.6436436436436437,316.4839114477183,89.60072700023996,86.85918338908559,-4.242991937805109
3.6636636636636637,318.22283403809035,89.51578221670032,86.85918338908559,-4.443192138005309
3.683683683683684,319.9617566284624,89.42682942114466,86.85918338908559,-4.643392338205509
3.7037037037037033,321.70067921883447,89.33386861357297,86.85918338908559,-4.8435925384057095
3.7237237237237237,323.4396018092065,89.23689979398527,86.85918338908559,-5.04379273860591
3.7437437437437437,325.1785243995786,89.13592296238156,86.85918338908559,-5.24399293880611
3.7637637637637638,326.91744698995063,89.03093811876181,86.85918338908559,-5.44419313900631
3.783783783783784,328.6563695803227,88.92194526312605,86.85918338908559,-5.64439333920651
3.8038038038038033,330.39529217069474,88.80894439547427,86.85918338908559,-5.84459353940671
3.823823823823824,332.1342147610668,88.69193551580646,86.85918338908559,-6.04479373960691
3.843843843843844,333.87313735143886,88.57091862412264,86.85918338908559,-6.24499393980711
3.863863863863864,335.6120599418109,88.4458937204228,86.85918338908559,-6.4451941400073105
3.8838838838838843,337.35098253218297,88.31686080470693,86.85918338908559,-6.645394340207511
3.9039039039039034,339.089905122555,88.18381987697505,86.85918338908559,-6.845594540407711
3.923923923923924,340.8288277129271,88.04677093722715,86.85918338908559,-7.045794740607911
3.943943943943944,342.56775030329914,87.90571398546322,86.85918338908559,-7.245994940808111
3.963963963963964,344.3066728936712,87.76064902168328,86.85918338908559,-7.446195141008311
3.9839839839839843,346.04559548404325,87.61157604588732,86.85918338908559,-7.646395341208511
4.004004004004004,347.7845180744153,87.45849505807534,86.85918338908559,-7.846595541408711
4.0240240240240235,349.52344066478736,87.30140605824734,86.85918338908559,-8.046795741608912
4.044044044044044,351.2623632551594,87.14030904640332,86.85918338908559,-8.246995941809113
4.064064064064064,353.00128584553147,86.97520402254328,86.85918338908559,-8.447196142009313
4.084084084084084,354.7402084359035,86.80609098666721,86.85918338908559,-8.647396342209513
4.104104104104104,356.4791310262756,86.63296993877513,86.85918338908559,-8.847596542409713
4.1241241241241235,358.21805361664764,86.45584087886704,86.85918338908559,-9.047796742609913
4.1441441441441444,359.9569762070197,86.27470380694291,86.85918338908559,-9.247996942810113
4.1641641641641645,361.69589879739175,86.08955872300277,86.85918338908559,-9.448197143010313
4.1841841841841845,363.4348213877638,85.90040562704661,86.85918338908559,-9.648397343210513
4.2042042042042045,365.17374397813586,85.70724451907442,86.85918338908559,-9.848597543410714
4.2242242242242245,366.9126665685079,85.51007539908622,86.85918338908559,-10.048797743610914
4.2442442442442445,368.65158915888,85.308898267082,86.85918338908559,-10.248997943811114
4.2642642642642645,370.390511749252,85.10371312306175,86.85918338908559,-10.449198144011314
4.2842842842842845,372.1294343396241,84.89451996702549,86.85918338908559,-10.649398344211514
4.3043043043043046,373.86835692999614,84.68131879897321,86.85918338908559,-10.849598544411714
4.324324324324325,375.6072795203682,84.4641096189049,86.85918338908559,-11.049798744611914
4.344344344344345,377.34620211074025,84.24289242682057,86.85918338908559,-11.249998944812114
4.364364364364365,379.0851247011123,84.01766722272023,86.85918338908559,-11.450199145012315
4.384384384384385,380.82404729148436,83.78843400660388,86.85918338908559,-11.650399345212515
4.404404404404405,382.5629698818564,83.5551927784715,86.85918338908559,-11.850599545412715
4.424424424424425,384.3018924722285,83.31794353832309,86.85918338908559,-12.050799745612915
4.444444444444445,386.04081506260053,83.07668628615868,86.85918338908559,-12.250999945813115
4.464464464464465,387.7797376529726,82.83142102197823,86.85918338908559,-12.451200146013315
4.484484484484485,389.51866024334464,82.58214774578177,86.85918338908559,-12.651400346213515
4.504504504504505,391.2575828337167,82.32886645756929,86.85918338908559,-12.851600546413716
4.524524524524525,392.99650542408875,82.07157715734078,86.85918338908559,-13.051800746613916
4.544544544544545,394.7354280144608,81.81027984509626,86.85918338908559,-13.252000946814116
4.564564564564565,396.47435060483286,81.54497452083572,86.85918338908559,-13.452201147014316
4.584584584584585,398.2132731952049,81.27566118455916,86.85918338908559,-13.652401347214516
4.604604604604605,399.952195785577,81.00233983626657,86.85918338908559,-13.852601547414716
4.624624624624625,401.69111837594903,80.72501047595797,86.85918338908559,-14.052801747614916
4.644644644644645,403.4300409663211,80.44367310363334,86.85918338908559,-14.253001947815116
4.664664664664665,405.16896355669314,80.1583277192927,86.85918338908559,-14.453202148015317
4.684684684684685,406.9078861470652,79.86897432293604,86.85918338908559,-14.653402348215517
4.704704704704705,408.64680873743725,79.57561291456335,86.85918338908559,-14.853602548415717
4.724724724724725,410.3857313278093,79.27824349417465,86.85918338908559,-15.053802748615917
4.744744744744745,412.12465391818137,78.97686606176993,86.85918338908559,-15.254002948816117
4.764764764764765,413.8635765085534,78.67148061734919,86.85918338908559,-15.454203149016317
4.784784784784785,415.6024990989255,78.36208716091242,86.85918338908559,-15.654403349216517
4.804804804804805,417.34142168929753,78.04868569245964,86.85918338908559,-15.854603549416717
4.824824824824825,419.0803442796696,77.73127621199085,86.85918338908559,-16.05480374961692
4.844844844844845,420.81926687004164,77.40985871950602,86.85918338908559,-16.25500394981712
4.864864864864865,422.5581894604137,77.08443321500518,86.85918338908559,-16.45520415001732
4.884884884884885,424.29711205078576,76.75499969848832,86.85918338908559,-16.65540435021752
4.904904904904905,426.0360346411578,76.42155816995543,86.85918338908559,-16.85560455041772
4.924924924924925,427.77495723152987,76.08410862940653,86.85918338908559,-17.05580475061792
4.944944944944945,429.5138798219019,75.74265107684161,86.85918338908559,-17.25600495081812
4.964964964964965,431.252802412274,75.39718551226066,86.85918338908559,-17.45620515101832
4.984984984984985,432.99172500264604,75.0477119356637,86.85918338908559,-17.65640535121852
5.005005005005005,434.7306475930181,74.69423034705072,86.85918338908559,-17.85660555141872
5.025025025025025,436.46957018339015,74.33674074642171,86.85918338908559,-18.05680575161892
5.045045045045045,438.2084927737622,73.97524313377669,86.85918338908559,-18.25700595181912
5.065065065065065,439.94741536413426,73.60973750911565,86.85918338908559,-18.45720615201932
5.085085085085085,441.6863379545063,73.24022387243858,86.85918338908559,-18.65740635221952
5.105105105105105,443.42526054487837,72.86670222374549,86.85918338908559,-18.85760655241972
5.125125125125125,445.1641831352504,72.48917256303639,86.85918338908559,-19.05780675261992
5.145145145145145,446.9031057256225,72.10763489031126,86.85918338908559,-19.25800695282012
5.165165165165165,448.64202831599454,71.72208920557011,86.85918338908559,-19.45820715302032
5.185185185185185,450.3809509063666,71.33253550881295,86.85918338908559,-19.65840735322052
5.205205205205205,452.11987349673865,70.93897380003978,86.85918338908559,-19.858607553420722
5.225225225225225,453.8587960871107,70.54140407925057,86.85918338908559,-20.058807753620922
5.245245245245245,455.59771867748276,70.13982634644535,86.85918338908559,-20.259007953821122
5.265265265265265,457.3366412678548,69.73424060162411,86.85918338908559,-20.459208154021322
5.285285285285285,459.0755638582269,69.32464684478684,86.85918338908559,-20.659408354221522
5.305305305305305,460.8144864485989,68.91104507593356,86.85918338908559,-20.859608554421722
5.325325325325325,462.553409038971,68.49343529506426,86.85918338908559,-21.059808754621923
5.345345345345346,464.29233162934304,68.07181750217893,86.85918338908559,-21.260008954822123
5.365365365365365,466.0312542197151,67.64619169727759,86.85918338908559,-21.460209155022323
5.385385385385385,467.77017681008715,67.21655788036023,86.85918338908559,-21.660409355222523
5.405405405405405,469.5090994004592,66.78291605142684,86.85918338908559,-21.860609555422723
5.425425425425425,471.24802199083126,66.34526621047743,86.85918338908559,-22.060809755622923
5.445445445445446,472.9869445812033,65.90360835751201,86.85918338908559,-22.261009955823123
5.465465465465465,474.7258671715754,65.45794249253056,86.85918338908559,-22.461210156023323
5.485485485485485,476.46478976194743,65.0082686155331,86.85918338908559,-22.661410356223524
5.505505505505505,478.2037123523195,64.55458672651962,86.85918338908559,-22.861610556423724
5.525525525525525,479.94263494269154,64.0968968254901,86.85918338908559,-23.061810756623924
5.545545545545546,481.6815575330636,63.63519891244458,86.85918338908559,-23.262010956824124
5.565565565565565,483.42048012343565,63.16949298738304,86.85918338908559,-23.462211157024324
5.585585585585585,485.1594027138077,62.69977905030547,86.85918338908559,-23.662411357224524
5.605605605605605,486.89832530417976,62.226057101211886,86.85918338908559,-23.862611557424724
5.625625625625625,488.6372478945518,61.74832714010228,86.85918338908559,-24.062811757624925
5.645645645645646,490.3761704849239,61.26658916697666,86.85918338908559,-24.263011957825125
5.665665665665665,492.11509307529593,60.78084318183502,86.85918338908559,-24.463212158025325
5.685685685685685,493.854015665668,60.291089184677354,86.85918338908559,-24.663412358225525
5.7057057057057055,495.59293825604004,59.79732717550367,86.85918338908559,-24.863612558425725
5.7257257257257255,497.3318608464121,59.299557154313966,86.85918338908559,-25.063812758625925
5.745745745745746,499.07078343678415,58.79777912110824,86.85918338908559,-25.264012958826125
5.7657657657657655,500.8097060271562,58.291993075886495,86.85918338908559,-25.464213159026325
5.7857857857857855,502.54862861752827,57.78219901864873,86.85918338908559,-25.664413359226526
5.8058058058058055,504.2875512079003,57.26839694939495,86.85918338908559,-25.864613559426726
5.8258258258258255,506.0264737982724,56.75058686812514,86.85918338908559,-26.064813759626926
5.845845845845846,507.76539638864443,56.22876877483932,86.85918338908559,-26.265013959827126
5.865865865865866,509.5043189790165,55.70294266953747,86.85918338908559,-26.465214160027326
5.885885885885886,511.24324156938854,55.17310855221961,86.85918338908559,-26.665414360227526
5.905905905905906,512.9821641597606,54.639266422885726,86.85918338908559,-26.865614560427726
5.925925925925926,514.7210867501327,54.10141628153582,86.85918338908559,-27.065814760627926
5.9459459459459465,516.4600093405048,53.5595581281699,86.85918338908559,-27.266014960828127
5.965965965965966,518.1989319308769,53.01369196278795,86.85918338908559,-27.466215161028327
5.9859859859859865,519.937854521249,52.463817785389985,86.85918338908559,-27.666415361228527
6.006006006006006,521.6767771116212,51.909935595976,86.85918338908559,-27.866615561428727
6.026026026026026,523.4156997019933,51.352045394545996,86.85918338908559,-28.066815761628927
6.046046046046047,525.1546222923654,50.790147181099975,86.85918338908559,-28.267015961829127
6.066066066066066,526.8935448827375,50.22424095563793,86.85918338908559,-28.467216162029327
6.086086086086087,528.6324674731096,49.654326718159865,86.85918338908559,-28.667416362229527
6.106106106106106,530.3713900634817,49.08040446866578,86.85918338908559,-28.867616562429728
6.126126126126126,532.1103126538538,48.50247420715568,86.85918338908559,-29.067816762629928
6.146146146146147,533.849235244226,47.92053593362955,86.85918338908559,-29.268016962830128
6.166166166166166,535.5881578345981,47.33458964808741,86.85918338908559,-29.468217163030328
6.186186186186187,537.3270804249702,46.744635350529244,86.85918338908559,-29.668417363230528
6.206206206206206,539.0660030153423,46.150673040955056,86.85918338908559,-29.86861756343073
6.226226226226226,540.8049256057144,45.55270271936485,86.85918338908559,-30.06881776363093
6.246246246246247,542.5438481960865,44.950724385758626,86.85918338908559,-30.26901796383113
6.266266266266266,544.2827707864586,44.344738040136384,86.85918338908559,-30.46921816403133
6.286286286286287,546.0216933768307,43.73474368249812,86.85918338908559,-30.66941836423153
6.306306306306306,547.7606159672029,43.12074131284383,86.85918338908559,-30.86961856443173
6.326326326326326,549.499538557575,42.50273093117353,86.85918338908559,-31.06981876463193
6.346346346346347,551.2384611479471,41.880712537487206,86.85918338908559,-31.27001896483213
6.366366366366366,552.9773837383192,41.25468613178486,86.85918338908559,-31.47021916503233
6.386386386386387,554.7163063286913,40.624651714066495,86.85918338908559,-31.67041936523253
6.406406406406406,556.4552289190634,39.99060928433211,86.85918338908559,-31.87061956543273
6.426426426426426,558.1941515094355,39.3525588425817,86.85918338908559,-32.07081976563293
6.446446446446447,559.9330740998076,38.71050038881528,86.85918338908559,-32.27101996583313
6.466466466466466,561.6719966901798,38.06443392303283,86.85918338908559,-32.47122016603333
6.486486486486487,563.4109192805519,37.41435944523437,86.85918338908559,-32.671420366233534
6.506506506506506,565.149841870924,36.76027695541988,86.85918338908559,-32.871620566433734
6.526526526526526,566.8887644612961,36.102186453589376,86.85918338908559,-33.071820766633934
6.546546546546547,568.6276870516682,35.44008793974285,86.85918338908559,-33.272020966834134
6.566566566566566,570.3666096420403,34.77398141388031,86.85918338908559,-33.472221167034334
6.586586586586587,572.1055322324124,34.10386687600174,86.85918338908559,-33.672421367234534
6.606606606606606,573.8444548227845,33.429744326107155,86.85918338908559,-33.872621567434734
6.626626626626627,575.5833774131567,32.75161376419655,86.85918338908559,-34.072821767634935
6.646646646646647,577.3223000035288,32.06947519026993,86.85918338908559,-34.273021967835135
6.666666666666666,579.0612225939009,31.383328604327282,86.85918338908559,-34.473222168035335
6.686686686686687,580.800145184273,30.693174006368615,86.85918338908559,-34.673422368235535
6.706706706706706,582.5390677746451,29.99901139639393,86.85918338908559,-34.873622568435735
6.726726726726727,584.2779903650172,29.300840774403223,86.85918338908559,-35.073822768635935
6.746746746746747,586.0169129553893,28.5986621403965,86.85918338908559,-35.274022968836135
6.766766766766766,587.7558355457614,27.892475494373752,86.85918338908559,-35.474223169036335
6.786786786786787,589.4947581361336,27.182280836334986,86.85918338908559,-35.674423369236536
6.806806806806806,591.2336807265057,26.4680781662802,86.85918338908559,-35.874623569436736
6.826826826826827,592.9726033168778,25.749867484209396,86.85918338908559,-36.074823769636936
6.846846846846847,594.7115259072499,25.02764879012257,86.85918338908559,-36.275023969837136
6.866866866866866,596.450448497622,24.301422084019723,86.85918338908559,-36.475224170037336
6.886886886886887,598.1893710879941,23.571187365900858,86.85918338908559,-36.675424370237536
6.906906906906906,599.9282936783662,22.836944635765974,86.85918338908559,-36.875624570437736
6.926926926926927,601.6672162687383,22.098693893615067,86.85918338908559,-37.07582477063794
6.946946946946947,603.4061388591105,21.35643513944814,86.85918338908559,-37.27602497083814
6.966966966966966,605.1450614494826,20.610168373265196,86.85918338908559,-37.47622517103834
6.986986986986987,606.8839840398547,19.859893595066232,86.85918338908559,-37.67642537123854
7.007007007007006,608.6229066302268,19.105610804851246,86.85918338908559,-37.87662557143874
7.027027027027027,610.3618292205989,18.34732000262024,86.85918338908559,-38.07682577163894
7.047047047047047,612.100751810971,17.585021188373215,86.85918338908559,-38.27702597183914
7.067067067067066,613.8396744013431,16.818714362110168,86.85918338908559,-38.47722617203934
7.087087087087087,615.5785969917152,16.0483995238311,86.85918338908559,-38.67742637223954
7.107107107107106,617.3175195820874,15.274076673536015,86.85918338908559,-38.87762657243974
7.127127127127127,619.0564421724595,14.495745811224909,86.85918338908559,-39.07782677263994
7.147147147147147,620.7953647628316,13.713406936897783,86.85918338908559,-39.27802697284014
7.167167167167166,622.5342873532037,12.927060050554637,86.85918338908559,-39.47822717304034
7.187187187187187,624.2732099435758,12.136705152195471,86.85918338908559,-39.67842737324054
7.207207207207206,626.0121325339479,11.342342241820285,86.85918338908559,-39.87862757344074
7.227227227227227,627.75105512432,10.54397131942908,86.85918338908559,-40.07882777364094
7.247247247247247,629.4899777146921,9.741592385021853,86.85918338908559,-40.27902797384114
7.267267267267268,631.2289003050643,8.935205438598608,86.85918338908559,-40.47922817404134
7.287287287287287,632.9678228954364,8.124810480159342,86.85918338908559,-40.67942837424154
7.3073073073073065,634.7067454858085,7.3104075097040555,86.85918338908559,-40.87962857444174
7.327327327327327,636.4456680761806,6.491996527232749,86.85918338908559,-41.07982877464194
7.347347347347347,638.1845906665527,5.669577532745423,86.85918338908559,-41.28002897484214
7.367367367367368,639.9235132569248,4.843150526242077,86.85918338908559,-41.48022917504234
7.387387387387387,641.6624358472969,4.012715507722711,86.85918338908559,-41.68042937524254
7.4074074074074066,643.401358437669,3.178272477187325,86.85918338908559,-41.88062957544274
7.4274274274274275,645.1402810280412,2.339821434635919,86.85918338908559,-42.08082977564294
7.4474474474474475,646.8792036184133,1.4973623800684928,86.85918338908559,-42.28102997584314
7.467467467467468,648.6181262087854,0.6508953134850465,86.85918338908559,-42.48123017604334
7.4874874874874875,650.3570487991575,-0.19957976511441977,86.85918338908559,-42.68143037624354
7.507507507507507,652.0959713895296,-1.054062855729906,86.85918338908559,-42.88163057644374
7.5275275275275275,653.8348939799017,-1.9125539583614124,86.85918338908559,-43.08183077664394
7.5475475475475475,655.5738165702738,-2.7750530730089387,86.85918338908559,-43.28203097684414
7.567567567567568,657.312739160646,-3.641560199672485,86.85918338908559,-43.48223117704434
7.587587587587588,659.0516617510181,-4.5120753383520515,86.85918338908559,-43.68243137724454
7.607607607607607,660.7905843413902,-5.386598489047638,86.85918338908559,-43.88263157744474
7.627627627627628,662.5295069317623,-6.265129651759245,86.85918338908559,-44.08283177764494
7.647647647647648,664.2684295221344,-7.147668826486871,86.85918338908559,-44.28303197784514
7.6676676676676685,666.0073521125065,-8.034216013230518,86.85918338908559,-44.48323217804534
7.687687687687688,667.7462747028786,-8.924771211990183,86.85918338908559,-44.68343237824554
7.707707707707707,669.4851972932507,-9.81933442276587,86.85918338908559,-44.88363257844574
7.727727727727728,671.2241198836228,-10.717905645557577,86.85918338908559,-45.08383277864594
7.747747747747748,672.963042473995,-11.620484880365304,86.85918338908559,-45.28403297884614
7.767767767767769,674.7019650643671,-12.52707212718905,86.85918338908559,-45.48423317904634
7.787787787787788,676.4408876547392,-13.437667386028817,86.85918338908559,-45.68443337924654
7.807807807807807,678.1798102451113,-14.352270656884604,86.85918338908559,-45.88463357944674
7.827827827827828,679.9187328354834,-15.27088193975641,86.85918338908559,-46.08483377964694
7.847847847847848,681.6576554258555,-16.193501234644238,86.85918338908559,-46.28503397984714
7.867867867867869,683.3965780162276,-17.120128541548084,86.85918338908559,-46.48523418004734
7.887887887887888,685.1355006065997,-18.05076386046795,86.85918338908559,-46.68543438024754
7.907907907907909,686.8744231969719,-18.985407191403837,86.85918338908559,-46.88563458044774
7.927927927927928,688.613345787344,-19.924058534355744,86.85918338908559,-47.08583478064794
7.947947947947948,690.3522683777161,-20.86671788932367,86.85918338908559,-47.28603498084814
7.967967967967969,692.0911909680882,-21.813385256307615,86.85918338908559,-47.48623518104834
7.987987987987988,693.8301135584603,-22.764060635307583,86.85918338908559,-47.68643538124854
8.008008008008009,695.5690361488324,-23.71874402632357,86.85918338908559,-47.88663558144874
8.028028028028029,697.3079587392045,-24.677435429355576,86.85918338908559,-48.086835781648944
8.048048048048047,699.0468813295766,-25.640134844403605,86.85918338908559,-48.287035981849144
8.068068068068069,700.7858039199488,-26.606842271467652,86.85918338908559,-48.487236182049344
8.088088088088089,702.5247265103209,-27.57755771054772,86.85918338908559,-48.687436382249544
8.108108108108109,704.263649100693,-28.552281161643805,86.85918338908559,-48.887636582449744
8.128128128128129,706.0025716910651,-29.531012624755913,86.85918338908559,-49.087836782649944
8.148148148148147,707.7414942814372,-30.51375209988404,86.85918338908559,-49.288036982850144
8.168168168168169,709.4804168718093,-31.500499587028187,86.85918338908559,-49.488237183050344
8.188188188188189,711.2193394621814,-32.49125508618835,86.85918338908559,-49.688437383250545
8.208208208208209,712.9582620525536,-33.48601859736454,86.85918338908559,-49.888637583450745
8.228228228228229,714.6971846429257,-34.484790120556745,86.85918338908559,-50.088837783650945
8.248248248248247,716.4361072332978,-35.48756965576497,86.85918338908559,-50.289037983851145
8.268268268268269,718.1750298236699,-36.49435720298922,86.85918338908559,-50.489238184051345
8.288288288288289,719.913952414042,-37.505152762229486,86.85918338908559,-50.689438384251545
8.308308308308309,721.6528750044141,-38.51995633348577,86.85918338908559,-50.889638584451745
8.328328328328329,723.3917975947862,-39.53876791675808,86.85918338908559,-51.089838784651946
8.348348348348347,725.1307201851583,-40.56158751204641,86.85918338908559,-51.290038984852146
8.368368368368369,726.8696427755305,-41.588415119350756,86.85918338908559,-51.490239185052346
8.388388388388389,728.6085653659026,-42.61925073867113,86.85918338908559,-51.690439385252546
8.408408408408409,730.3474879562747,-43.65409437000751,86.85918338908559,-51.890639585452746
8.428428428428429,732.0864105466468,-44.69294601335992,86.85918338908559,-52.090839785652946
8.448448448448449,733.8253331370189,-45.73580566872835,86.85918338908559,-52.291039985853146
8.468468468468469,735.564255727391,-46.78267333611279,86.85918338908559,-52.491240186053346
8.488488488488489,737.3031783177631,-47.83354901551326,86.85918338908559,-52.69144038625355
8.508508508508509,739.0421009081352,-48.88843270692975,86.85918338908559,-52.89164058645375
8.528528528528529,740.7810234985074,-49.947324410362256,86.85918338908559,-53.09184078665395
8.548548548548549,742.5199460888795,-51.01022412581079,86.85918338908559,-53.29204098685415
8.568568568568569,744.2588686792516,-52.07713185327533,86.85918338908559,-53.49224118705435
8.588588588588589,745.9977912696237,-53.1480475927559,86.85918338908559,-53.69244138725455
8.608608608608609,747.7367138599958,-54.222971344252485,86.85918338908559,-53.89264158745475
8.62862862862863,749.4756364503679,-55.30190310776509,86.85918338908559,-54.09284178765495
8.64864864864865,751.21455904074,-56.38484288329372,86.85918338908559,-54.29304198785515
8.66866866866867,752.9534816311121,-57.47179067083837,86.85918338908559,-54.49324218805535
8.68868868868869,754.6924042214843,-58.562746470399034,86.85918338908559,-54.69344238825555
8.70870870870871,756.4313268118564,-59.657710281975724,86.85918338908559,-54.89364258845575
8.72872872872873,758.1702494022285,-60.75668210556843,86.85918338908559,-55.09384278865595
8.74874874874875,759.9091719926006,-61.85966194117716,86.85918338908559,-55.29404298885615
8.76876876876877,761.6480945829727,-62.96664978880191,86.85918338908559,-55.49424318905635
8.78878878878879,763.3870171733448,-64.07764564844268,86.85918338908559,-55.69444338925655
8.80880880880881,765.1259397637169,-65.19264952009947,86.85918338908559,-55.89464358945675
8.82882882882883,766.864862354089,-66.31166140377228,86.85918338908559,-56.09484378965695
8.84884884884885,768.6037849444612,-67.4346812994611,86.85918338908559,-56.29504398985715
8.86886886886887,770.3427075348333,-68.56170920716595,86.85918338908559,-56.49524419005735
8.88888888888889,772.0816301252054,-69.69274512688682,86.85918338908559,-56.69544439025755
8.90890890890891,773.8205527155775,-70.82778905862371,86.85918338908559,-56.89564459045775
8.92892892892893,775.5594753059496,-71.96684100237661,86.85918338908559,-57.09584479065795
8.94894894894895,777.2983978963217,-73.10990095814554,86.85918338908559,-57.29604499085815
8.96896896896897,779.0373204866938,-74.2569689259305,86.85918338908559,-57.49624519105835
8.98898898898899,780.7762430770659,-75.40804490573146,86.85918338908559,-57.69644539125855
9.00900900900901,782.515165667438,-76.56312889754845,86.85918338908559,-57.89664559145875
9.02902902902903,784.2540882578102,-77.72222090138146,86.85918338908559,-58.09684579165895
9.04904904904905,785.9930108481823,-78.88532091723049,86.85918338908559,-58.29704599185915
9.06906906906907,787.7319334385544,-80.05242894509554,86.85918338908559,-58.49724619205935
9.08908908908909,789.4708560289265,-81.22354498497661,86.85918338908559,-58.69744639225955
9.10910910910911,791.2097786192986,-82.3986690368737,86.85918338908559,-58.89764659245975
9.12912912912913,792.9487012096707,-83.5778011007868,86.85918338908559,-59.09784679265995
9.14914914914915,794.6876238000428,-84.76094117671593,86.85918338908559,-59.29804699286015
9.16916916916917,796.426546390415,-85.94808926466108,86.85918338908559,-59.49824719306035
9.18918918918919,798.1654689807871,-87.13924536462224,86.85918338908559,-59.69844739326055
9.20920920920921,799.9043915711592,-88.33440947659943,86.85918338908559,-59.89864759346075
9.22922922922923,801.6433141615313,-89.53358160059264,86.85918338908559,-60.09884779366095
9.24924924924925,803.3822367519034,-90.73676173660186,86.85918338908559,-60.29904799386115
9.26926926926927,805.1211593422755,-91.94394988462712,86.85918338908559,-60.49924819406135
9.28928928928929,806.8600819326476,-93.15514604466838,86.85918338908559,-60.69944839426155
9.30930930930931,808.5990045230197,-94.37035021672567,86.85918338908559,-60.89964859446175
9.32932932932933,810.3379271133919,-95.58956240079898,86.85918338908559,-61.09984879466195
9.34934934934935,812.076849703764,-96.81278259688831,86.85918338908559,-61.30004899486215
9.36936936936937,813.8157722941361,-98.04001080499366,86.85918338908559,-61.50024919506235
9.38938938938939,815.5546948845082,-99.27124702511503,86.85918338908559,-61.70044939526255
9.40940940940941,817.2936174748803,-100.50649125725242,86.85918338908559,-61.90064959546275
9.42942942942943,819.0325400652524,-101.74574350140583,86.85918338908559,-62.10084979566295
9.44944944944945,820.7714626556245,-102.98900375757526,86.85918338908559,-62.30104999586315
9.46946946946947,822.5103852459966,-104.23627202576071,86.85918338908559,-62.50125019606335
9.48948948948949,824.2493078363688,-105.48754830596218,86.85918338908559,-62.70145039626355
9.50950950950951,825.9882304267409,-106.74283259817966,86.85918338908559,-62.90165059646375
9.52952952952953,827.727153017113,-108.00212490241317,86.85918338908559,-63.10185079666395
9.54954954954955,829.4660756074851,-109.2654252186627,86.85918338908559,-63.30205099686415
9.56956956956957,831.2049981978572,-110.53273354692824,86.85918338908559,-63.50225119706435
9.58958958958959,832.9439207882293,-111.80404988720981,86.85918338908559,-63.702451397264554
9.60960960960961,834.6828433786014,-113.0793742395074,86.85918338908559,-63.902651597464754
9.62962962962963,836.4217659689735,-114.358706603821,86.85918338908559,-64.10285179766495
9.64964964964965,838.1606885593457,-115.64204698015064,86.85918338908559,-64.30305199786515
9.66966966966967,839.8996111497178,-116.92939536849629,86.85918338908559,-64.50325219806535
9.68968968968969,841.6385337400899,-118.22075176885795,86.85918338908559,-64.70345239826555
9.70970970970971,843.377456330462,-119.51611618123565,86.85918338908559,-64.90365259846575
9.72972972972973,845.1163789208341,-120.81548860562935,86.85918338908559,-65.10385279866595
9.74974974974975,846.8553015112062,-122.11886904203908,86.85918338908559,-65.30405299886615
9.76976976976977,848.5942241015783,-123.42625749046483,86.85918338908559,-65.50425319906635
9.78978978978979,850.3331466919504,-124.7376539509066,86.85918338908559,-65.70445339926655
9.80980980980981,852.0720692823226,-126.05305842336439,86.85918338908559,-65.90465359946676
9.82982982982983,853.8109918726947,-127.3724709078382,86.85918338908559,-66.10485379966696
9.84984984984985,855.5499144630668,-128.69589140432802,86.85918338908559,-66.30505399986716
9.86986986986987,857.2888370534389,-130.02331991283387,86.85918338908559,-66.50525420006736
9.88988988988989,859.027759643811,-131.35475643335573,86.85918338908559,-66.70545440026756
9.90990990990991,860.7666822341831,-132.6902009658936,86.85918338908559,-66.90565460046776
9.92992992992993,862.5056048245552,-134.02965351044753,86.85918338908559,-67.10585480066796
9.94994994994995,864.2445274149273,-135.37311406701747,86.85918338908559,-67.30605500086816
9.96996996996997,865.9834500052995,-136.72058263560342,86.85918338908559,-67.50625520106836
9.98998998998999,867.7223725956716,-138.0720592162054,86.85918338908559,-67.70645540126856
10.01001001001001,869.4612951860437,-139.42754380882337,86.85918338908559,-67.90665560146876
10.03003003003003,871.2002177764158,-140.78703641345737,86.85918338908559,-68.10685580166896
10.05005005005005,872.9391403667879,-142.15053703010742,86.85918338908559,-68.30705600186916
10.07007007007007,874.67806295716,-143.51804565877347,86.85918338908559,-68.50725620206936
10.09009009009009,876.4169855475321,-144.88956229945555,86.85918338908559,-68.70745640226956
10.11011011011011,878.1559081379042,-146.26508695215364,86.85918338908559,-68.90765660246976
10.13013013013013,879.8948307282764,-147.64461961686774,86.85918338908559,-69.10785680266996
10.15015015015015,881.6337533186485,-149.02816029359786,86.85918338908559,-69.30805700287016
10.17017017017017,883.3726759090206,-150.415708982344,86.85918338908559,-69.50825720307036
10.19019019019019,885.1115984993927,-151.80726568310618,86.85918338908559,-69.70845740327056
10.21021021021021,886.8505210897648,-153.20283039588438,86.85918338908559,-69.90865760347076
10.23023023023023,888.5894436801369,-154.6024031206786,86.85918338908559,-70.10885780367096
10.25025025025025,890.328366270509,-156.00598385748881,86.85918338908559,-70.30905800387116
10.27027027027027,892.0672888608811,-157.41357260631506,86.85918338908559,-70.50925820407136
10.29029029029029,893.8062114512533,-158.82516936715732,86.85918338908559,-70.70945840427156
10.31031031031031,895.5451340416254,-160.24077414001562,86.85918338908559,-70.90965860447176
10.33033033033033,897.2840566319975,-161.66038692488993,86.85918338908559,-71.10985880467196
10.35035035035035,899.0229792223696,-163.08400772178027,86.85918338908559,-71.31005900487216
10.37037037037037,900.7619018127417,-164.51163653068662,86.85918338908559,-71.51025920507236
10.39039039039039,902.5008244031138,-165.94327335160898,86.85918338908559,-71.71045940527256
10.41041041041041,904.2397469934859,-167.37891818454736,86.85918338908559,-71.91065960547276
10.43043043043043,905.978669583858,-168.81857102950178,86.85918338908559,-72.11085980567296
10.45045045045045,907.7175921742302,-170.26223188647222,86.85918338908559,-72.31106000587316
10.47047047047047,909.4565147646023,-171.70990075545868,86.85918338908559,-72.51126020607336
10.49049049049049,911.1954373549744,-173.16157763646115,86.85918338908559,-72.71146040627356
10.51051051051051,912.9343599453465,-174.61726252947963,86.85918338908559,-72.91166060647376
10.53053053053053,914.6732825357186,-176.07695543451413,86.85918338908559,-73.11186080667396
10.55055055055055,916.4122051260907,-177.54065635156465,86.85918338908559,-73.31206100687416
10.57057057057057,918.1511277164628,-179.0083652806312,86.85918338908559,-73.51226120707436
10.59059059059059,919.890050306835,-180.4800822217138,86.85918338908559,-73.71246140727456
10.61061061061061,921.6289728972071,-181.95580717481238,86.85918338908559,-73.91266160747476
10.63063063063063,923.3678954875792,-183.43554013992699,86.85918338908559,-74.11286180767496
10.65065065065065,925.1068180779513,-184.9192811170576,86.85918338908559,-74.31306200787516
10.67067067067067,926.8457406683234,-186.40703010620425,86.85918338908559,-74.51326220807536
10.690690690690692,928.5846632586955,-187.89878710736693,86.85918338908559,-74.71346240827556
10.71071071071071,930.3235858490676,-189.39455212054563,86.85918338908559,-74.91366260847576
10.73073073073073,932.0625084394397,-190.89432514574034,86.85918338908559,-75.11386280867596
10.75075075075075,933.8014310298119,-192.39810618295107,86.85918338908559,-75.31406300887616
10.77077077077077,935.540353620184,-193.9058952321778,86.85918338908559,-75.51426320907636
10.790790790790792,937.2792762105561,-195.41769229342057,86.85918338908559,-75.71446340927656
10.81081081081081,939.0181988009282,-196.93349736667938,86.85918338908559,-75.91466360947676
10.83083083083083,940.7571213913003,-198.4533104519542,86.85918338908559,-76.11486380967696
10.85085085085085,942.4960439816724,-199.97713154924503,86.85918338908559,-76.31506400987716
10.87087087087087,944.2349665720445,-201.50496065855188,86.85918338908559,-76.51526421007736
10.890890890890892,945.9738891624166,-203.03679777987475,86.85918338908559,-76.71546441027756
10.91091091091091,947.7128117527888,-204.57264291321363,86.85918338908559,-76.91566461047776
10.93093093093093,949.4517343431609,-206.11249605856852,86.85918338908559,-77.11586481067796
10.95095095095095,951.190656933533,-207.65635721593947,86.85918338908559,-77.31606501087816
10.97097097097097,952.9295795239051,-209.20422638532642,86.85918338908559,-77.51626521107836
10.990990990990992,954.6685021142772,-210.7561035667294,86.85918338908559,-77.71646541127856
11.01101101101101,956.4074247046493,-212.31198876014838,86.85918338908559,-77.91666561147876
11.03103103103103,958.1463472950214,-213.87188196558338,86.85918338908559,-78.11686581167896
11.05105105105105,959.8852698853935,-215.4357831830344,86.85918338908559,-78.31706601187916
11.07107107107107,961.6241924757657,-217.00369241250147,86.85918338908559,-78.51726621207936
11.091091091091092,963.3631150661378,-218.57560965398454,86.85918338908559,-78.71746641227956
11.11111111111111,965.1020376565099,-220.15153490748364,86.85918338908559,-78.91766661247976
11.13113113113113,966.840960246882,-221.73146817299875,86.85918338908559,-79.11786681267996
11.15115115115115,968.5798828372541,-223.31540945052987,86.85918338908559,-79.31806701288016
11.17117117117117,970.3188054276262,-224.903358740077,86.85918338908559,-79.51826721308036
11.191191191191193,972.0577280179983,-226.4953160416402,86.85918338908559,-79.71846741328056
11.21121121121121,973.7966506083704,-228.0912813552194,86.85918338908559,-79.91866761348076
11.23123123123123,975.5355731987426,-229.6912546808146,86.85918338908559,-80.11886781368096
11.25125125125125,977.2744957891147,-231.29523601842584,86.85918338908559,-80.31906801388116
11.27127127127127,979.0134183794868,-232.90322536805309,86.85918338908559,-80.51926821408136
11.291291291291293,980.7523409698589,-234.51522272969635,86.85918338908559,-80.71946841428156
11.31131131131131,982.491263560231,-236.13122810335562,86.85918338908559,-80.91966861448176
11.33133133133133,984.2301861506031,-237.75124148903095,86.85918338908559,-81.11986881468196
11.35135135135135,985.9691087409752,-239.37526288672228,86.85918338908559,-81.32006901488216
11.37137137137137,987.7080313313473,-241.00329229642963,86.85918338908559,-81.52026921508237
11.391391391391393,989.4469539217195,-242.635329718153,86.85918338908559,-81.72046941528257
11.411411411411411,991.1858765120916,-244.27137515189239,86.85918338908559,-81.92066961548277
11.431431431431431,992.9247991024637,-245.91142859764778,86.85918338908559,-82.12086981568297
11.451451451451451,994.6637216928358,-247.55549005541923,86.85918338908559,-82.32107001588317
11.471471471471471,996.4026442832079,-249.20355952520669,86.85918338908559,-82.52127021608337
11.491491491491493,998.14156687358,-250.85563700701016,86.85918338908559,-82.72147041628357
11.511511511511511,999.8804894639521,-252.51172250082965,86.85918338908559,-82.92167061648377
11.531531531531531,1001.6194120543242,-254.17181600666515,86.85918338908559,-83.12187081668397
11.551551551551551,1003.3583346446964,-255.83591752451667,86.85918338908559,-83.32207101688417
11.571571571571571,1005.0972572350685,-257.5040270543842,86.85918338908559,-83.52227121708437
11.591591591591593,1006.8361798254406,-259.17614459626776,86.85918338908559,-83.72247141728457
11.611611611611611,1008.5751024158127,-260.8522701501673,86.85918338908559,-83.92267161748477
11.631631631631631,1010.3140250061848,-262.53240371608297,86.85918338908559,-84.12287181768497
11.651651651651651,1012.0529475965569,-264.2165452940146,86.85918338908559,-84.32307201788517
11.671671671671671,1013.791870186929,-265.9046948839623,86.85918338908559,-84.52327221808537
11.691691691691693,1015.5307927773011,-267.596852485926,86.85918338908559,-84.72347241828557
11.711711711711711,1017.2697153676733,-269.2930180999057,86.85918338908559,-84.92367261848577
11.731731731731731,1019.0086379580454,-270.9931917259014,86.85918338908559,-85.12387281868597
11.751751751751751,1020.7475605484175,-272.69737336391313,86.85918338908559,-85.32407301888617
11.771771771771771,1022.4864831387896,-274.4055630139409,86.85918338908559,-85.52427321908637
11.791791791791793,1024.2254057291616,-276.11776067598464,86.85918338908559,-85.72447341928657
11.811811811811811,1025.9643283195337,-277.8339663500444,86.85918338908559,-85.92467361948677
11.831831831831831,1027.7032509099058,-279.5541800361202,86.85918338908559,-86.12487381968697
11.851851851851851,1029.442173500278,-281.278401734212,86.85918338908559,-86.32507401988717
11.871871871871871,1031.18109609065,-283.00663144431985,86.85918338908559,-86.52527422008737
11.891891891891893,1032.9200186810222,-284.73886916644375,86.85918338908559,-86.72547442028757
11.911911911911911,1034.6589412713943,-286.47511490058366,86.85918338908559,-86.92567462048777
11.931931931931931,1036.3978638617664,-288.2153686467396,86.85918338908559,-87.12587482068797
11.951951951951951,1038.1367864521385,-289.95963040491154,86.85918338908559,-87.32607502088817
11.971971971971973,1039.8757090425106,-291.7079001750995,86.85918338908559,-87.52627522108837
11.991991991991993,1041.6146316328827,-293.4601779573035,86.85918338908559,-87.72647542128857
12.012012012012011,1043.3535542232548,-295.21646375152346,86.85918338908559,-87.92667562148877
12.032032032032031,1045.092476813627,-296.97675755775947,86.85918338908559,-88.12687582168897
12.052052052052051,1046.831399403999,-298.7410593760115,86.85918338908559,-88.32707602188917
12.072072072072073,1048.5703219943712,-300.50936920627953,86.85918338908559,-88.52727622208937
12.092092092092093,1050.3092445847433,-302.2816870485636,86.85918338908559,-88.72747642228957
12.112112112112111,1052.0481671751154,-304.05801290286365,86.85918338908559,-88.92767662248977
12.132132132132131,1053.7870897654875,-305.83834676917974,86.85918338908559,-89.12787682268997
12.152152152152151,1055.5260123558596,-307.6226886475119,86.85918338908559,-89.32807702289017
12.172172172172173,1057.2649349462317,-309.41103853786007,86.85918338908559,-89.52827722309037
12.192192192192193,1059.0038575366038,-311.20339644022425,86.85918338908559,-89.72847742329057
12.212212212212211,1060.742780126976,-312.99976235460446,86.85918338908559,-89.92867762349077
12.232232232232231,1062.481702717348,-314.8001362810007,86.85918338908559,-90.12887782369097
12.252252252252251,1064.2206253077202,-316.6045182194129,86.85918338908559,-90.32907802389117
12.272272272272273,1065.9595478980923,-318.41290816984116,86.85918338908559,-90.52927822409137
12.292292292292293,1067.6984704884644,-320.2253061322854,86.85918338908559,-90.72947842429157
12.312312312312311,1069.4373930788365,-322.0417121067457,86.85918338908559,-90.92967862449177
12.332332332332332,1071.1763156692086,-323.862126093222,86.85918338908559,-91.12987882469197
12.352352352352352,1072.9152382595807,-325.6865480917143,86.85918338908559,-91.33007902489217
12.372372372372373,1074.6541608499529,-327.51497810222264,86.85918338908559,-91.53027922509237
12.392392392392393,1076.393083440325,-329.34741612474704,86.85918338908559,-91.73047942529257
12.412412412412412,1078.132006030697,-331.18386215928746,86.85918338908559,-91.93067962549277
12.432432432432432,1079.8709286210692,-333.0243162058439,86.85918338908559,-92.13087982569297
12.452452452452452,1081.6098512114413,-334.86877826441633,86.85918338908559,-92.33108002589317
12.472472472472473,1083.3487738018134,-336.7172483350048,86.85918338908559,-92.53128022609337
12.492492492492493,1085.0876963921855,-338.5697264176093,86.85918338908559,-92.73148042629357
12.512512512512512,1086.8266189825576,-340.42621251222977,86.85918338908559,-92.93168062649377
12.532532532532532,1088.5655415729298,-342.2867066188663,86.85918338908559,-93.13188082669397
12.552552552552552,1090.3044641633019,-344.1512087375188,86.85918338908559,-93.33208102689417
12.572572572572573,1092.043386753674,-346.01971886818734,86.85918338908559,-93.53228122709437
12.592592592592593,1093.782309344046,-347.8922370108719,86.85918338908559,-93.73248142729457
12.612612612612612,1095.5212319344182,-349.76876316557247,86.85918338908559,-93.93268162749477
12.632632632632632,1097.2601545247903,-351.64929733228905,86.85918338908559,-94.13288182769497
12.652652652652652,1098.9990771151624,-353.5338395110217,86.85918338908559,-94.33308202789517
12.672672672672673,1100.7379997055345,-355.4223897017704,86.85918338908559,-94.53328222809537
12.692692692692694,1102.4769222959067,-357.3149479045351,86.85918338908559,-94.73348242829557
12.712712712712712,1104.2158448862788,-359.2115141193158,86.85918338908559,-94.93368262849577
12.732732732732732,1105.9547674766509,-361.1120883461125,86.85918338908559,-95.13388282869597
12.752752752752752,1107.693690067023,-363.01667058492524,86.85918338908559,-95.33408302889617
12.772772772772774,1109.432612657395,-364.925260835754,86.85918338908559,-95.53428322909637
12.792792792792794,1111.1715352477672,-366.83785909859876,86.85918338908559,-95.73448342929657
12.812812812812812,1112.9104578381393,-368.75446537345954,86.85918338908559,-95.93468362949677
12.832832832832832,1114.6493804285114,-370.67507966033634,86.85918338908559,-96.13488382969697
12.852852852852852,1116.3883030188836,-372.59970195922915,86.85918338908559,-96.33508402989717
12.872872872872874,1118.1272256092557,-374.528332270138,86.85918338908559,-96.53528423009737
12.892892892892894,1119.8661481996278,-376.4609705930628,86.85918338908559,-96.73548443029757
12.912912912912912,1121.60507079,-378.39761692800374,86.85918338908559,-96.93568463049778
12.932932932932932,1123.343993380372,-380.3382712749607,86.85918338908559,-97.13588483069798
12.952952952952952,1125.0829159707441,-382.2829336339336,86.85918338908559,-97.33608503089818
12.972972972972974,1126.8218385611162,-384.2316040049226,86.85918338908559,-97.53628523109838
12.992992992992994,1128.5607611514884,-386.18428238792757,86.85918338908559,-97.73648543129858
13.013013013013012,1130.2996837418605,-388.14096878294856,86.85918338908559,-97.93668563149878
13.033033033033032,1132.0386063322326,-390.1016631899856,86.85918338908559,-98.13688583169898
13.053053053053052,1133.7775289226047,-392.0663656090386,86.85918338908559,-98.33708603189918
13.073073073073074,1135.5164515129768,-394.03507604010764,86.85918338908559,-98.53728623209938
13.093093093093094,1137.255374103349,-396.0077944831927,86.85918338908559,-98.73748643229958
13.113113113113112,1138.994296693721,-397.98452093829377,86.85918338908559,-98.93768663249978
13.133133133133132,1140.7332192840931,-399.96525540541086,86.85918338908559,-99.13788683269998
13.153153153153154,1142.4721418744653,-401.949997884544,86.85918338908559,-99.33808703290018
13.173173173173174,1144.2110644648374,-403.9387483756932,86.85918338908559,-99.53828723310038
13.193193193193194,1145.9499870552095,-405.9315068788584,86.85918338908559,-99.73848743330058
13.213213213213212,1147.6889096455816,-407.9282733940396,86.85918338908559,-99.93868763350078
13.233233233233232,1149.4278322359537,-409.9290479212368,86.85918338908559,-100.13888783370098
13.253253253253254,1151.1667548263258,-411.93383046045005,86.85918338908559,-100.33908803390118
13.273273273273274,1152.905677416698,-413.9426210116793,86.85918338908559,-100.53928823410138
13.293293293293294,1154.64460000707,-415.9554195749246,86.85918338908559,-100.73948843430158
13.313313313313312,1156.3835225974422,-417.97222615018586,86.85918338908559,-100.93968863450178
13.333333333333332,1158.1224451878143,-419.99304073746316,86.85918338908559,-101.13988883470198
13.353353353353354,1159.8613677781864,-422.0178633367565,86.85918338908559,-101.34008903490218
13.373373373373374,1161.6002903685585,-424.0466939480658,86.85918338908559,-101.54028923510238
13.393393393393394,1163.3392129589306,-426.07953257139116,86.85918338908559,-101.74048943530258
13.413413413413412,1165.0781355493027,-428.1163792067326,86.85918338908559,-101.94068963550278
13.433433433433432,1166.8170581396748,-430.15723385409,86.85918338908559,-102.14088983570298
13.453453453453454,1168.555980730047,-432.20209651346346,86.85918338908559,-102.34109003590318
13.473473473473474,1170.294903320419,-434.2509671848529,86.85918338908559,-102.54129023610338
13.493493493493494,1172.0338259107912,-436.3038458682584,86.85918338908559,-102.74149043630358
13.513513513513512,1173.7727485011633,-438.3607325636799,86.85918338908559,-102.94169063650378
13.533533533533532,1175.5116710915354,-440.4216272711174,86.85918338908559,-103.14189083670398
13.553553553553554,1177.2505936819075,-442.48652999057094,86.85918338908559,-103.34209103690418
13.573573573573574,1178.9895162722796,-444.5554407220405,86.85918338908559,-103.54229123710438
13.593593593593594,1180.7284388626517,-446.62835946552605,86.85918338908559,-103.74249143730458
13.613613613613612,1182.4673614530238,-448.7052862210276,86.85918338908559,-103.94269163750478
13.633633633633632,1184.206284043396,-450.7862209885452,86.85918338908559,-104.14289183770498
13.653653653653654,1185.945206633768,-452.8711637680788,86.85918338908559,-104.34309203790518
13.673673673673674,1187.6841292241402,-454.9601145596285,86.85918338908559,-104.54329223810538
13.693693693693694,1189.4230518145123,-457.0530733631942,86.85918338908559,-104.74349243830558
13.713713713713712,1191.1619744048844,-459.1500401787759,86.85918338908559,-104.94369263850578
13.733733733733732,1192.9008969952565,-461.2510150063736,86.85918338908559,-105.14389283870598
13.753753753753754,1194.6398195856286,-463.35599784598736,86.85918338908559,-105.34409303890618
13.773773773773774,1196.3787421760007,-465.4649886976171,86.85918338908559,-105.54429323910638
13.793793793793794,1198.1176647663729,-467.5779875612629,86.85918338908559,-105.74449343930658
13.813813813813812,1199.856587356745,-469.6949944369247,86.85918338908559,-105.94469363950678
13.833833833833832,1201.595509947117,-471.8160093246025,86.85918338908559,-106.14489383970698
13.853853853853854,1203.3344325374892,-473.9410322242963,86.85918338908559,-106.34509403990718
13.873873873873874,1205.0733551278613,-476.0700631360061,86.85918338908559,-106.54529424010738
13.893893893893894,1206.8122777182334,-478.203102059732,86.85918338908559,-106.74549444030758
13.913913913913913,1208.5512003086055,-480.3401489954739,86.85918338908559,-106.94569464050778
13.933933933933933,1210.2901228989776,-482.48120394323183,86.85918338908559,-107.14589484070798
13.953953953953954,1212.0290454893498,-484.6262669030058,86.85918338908559,-107.34609504090818
13.973973973973974,1213.7679680797219,-486.77533787479575,86.85918338908559,-107.54629524110838
13.993993993993994,1215.506890670094,-488.92841685860174,86.85918338908559,-107.74649544130858
14.014014014014013,1217.245813260466,-491.08550385442373,86.85918338908559,-107.94669564150878
14.034034034034033,1218.9847358508382,-493.24659886226175,86.85918338908559,-108.14689584170898
14.054054054054054,1220.7236584412103,-495.4117018821158,86.85918338908559,-108.34709604190918
14.074074074074074,1222.4625810315824,-497.5808129139858,86.85918338908559,-108.54729624210938
14.094094094094094,1224.2015036219545,-499.7539319578719,86.85918338908559,-108.74749644230958
14.114114114114113,1225.9404262123267,-501.93105901377396,86.85918338908559,-108.94769664250978
14.134134134134133,1227.6793488026988,-504.11219408169205,86.85918338908559,-109.14789684270998
14.154154154154154,1229.4182713930709,-506.29733716162616,86.85918338908559,-109.34809704291018
14.174174174174174,1231.157193983443,-508.48648825357634,86.85918338908559,-109.54829724311038
14.194194194194194,1232.896116573815,-510.67964735754254,86.85918338908559,-109.74849744331058
14.214214214214213,1234.6350391641872,-512.8768144735247,86.85918338908559,-109.94869764351078
14.234234234234233,1236.3739617545593,-515.077989601523,86.85918338908559,-110.14889784371098
14.254254254254255,1238.1128843449314,-517.2831727415372,86.85918338908559,-110.34909804391118
14.274274274274275,1239.8518069353036,-519.4923638935675,86.85918338908559,-110.54929824411138
14.294294294294295,1241.5907295256757,-521.7055630576137,86.85918338908559,-110.74949844431158
14.314314314314313,1243.3296521160478,-523.922770233676,86.85918338908559,-110.94969864451178
14.334334334334333,1245.06857470642,-526.1439854217543,86.85918338908559,-111.14989884471198
14.354354354354355,1246.807497296792,-528.3692086218487,86.85918338908559,-111.35009904491218
14.374374374374375,1248.5464198871641,-530.598439833959,86.85918338908559,-111.55029924511238
14.394394394394395,1250.2853424775362,-532.8316790580853,86.85918338908559,-111.75049944531258
14.414414414414413,1252.0242650679083,-535.0689262942277,86.85918338908559,-111.95069964551278
14.434434434434436,1253.7631876582805,-537.3101815423861,86.85918338908559,-112.15089984571298
14.454454454454455,1255.5021102486526,-539.5554448025605,86.85918338908559,-112.35110004591318
14.474474474474475,1257.2410328390247,-541.8047160747509,86.85918338908559,-112.55130024611339
14.494494494494495,1258.9799554293968,-544.0579953589573,86.85918338908559,-112.75150044631359
14.514514514514513,1260.718878019769,-546.3152826551798,86.85918338908559,-112.95170064651379
14.534534534534536,1262.457800610141,-548.5765779634182,86.85918338908559,-113.15190084671399
14.554554554554555,1264.1967232005131,-550.8418812836728,86.85918338908559,-113.35210104691419
14.574574574574575,1265.9356457908852,-553.1111926159434,86.85918338908559,-113.55230124711439
14.594594594594595,1267.6745683812574,-555.38451196023,86.85918338908559,-113.75250144731459
14.614614614614613,1269.4134909716295,-557.6618393165327,86.85918338908559,-113.95270164751479
14.634634634634637,1271.1524135620016,-559.9431746848513,86.85918338908559,-114.15290184771499
14.654654654654655,1272.8913361523737,-562.228518065186,86.85918338908559,-114.35310204791519
14.674674674674675,1274.6302587427458,-564.5178694575367,86.85918338908559,-114.55330224811539
14.694694694694695,1276.369181333118,-566.8112288619034,86.85918338908559,-114.75350244831559
14.714714714714713,1278.10810392349,-569.1085962782861,86.85918338908559,-114.95370264851579
14.734734734734737,1279.8470265138621,-571.4099717066848,86.85918338908559,-115.15390284871599
14.754754754754755,1281.5859491042343,-573.7153551470996,86.85918338908559,-115.35410304891619
14.774774774774775,1283.3248716946064,-576.0247465995303,86.85918338908559,-115.55430324911639
14.794794794794795,1285.0637942849785,-578.3381460639771,86.85918338908559,-115.75450344931659
14.814814814814813,1286.8027168753506,-580.6555535404399,86.85918338908559,-115.95470364951679
14.834834834834837,1288.5416394657227,-582.9769690289187,86.85918338908559,-116.15490384971699
14.854854854854855,1290.2805620560948,-585.3023925294135,86.85918338908559,-116.35510404991719
14.874874874874875,1292.019484646467,-587.6318240419243,86.85918338908559,-116.55530425011739
14.894894894894895,1293.758407236839,-589.9652635664512,86.85918338908559,-116.75550445031759
14.914914914914913,1295.4973298272112,-592.3027111029941,86.85918338908559,-116.95570465051779
14.934934934934937,1297.2362524175833,-594.644166651553,86.85918338908559,-117.15590485071799
14.954954954954955,1298.9751750079554,-596.9896302121278,86.85918338908559,-117.35610505091819
14.974974974974975,1300.7140975983275,-599.3391017847188,86.85918338908559,-117.55630525111839
14.994994994994995,1302.4530201886996,-601.6925813693257,86.85918338908559,-117.75650545131859
15.015015015015013,1304.1919427790717,-604.0500689659486,86.85918338908559,-117.95670565151879
15.035035035035037,1305.9308653694438,-606.4115645745876,86.85918338908559,-118.15690585171899
15.055055055055055,1307.669787959816,-608.7770681952427,86.85918338908559,-118.35710605191919
15.075075075075075,1309.408710550188,-611.1465798279138,86.85918338908559,-118.55730625211939
15.095095095095095,1311.1476331405602,-613.5200994726009,86.85918338908559,-118.75750645231959
15.115115115115113,1312.8865557309323,-615.897627129304,86.85918338908559,-118.95770665251979
15.135135135135137,1314.6254783213044,-618.2791627980232,86.85918338908559,-119.15790685271999
15.155155155155155,1316.3644009116765,-620.6647064787584,86.85918338908559,-119.35810705292019
15.175175175175175,1318.1033235020486,-623.0542581715096,86.85918338908559,-119.55830725312039
15.195195195195195,1319.8422460924207,-625.4478178762768,86.85918338908559,-119.75850745332059
15.215215215215213,1321.5811686827928,-627.84538559306,86.85918338908559,-119.95870765352079
15.235235235235237,1323.320091273165,-630.2469613218592,86.85918338908559,-120.15890785372099
15.255255255255255,1325.059013863537,-632.6525450626744,86.85918338908559,-120.35910805392119
15.275275275275275,1326.7979364539092,-635.0621368155057,86.85918338908559,-120.55930825412139
15.295295295295295,1328.5368590442813,-637.475736580353,86.85918338908559,-120.75950845432159
15.315315315315313,1330.2757816346534,-639.8933443572163,86.85918338908559,-120.95970865452179
15.335335335335337,1332.0147042250255,-642.3149601460956,86.85918338908559,-121.15990885472199
15.355355355355355,1333.7536268153976,-644.7405839469909,86.85918338908559,-121.36010905492219
15.375375375375375,1335.4925494057698,-647.1702157599022,86.85918338908559,-121.56030925512239
15.395395395395395,1337.2314719961419,-649.6038555848296,86.85918338908559,-121.76050945532259
15.415415415415413,1338.970394586514,-652.041503421773,86.85918338908559,-121.96070965552279
15.435435435435437,1340.709317176886,-654.4831592707324,86.85918338908559,-122.16090985572299
15.455455455455455,1342.4482397672582,-656.9288231317078,86.85918338908559,-122.36111005592319
15.475475475475475,1344.1871623576303,-659.3784950046992,86.85918338908559,-122.56131025612339
15.495495495495495,1345.9260849480024,-661.8321748897066,86.85918338908559,-122.76151045632359
15.515515515515514,1347.6650075383745,-664.28986278673,86.85918338908559,-122.96171065652379
15.535535535535537,1349.4039301287467,-666.7515586957695,86.85918338908559,-123.16191085672399
15.555555555555555,1351.1428527191188,-669.2172626168251,86.85918338908559,-123.36211105692419
15.575575575575575,1352.8817753094909,-671.6869745498967,86.85918338908559,-123.56231125712439
15.595595595595595,1354.620697899863,-674.1606944949843,86.85918338908559,-123.76251145732459
15.615615615615614,1356.359620490235,-676.638422452088,86.85918338908559,-123.96271165752479
15.635635635635637,1358.0985430806072,-679.1201584212076,86.85918338908559,-124.16291185772499
15.655655655655655,1359.8374656709793,-681.6059024023433,86.85918338908559,-124.36311205792519
15.675675675675675,1361.5763882613514,-684.095654395495,86.85918338908559,-124.56331225812539
15.695695695695695,1363.3153108517236,-686.5894144006627,86.85918338908559,-124.7635124583256
15.715715715715717,1365.0542334420957,-689.0871824178464,86.85918338908559,-124.9637126585258
15.735735735735737,1366.7931560324678,-691.5889584470461,86.85918338908559,-125.163912858726
15.755755755755755,1368.53207862284,-694.0947424882619,86.85918338908559,-125.3641130589262
15.775775775775776,1370.271001213212,-696.6045345414936,86.85918338908559,-125.5643132591264
15.795795795795796,1372.0099238035841,-699.1183346067414,86.85918338908559,-125.7645134593266
15.815815815815817,1373.7488463939562,-701.6361426840052,86.85918338908559,-125.9647136595268
15.835835835835837,1375.4877689843283,-704.157958773285,86.85918338908559,-126.164913859727
15.855855855855856,1377.2266915747005,-706.6837828745809,86.85918338908559,-126.3651140599272
15.875875875875876,1378.9656141650726,-709.2136149878927,86.85918338908559,-126.5653142601274
15.895895895895896,1380.7045367554447,-711.7474551132206,86.85918338908559,-126.7655144603276
15.915915915915917,1382.4434593458168,-714.2853032505644,86.85918338908559,-126.9657146605278
15.935935935935937,1384.182381936189,-716.8271593999243,86.85918338908559,-127.165914860728
15.955955955955956,1385.921304526561,-719.3730235613002,86.85918338908559,-127.3661150609282
15.975975975975976,1387.6602271169331,-721.9228957346921,86.85918338908559,-127.5663152611284
15.995995995995996,1389.3991497073052,-724.4767759201001,86.85918338908559,-127.7665154613286
16.016016016016017,1391.1380722976774,-727.034664117524,86.85918338908559,-127.9667156615288
16.036036036036037,1392.8769948880495,-729.596560326964,86.85918338908559,-128.166915861729
16.056056056056057,1394.6159174784216,-732.16246454842,86.85918338908559,-128.3671160619292
16.076076076076077,1396.3548400687937,-734.7323767818921,86.85918338908559,-128.56731626212942
16.096096096096094,1398.0937626591658,-737.3062970273802,86.85918338908559,-128.76751646232964
16.116116116116117,1399.832685249538,-739.8842252848843,86.85918338908559,-128.96771666252985
16.136136136136138,1401.57160783991,-742.4661615544045,86.85918338908559,-129.16791686273007
16.156156156156158,1403.3105304302821,-745.0521058359407,86.85918338908559,-129.36811706293028
16.176176176176178,1405.0494530206543,-747.6420581294929,86.85918338908559,-129.5683172631305
16.196196196196194,1406.7883756110264,-750.236018435061,86.85918338908559,-129.7685174633307
16.216216216216218,1408.5272982013985,-752.8339867526453,86.85918338908559,-129.96871766353092
16.236236236236238,1410.2662207917706,-755.4359630822455,86.85918338908559,-130.16891786373114
16.256256256256258,1412.0051433821427,-758.0419474238618,86.85918338908559,-130.36911806393135
16.276276276276278,1413.7440659725148,-760.651939777494,86.85918338908559,-130.56931826413157
16.296296296296294,1415.482988562887,-763.2659401431423,86.85918338908559,-130.76951846433178
16.316316316316318,1417.221911153259,-765.8839485208066,86.85918338908559,-130.969718664532
16.336336336336338,1418.9608337436312,-768.5059649104869,86.85918338908559,-131.1699188647322
16.356356356356358,1420.6997563340033,-771.1319893121832,86.85918338908559,-131.37011906493242
16.376376376376378,1422.4386789243754,-773.7620217258956,86.85918338908559,-131.57031926513264
16.396396396396394,1424.1776015147475,-776.3960621516239,86.85918338908559,-131.77051946533285
16.416416416416418,1425.9165241051196,-779.0341105893683,86.85918338908559,-131.97071966553307
16.436436436436438,1427.6554466954917,-781.6761670391287,86.85918338908559,-132.17091986573328
16.456456456456458,1429.3943692858638,-784.3222315009051,86.85918338908559,-132.3711200659335
16.476476476476478,1431.133291876236,-786.9723039746975,86.85918338908559,-132.5713202661337
16.496496496496494,1432.872214466608,-789.626384460506,86.85918338908559,-132.77152046633393
16.516516516516518,1434.6111370569802,-792.2844729583304,86.85918338908559,-132.97172066653414
16.536536536536538,1436.3500596473523,-794.9465694681709,86.85918338908559,-133.17192086673435
16.556556556556558,1438.0889822377244,-797.6126739900275,86.85918338908559,-133.37212106693457
16.576576576576578,1439.8279048280965,-800.2827865239001,86.85918338908559,-133.57232126713478
16.596596596596594,1441.5668274184686,-802.9569070697887,86.85918338908559,-133.772521467335
16.616616616616618,1443.3057500088407,-805.6350356276934,86.85918338908559,-133.9727216675352
16.636636636636638,1445.0446725992128,-808.317172197614,86.85918338908559,-134.17292186773543
16.656656656656658,1446.783595189585,-811.0033167795507,86.85918338908559,-134.37312206793564
16.676676676676678,1448.522517779957,-813.6934693735034,86.85918338908559,-134.57332226813585
16.696696696696694,1450.2614403703292,-816.3876299794721,86.85918338908559,-134.77352246833607
16.716716716716718,1452.0003629607013,-819.0857985974568,86.85918338908559,-134.97372266853628
16.736736736736738,1453.7392855510734,-821.7879752274575,86.85918338908559,-135.1739228687365
16.756756756756758,1455.4782081414455,-824.4941598694743,86.85918338908559,-135.3741230689367
16.776776776776778,1457.2171307318176,-827.204352523507,86.85918338908559,-135.57432326913693
16.796796796796794,1458.9560533221897,-829.9185531895558,86.85918338908559,-135.77452346933714
16.816816816816818,1460.6949759125619,-832.6367618676206,86.85918338908559,-135.97472366953735
16.836836836836838,1462.433898502934,-835.3589785577014,86.85918338908559,-136.17492386973757
16.856856856856858,1464.172821093306,-838.0852032597983,86.85918338908559,-136.37512406993778
16.876876876876878,1465.9117436836782,-840.8154359739111,86.85918338908559,-136.575324270138
16.896896896896898,1467.6506662740503,-843.54967670004,86.85918338908559,-136.7755244703382
16.916916916916918,1469.3895888644224,-846.2879254381849,86.85918338908559,-136.97572467053843
16.936936936936938,1471.1285114547945,-849.0301821883457,86.85918338908559,-137.17592487073864
16.956956956956958,1472.8674340451666,-851.7764469505227,86.85918338908559,-137.37612507093885
16.976976976976978,1474.6063566355388,-854.5267197247156,86.85918338908559,-137.57632527113907
16.996996996996998,1476.3452792259109,-857.2810005109245,86.85918338908559,-137.77652547133928
17.017017017017018,1478.084201816283,-860.0392893091496,86.85918338908559,-137.9767256715395
17.037037037037038,1479.823124406655,-862.8015861193907,86.85918338908559,-138.1769258717397
17.057057057057058,1481.5620469970272,-865.5678909416478,86.85918338908559,-138.37712607193993
17.077077077077078,1483.3009695873993,-868.3382037759209,86.85918338908559,-138.57732627214014
17.097097097097098,1485.0398921777714,-871.11252462221,86.85918338908559,-138.77752647234036
17.117117117117118,1486.7788147681435,-873.8908534805151,86.85918338908559,-138.97772667254057
17.137137137137138,1488.5177373585157,-876.6731903508363,86.85918338908559,-139.17792687274078
17.157157157157158,1490.2566599488878,-879.4595352331735,86.85918338908559,-139.378127072941
17.177177177177178,1491.9955825392599,-882.2498881275267,86.85918338908559,-139.5783272731412
17.197197197197198,1493.734505129632,-885.0442490338959,86.85918338908559,-139.77852747334143
17.217217217217218,1495.473427720004,-887.8426179522811,86.85918338908559,-139.97872767354164
17.237237237237238,1497.2123503103762,-890.6449948826823,86.85918338908559,-140.17892787374186
17.25725725725726,1498.9512729007483,-893.4513798250996,86.85918338908559,-140.37912807394207
17.27727727727728,1500.6901954911204,-896.2617727795329,86.85918338908559,-140.57932827414228
17.2972972972973,1502.4291180814926,-899.0761737459821,86.85918338908559,-140.7795284743425
17.31731731731732,1504.1680406718647,-901.8945827244474,86.85918338908559,-140.9797286745427
17.33733733733734,1505.9069632622368,-904.7169997149288,86.85918338908559,-141.17992887474293
17.35735735735736,1507.645885852609,-907.5434247174261,86.85918338908559,-141.38012907494314
17.37737737737738,1509.384808442981,-910.3738577319394,86.85918338908559,-141.58032927514336
17.3973973973974,1511.1237310333531,-913.2082987584688,86.85918338908559,-141.78052947534357
17.41741741741742,1512.8626536237252,-916.0467477970142,86.85918338908559,-141.98072967554378
17.43743743743744,1514.6015762140973,-918.8892048475756,86.85918338908559,-142.180929875744
17.45745745745746,1516.3404988044695,-921.735669910153,86.85918338908559,-142.3811300759442
17.47747747747748,1518.0794213948416,-924.5861429847464,86.85918338908559,-142.58133027614443
17.4974974974975,1519.8183439852137,-927.440624071356,86.85918338908559,-142.78153047634464
17.51751751751752,1521.5572665755858,-930.2991131699815,86.85918338908559,-142.98173067654486
17.53753753753754,1523.296189165958,-933.1616102806231,86.85918338908559,-143.18193087674507
17.55755755755756,1525.03511175633,-936.0281154032807,86.85918338908559,-143.38213107694529
17.57757757757758,1526.7740343467021,-938.8986285379543,86.85918338908559,-143.5823312771455
17.5975975975976,1528.5129569370743,-941.773149684644,86.85918338908559,-143.7825314773457
17.61761761761762,1530.2518795274464,-944.6516788433496,86.85918338908559,-143.98273167754593
17.63763763763764,1531.9908021178185,-947.5342160140713,86.85918338908559,-144.18293187774614
17.65765765765766,1533.7297247081906,-950.4207611968089,86.85918338908559,-144.38313207794636
17.67767767767768,1535.4686472985627,-953.3113143915626,86.85918338908559,-144.58333227814657
17.6976976976977,1537.2075698889348,-956.2058755983323,86.85918338908559,-144.78353247834679
17.71771771771772,1538.946492479307,-959.1044448171181,86.85918338908559,-144.983732678547
17.73773773773774,1540.685415069679,-962.0070220479198,86.85918338908559,-145.1839328787472
17.75775775775776,1542.4243376600512,-964.9136072907376,86.85918338908559,-145.38413307894743
17.77777777777778,1544.1632602504233,-967.8242005455713,86.85918338908559,-145.58433327914764
17.7977977977978,1545.9021828407954,-970.7388018124211,86.85918338908559,-145.78453347934786
17.81781781781782,1547.6411054311675,-973.6574110912869,86.85918338908559,-145.98473367954807
17.83783783783784,1549.3800280215396,-976.5800283821687,86.85918338908559,-146.1849338797483
17.85785785785786,1551.1189506119117,-979.5066536850666,86.85918338908559,-146.3851340799485
17.87787787787788,1552.8578732022838,-982.4372869999804,86.85918338908559,-146.58533428014871
17.8978978978979,1554.596795792656,-985.3719283269103,86.85918338908559,-146.78553448034893
17.91791791791792,1556.335718383028,-988.3105776658562,86.85918338908559,-146.98573468054914
17.93793793793794,1558.0746409734002,-991.253235016818,86.85918338908559,-147.18593488074936
17.95795795795796,1559.8135635637723,-994.199900379796,86.85918338908559,-147.38613508094957
17.97797797797798,1561.5524861541444,-997.15057375479,86.85918338908559,-147.5863352811498
17.997997997998,1563.2914087445165,-1000.1052551418001,86.85918338908559,-147.78653548135
18.01801801801802,1565.0303313348886,-1003.0639445408261,86.85918338908559,-147.98673568155021
18.03803803803804,1566.7692539252607,-1006.0266419518682,86.85918338908559,-148.18693588175043
18.05805805805806,1568.5081765156328,-1008.9933473749263,86.85918338908559,-148.38713608195064
18.07807807807808,1570.247099106005,-1011.9640608100004,86.85918338908559,-148.58733628215086
18.0980980980981,1571.986021696377,-1014.9387822570906,86.85918338908559,-148.78753648235107
18.11811811811812,1573.7249442867492,-1017.9175117161967,86.85918338908559,-148.9877366825513
18.13813813813814,1575.4638668771213,-1020.9002491873189,86.85918338908559,-149.1879368827515
18.15815815815816,1577.2027894674934,-1023.886994670457,86.85918338908559,-149.38813708295172
18.17817817817818,1578.9417120578655,-1026.8777481656111,86.85918338908559,-149.58833728315193
18.1981981981982,1580.6806346482376,-1029.8725096727812,86.85918338908559,-149.78853748335214
18.21821821821822,1582.4195572386097,-1032.8712791919675,86.85918338908559,-149.98873768355236
18.23823823823824,1584.1584798289819,-1035.8740567231698,86.85918338908559,-150.18893788375257
18.25825825825826,1585.897402419354,-1038.880842266388,86.85918338908559,-150.3891380839528
18.27827827827828,1587.636325009726,-1041.8916358216225,86.85918338908559,-150.589338284153
18.2982982982983,1589.3752476000982,-1044.9064373888727,86.85918338908559,-150.78953848435322
18.31831831831832,1591.1141701904703,-1047.9252469681392,86.85918338908559,-150.98973868455343
18.33833833833834,1592.8530927808424,-1050.9480645594215,86.85918338908559,-151.18993888475364
18.35835835835836,1594.5920153712145,-1053.97489016272,86.85918338908559,-151.39013908495386
18.37837837837838,1596.3309379615866,-1057.0057237780343,86.85918338908559,-151.59033928515407
18.3983983983984,1598.0698605519588,-1060.0405654053648,86.85918338908559,-151.7905394853543
18.41841841841842,1599.8087831423309,-1063.0794150447111,86.85918338908559,-151.9907396855545
18.43843843843844,1601.547705732703,-1066.1222726960737,86.85918338908559,-152.19093988575472
18.45845845845846,1603.286628323075,-1069.169138359452,86.85918338908559,-152.39114008595493
18.47847847847848,1605.0255509134472,-1072.2200120348466,86.85918338908559,-152.59134028615514
18.4984984984985,1606.7644735038193,-1075.274893722257,86.85918338908559,-152.79154048635536
18.51851851851852,1608.5033960941914,-1078.3337834216836,86.85918338908559,-152.99174068655557
18.53853853853854,1610.2423186845635,-1081.396681133126,86.85918338908559,-153.1919408867558
18.55855855855856,1611.9812412749357,-1084.4635868565847,86.85918338908559,-153.392141086956
18.57857857857858,1613.7201638653078,-1087.5345005920592,86.85918338908559,-153.59234128715622
18.5985985985986,1615.4590864556799,-1090.6094223395498,86.85918338908559,-153.79254148735643
18.61861861861862,1617.198009046052,-1093.6883520990564,86.85918338908559,-153.99274168755665
18.63863863863864,1618.936931636424,-1096.771289870579,86.85918338908559,-154.19294188775686
18.65865865865866,1620.6758542267962,-1099.8582356541176,86.85918338908559,-154.39314208795707
18.67867867867868,1622.4147768171683,-1102.9491894496723,86.85918338908559,-154.5933422881573
18.6986986986987,1624.1536994075404,-1106.0441512572431,86.85918338908559,-154.7935424883575
18.71871871871872,1625.8926219979126,-1109.1431210768299,86.85918338908559,-154.99374268855772
18.73873873873874,1627.6315445882847,-1112.2460989084327,86.85918338908559,-155.19394288875793
18.75875875875876,1629.3704671786568,-1115.3530847520515,86.85918338908559,-155.39414308895815
18.77877877877878,1631.109389769029,-1118.4640786076864,86.85918338908559,-155.59434328915836
18.7987987987988,1632.848312359401,-1121.5790804753372,86.85918338908559,-155.79454348935857
18.81881881881882,1634.5872349497731,-1124.698090355004,86.85918338908559,-155.9947436895588
18.83883883883884,1636.3261575401452,-1127.821108246687,86.85918338908559,-156.194943889759
18.85885885885886,1638.0650801305173,-1130.9481341503858,86.85918338908559,-156.39514408995922
18.87887887887888,1639.8040027208895,-1134.0791680661007,86.85918338908559,-156.59534429015943
18.8988988988989,1641.5429253112616,-1137.2142099938317,86.85918338908559,-156.79554449035965
18.91891891891892,1643.2818479016337,-1140.3532599335786,86.85918338908559,-156.99574469055986
18.93893893893894,1645.0207704920058,-1143.4963178853416,86.85918338908559,-157.19594489076007
18.95895895895896,1646.759693082378,-1146.6433838491205,86.85918338908559,-157.3961450909603
18.97897897897898,1648.49861567275,-1149.7944578249155,86.85918338908559,-157.5963452911605
18.998998998999,1650.2375382631221,-1152.9495398127265,86.85918338908559,-157.79654549136072
19.01901901901902,1651.9764608534942,-1156.1086298125535,86.85918338908559,-157.99674569156093
19.03903903903904,1653.7153834438664,-1159.2717278243965,86.85918338908559,-158.19694589176115
19.05905905905906,1655.4543060342385,-1162.4388338482556,86.85918338908559,-158.39714609196136
19.07907907907908,1657.1932286246106,-1165.6099478841306,86.85918338908559,-158.59734629216157
19.0990990990991,1658.9321512149827,-1168.7850699320218,86.85918338908559,-158.7975464923618
19.11911911911912,1660.6710738053548,-1171.9641999919288,86.85918338908559,-158.997746692562
19.13913913913914,1662.409996395727,-1175.147338063852,86.85918338908559,-159.19794689276222
19.15915915915916,1664.148918986099,-1178.3344841477913,86.85918338908559,-159.39814709296243
19.17917917917918,1665.8878415764711,-1181.5256382437465,86.85918338908559,-159.59834729316265
19.1991991991992,1667.6267641668433,-1184.7208003517178,86.85918338908559,-159.79854749336286
19.21921921921922,1669.3656867572154,-1187.919970471705,86.85918338908559,-159.99874769356308
19.23923923923924,1671.1046093475875,-1191.1231486037084,86.85918338908559,-160.1989478937633
19.25925925925926,1672.8435319379596,-1194.3303347477276,86.85918338908559,-160.3991480939635
19.27927927927928,1674.5824545283317,-1197.541528903763,86.85918338908559,-160.59934829416372
19.2992992992993,1676.3213771187038,-1200.7567310718143,86.85918338908559,-160.79954849436393
19.31931931931932,1678.060299709076,-1203.9759412518817,86.85918338908559,-160.99974869456415
19.33933933933934,1679.799222299448,-1207.199159443965,86.85918338908559,-161.19994889476436
19.35935935935936,1681.5381448898202,-1210.4263856480645,86.85918338908559,-161.40014909496458
19.37937937937938,1683.2770674801923,-1213.6576198641799,86.85918338908559,-161.6003492951648
19.3993993993994,1685.0159900705644,-1216.8928620923114,86.85918338908559,-161.800549495365
19.41941941941942,1686.7549126609365,-1220.1321123324587,86.85918338908559,-162.00074969556522
19.43943943943944,1688.4938352513086,-1223.3753705846223,86.85918338908559,-162.20094989576543
19.45945945945946,1690.2327578416807,-1226.6226368488017,86.85918338908559,-162.40115009596565
19.47947947947948,1691.9716804320528,-1229.8739111249972,86.85918338908559,-162.60135029616586
19.4994994994995,1693.710603022425,-1233.1291934132087,86.85918338908559,-162.80155049636608
19.51951951951952,1695.449525612797,-1236.3884837134362,86.85918338908559,-163.0017506965663
19.53953953953954,1697.1884482031692,-1239.6517820256797,86.85918338908559,-163.2019508967665
19.55955955955956,1698.9273707935413,-1242.9190883499393,86.85918338908559,-163.40215109696672
19.57957957957958,1700.6662933839134,-1246.1904026862148,86.85918338908559,-163.60235129716693
19.5995995995996,1702.4052159742855,-1249.4657250345065,86.85918338908559,-163.80255149736715
19.61961961961962,1704.1441385646576,-1252.745055394814,86.85918338908559,-164.00275169756736
19.63963963963964,1705.8830611550297,-1256.0283937671377,86.85918338908559,-164.20295189776758
19.65965965965966,1707.6219837454018,-1259.3157401514775,86.85918338908559,-164.4031520979678
19.67967967967968,1709.360906335774,-1262.6070945478332,86.85918338908559,-164.603352298168
19.6996996996997,1711.099828926146,-1265.902456956205,86.85918338908559,-164.80355249836822
19.71971971971972,1712.8387515165182,-1269.2018273765927,86.85918338908559,-165.00375269856843
19.73973973973974,1714.5776741068903,-1272.5052058089966,86.85918338908559,-165.20395289876865
19.75975975975976,1716.3165966972624,-1275.8125922534164,86.85918338908559,-165.40415309896886
19.77977977977978,1718.0555192876345,-1279.1239867098523,86.85918338908559,-165.60435329916908
19.7997997997998,1719.7944418780066,-1282.439389178304,86.85918338908559,-165.8045534993693
19.81981981981982,1721.5333644683787,-1285.758799658772,86.85918338908559,-166.0047536995695
19.83983983983984,1723.2722870587509,-1289.0822181512558,86.85918338908559,-166.20495389976972
19.85985985985986,1725.011209649123,-1292.4096446557558,86.85918338908559,-166.40515409996993
19.87987987987988,1726.750132239495,-1295.7410791722716,86.85918338908559,-166.60535430017015
19.8998998998999,1728.4890548298672,-1299.0765217008036,86.85918338908559,-166.80555450037036
19.91991991991992,1730.2279774202393,-1302.4159722413515,86.85918338908559,-167.00575470057058
19.93993993993994,1731.9669000106114,-1305.7594307939155,86.85918338908559,-167.2059549007708
19.95995995995996,1733.7058226009835,-1309.1068973584954,86.85918338908559,-167.406155100971
19.97997997997998,1735.4447451913557,-1312.4583719350915,86.85918338908559,-167.60635530117122
20.0,1737.1836677817278,-1315.8138545237034,86.85918338908559,-167.80655550137143
