t,xpos,ypos,vx,vy
0.0,0.0,38.86432859862617,24.68616327312907,28.058349710965846
0.02002002002002002,0.49421748294552686,39.42605732156843,24.68616327312907,27.858149510765646
0.04004004004004004,0.9884349658910537,39.98377803249467,24.68616327312907,27.657949310565446
0.06006006006006006,1.4826524488365806,40.53749073140489,24.68616327312907,27.457749110365246
0.08008008008008008,1.9768699317821075,41.08719541829909,24.68616327312907,27.257548910165045
0.10010010010010009,2.4710874147276343,41.63289209317727,24.68616327312907,27.057348709964845
0.12012012012012012,2.9653048976731613,42.174580756039425,24.68616327312907,26.857148509764645
0.14014014014014015,3.4595223806186883,42.71226140688557,24.68616327312907,26.656948309564445
0.16016016016016016,3.9537398635642154,43.245934045715686,24.68616327312907,26.456748109364245
0.18018018018018017,4.447957346509742,43.77559867252978,24.68616327312907,26.256547909164045
0.20020020020020018,4.942174829455269,44.30125528732786,24.68616327312907,26.056347708963845
0.22022022022022023,5.4363923124007965,44.82290389010992,24.68616327312907,25.856147508763645
0.24024024024024024,5.9306097953463235,45.34054448087596,24.68616327312907,25.655947308563444
0.2602602602602603,6.4248272782918505,45.85417705962598,24.68616327312907,25.455747108363244
0.2802802802802803,6.9190447612373775,46.36380162635998,24.68616327312907,25.255546908163044
0.3003003003003003,7.413262244182905,46.86941818107796,24.68616327312907,25.055346707962844
0.3203203203203203,7.907479727128432,47.37102672377992,24.68616327312907,24.855146507762644
0.3403403403403404,8.401697210073959,47.868627254465856,24.68616327312907,24.654946307562444
0.36036036036036034,8.895914693019485,48.36221977313578,24.68616327312907,24.454746107362244
0.3803803803803804,9.390132175965011,48.851804279789675,24.68616327312907,24.254545907162044
0.40040040040040037,9.884349658910537,49.33738077442755,24.68616327312907,24.054345706961843
0.42042042042042044,10.378567141856063,49.81894925704941,24.68616327312907,23.854145506761643
0.44044044044044045,10.87278462480159,50.29650972765525,24.68616327312907,23.653945306561443
0.4604604604604605,11.367002107747116,50.77006218624507,24.68616327312907,23.453745106361243
0.4804804804804805,11.861219590692642,51.23960663281887,24.68616327312907,23.253544906161043
0.5005005005005005,12.355437073638168,51.705143067376646,24.68616327312907,23.053344705960843
0.5205205205205206,12.849654556583694,52.16667148991841,24.68616327312907,22.853144505760643
0.5405405405405406,13.34387203952922,52.624191900444146,24.68616327312907,22.652944305560442
0.5605605605605606,13.838089522474746,53.07770429895386,24.68616327312907,22.452744105360242
0.5805805805805806,14.332307005420272,53.52720868544756,24.68616327312907,22.252543905160042
0.6006006006006006,14.826524488365799,53.97270505992524,24.68616327312907,22.052343704959842
0.6206206206206206,15.320741971311325,54.414193422386894,24.68616327312907,21.852143504759642
0.6406406406406406,15.81495945425685,54.851673772832534,24.68616327312907,21.651943304559442
0.6606606606606606,16.309176937202377,55.28514611126215,24.68616327312907,21.45174310435924
0.6806806806806808,16.803394420147903,55.71461043767575,24.68616327312907,21.25154290415904
0.7007007007007007,17.29761190309343,56.14006675207333,24.68616327312907,21.05134270395884
0.7207207207207207,17.791829386038955,56.56151505445489,24.68616327312907,20.85114250375864
0.7407407407407407,18.28604686898448,56.97895534482043,24.68616327312907,20.65094230355844
0.7607607607607608,18.780264351930008,57.392387623169945,24.68616327312907,20.45074210335824
0.7807807807807808,19.274481834875534,57.80181188950344,24.68616327312907,20.25054190315804
0.8008008008008007,19.76869931782106,58.20722814382092,24.68616327312907,20.05034170295784
0.8208208208208208,20.262916800766586,58.60863638612238,24.68616327312907,19.85014150275764
0.8408408408408409,20.757134283712112,59.00603661640782,24.68616327312907,19.64994130255744
0.8608608608608609,21.25135176665764,59.39942883467724,24.68616327312907,19.44974110235724
0.8808808808808809,21.745569249603165,59.788813040930634,24.68616327312907,19.24954090215704
0.9009009009009008,22.23978673254869,60.174189235168015,24.68616327312907,19.04934070195684
0.920920920920921,22.734004215494217,60.55555741738937,24.68616327312907,18.84914050175664
0.9409409409409409,23.228221698439743,60.93291758759471,24.68616327312907,18.64894030155644
0.960960960960961,23.72243918138527,61.30626974578403,24.68616327312907,18.44874010135624
0.980980980980981,24.216656664330795,61.675613891957326,24.68616327312907,18.24853990115604
1.001001001001001,24.71087414727632,62.0409500261146,24.68616327312907,18.04833970095584
1.021021021021021,25.205091630221848,62.40227814825586,24.68616327312907,17.84813950075564
1.0410410410410411,25.699309113167374,62.7595982583811,24.68616327312907,17.64793930055544
1.0610610610610611,26.1935265961129,63.11291035649032,24.68616327312907,17.44773910035524
1.0810810810810811,26.687744079058426,63.462214442583516,24.68616327312907,17.24753890015504
1.1011011011011012,27.181961562003952,63.80751051666069,24.68616327312907,17.04733869995484
1.1211211211211212,27.67617904494948,64.14879857872185,24.68616327312907,16.84713849975464
1.1411411411411412,28.170396527895004,64.48607862876699,24.68616327312907,16.64693829955444
1.1611611611611612,28.66461401084053,64.81935066679611,24.68616327312907,16.44673809935424
1.1811811811811812,29.158831493786057,65.1486146928092,24.68616327312907,16.24653789915404
1.2012012012012012,29.653048976731583,65.47387070680628,24.68616327312907,16.046337698953838
1.2212212212212212,30.14726645967711,65.79511870878734,24.68616327312907,15.846137498753638
1.2412412412412412,30.641483942622635,66.11235869875237,24.68616327312907,15.645937298553438
1.2612612612612613,31.13570142556816,66.42559067670139,24.68616327312907,15.445737098353238
1.2812812812812813,31.629918908513687,66.73481464263439,24.68616327312907,15.245536898153038
1.3013013013013013,32.12413639145922,67.04003059655136,24.68616327312907,15.045336697952838
1.3213213213213213,32.61835387440475,67.34123853845232,24.68616327312907,14.845136497752637
1.3413413413413413,33.11257135735028,67.63843846833726,24.68616327312907,14.644936297552437
1.3613613613613615,33.606788840295806,67.93163038620618,24.68616327312907,14.444736097352237
1.3813813813813813,34.101006323241336,68.22081429205907,24.68616327312907,14.244535897152037
1.4014014014014013,34.595223806186866,68.50599018589595,24.68616327312907,14.044335696951837
1.4214214214214214,35.089441289132395,68.78715806771682,24.68616327312907,13.844135496751637
1.4414414414414414,35.583658772077925,69.06431793752165,24.68616327312907,13.643935296551437
1.4614614614614616,36.077876255023455,69.33746979531047,24.68616327312907,13.443735096351237
1.4814814814814814,36.572093737968984,69.60661364108327,24.68616327312907,13.243534896151036
1.5015015015015014,37.066311220914514,69.87174947484004,24.68616327312907,13.043334695950836
1.5215215215215216,37.560528703860044,70.1328772965808,24.68616327312907,12.843134495750636
1.5415415415415414,38.05474618680557,70.38999710630554,24.68616327312907,12.642934295550436
1.5615615615615617,38.5489636697511,70.64310890401426,24.68616327312907,12.442734095350236
1.5815815815815815,39.04318115269663,70.89221268970695,24.68616327312907,12.242533895150036
1.6016016016016015,39.53739863564216,71.13730846338363,24.68616327312907,12.042333694949836
1.6216216216216217,40.03161611858769,71.37839622504428,24.68616327312907,11.842133494749636
1.6416416416416415,40.52583360153322,71.61547597468892,24.68616327312907,11.641933294549435
1.6616616616616617,41.02005108447875,71.84854771231754,24.68616327312907,11.441733094349235
1.6816816816816818,41.51426856742428,72.07761143793013,24.68616327312907,11.241532894149035
1.7017017017017015,42.00848605036981,72.3026671515267,24.68616327312907,11.041332693948835
1.7217217217217218,42.50270353331534,72.52371485310726,24.68616327312907,10.841132493748635
1.7417417417417416,42.99692101626087,72.74075454267181,24.68616327312907,10.640932293548435
1.7617617617617618,43.4911384992064,72.95378622022032,24.68616327312907,10.440732093348235
1.7817817817817818,43.98535598215193,73.16280988575282,24.68616327312907,10.240531893148034
1.8018018018018016,44.47957346509746,73.3678255392693,24.68616327312907,10.040331692947834
1.8218218218218218,44.97379094804299,73.56883318076976,24.68616327312907,9.840131492747634
1.841841841841842,45.46800843098852,73.7658328102542,24.68616327312907,9.639931292547434
1.8618618618618619,45.96222591393405,73.95882442772262,24.68616327312907,9.439731092347234
1.8818818818818819,46.45644339687958,74.14780803317501,24.68616327312907,9.239530892147034
1.9019019019019017,46.95066087982511,74.33278362661139,24.68616327312907,9.039330691946834
1.921921921921922,47.44487836277064,74.51375120803175,24.68616327312907,8.839130491746634
1.9419419419419421,47.93909584571617,74.69071077743608,24.68616327312907,8.638930291546433
1.961961961961962,48.4333133286617,74.8636623348244,24.68616327312907,8.438730091346233
1.981981981981982,48.92753081160723,75.0326058801967,24.68616327312907,8.238529891146033
2.002002002002002,49.421748294552756,75.19754141355297,24.68616327312907,8.038329690945833
2.022022022022022,49.915965777498286,75.35846893489322,24.68616327312907,7.838129490745633
2.042042042042042,50.410183260443816,75.51538844421746,24.68616327312907,7.637929290545433
2.0620620620620618,50.904400743389346,75.66829994152567,24.68616327312907,7.437729090345233
2.0820820820820822,51.398618226334875,75.81720342681787,24.68616327312907,7.2375288901450325
2.1021021021021022,51.892835709280405,75.96209890009405,24.68616327312907,7.037328689944832
2.1221221221221223,52.387053192225935,76.10298636135421,24.68616327312907,6.837128489744632
2.1421421421421423,52.881270675171464,76.23986581059835,24.68616327312907,6.636928289544432
2.1621621621621623,53.375488158116994,76.37273724782646,24.68616327312907,6.436728089344232
2.1821821821821823,53.869705641062524,76.50160067303857,24.68616327312907,6.236527889144032
2.2022022022022023,54.36392312400805,76.62645608623464,24.68616327312907,6.036327688943832
2.2222222222222223,54.85814060695358,76.7473034874147,24.68616327312907,5.836127488743632
2.2422422422422423,55.35235808989911,76.86414287657874,24.68616327312907,5.6359272885434315
2.2622622622622623,55.84657557284464,76.97697425372675,24.68616327312907,5.435727088343231
2.2822822822822824,56.34079305579017,77.08579761885875,24.68616327312907,5.235526888143031
2.3023023023023024,56.8350105387357,77.19061297197473,24.68616327312907,5.035326687942831
2.3223223223223224,57.32922802168123,77.29142031307468,24.68616327312907,4.835126487742631
2.3423423423423424,57.82344550462676,77.38821964215862,24.68616327312907,4.634926287542431
2.3623623623623624,58.31766298757229,77.48101095922654,24.68616327312907,4.434726087342231
2.3823823823823824,58.81188047051782,77.56979426427843,24.68616327312907,4.234525887142031
2.4024024024024024,59.30609795346335,77.6545695573143,24.68616327312907,4.0343256869418305
2.4224224224224224,59.80031543640888,77.73533683833416,24.68616327312907,3.8341254867416303
2.4424424424424425,60.29453291935441,77.812096107338,24.68616327312907,3.63392528654143
2.4624624624624625,60.78875040229994,77.88484736432581,24.68616327312907,3.43372508634123
2.4824824824824825,61.28296788524547,77.9535906092976,24.68616327312907,3.23352488614103
2.5025025025025025,61.777185368191,78.01832584225339,24.68616327312907,3.03332468594083
2.5225225225225225,62.27140285113653,78.07905306319314,24.68616327312907,2.8331244857406297
2.5425425425425425,62.76562033408206,78.13577227211688,24.68616327312907,2.6329242855404296
2.5625625625625625,63.25983781702759,78.1884834690246,24.68616327312907,2.4327240853402294
2.5825825825825826,63.75405529997312,78.2371866539163,24.68616327312907,2.2325238851400293
2.6026026026026026,64.24827278291865,78.28188182679197,24.68616327312907,2.032323684939829
2.6226226226226226,64.74249026586418,78.32256898765164,24.68616327312907,1.832123484739629
2.6426426426426426,65.2367077488097,78.35924813649527,24.68616327312907,1.631923284539429
2.6626626626626626,65.73092523175524,78.39191927332288,24.68616327312907,1.4317230843392288
2.6826826826826826,66.22514271470077,78.42058239813448,24.68616327312907,1.2315228841390287
2.7027027027027026,66.7193601976463,78.44523751093006,24.68616327312907,1.0313226839388285
2.722722722722723,67.21357768059183,78.46588461170961,24.68616327312907,0.8311224837386284
2.7427427427427427,67.70779516353736,78.48252370047315,24.68616327312907,0.6309222835384283
2.7627627627627627,68.20201264648288,78.49515477722066,24.68616327312907,0.4307220833382281
2.7827827827827827,68.69623012942841,78.50377784195216,24.68616327312907,0.2305218831380279
2.8028028028028027,69.19044761237394,78.50839289466764,24.68616327312907,0.03032168293782772
2.822822822822823,69.68466509531947,78.50899993536709,24.68616327312907,-0.16987851726237246
2.8428428428428427,70.178882578265,78.50559896405052,24.68616327312907,-0.37007871746257265
2.8628628628628627,70.67310006121053,78.49818998071794,24.68616327312907,-0.5702789176627728
2.8828828828828827,71.16731754415606,78.48677298536934,24.68616327312907,-0.7704791178629731
2.9029029029029028,71.66153502710159,78.47134797800472,24.68616327312907,-0.9706793180631732
2.922922922922923,72.15575251004712,78.45191495862407,24.68616327312907,-1.1708795182633733
2.942942942942943,72.64996999299265,78.42847392722742,24.68616327312907,-1.3710797184635735
2.962962962962963,73.14418747593818,78.40102488381473,24.68616327312907,-1.5712799186637736
2.982982982982983,73.63840495888371,78.36956782838602,24.68616327312907,-1.7714801188639737
3.003003003003003,74.13262244182924,78.3341027609413,24.68616327312907,-1.9716803190641738
3.0230230230230233,74.62683992477477,78.29462968148056,24.68616327312907,-2.171880519264374
3.0430430430430433,75.1210574077203,78.2511485900038,24.68616327312907,-2.372080719464574
3.063063063063063,75.61527489066583,78.20365948651101,24.68616327312907,-2.5722809196647742
3.083083083083083,76.10949237361136,78.1521623710022,24.68616327312907,-2.7724811198649744
3.103103103103103,76.60370985655689,78.09665724347738,24.68616327312907,-2.9726813200651745
3.1231231231231233,77.09792733950242,78.03714410393654,24.68616327312907,-3.1728815202653746
3.1431431431431434,77.59214482244795,77.97362295237967,24.68616327312907,-3.3730817204655748
3.163163163163163,78.08636230539348,77.90609378880679,24.68616327312907,-3.573281920665775
3.183183183183183,78.58057978833901,77.83455661321788,24.68616327312907,-3.773482120865975
3.203203203203203,79.07479727128454,77.75901142561295,24.68616327312907,-3.973682321066175
3.2232232232232234,79.56901475423007,77.67945822599201,24.68616327312907,-4.173882521266376
3.2432432432432434,80.0632322371756,77.59589701435505,24.68616327312907,-4.374082721466576
3.263263263263263,80.55744972012113,77.50832779070205,24.68616327312907,-4.574282921666776
3.283283283283283,81.05166720306666,77.41675055503305,24.68616327312907,-4.774483121866976
3.303303303303303,81.54588468601219,77.32116530734802,24.68616327312907,-4.974683322067176
3.3233233233233235,82.04010216895772,77.22157204764699,24.68616327312907,-5.174883522267376
3.3433433433433435,82.53431965190325,77.11797077592992,24.68616327312907,-5.3750837224675765
3.3633633633633635,83.02853713484878,77.01036149219684,24.68616327312907,-5.575283922667777
3.383383383383383,83.5227546177943,76.89874419644774,24.68616327312907,-5.775484122867977
3.403403403403403,84.01697210073984,76.78311888868261,24.68616327312907,-5.975684323068177
3.4234234234234235,84.51118958368536,76.66348556890146,24.68616327312907,-6.175884523268377
3.4434434434434436,85.0054070666309,76.5398442371043,24.68616327312907,-6.376084723468577
3.4634634634634636,85.49962454957642,76.41219489329112,24.68616327312907,-6.576284923668777
3.483483483483483,85.99384203252195,76.28053753746191,24.68616327312907,-6.776485123868977
3.503503503503503,86.48805951546748,76.14487216961669,24.68616327312907,-6.9766853240691775
3.5235235235235236,86.98227699841301,76.00519878975544,24.68616327312907,-7.176885524269378
3.5435435435435436,87.47649448135854,75.86151739787817,24.68616327312907,-7.377085724469578
3.5635635635635636,87.97071196430407,75.71382799398489,24.68616327312907,-7.577285924669778
3.583583583583583,88.4649294472496,75.56213057807558,24.68616327312907,-7.777486124869978
3.603603603603603,88.95914693019513,75.40642515015026,24.68616327312907,-7.977686325070178
3.6236236236236237,89.45336441314066,75.24671171020891,24.68616327312907,-8.17788652527038
3.6436436436436437,89.94758189608619,75.08299025825154,24.68616327312907,-8.37808672547058
3.6636636636636637,90.44179937903172,74.91526079427815,24.68616327312907,-8.57828692567078
3.683683683683684,90.93601686197725,74.74352331828875,24.68616327312907,-8.77848712587098
3.7037037037037033,91.43023434492278,74.56777783028333,24.68616327312907,-8.97868732607118
3.7237237237237237,91.92445182786831,74.38802433026189,24.68616327312907,-9.17888752627138
3.7437437437437437,92.41866931081384,74.20426281822442,24.68616327312907,-9.37908772647158
3.7637637637637638,92.91288679375937,74.01649329417094,24.68616327312907,-9.57928792667178
3.783783783783784,93.4071042767049,73.82471575810143,24.68616327312907,-9.77948812687198
3.8038038038038033,93.90132175965043,73.62893021001591,24.68616327312907,-9.97968832707218
3.823823823823824,94.39553924259596,73.42913664991437,24.68616327312907,-10.17988852727238
3.843843843843844,94.88975672554149,73.2253350777968,24.68616327312907,-10.38008872747258
3.863863863863864,95.38397420848702,73.01752549366321,24.68616327312907,-10.58028892767278
3.8838838838838843,95.87819169143255,72.80570789751361,24.68616327312907,-10.78048912787298
3.9039039039039034,96.37240917437808,72.58988228934798,24.68616327312907,-10.980689328073181
3.923923923923924,96.86662665732361,72.37004866916634,24.68616327312907,-11.180889528273381
3.943943943943944,97.36084414026914,72.14620703696868,24.68616327312907,-11.381089728473581
3.963963963963964,97.85506162321467,71.91835739275498,24.68616327312907,-11.581289928673781
3.9839839839839843,98.3492791061602,71.68649973652528,24.68616327312907,-11.781490128873982
4.004004004004004,98.84349658910573,71.45063406827956,24.68616327312907,-11.981690329074182
4.0240240240240235,99.33771407205126,71.2107603880178,24.68616327312907,-12.181890529274382
4.044044044044044,99.83193155499679,70.96687869574004,24.68616327312907,-12.382090729474582
4.064064064064064,100.32614903794232,70.71898899144625,24.68616327312907,-12.582290929674782
4.084084084084084,100.82036652088784,70.46709127513645,24.68616327312907,-12.782491129874982
4.104104104104104,101.31458400383337,70.21118554681063,24.68616327312907,-12.982691330075182
4.1241241241241235,101.8088014867789,69.95127180646878,24.68616327312907,-13.182891530275382
4.1441441441441444,102.30301896972443,69.68735005411092,24.68616327312907,-13.383091730475583
4.1641641641641645,102.79723645266996,69.41942028973703,24.68616327312907,-13.583291930675783
4.1841841841841845,103.2914539356155,69.14748251334713,24.68616327312907,-13.783492130875983
4.2042042042042045,103.78567141856102,68.87153672494121,24.68616327312907,-13.983692331076183
4.2242242242242245,104.27988890150655,68.59158292451926,24.68616327312907,-14.183892531276383
4.2442442442442445,104.77410638445208,68.30762111208129,24.68616327312907,-14.384092731476583
4.2642642642642645,105.26832386739761,68.01965128762731,24.68616327312907,-14.584292931676783
4.2842842842842845,105.76254135034314,67.7276734511573,24.68616327312907,-14.784493131876983
4.3043043043043046,106.25675883328867,67.43168760267127,24.68616327312907,-14.984693332077184
4.324324324324325,106.7509763162342,67.13169374216923,24.68616327312907,-15.184893532277384
4.344344344344345,107.24519379917973,66.82769186965116,24.68616327312907,-15.385093732477584
4.364364364364365,107.73941128212526,66.51968198511707,24.68616327312907,-15.585293932677784
4.384384384384385,108.23362876507079,66.20766408856697,24.68616327312907,-15.785494132877984
4.404404404404405,108.72784624801632,65.89163818000084,24.68616327312907,-15.985694333078184
4.424424424424425,109.22206373096185,65.57160425941869,24.68616327312907,-16.185894533278386
4.444444444444445,109.71628121390738,65.24756232682053,24.68616327312907,-16.386094733478586
4.464464464464465,110.21049869685291,64.91951238220635,24.68616327312907,-16.586294933678786
4.484484484484485,110.70471617979844,64.58745442557614,24.68616327312907,-16.786495133878987
4.504504504504505,111.19893366274397,64.25138845692992,24.68616327312907,-16.986695334079187
4.524524524524525,111.6931511456895,63.91131447626767,24.68616327312907,-17.186895534279387
4.544544544544545,112.18736862863503,63.5672324835894,24.68616327312907,-17.387095734479587
4.564564564564565,112.68158611158056,63.219142478895115,24.68616327312907,-17.587295934679787
4.584584584584585,113.17580359452609,62.86704446218481,24.68616327312907,-17.787496134879987
4.604604604604605,113.67002107747162,62.510938433458485,24.68616327312907,-17.987696335080187
4.624624624624625,114.16423856041715,62.15082439271614,24.68616327312907,-18.187896535280387
4.644644644644645,114.65845604336268,61.78670233995777,24.68616327312907,-18.388096735480588
4.664664664664665,115.1526735263082,61.41857227518339,24.68616327312907,-18.588296935680788
4.684684684684685,115.64689100925374,61.04643419839298,24.68616327312907,-18.788497135880988
4.704704704704705,116.14110849219927,60.67028810958655,24.68616327312907,-18.988697336081188
4.724724724724725,116.6353259751448,60.290134008764106,24.68616327312907,-19.188897536281388
4.744744744744745,117.12954345809032,59.90597189592564,24.68616327312907,-19.389097736481588
4.764764764764765,117.62376094103585,59.517801771071156,24.68616327312907,-19.58929793668179
4.784784784784785,118.11797842398138,59.12562363420065,24.68616327312907,-19.78949813688199
4.804804804804805,118.61219590692691,58.72943748531412,24.68616327312907,-19.98969833708219
4.824824824824825,119.10641338987244,58.32924332441158,24.68616327312907,-20.18989853728239
4.844844844844845,119.60063087281797,57.92504115149301,24.68616327312907,-20.39009873748259
4.864864864864865,120.0948483557635,57.51683096655842,24.68616327312907,-20.59029893768279
4.884884884884885,120.58906583870903,57.10461276960782,24.68616327312907,-20.79049913788299
4.904904904904905,121.08328332165456,56.68838656064119,24.68616327312907,-20.99069933808319
4.924924924924925,121.57750080460009,56.26815233965854,24.68616327312907,-21.19089953828339
4.944944944944945,122.07171828754562,55.84391010665988,24.68616327312907,-21.39109973848359
4.964964964964965,122.56593577049115,55.41565986164519,24.68616327312907,-21.59129993868379
4.984984984984985,123.06015325343668,54.983401604614485,24.68616327312907,-21.79150013888399
5.005005005005005,123.55437073638221,54.54713533556776,24.68616327312907,-21.99170033908419
5.025025025025025,124.04858821932774,54.10686105450501,24.68616327312907,-22.19190053928439
5.045045045045045,124.54280570227327,53.662578761426246,24.68616327312907,-22.39210073948459
5.065065065065065,125.0370231852188,53.21428845633146,24.68616327312907,-22.59230093968479
5.085085085085085,125.53124066816433,52.76199013922065,24.68616327312907,-22.79250113988499
5.105105105105105,126.02545815110986,52.305683810093825,24.68616327312907,-22.99270134008519
5.125125125125125,126.51967563405539,51.84536946895098,24.68616327312907,-23.19290154028539
5.145145145145145,127.01389311700092,51.381047115792114,24.68616327312907,-23.39310174048559
5.165165165165165,127.50811059994645,50.91271675061723,24.68616327312907,-23.59330194068579
5.185185185185185,128.00232808289198,50.44037837342632,24.68616327312907,-23.79350214088599
5.205205205205205,128.4965455658375,49.964031984219396,24.68616327312907,-23.99370234108619
5.225225225225225,128.990763048783,49.48367758299645,24.68616327312907,-24.19390254128639
5.245245245245245,129.48498053172852,48.99931516975748,24.68616327312907,-24.39410274148659
5.265265265265265,129.97919801467404,48.510944744502495,24.68616327312907,-24.59430294168679
5.285285285285285,130.47341549761956,48.01856630723149,24.68616327312907,-24.79450314188699
5.305305305305305,130.96763298056507,47.52217985794446,24.68616327312907,-24.994703342087192
5.325325325325325,131.4618504635106,47.02178539664141,24.68616327312907,-25.194903542287392
5.345345345345346,131.9560679464561,46.517382923322344,24.68616327312907,-25.395103742487592
5.365365365365365,132.45028542940162,46.00897243798726,24.68616327312907,-25.595303942687792
5.385385385385385,132.94450291234713,45.496553940636154,24.68616327312907,-25.795504142887992
5.405405405405405,133.43872039529265,44.980127431269025,24.68616327312907,-25.995704343088192
5.425425425425425,133.93293787823816,44.45969290988588,24.68616327312907,-26.195904543288393
5.445445445445446,134.42715536118368,43.935250376486714,24.68616327312907,-26.396104743488593
5.465465465465465,134.9213728441292,43.406799831071524,24.68616327312907,-26.596304943688793
5.485485485485485,135.4155903270747,42.87434127364032,24.68616327312907,-26.796505143888993
5.505505505505505,135.90980781002023,42.33787470419309,24.68616327312907,-26.996705344089193
5.525525525525525,136.40402529296574,41.79740012272984,24.68616327312907,-27.196905544289393
5.545545545545546,136.89824277591126,41.252917529250574,24.68616327312907,-27.397105744489593
5.565565565565565,137.39246025885677,40.704426923755285,24.68616327312907,-27.597305944689793
5.585585585585585,137.8866777418023,40.15192830624398,24.68616327312907,-27.797506144889994
5.605605605605605,138.3808952247478,39.595421676716654,24.68616327312907,-27.997706345090194
5.625625625625625,138.87511270769332,39.034907035173305,24.68616327312907,-28.197906545290394
5.645645645645646,139.36933019063883,38.47038438161394,24.68616327312907,-28.398106745490594
5.665665665665665,139.86354767358435,37.90185371603855,24.68616327312907,-28.598306945690794
5.685685685685685,140.35776515652987,37.32931503844714,24.68616327312907,-28.798507145890994
5.7057057057057055,140.85198263947538,36.752768348839716,24.68616327312907,-28.998707346091194
5.7257257257257255,141.3462001224209,36.17221364721627,24.68616327312907,-29.198907546291395
5.745745745745746,141.8404176053664,35.5876509335768,24.68616327312907,-29.399107746491595
5.7657657657657655,142.33463508831193,34.99908020792132,24.68616327312907,-29.599307946691795
5.7857857857857855,142.82885257125744,34.40650147024981,24.68616327312907,-29.799508146891995
5.8058058058058055,143.32307005420296,33.80991472056228,24.68616327312907,-29.999708347092195
5.8258258258258255,143.81728753714847,33.209319958858735,24.68616327312907,-30.199908547292395
5.845845845845846,144.311505020094,32.604717185139165,24.68616327312907,-30.400108747492595
5.865865865865866,144.8057225030395,31.996106399403576,24.68616327312907,-30.600308947692795
5.885885885885886,145.29993998598502,31.383487601651968,24.68616327312907,-30.800509147892996
5.905905905905906,145.79415746893054,30.76686079188434,24.68616327312907,-31.000709348093196
5.925925925925926,146.28837495187605,30.146225970100694,24.68616327312907,-31.200909548293396
5.9459459459459465,146.78259243482157,29.521583136301025,24.68616327312907,-31.401109748493596
5.965965965965966,147.27680991776708,28.892932290485337,24.68616327312907,-31.601309948693796
5.9859859859859865,147.7710274007126,28.26027343265363,24.68616327312907,-31.801510148893996
6.006006006006006,148.2652448836581,27.623606562805904,24.68616327312907,-32.001710349094196
6.026026026026026,148.75946236660363,26.982931680942155,24.68616327312907,-32.201910549294396
6.046046046046047,149.25367984954914,26.338248787062387,24.68616327312907,-32.4021107494946
6.066066066066066,149.74789733249466,25.6895578811666,24.68616327312907,-32.6023109496948
6.086086086086087,150.24211481544017,25.036858963254794,24.68616327312907,-32.802511149895
6.106106106106106,150.7363322983857,24.380152033326965,24.68616327312907,-33.0027113500952
6.126126126126126,151.2305497813312,23.719437091383117,24.68616327312907,-33.2029115502954
6.146146146146147,151.72476726427672,23.05471413742325,24.68616327312907,-33.4031117504956
6.166166166166166,152.21898474722224,22.38598317144736,24.68616327312907,-33.6033119506958
6.186186186186187,152.71320223016775,21.713244193455452,24.68616327312907,-33.803512150896
6.206206206206206,153.20741971311327,21.036497203447524,24.68616327312907,-34.0037123510962
6.226226226226226,153.70163719605878,20.355742201423578,24.68616327312907,-34.2039125512964
6.246246246246247,154.1958546790043,19.670979187383608,24.68616327312907,-34.4041127514966
6.266266266266266,154.69007216194981,18.98220816132762,24.68616327312907,-34.6043129516968
6.286286286286287,155.18428964489533,18.289429123255612,24.68616327312907,-34.804513151897
6.306306306306306,155.67850712784085,17.592642073167585,24.68616327312907,-35.0047133520972
6.326326326326326,156.17272461078636,16.891847011063536,24.68616327312907,-35.2049135522974
6.346346346346347,156.66694209373188,16.187043936943468,24.68616327312907,-35.4051137524976
6.366366366366366,157.1611595766774,15.47823285080738,24.68616327312907,-35.6053139526978
6.386386386386387,157.6553770596229,14.765413752655272,24.68616327312907,-35.805514152898
6.406406406406406,158.14959454256842,14.048586642487145,24.68616327312907,-36.0057143530982
6.426426426426426,158.64381202551394,13.327751520302996,24.68616327312907,-36.2059145532984
6.446446446446447,159.13802950845945,12.602908386102829,24.68616327312907,-36.4061147534986
6.466466466466466,159.63224699140497,11.87405723988664,24.68616327312907,-36.6063149536988
6.486486486486487,160.12646447435048,11.141198081654434,24.68616327312907,-36.806515153899
6.506506506506506,160.620681957296,10.404330911406205,24.68616327312907,-37.0067153540992
6.526526526526526,161.11489944024152,9.663455729141956,24.68616327312907,-37.2069155542994
6.546546546546547,161.60911692318703,8.918572534861688,24.68616327312907,-37.4071157544996
6.566566566566566,162.10333440613255,8.1696813285654,24.68616327312907,-37.6073159546998
6.586586586586587,162.59755188907806,7.4167821102530915,24.68616327312907,-37.8075161549
6.606606606606606,163.09176937202358,6.659874879924764,24.68616327312907,-38.0077163551002
6.626626626626627,163.5859868549691,5.898959637580415,24.68616327312907,-38.2079165553004
6.646646646646647,164.0802043379146,5.134036383220046,24.68616327312907,-38.4081167555006
6.666666666666666,164.57442182086012,4.365105116843657,24.68616327312907,-38.6083169557008
6.686686686686687,165.06863930380564,3.592165838451249,24.68616327312907,-38.808517155901
6.706706706706706,165.56285678675115,2.8152185480428207,24.68616327312907,-39.0087173561012
6.726726726726727,166.05707426969667,2.034263245618372,24.68616327312907,-39.2089175563014
6.746746746746747,166.5512917526422,1.2492999311779034,24.68616327312907,-39.4091177565016
6.766766766766766,167.0455092355877,0.4603286047214149,24.68616327312907,-39.6093179567018
6.786786786786787,167.53972671853322,-0.33265073375109366,24.68616327312907,-39.809518156902
6.806806806806806,168.03394420147873,-1.1296380842396223,24.68616327312907,-40.0097183571022
6.826826826826827,168.52816168442425,-1.9306334467441708,24.68616327312907,-40.2099185573024
6.846846846846847,169.02237916736976,-2.7356368212647393,24.68616327312907,-40.4101187575026
6.866866866866866,169.51659665031528,-3.5446482078013277,24.68616327312907,-40.6103189577028
6.886886886886887,170.0108141332608,-4.357667606353936,24.68616327312907,-40.810519157903
6.906906906906906,170.5050316162063,-5.1746950169225645,24.68616327312907,-41.0107193581032
6.926926926926927,170.99924909915183,-5.995730439507213,24.68616327312907,-41.2109195583034
6.946946946946947,171.49346658209734,-6.820773874107882,24.68616327312907,-41.4111197585036
6.966966966966966,171.98768406504286,-7.64982532072457,24.68616327312907,-41.6113199587038
6.986986986986987,172.48190154798837,-8.48288477935728,24.68616327312907,-41.811520158904
7.007007007007006,172.9761190309339,-9.319952250006008,24.68616327312907,-42.0117203591042
7.027027027027027,173.4703365138794,-10.161027732670757,24.68616327312907,-42.2119205593044
7.047047047047047,173.96455399682492,-11.006111227351525,24.68616327312907,-42.4121207595046
7.067067067067066,174.45877147977043,-11.855202734048314,24.68616327312907,-42.6123209597048
7.087087087087087,174.95298896271595,-12.708302252761122,24.68616327312907,-42.812521159905
7.107107107107106,175.44720644566146,-13.565409783489951,24.68616327312907,-43.0127213601052
7.127127127127127,175.94142392860698,-14.426525326234799,24.68616327312907,-43.2129215603054
7.147147147147147,176.4356414115525,-15.291648880995668,24.68616327312907,-43.413121760505604
7.167167167167166,176.929858894498,-16.160780447772556,24.68616327312907,-43.613321960705804
7.187187187187187,177.42407637744353,-17.033920026565465,24.68616327312907,-43.813522160906004
7.207207207207206,177.91829386038904,-17.911067617374393,24.68616327312907,-44.013722361106204
7.227227227227227,178.41251134333456,-18.792223220199343,24.68616327312907,-44.213922561306404
7.247247247247247,178.90672882628007,-19.677386835040313,24.68616327312907,-44.414122761506604
7.267267267267268,179.4009463092256,-20.5665584618973,24.68616327312907,-44.614322961706804
7.287287287287287,179.8951637921711,-21.45973810077031,24.68616327312907,-44.814523161907005
7.3073073073073065,180.38938127511662,-22.35692575165934,24.68616327312907,-45.014723362107205
7.327327327327327,180.88359875806213,-23.25812141456439,24.68616327312907,-45.214923562307405
7.347347347347347,181.37781624100765,-24.163325089485458,24.68616327312907,-45.415123762507605
7.367367367367368,181.87203372395317,-25.072536776422545,24.68616327312907,-45.615323962707805
7.387387387387387,182.36625120689868,-25.985756475375656,24.68616327312907,-45.815524162908005
7.4074074074074066,182.8604686898442,-26.902984186344785,24.68616327312907,-46.015724363108205
7.4274274274274275,183.3546861727897,-27.824219909329933,24.68616327312907,-46.215924563308405
7.4474474474474475,183.84890365573523,-28.7494636443311,24.68616327312907,-46.416124763508606
7.467467467467468,184.34312113868074,-29.67871539134829,24.68616327312907,-46.616324963708806
7.4874874874874875,184.83733862162626,-30.6119751503815,24.68616327312907,-46.816525163909006
7.507507507507507,185.33155610457177,-31.54924292143073,24.68616327312907,-47.016725364109206
7.5275275275275275,185.8257735875173,-32.490518704495976,24.68616327312907,-47.216925564309406
7.5475475475475475,186.3199910704628,-33.43580249957724,24.68616327312907,-47.417125764509606
7.567567567567568,186.81420855340832,-34.38509430667453,24.68616327312907,-47.617325964709806
7.587587587587588,187.30842603635384,-35.33839412578784,24.68616327312907,-47.81752616491001
7.607607607607607,187.80264351929935,-36.29570195691717,24.68616327312907,-48.01772636511021
7.627627627627628,188.29686100224487,-37.25701780006252,24.68616327312907,-48.21792656531041
7.647647647647648,188.79107848519038,-38.22234165522389,24.68616327312907,-48.41812676551061
7.6676676676676685,189.2852959681359,-39.19167352240128,24.68616327312907,-48.61832696571081
7.687687687687688,189.7795134510814,-40.16501340159469,24.68616327312907,-48.81852716591101
7.707707707707707,190.27373093402693,-41.14236129280412,24.68616327312907,-49.01872736611121
7.727727727727728,190.76794841697244,-42.12371719602957,24.68616327312907,-49.21892756631141
7.747747747747748,191.26216589991796,-43.10908111127104,24.68616327312907,-49.41912776651161
7.767767767767769,191.75638338286348,-44.098453038528525,24.68616327312907,-49.61932796671181
7.787787787787788,192.250600865809,-45.091832977802035,24.68616327312907,-49.81952816691201
7.807807807807807,192.7448183487545,-46.08922092909157,24.68616327312907,-50.01972836711221
7.827827827827828,193.23903583170002,-47.090616892397115,24.68616327312907,-50.21992856731241
7.847847847847848,193.73325331464554,-48.096020867718686,24.68616327312907,-50.42012876751261
7.867867867867869,194.22747079759105,-49.10543285505628,24.68616327312907,-50.62032896771281
7.887887887887888,194.72168828053657,-50.11885285440989,24.68616327312907,-50.82052916791301
7.907907907907909,195.21590576348208,-51.13628086577952,24.68616327312907,-51.02072936811321
7.927927927927928,195.7101232464276,-52.157716889165165,24.68616327312907,-51.22092956831341
7.947947947947948,196.20434072937311,-53.183160924566835,24.68616327312907,-51.42112976851361
7.967967967967969,196.69855821231863,-54.21261297198453,24.68616327312907,-51.62132996871381
7.987987987987988,197.19277569526415,-55.246073031418234,24.68616327312907,-51.82153016891401
8.008008008008009,197.68699317820966,-56.283541102867964,24.68616327312907,-52.02173036911421
8.028028028028029,198.18121066115518,-57.32501718633372,24.68616327312907,-52.22193056931441
8.048048048048047,198.6754281441007,-58.370501281815486,24.68616327312907,-52.42213076951461
8.068068068068069,199.1696456270462,-59.41999338931328,24.68616327312907,-52.62233096971481
8.088088088088089,199.66386310999172,-60.47349350882709,24.68616327312907,-52.82253116991501
8.108108108108109,200.15808059293724,-61.53100164035692,24.68616327312907,-53.02273137011521
8.128128128128129,200.65229807588275,-62.59251778390277,24.68616327312907,-53.22293157031541
8.148148148148147,201.14651555882827,-63.65804193946464,24.68616327312907,-53.42313177051561
8.168168168168169,201.64073304177379,-64.72757410704253,24.68616327312907,-53.62333197071581
8.188188188188189,202.1349505247193,-65.80111428663643,24.68616327312907,-53.82353217091601
8.208208208208209,202.62916800766482,-66.87866247824637,24.68616327312907,-54.02373237111621
8.228228228228229,203.12338549061033,-67.96021868187232,24.68616327312907,-54.22393257131641
8.248248248248247,203.61760297355585,-69.04578289751429,24.68616327312907,-54.42413277151661
8.268268268268269,204.11182045650136,-70.13535512517228,24.68616327312907,-54.62433297171681
8.288288288288289,204.60603793944688,-71.2289353648463,24.68616327312907,-54.82453317191701
8.308308308308309,205.1002554223924,-72.32652361653632,24.68616327312907,-55.02473337211721
8.328328328328329,205.5944729053379,-73.42811988024238,24.68616327312907,-55.22493357231741
8.348348348348347,206.08869038828342,-74.53372415596445,24.68616327312907,-55.42513377251761
8.368368368368369,206.58290787122894,-75.64333644370254,24.68616327312907,-55.62533397271781
8.388388388388389,207.07712535417446,-76.75695674345664,24.68616327312907,-55.82553417291801
8.408408408408409,207.57134283711997,-77.87458505522677,24.68616327312907,-56.02573437311821
8.428428428428429,208.0655603200655,-78.99622137901292,24.68616327312907,-56.22593457331841
8.448448448448449,208.559777803011,-80.12186571481509,24.68616327312907,-56.42613477351861
8.468468468468469,209.05399528595652,-81.25151806263328,24.68616327312907,-56.62633497371881
8.488488488488489,209.54821276890203,-82.38517842246749,24.68616327312907,-56.82653517391901
8.508508508508509,210.04243025184755,-83.52284679431772,24.68616327312907,-57.02673537411921
8.528528528528529,210.53664773479306,-84.66452317818397,24.68616327312907,-57.22693557431941
8.548548548548549,211.03086521773858,-85.81020757406624,24.68616327312907,-57.42713577451961
8.568568568568569,211.5250827006841,-86.95989998196453,24.68616327312907,-57.62733597471981
8.588588588588589,212.0193001836296,-88.11360040187884,24.68616327312907,-57.82753617492001
8.608608608608609,212.51351766657513,-89.27130883380917,24.68616327312907,-58.02773637512021
8.62862862862863,213.00773514952064,-90.43302527775552,24.68616327312907,-58.22793657532041
8.64864864864865,213.50195263246616,-91.5987497337179,24.68616327312907,-58.42813677552061
8.66866866866867,213.99617011541167,-92.76848220169629,24.68616327312907,-58.62833697572081
8.68868868868869,214.4903875983572,-93.9422226816907,24.68616327312907,-58.828537175921014
8.70870870870871,214.9846050813027,-95.11997117370113,24.68616327312907,-59.028737376121214
8.72872872872873,215.47882256424822,-96.30172767772758,24.68616327312907,-59.228937576321414
8.74874874874875,215.97304004719373,-97.48749219377005,24.68616327312907,-59.429137776521614
8.76876876876877,216.46725753013925,-98.67726472182855,24.68616327312907,-59.629337976721814
8.78878878878879,216.96147501308477,-99.87104526190306,24.68616327312907,-59.829538176922014
8.80880880880881,217.45569249603028,-101.06883381399359,24.68616327312907,-60.029738377122214
8.82882882882883,217.9499099789758,-102.27063037810014,24.68616327312907,-60.229938577322415
8.84884884884885,218.4441274619213,-103.47643495422271,24.68616327312907,-60.430138777522615
8.86886886886887,218.93834494486683,-104.6862475423613,24.68616327312907,-60.630338977722815
8.88888888888889,219.43256242781234,-105.9000681425159,24.68616327312907,-60.830539177923015
8.90890890890891,219.92677991075786,-107.11789675468654,24.68616327312907,-61.030739378123215
8.92892892892893,220.42099739370337,-108.33973337887319,24.68616327312907,-61.230939578323415
8.94894894894895,220.9152148766489,-109.56557801507586,24.68616327312907,-61.431139778523615
8.96896896896897,221.4094323595944,-110.79543066329455,24.68616327312907,-61.631339978723815
8.98898898898899,221.90364984253992,-112.02929132352926,24.68616327312907,-61.831540178924016
9.00900900900901,222.39786732548544,-113.26715999577999,24.68616327312907,-62.031740379124216
9.02902902902903,222.89208480843095,-114.50903668004675,24.68616327312907,-62.231940579324416
9.04904904904905,223.38630229137647,-115.75492137632952,24.68616327312907,-62.432140779524616
9.06906906906907,223.88051977432198,-117.00481408462831,24.68616327312907,-62.632340979724816
9.08908908908909,224.3747372572675,-118.25871480494312,24.68616327312907,-62.832541179925016
9.10910910910911,224.868954740213,-119.51662353727396,24.68616327312907,-63.032741380125216
9.12912912912913,225.36317222315853,-120.7785402816208,24.68616327312907,-63.23294158032542
9.14914914914915,225.85738970610404,-122.04446503798368,24.68616327312907,-63.43314178052562
9.16916916916917,226.35160718904956,-123.31439780636258,24.68616327312907,-63.63334198072582
9.18918918918919,226.84582467199508,-124.58833858675749,24.68616327312907,-63.83354218092602
9.20920920920921,227.3400421549406,-125.86628737916841,24.68616327312907,-64.03374238112622
9.22922922922923,227.8342596378861,-127.14824418359537,24.68616327312907,-64.23394258132642
9.24924924924925,228.32847712083162,-128.43420900003835,24.68616327312907,-64.43414278152662
9.26926926926927,228.82269460377714,-129.72418182849734,24.68616327312907,-64.63434298172682
9.28928928928929,229.31691208672265,-131.01816266897234,24.68616327312907,-64.83454318192702
9.30930930930931,229.81112956966817,-132.31615152146338,24.68616327312907,-65.03474338212722
9.32932932932933,230.30534705261368,-133.61814838597044,24.68616327312907,-65.23494358232742
9.34934934934935,230.7995645355592,-134.92415326249352,24.68616327312907,-65.43514378252762
9.36936936936937,231.29378201850471,-136.2341661510326,24.68616327312907,-65.63534398272782
9.38938938938939,231.78799950145023,-137.54818705158772,24.68616327312907,-65.83554418292802
9.40940940940941,232.28221698439575,-138.86621596415884,24.68616327312907,-66.03574438312822
9.42942942942943,232.77643446734126,-140.18825288874598,24.68616327312907,-66.23594458332842
9.44944944944945,233.27065195028678,-141.51429782534916,24.68616327312907,-66.43614478352862
9.46946946946947,233.7648694332323,-142.84435077396836,24.68616327312907,-66.63634498372882
9.48948948948949,234.2590869161778,-144.17841173460357,24.68616327312907,-66.83654518392902
9.50950950950951,234.75330439912332,-145.5164807072548,24.68616327312907,-67.03674538412922
9.52952952952953,235.24752188206884,-146.85855769192204,24.68616327312907,-67.23694558432942
9.54954954954955,235.74173936501435,-148.2046426886053,24.68616327312907,-67.43714578452962
9.56956956956957,236.23595684795987,-149.5547356973046,24.68616327312907,-67.63734598472982
9.58958958958959,236.73017433090538,-150.90883671801993,24.68616327312907,-67.83754618493002
9.60960960960961,237.2243918138509,-152.26694575075126,24.68616327312907,-68.03774638513022
9.62962962962963,237.71860929679642,-153.6290627954986,24.68616327312907,-68.23794658533042
9.64964964964965,238.21282677974193,-154.99518785226198,24.68616327312907,-68.43814678553062
9.66966966966967,238.70704426268745,-156.36532092104136,24.68616327312907,-68.63834698573082
9.68968968968969,239.20126174563296,-157.73946200183678,24.68616327312907,-68.83854718593102
9.70970970970971,239.69547922857848,-159.11761109464823,24.68616327312907,-69.03874738613122
9.72972972972973,240.189696711524,-160.49976819947568,24.68616327312907,-69.23894758633142
9.74974974974975,240.6839141944695,-161.88593331631915,24.68616327312907,-69.43914778653162
9.76976976976977,241.17813167741502,-163.27610644517864,24.68616327312907,-69.63934798673182
9.78978978978979,241.67234916036054,-164.67028758605414,24.68616327312907,-69.83954818693202
9.80980980980981,242.16656664330606,-166.06847673894566,24.68616327312907,-70.03974838713222
9.82982982982983,242.66078412625157,-167.47067390385322,24.68616327312907,-70.23994858733242
9.84984984984985,243.1550016091971,-168.8768790807768,24.68616327312907,-70.44014878753262
9.86986986986987,243.6492190921426,-170.2870922697164,24.68616327312907,-70.64034898773282
9.88988988988989,244.14343657508812,-171.701313470672,24.68616327312907,-70.84054918793302
9.90990990990991,244.63765405803363,-173.11954268364363,24.68616327312907,-71.04074938813322
9.92992992992993,245.13187154097915,-174.54177990863127,24.68616327312907,-71.24094958833342
9.94994994994995,245.62608902392466,-175.96802514563495,24.68616327312907,-71.44114978853362
9.96996996996997,246.12030650687018,-177.39827839465465,24.68616327312907,-71.64134998873382
9.98998998998999,246.6145239898157,-178.83253965569037,24.68616327312907,-71.84155018893402
10.01001001001001,247.1087414727612,-180.2708089287421,24.68616327312907,-72.04175038913422
10.03003003003003,247.60295895570673,-181.71308621380985,24.68616327312907,-72.24195058933442
10.05005005005005,248.09717643865224,-183.1593715108936,24.68616327312907,-72.44215078953462
10.07007007007007,248.59139392159776,-184.6096648199934,24.68616327312907,-72.64235098973482
10.09009009009009,249.08561140454327,-186.06396614110923,24.68616327312907,-72.84255118993502
10.11011011011011,249.5798288874888,-187.52227547424107,24.68616327312907,-73.04275139013522
10.13013013013013,250.0740463704343,-188.98459281938892,24.68616327312907,-73.24295159033542
10.15015015015015,250.56826385337982,-190.4509181765528,24.68616327312907,-73.44315179053562
10.17017017017017,251.06248133632533,-191.92125154573267,24.68616327312907,-73.64335199073582
10.19019019019019,251.55669881927085,-193.39559292692857,24.68616327312907,-73.84355219093602
10.21021021021021,252.05091630221636,-194.87394232014051,24.68616327312907,-74.04375239113622
10.23023023023023,252.54513378516188,-196.35629972536847,24.68616327312907,-74.24395259133642
10.25025025025025,253.0393512681074,-197.84266514261245,24.68616327312907,-74.44415279153662
10.27027027027027,253.5335687510529,-199.33303857187244,24.68616327312907,-74.64435299173682
10.29029029029029,254.02778623399843,-200.82742001314844,24.68616327312907,-74.84455319193702
10.31031031031031,254.52200371694394,-202.32580946644046,24.68616327312907,-75.04475339213722
10.33033033033033,255.01622119988946,-203.82820693174853,24.68616327312907,-75.24495359233742
10.35035035035035,255.51043868283497,-205.3346124090726,24.68616327312907,-75.44515379253762
10.37037037037037,256.0046561657805,-206.8450258984127,24.68616327312907,-75.64535399273782
10.39039039039039,256.49887364872603,-208.3594473997688,24.68616327312907,-75.84555419293802
10.41041041041041,256.9930911316716,-209.87787691314094,24.68616327312907,-76.04575439313822
10.43043043043043,257.4873086146171,-211.40031443852908,24.68616327312907,-76.24595459333842
10.45045045045045,257.98152609756266,-212.92675997593327,24.68616327312907,-76.44615479353862
10.47047047047047,258.4757435805082,-214.45721352535347,24.68616327312907,-76.64635499373883
10.49049049049049,258.96996106345375,-215.99167508678968,24.68616327312907,-76.84655519393903
10.51051051051051,259.4641785463993,-217.53014466024192,24.68616327312907,-77.04675539413923
10.53053053053053,259.95839602934484,-219.07262224571016,24.68616327312907,-77.24695559433943
10.55055055055055,260.4526135122904,-220.61910784319443,24.68616327312907,-77.44715579453963
10.57057057057057,260.9468309952359,-222.1696014526947,24.68616327312907,-77.64735599473983
10.59059059059059,261.4410484781815,-223.72410307421103,24.68616327312907,-77.84755619494003
10.61061061061061,261.935265961127,-225.28261270774337,24.68616327312907,-78.04775639514023
10.63063063063063,262.42948344407256,-226.84513035329172,24.68616327312907,-78.24795659534043
10.65065065065065,262.9237009270181,-228.4116560108561,24.68616327312907,-78.44815679554063
10.67067067067067,263.41791840996365,-229.98218968043648,24.68616327312907,-78.64835699574083
10.690690690690692,263.9121358929092,-231.55673136203288,24.68616327312907,-78.84855719594103
10.71071071071071,264.40635337585474,-233.13528105564532,24.68616327312907,-79.04875739614123
10.73073073073073,264.9005708588003,-234.71783876127378,24.68616327312907,-79.24895759634143
10.75075075075075,265.3947883417458,-236.30440447891826,24.68616327312907,-79.44915779654163
10.77077077077077,265.88900582469137,-237.89497820857875,24.68616327312907,-79.64935799674183
10.790790790790792,266.3832233076369,-239.48955995025526,24.68616327312907,-79.84955819694203
10.81081081081081,266.87744079058245,-241.08814970394778,24.68616327312907,-80.04975839714223
10.83083083083083,267.371658273528,-242.69074746965634,24.68616327312907,-80.24995859734243
10.85085085085085,267.86587575647354,-244.29735324738093,24.68616327312907,-80.45015879754263
10.87087087087087,268.3600932394191,-245.90796703712152,24.68616327312907,-80.65035899774283
10.890890890890892,268.85431072236463,-247.52258883887814,24.68616327312907,-80.85055919794303
10.91091091091091,269.3485282053102,-249.14121865265076,24.68616327312907,-81.05075939814323
10.93093093093093,269.8427456882557,-250.7638564784394,24.68616327312907,-81.25095959834343
10.95095095095095,270.33696317120126,-252.39050231624407,24.68616327312907,-81.45115979854363
10.97097097097097,270.8311806541468,-254.02115616606477,24.68616327312907,-81.65135999874383
10.990990990990992,271.32539813709235,-255.6558180279015,24.68616327312907,-81.85156019894403
11.01101101101101,271.8196156200379,-257.2944879017542,24.68616327312907,-82.05176039914423
11.03103103103103,272.31383310298344,-258.937165787623,24.68616327312907,-82.25196059934443
11.05105105105105,272.808050585929,-260.58385168550774,24.68616327312907,-82.45216079954463
11.07107107107107,273.3022680688745,-262.2345455954085,24.68616327312907,-82.65236099974483
11.091091091091092,273.79648555182007,-263.8892475173253,24.68616327312907,-82.85256119994503
11.11111111111111,274.2907030347656,-265.5479574512581,24.68616327312907,-83.05276140014523
11.13113113113113,274.78492051771116,-267.21067539720696,24.68616327312907,-83.25296160034543
11.15115115115115,275.2791380006567,-268.87740135517186,24.68616327312907,-83.45316180054563
11.17117117117117,275.77335548360224,-270.54813532515277,24.68616327312907,-83.65336200074583
11.191191191191193,276.2675729665478,-272.2228773071497,24.68616327312907,-83.85356220094603
11.21121121121121,276.76179044949333,-273.90162730116265,24.68616327312907,-84.05376240114623
11.23123123123123,277.2560079324389,-275.5843853071916,24.68616327312907,-84.25396260134643
11.25125125125125,277.7502254153844,-277.2711513252366,24.68616327312907,-84.45416280154663
11.27127127127127,278.24444289832996,-278.9619253552976,24.68616327312907,-84.65436300174683
11.291291291291293,278.7386603812755,-280.6567073973746,24.68616327312907,-84.85456320194703
11.31131131131131,279.23287786422105,-282.3554974514676,24.68616327312907,-85.05476340214723
11.33133133133133,279.7270953471666,-284.05829551757665,24.68616327312907,-85.25496360234743
11.35135135135135,280.22131283011214,-285.7651015957017,24.68616327312907,-85.45516380254763
11.37137137137137,280.7155303130577,-287.4759156858428,24.68616327312907,-85.65536400274783
11.391391391391393,281.2097477960032,-289.19073778799986,24.68616327312907,-85.85556420294803
11.411411411411411,281.7039652789488,-290.909567902173,24.68616327312907,-86.05576440314823
11.431431431431431,282.1981827618943,-292.6324060283622,24.68616327312907,-86.25596460334843
11.451451451451451,282.69240024483986,-294.3592521665674,24.68616327312907,-86.45616480354863
11.471471471471471,283.1866177277854,-296.0901063167886,24.68616327312907,-86.65636500374883
11.491491491491493,283.68083521073095,-297.8249684790258,24.68616327312907,-86.85656520394903
11.511511511511511,284.1750526936765,-299.56383865327905,24.68616327312907,-87.05676540414923
11.531531531531531,284.66927017662204,-301.3067168395483,24.68616327312907,-87.25696560434943
11.551551551551551,285.1634876595676,-303.05360303783357,24.68616327312907,-87.45716580454963
11.571571571571571,285.6577051425131,-304.80449724813485,24.68616327312907,-87.65736600474983
11.591591591591593,286.15192262545867,-306.55939947045215,24.68616327312907,-87.85756620495003
11.611611611611611,286.6461401084042,-308.31830970478546,24.68616327312907,-88.05776640515023
11.631631631631631,287.14035759134975,-310.0812279511348,24.68616327312907,-88.25796660535043
11.651651651651651,287.6345750742953,-311.8481542095002,24.68616327312907,-88.45816680555063
11.671671671671671,288.12879255724084,-313.6190884798816,24.68616327312907,-88.65836700575083
11.691691691691693,288.6230100401864,-315.39403076227904,24.68616327312907,-88.85856720595103
11.711711711711711,289.11722752313193,-317.1729810566925,24.68616327312907,-89.05876740615123
11.731731731731731,289.6114450060775,-318.95593936312196,24.68616327312907,-89.25896760635143
11.751751751751751,290.105662489023,-320.74290568156744,24.68616327312907,-89.45916780655163
11.771771771771771,290.59987997196856,-322.53388001202893,24.68616327312907,-89.65936800675183
11.791791791791793,291.0940974549141,-324.32886235450644,24.68616327312907,-89.85956820695203
11.811811811811811,291.58831493785965,-326.12785270899997,24.68616327312907,-90.05976840715223
11.831831831831831,292.0825324208052,-327.9308510755095,24.68616327312907,-90.25996860735243
11.851851851851851,292.57674990375074,-329.73785745403507,24.68616327312907,-90.46016880755263
11.871871871871871,293.0709673866963,-331.54887184457664,24.68616327312907,-90.66036900775283
11.891891891891893,293.5651848696418,-333.3638942471342,24.68616327312907,-90.86056920795303
11.911911911911911,294.05940235258737,-335.1829246617079,24.68616327312907,-91.06076940815323
11.931931931931931,294.5536198355329,-337.00596308829756,24.68616327312907,-91.26096960835343
11.951951951951951,295.04783731847846,-338.83300952690325,24.68616327312907,-91.46116980855363
11.971971971971973,295.542054801424,-340.66406397752496,24.68616327312907,-91.66137000875383
11.991991991991993,296.03627228436955,-342.4991264401627,24.68616327312907,-91.86157020895403
12.012012012012011,296.5304897673151,-344.3381969148164,24.68616327312907,-92.06177040915424
12.032032032032031,297.02470725026063,-346.1812754014862,24.68616327312907,-92.26197060935444
12.052052052052051,297.5189247332062,-348.02836190017194,24.68616327312907,-92.46217080955464
12.072072072072073,298.0131422161517,-349.87945641087373,24.68616327312907,-92.66237100975484
12.092092092092093,298.50735969909726,-351.73455893359153,24.68616327312907,-92.86257120995504
12.112112112112111,299.0015771820428,-353.59366946832534,24.68616327312907,-93.06277141015524
12.132132132132131,299.49579466498835,-355.4567880150752,24.68616327312907,-93.26297161035544
12.152152152152151,299.9900121479339,-357.323914573841,24.68616327312907,-93.46317181055564
12.172172172172173,300.48422963087944,-359.19504914462294,24.68616327312907,-93.66337201075584
12.192192192192193,300.978447113825,-361.0701917274209,24.68616327312907,-93.86357221095604
12.212212212212211,301.4726645967705,-362.9493423222348,24.68616327312907,-94.06377241115624
12.232232232232231,301.9668820797161,-364.8325009290648,24.68616327312907,-94.26397261135644
12.252252252252251,302.4610995626616,-366.7196675479108,24.68616327312907,-94.46417281155664
12.272272272272273,302.95531704560716,-368.61084217877277,24.68616327312907,-94.66437301175684
12.292292292292293,303.4495345285527,-370.5060248216508,24.68616327312907,-94.86457321195704
12.312312312312311,303.94375201149825,-372.4052154765448,24.68616327312907,-95.06477341215724
12.332332332332332,304.4379694944438,-374.30841414345485,24.68616327312907,-95.26497361235744
12.352352352352352,304.93218697738934,-376.2156208223809,24.68616327312907,-95.46517381255764
12.372372372372373,305.4264044603349,-378.126835513323,24.68616327312907,-95.66537401275784
12.392392392392393,305.9206219432804,-380.0420582162811,24.68616327312907,-95.86557421295804
12.412412412412412,306.41483942622597,-381.96128893125524,24.68616327312907,-96.06577441315824
12.432432432432432,306.9090569091715,-383.8845276582454,24.68616327312907,-96.26597461335844
12.452452452452452,307.40327439211705,-385.8117743972516,24.68616327312907,-96.46617481355864
12.472472472472473,307.8974918750626,-387.7430291482738,24.68616327312907,-96.66637501375884
12.492492492492493,308.39170935800814,-389.67829191131204,24.68616327312907,-96.86657521395904
12.512512512512512,308.8859268409537,-391.6175626863663,24.68616327312907,-97.06677541415924
12.532532532532532,309.38014432389923,-393.56084147343654,24.68616327312907,-97.26697561435944
12.552552552552552,309.8743618068448,-395.5081282725228,24.68616327312907,-97.46717581455964
12.572572572572573,310.3685792897903,-397.4594230836251,24.68616327312907,-97.66737601475984
12.592592592592593,310.86279677273586,-399.4147259067434,24.68616327312907,-97.86757621496004
12.612612612612612,311.3570142556814,-401.3740367418777,24.68616327312907,-98.06777641516024
12.632632632632632,311.85123173862695,-403.33735558902805,24.68616327312907,-98.26797661536044
12.652652652652652,312.3454492215725,-405.3046824481944,24.68616327312907,-98.46817681556064
12.672672672672673,312.83966670451804,-407.2760173193768,24.68616327312907,-98.66837701576084
12.692692692692694,313.3338841874636,-409.25136020257526,24.68616327312907,-98.86857721596104
12.712712712712712,313.8281016704091,-411.2307110977897,24.68616327312907,-99.06877741616124
12.732732732732732,314.32231915335467,-413.2140700050202,24.68616327312907,-99.26897761636144
12.752752752752752,314.8165366363002,-415.20143692426666,24.68616327312907,-99.46917781656164
12.772772772772774,315.31075411924576,-417.19281185552916,24.68616327312907,-99.66937801676184
12.792792792792794,315.8049716021913,-419.1881947988077,24.68616327312907,-99.86957821696204
12.812812812812812,316.29918908513685,-421.1875857541022,24.68616327312907,-100.06977841716224
12.832832832832832,316.7934065680824,-423.19098472141275,24.68616327312907,-100.26997861736244
12.852852852852852,317.28762405102793,-425.1983917007393,24.68616327312907,-100.47017881756264
12.872872872872874,317.7818415339735,-427.2098066920819,24.68616327312907,-100.67037901776284
12.892892892892894,318.276059016919,-429.2252296954405,24.68616327312907,-100.87057921796304
12.912912912912912,318.77027649986456,-431.2446607108151,24.68616327312907,-101.07077941816324
12.932932932932932,319.2644939828101,-433.26809973820576,24.68616327312907,-101.27097961836344
12.952952952952952,319.75871146575565,-435.29554677761246,24.68616327312907,-101.47117981856364
12.972972972972974,320.2529289487012,-437.32700182903517,24.68616327312907,-101.67138001876384
12.992992992992994,320.74714643164674,-439.3624648924739,24.68616327312907,-101.87158021896404
13.013013013013012,321.2413639145923,-441.40193596792864,24.68616327312907,-102.07178041916424
13.033033033033032,321.7355813975378,-443.4454150553994,24.68616327312907,-102.27198061936444
13.053053053053052,322.2297988804834,-445.49290215488617,24.68616327312907,-102.47218081956464
13.073073073073074,322.7240163634289,-447.54439726638896,24.68616327312907,-102.67238101976484
13.093093093093094,323.21823384637446,-449.59990038990776,24.68616327312907,-102.87258121996504
13.113113113113112,323.71245132932,-451.6594115254426,24.68616327312907,-103.07278142016524
13.133133133133132,324.20666881226555,-453.7229306729934,24.68616327312907,-103.27298162036544
13.153153153153154,324.7008862952111,-455.79045783256026,24.68616327312907,-103.47318182056564
13.173173173173174,325.19510377815664,-457.8619930041432,24.68616327312907,-103.67338202076584
13.193193193193194,325.6893212611022,-459.9375361877421,24.68616327312907,-103.87358222096604
13.213213213213212,326.1835387440477,-462.0170873833571,24.68616327312907,-104.07378242116624
13.233233233233232,326.67775622699327,-464.10064659098805,24.68616327312907,-104.27398262136644
13.253253253253254,327.1719737099388,-466.18821381063503,24.68616327312907,-104.47418282156664
13.273273273273274,327.66619119288436,-468.27978904229803,24.68616327312907,-104.67438302176684
13.293293293293294,328.1604086758299,-470.37537228597705,24.68616327312907,-104.87458322196704
13.313313313313312,328.65462615877544,-472.4749635416721,24.68616327312907,-105.07478342216724
13.333333333333332,329.148843641721,-474.57856280938313,24.68616327312907,-105.27498362236744
13.353353353353354,329.64306112466653,-476.6861700891102,24.68616327312907,-105.47518382256764
13.373373373373374,330.1372786076121,-478.79778538085327,24.68616327312907,-105.67538402276784
13.393393393393394,330.6314960905576,-480.91340868461236,24.68616327312907,-105.87558422296804
13.413413413413412,331.12571357350316,-483.0330400003875,24.68616327312907,-106.07578442316824
13.433433433433432,331.6199310564487,-485.15667932817865,24.68616327312907,-106.27598462336844
13.453453453453454,332.11414853939425,-487.28432666798585,24.68616327312907,-106.47618482356864
13.473473473473474,332.6083660223398,-489.41598201980906,24.68616327312907,-106.67638502376884
13.493493493493494,333.10258350528534,-491.5516453836483,24.68616327312907,-106.87658522396904
13.513513513513512,333.5968009882309,-493.69131675950354,24.68616327312907,-107.07678542416924
13.533533533533532,334.0910184711764,-495.8349961473748,24.68616327312907,-107.27698562436944
13.553553553553554,334.58523595412197,-497.98268354726207,24.68616327312907,-107.47718582456964
13.573573573573574,335.0794534370675,-500.13437895916536,24.68616327312907,-107.67738602476985
13.593593593593594,335.57367092001306,-502.29008238308467,24.68616327312907,-107.87758622497005
13.613613613613612,336.0678884029586,-504.44979381902,24.68616327312907,-108.07778642517025
13.633633633633632,336.56210588590415,-506.6135132669713,24.68616327312907,-108.27798662537045
13.653653653653654,337.0563233688497,-508.7812407269387,24.68616327312907,-108.47818682557065
13.673673673673674,337.55054085179523,-510.9529761989221,24.68616327312907,-108.67838702577085
13.693693693693694,338.0447583347408,-513.1287196829215,24.68616327312907,-108.87858722597105
13.713713713713712,338.5389758176863,-515.308471178937,24.68616327312907,-109.07878742617125
13.733733733733732,339.03319330063186,-517.4922306869685,24.68616327312907,-109.27898762637145
13.753753753753754,339.5274107835774,-519.679998207016,24.68616327312907,-109.47918782657165
13.773773773773774,340.02162826652295,-521.8717737390795,24.68616327312907,-109.67938802677185
13.793793793793794,340.5158457494685,-524.067557283159,24.68616327312907,-109.87958822697205
13.813813813813812,341.01006323241404,-526.2673488392545,24.68616327312907,-110.07978842717225
13.833833833833832,341.5042807153596,-528.4711484073661,24.68616327312907,-110.27998862737245
13.853853853853854,341.99849819830513,-530.6789559874936,24.68616327312907,-110.48018882757265
13.873873873873874,342.4927156812507,-532.8907715796372,24.68616327312907,-110.68038902777285
13.893893893893894,342.9869331641962,-535.1065951837968,24.68616327312907,-110.88058922797305
13.913913913913913,343.48115064714176,-537.3264267999724,24.68616327312907,-111.08078942817325
13.933933933933933,343.9753681300873,-539.550266428164,24.68616327312907,-111.28098962837345
13.953953953953954,344.46958561303285,-541.7781140683717,24.68616327312907,-111.48118982857365
13.973973973973974,344.9638030959784,-544.0099697205953,24.68616327312907,-111.68139002877385
13.993993993993994,345.45802057892394,-546.245833384835,24.68616327312907,-111.88159022897405
14.014014014014013,345.9522380618695,-548.4857050610907,24.68616327312907,-112.08179042917425
14.034034034034033,346.446455544815,-550.7295847493624,24.68616327312907,-112.28199062937445
14.054054054054054,346.94067302776057,-552.9774724496501,24.68616327312907,-112.48219082957465
14.074074074074074,347.4348905107061,-555.229368161954,24.68616327312907,-112.68239102977485
14.094094094094094,347.92910799365166,-557.4852718862738,24.68616327312907,-112.88259122997505
14.114114114114113,348.4233254765972,-559.7451836226097,24.68616327312907,-113.08279143017525
14.134134134134133,348.91754295954274,-562.0091033709616,24.68616327312907,-113.28299163037545
14.154154154154154,349.4117604424883,-564.2770311313295,24.68616327312907,-113.48319183057565
14.174174174174174,349.90597792543383,-566.5489669037134,24.68616327312907,-113.68339203077585
14.194194194194194,350.4001954083794,-568.8249106881134,24.68616327312907,-113.88359223097605
14.214214214214213,350.8944128913249,-571.1048624845293,24.68616327312907,-114.08379243117625
14.234234234234233,351.38863037427046,-573.3888222929613,24.68616327312907,-114.28399263137645
14.254254254254255,351.882847857216,-575.6767901134093,24.68616327312907,-114.48419283157665
14.274274274274275,352.37706534016155,-577.9687659458733,24.68616327312907,-114.68439303177685
14.294294294294295,352.8712828231071,-580.2647497903533,24.68616327312907,-114.88459323197705
14.314314314314313,353.36550030605264,-582.5647416468494,24.68616327312907,-115.08479343217725
14.334334334334333,353.8597177889982,-584.8687415153614,24.68616327312907,-115.28499363237745
14.354354354354355,354.3539352719437,-587.1767493958895,24.68616327312907,-115.48519383257765
14.374374374374375,354.84815275488927,-589.4887652884336,24.68616327312907,-115.68539403277785
14.394394394394395,355.3423702378348,-591.8047891929937,24.68616327312907,-115.88559423297805
14.414414414414413,355.83658772078036,-594.1248211095698,24.68616327312907,-116.08579443317825
14.434434434434436,356.3308052037259,-596.4488610381619,24.68616327312907,-116.28599463337845
14.454454454454455,356.82502268667145,-598.77690897877,24.68616327312907,-116.48619483357865
14.474474474474475,357.319240169617,-601.1089649313942,24.68616327312907,-116.68639503377885
14.494494494494495,357.81345765256253,-603.4450288960344,24.68616327312907,-116.88659523397905
14.514514514514513,358.3076751355081,-605.7851008726906,24.68616327312907,-117.08679543417925
14.534534534534536,358.8018926184536,-608.1291808613628,24.68616327312907,-117.28699563437945
14.554554554554555,359.29611010139917,-610.477268862051,24.68616327312907,-117.48719583457965
14.574574574574575,359.7903275843447,-612.8293648747554,24.68616327312907,-117.68739603477985
14.594594594594595,360.28454506729025,-615.1854688994757,24.68616327312907,-117.88759623498005
14.614614614614613,360.7787625502358,-617.5455809362121,24.68616327312907,-118.08779643518025
14.634634634634637,361.27298003318134,-619.9097009849645,24.68616327312907,-118.28799663538045
14.654654654654655,361.7671975161269,-622.2778290457329,24.68616327312907,-118.48819683558065
14.674674674674675,362.26141499907243,-624.6499651185173,24.68616327312907,-118.68839703578085
14.694694694694695,362.755632482018,-627.0261092033178,24.68616327312907,-118.88859723598105
14.714714714714713,363.2498499649635,-629.4062613001342,24.68616327312907,-119.08879743618125
14.734734734734737,363.74406744790906,-631.7904214089667,24.68616327312907,-119.28899763638145
14.754754754754755,364.2382849308546,-634.1785895298152,24.68616327312907,-119.48919783658165
14.774774774774775,364.73250241380015,-636.5707656626797,24.68616327312907,-119.68939803678185
14.794794794794795,365.2267198967457,-638.9669498075602,24.68616327312907,-119.88959823698205
14.814814814814813,365.72093737969124,-641.3671419644568,24.68616327312907,-120.08979843718225
14.834834834834837,366.2151548626368,-643.7713421333693,24.68616327312907,-120.28999863738245
14.854854854854855,366.7093723455823,-646.1795503142979,24.68616327312907,-120.49019883758265
14.874874874874875,367.20358982852787,-648.5917665072425,24.68616327312907,-120.69039903778285
14.894894894894895,367.6978073114734,-651.0079907122031,24.68616327312907,-120.89059923798305
14.914914914914913,368.19202479441896,-653.4282229291797,24.68616327312907,-121.09079943818325
14.934934934934937,368.6862422773645,-655.8524631581723,24.68616327312907,-121.29099963838345
14.954954954954955,369.18045976031004,-658.280711399181,24.68616327312907,-121.49119983858365
14.974974974974975,369.6746772432556,-660.7129676522056,24.68616327312907,-121.69140003878385
14.994994994994995,370.16889472620113,-663.1492319172463,24.68616327312907,-121.89160023898405
15.015015015015013,370.6631122091467,-665.589504194303,24.68616327312907,-122.09180043918425
15.035035035035037,371.1573296920922,-668.0337844833757,24.68616327312907,-122.29200063938445
15.055055055055055,371.65154717503776,-670.4820727844644,24.68616327312907,-122.49220083958465
15.075075075075075,372.1457646579833,-672.9343690975693,24.68616327312907,-122.69240103978485
15.095095095095095,372.63998214092885,-675.3906734226902,24.68616327312907,-122.89260123998505
15.115115115115113,373.1341996238744,-677.850985759827,24.68616327312907,-123.09280144018526
15.135135135135137,373.62841710681994,-680.3153061089799,24.68616327312907,-123.29300164038546
15.155155155155155,374.1226345897655,-682.7836344701489,24.68616327312907,-123.49320184058566
15.175175175175175,374.616852072711,-685.2559708433338,24.68616327312907,-123.69340204078586
15.195195195195195,375.11106955565657,-687.7323152285347,24.68616327312907,-123.89360224098606
15.215215215215213,375.6052870386021,-690.2126676257517,24.68616327312907,-124.09380244118626
15.235235235235237,376.09950452154766,-692.6970280349847,24.68616327312907,-124.29400264138646
15.255255255255255,376.5937220044932,-695.1853964562337,24.68616327312907,-124.49420284158666
15.275275275275275,377.08793948743875,-697.6777728894987,24.68616327312907,-124.69440304178686
15.295295295295295,377.5821569703843,-700.1741573347797,24.68616327312907,-124.89460324198706
15.315315315315313,378.07637445332983,-702.6745497920767,24.68616327312907,-125.09480344218726
15.335335335335337,378.5705919362754,-705.1789502613898,24.68616327312907,-125.29500364238746
15.355355355355355,379.0648094192209,-707.6873587427189,24.68616327312907,-125.49520384258766
15.375375375375375,379.55902690216647,-710.1997752360639,24.68616327312907,-125.69540404278786
15.395395395395395,380.053244385112,-712.716199741425,24.68616327312907,-125.89560424298806
15.415415415415413,380.54746186805755,-715.2366322588022,24.68616327312907,-126.09580444318826
15.435435435435437,381.0416793510031,-717.7610727881953,24.68616327312907,-126.29600464338846
15.455455455455455,381.53589683394864,-720.2895213296044,24.68616327312907,-126.49620484358866
15.475475475475475,382.0301143168942,-722.8219778830296,24.68616327312907,-126.69640504378886
15.495495495495495,382.52433179983973,-725.3584424484708,24.68616327312907,-126.89660524398906
15.515515515515514,383.0185492827853,-727.898915025928,24.68616327312907,-127.09680544418926
15.535535535535537,383.5127667657308,-730.4433956154012,24.68616327312907,-127.29700564438946
15.555555555555555,384.00698424867636,-732.9918842168904,24.68616327312907,-127.49720584458966
15.575575575575575,384.5012017316219,-735.5443808303958,24.68616327312907,-127.69740604478986
15.595595595595595,384.99541921456745,-738.1008854559171,24.68616327312907,-127.89760624499006
15.615615615615614,385.489636697513,-740.6613980934545,24.68616327312907,-128.09780644519026
15.635635635635637,385.98385418045854,-743.2259187430079,24.68616327312907,-128.29800664539047
15.655655655655655,386.4780716634041,-745.7944474045773,24.68616327312907,-128.4982068455907
15.675675675675675,386.9722891463496,-748.3669840781628,24.68616327312907,-128.6984070457909
15.695695695695695,387.46650662929517,-750.9435287637642,24.68616327312907,-128.89860724599112
15.715715715715717,387.9607241122407,-753.5240814613817,24.68616327312907,-129.09880744619133
15.735735735735737,388.45494159518626,-756.1086421710152,24.68616327312907,-129.29900764639154
15.755755755755755,388.9491590781318,-758.6972108926647,24.68616327312907,-129.49920784659176
15.775775775775776,389.44337656107734,-761.2897876263302,24.68616327312907,-129.69940804679197
15.795795795795796,389.9375940440229,-763.8863723720117,24.68616327312907,-129.8996082469922
15.815815815815817,390.43181152696843,-766.4869651297092,24.68616327312907,-130.0998084471924
15.835835835835837,390.926029009914,-769.0915658994228,24.68616327312907,-130.30000864739262
15.855855855855856,391.4202464928595,-771.7001746811524,24.68616327312907,-130.50020884759283
15.875875875875876,391.91446397580506,-774.312791474898,24.68616327312907,-130.70040904779304
15.895895895895896,392.4086814587506,-776.9294162806596,24.68616327312907,-130.90060924799326
15.915915915915917,392.90289894169615,-779.5500490984372,24.68616327312907,-131.10080944819347
15.935935935935937,393.3971164246417,-782.1746899282308,24.68616327312907,-131.3010096483937
15.955955955955956,393.89133390758724,-784.8033387700405,24.68616327312907,-131.5012098485939
15.975975975975976,394.3855513905328,-787.4359956238661,24.68616327312907,-131.70141004879412
15.995995995995996,394.8797688734783,-790.0726604897078,24.68616327312907,-131.90161024899433
16.016016016016017,395.37398635642387,-792.7133333675655,24.68616327312907,-132.10181044919455
16.036036036036037,395.8682038393694,-795.3580142574392,24.68616327312907,-132.30201064939476
16.056056056056057,396.36242132231496,-798.006703159329,24.68616327312907,-132.50221084959497
16.076076076076077,396.8566388052605,-800.6594000732349,24.68616327312907,-132.7024110497952
16.096096096096094,397.35085628820605,-803.3161049991568,24.68616327312907,-132.9026112499954
16.116116116116117,397.8450737711516,-805.9768179370947,24.68616327312907,-133.10281145019562
16.136136136136138,398.33929125409713,-808.6415388870486,24.68616327312907,-133.30301165039583
16.156156156156158,398.8335087370427,-811.3102678490185,24.68616327312907,-133.50321185059605
16.176176176176178,399.3277262199882,-813.9830048230044,24.68616327312907,-133.70341205079626
16.196196196196194,399.82194370293377,-816.6597498090064,24.68616327312907,-133.90361225099647
16.216216216216218,400.3161611858793,-819.3405028070243,24.68616327312907,-134.1038124511967
16.236236236236238,400.81037866882485,-822.0252638170583,24.68616327312907,-134.3040126513969
16.256256256256258,401.3045961517704,-824.7140328391083,24.68616327312907,-134.50421285159712
16.276276276276278,401.79881363471594,-827.4068098731743,24.68616327312907,-134.70441305179733
16.296296296296294,402.2930311176615,-830.1035949192564,24.68616327312907,-134.90461325199755
16.316316316316318,402.78724860060703,-832.8043879773544,24.68616327312907,-135.10481345219776
16.336336336336338,403.2814660835526,-835.5091890474685,24.68616327312907,-135.30501365239797
16.356356356356358,403.7756835664981,-838.2179981295985,24.68616327312907,-135.5052138525982
16.376376376376378,404.26990104944366,-840.9308152237446,24.68616327312907,-135.7054140527984
16.396396396396394,404.7641185323892,-843.6476403299067,24.68616327312907,-135.90561425299862
16.416416416416418,405.25833601533475,-846.3684734480848,24.68616327312907,-136.10581445319883
16.436436436436438,405.7525534982803,-849.093314578279,24.68616327312907,-136.30601465339905
16.456456456456458,406.24677098122584,-851.8221637204891,24.68616327312907,-136.50621485359926
16.476476476476478,406.7409884641714,-854.5550208747153,24.68616327312907,-136.70641505379947
16.496496496496494,407.2352059471169,-857.2918860409575,24.68616327312907,-136.9066152539997
16.516516516516518,407.72942343006247,-860.0327592192157,24.68616327312907,-137.1068154541999
16.536536536536538,408.223640913008,-862.77764040949,24.68616327312907,-137.30701565440012
16.556556556556558,408.71785839595356,-865.5265296117803,24.68616327312907,-137.50721585460033
16.576576576576578,409.2120758788991,-868.2794268260867,24.68616327312907,-137.70741605480055
16.596596596596594,409.70629336184464,-871.0363320524091,24.68616327312907,-137.90761625500076
16.616616616616618,410.2005108447902,-873.7972452907475,24.68616327312907,-138.10781645520098
16.636636636636638,410.69472832773573,-876.5621665411019,24.68616327312907,-138.3080166554012
16.656656656656658,411.1889458106813,-879.3310958034723,24.68616327312907,-138.5082168556014
16.676676676676678,411.6831632936268,-882.1040330778587,24.68616327312907,-138.70841705580162
16.696696696696694,412.17738077657236,-884.8809783642612,24.68616327312907,-138.90861725600183
16.716716716716718,412.6715982595179,-887.6619316626796,24.68616327312907,-139.10881745620205
16.736736736736738,413.16581574246345,-890.4468929731141,24.68616327312907,-139.30901765640226
16.756756756756758,413.660033225409,-893.2358622955646,24.68616327312907,-139.50921785660248
16.776776776776778,414.15425070835454,-896.0288396300311,24.68616327312907,-139.7094180568027
16.796796796796794,414.6484681913001,-898.8258249765137,24.68616327312907,-139.9096182570029
16.816816816816818,415.1426856742456,-901.6268183350122,24.68616327312907,-140.10981845720312
16.836836836836838,415.63690315719117,-904.4318197055268,24.68616327312907,-140.31001865740333
16.856856856856858,416.1311206401367,-907.2408290880574,24.68616327312907,-140.51021885760355
16.876876876876878,416.62533812308226,-910.053846482604,24.68616327312907,-140.71041905780376
16.896896896896898,417.1195556060278,-912.8708718891666,24.68616327312907,-140.91061925800398
16.916916916916918,417.61377308897335,-915.6919053077452,24.68616327312907,-141.1108194582042
16.936936936936938,418.1079905719189,-918.5169467383398,24.68616327312907,-141.3110196584044
16.956956956956958,418.60220805486443,-921.3459961809505,24.68616327312907,-141.51121985860462
16.976976976976978,419.09642553781,-924.1790536355771,24.68616327312907,-141.71142005880483
16.996996996996998,419.5906430207555,-927.0161191022198,24.68616327312907,-141.91162025900505
17.017017017017018,420.08486050370107,-929.8571925808786,24.68616327312907,-142.11182045920526
17.037037037037038,420.5790779866466,-932.7022740715535,24.68616327312907,-142.31202065940548
17.057057057057058,421.07329546959215,-935.5513635742443,24.68616327312907,-142.5122208596057
17.077077077077078,421.5675129525377,-938.4044610889512,24.68616327312907,-142.7124210598059
17.097097097097098,422.06173043548324,-941.261566615674,24.68616327312907,-142.91262126000612
17.117117117117118,422.5559479184288,-944.1226801544129,24.68616327312907,-143.11282146020633
17.137137137137138,423.05016540137433,-946.9878017051678,24.68616327312907,-143.31302166040655
17.157157157157158,423.5443828843199,-949.8569312679388,24.68616327312907,-143.51322186060676
17.177177177177178,424.0386003672654,-952.7300688427257,24.68616327312907,-143.71342206080698
17.197197197197198,424.53281785021096,-955.6072144295287,24.68616327312907,-143.9136222610072
17.217217217217218,425.0270353331565,-958.4883680283476,24.68616327312907,-144.1138224612074
17.237237237237238,425.52125281610205,-961.3735296391826,24.68616327312907,-144.31402266140762
17.25725725725726,426.0154702990476,-964.2626992620336,24.68616327312907,-144.51422286160783
17.27727727727728,426.50968778199314,-967.1558768969006,24.68616327312907,-144.71442306180805
17.2972972972973,427.0039052649387,-970.0530625437837,24.68616327312907,-144.91462326200826
17.31731731731732,427.4981227478842,-972.9542562026827,24.68616327312907,-145.11482346220848
17.33733733733734,427.99234023082977,-975.8594578735978,24.68616327312907,-145.3150236624087
17.35735735735736,428.4865577137753,-978.7686675565288,24.68616327312907,-145.5152238626089
17.37737737737738,428.98077519672086,-981.6818852514759,24.68616327312907,-145.71542406280912
17.3973973973974,429.4749926796664,-984.599110958439,24.68616327312907,-145.91562426300933
17.41741741741742,429.96921016261194,-987.5203446774182,24.68616327312907,-146.11582446320955
17.43743743743744,430.4634276455575,-990.4455864084133,24.68616327312907,-146.31602466340976
17.45745745745746,430.95764512850303,-993.3748361514245,24.68616327312907,-146.51622486360998
17.47747747747748,431.4518626114486,-996.3080939064516,24.68616327312907,-146.7164250638102
17.4974974974975,431.9460800943941,-999.2453596734949,24.68616327312907,-146.9166252640104
17.51751751751752,432.44029757733966,-1002.1866334525542,24.68616327312907,-147.11682546421062
17.53753753753754,432.9345150602852,-1005.1319152436296,24.68616327312907,-147.31702566441083
17.55755755755756,433.42873254323075,-1008.0812050467209,24.68616327312907,-147.51722586461105
17.57757757757758,433.9229500261763,-1011.0345028618283,24.68616327312907,-147.71742606481126
17.5975975975976,434.41716750912184,-1013.9918086889517,24.68616327312907,-147.91762626501148
17.61761761761762,434.9113849920674,-1016.9531225280911,24.68616327312907,-148.1178264652117
17.63763763763764,435.4056024750129,-1019.9184443792465,24.68616327312907,-148.3180266654119
17.65765765765766,435.89981995795847,-1022.8877742424179,24.68616327312907,-148.51822686561212
17.67767767767768,436.394037440904,-1025.8611121176052,24.68616327312907,-148.71842706581234
17.6976976976977,436.88825492384956,-1028.8384580048087,24.68616327312907,-148.91862726601255
17.71771771771772,437.3824724067951,-1031.819811904028,24.68616327312907,-149.11882746621276
17.73773773773774,437.87668988974065,-1034.8051738152635,24.68616327312907,-149.31902766641298
17.75775775775776,438.3709073726862,-1037.7945437385151,24.68616327312907,-149.5192278666132
17.77777777777778,438.86512485563173,-1040.7879216737826,24.68616327312907,-149.7194280668134
17.7977977977978,439.3593423385773,-1043.7853076210663,24.68616327312907,-149.91962826701362
17.81781781781782,439.8535598215228,-1046.7867015803658,24.68616327312907,-150.11982846721384
17.83783783783784,440.34777730446837,-1049.7921035516815,24.68616327312907,-150.32002866741405
17.85785785785786,440.8419947874139,-1052.801513535013,24.68616327312907,-150.52022886761426
17.87787787787788,441.33621227035945,-1055.8149315303608,24.68616327312907,-150.72042906781448
17.8978978978979,441.830429753305,-1058.8323575377244,24.68616327312907,-150.9206292680147
17.91791791791792,442.32464723625054,-1061.8537915571042,24.68616327312907,-151.1208294682149
17.93793793793794,442.8188647191961,-1064.8792335884998,24.68616327312907,-151.32102966841512
17.95795795795796,443.31308220214163,-1067.9086836319116,24.68616327312907,-151.52122986861534
17.97797797797798,443.8072996850872,-1070.9421416873392,24.68616327312907,-151.72143006881555
17.997997997998,444.3015171680327,-1073.979607754783,24.68616327312907,-151.92163026901576
18.01801801801802,444.79573465097826,-1077.0210818342428,24.68616327312907,-152.12183046921598
18.03803803803804,445.2899521339238,-1080.0665639257186,24.68616327312907,-152.3220306694162
18.05805805805806,445.78416961686935,-1083.1160540292103,24.68616327312907,-152.5222308696164
18.07807807807808,446.2783870998149,-1086.1695521447182,24.68616327312907,-152.72243106981662
18.0980980980981,446.77260458276044,-1089.227058272242,24.68616327312907,-152.92263127001684
18.11811811811812,447.266822065706,-1092.2885724117818,24.68616327312907,-153.12283147021705
18.13813813813814,447.7610395486515,-1095.3540945633376,24.68616327312907,-153.32303167041727
18.15815815815816,448.25525703159707,-1098.4236247269096,24.68616327312907,-153.52323187061748
18.17817817817818,448.7494745145426,-1101.4971629024974,24.68616327312907,-153.7234320708177
18.1981981981982,449.24369199748816,-1104.5747090901014,24.68616327312907,-153.9236322710179
18.21821821821822,449.7379094804337,-1107.6562632897214,24.68616327312907,-154.12383247121812
18.23823823823824,450.23212696337924,-1110.7418255013574,24.68616327312907,-154.32403267141834
18.25825825825826,450.7263444463248,-1113.8313957250095,24.68616327312907,-154.52423287161855
18.27827827827828,451.22056192927033,-1116.9249739606776,24.68616327312907,-154.72443307181877
18.2982982982983,451.7147794122159,-1120.0225602083617,24.68616327312907,-154.92463327201898
18.31831831831832,452.2089968951614,-1123.1241544680618,24.68616327312907,-155.1248334722192
18.33833833833834,452.70321437810696,-1126.229756739778,24.68616327312907,-155.3250336724194
18.35835835835836,453.1974318610525,-1129.33936702351,24.68616327312907,-155.52523387261962
18.37837837837838,453.69164934399805,-1132.4529853192582,24.68616327312907,-155.72543407281984
18.3983983983984,454.1858668269436,-1135.5706116270223,24.68616327312907,-155.92563427302005
18.41841841841842,454.68008430988914,-1138.6922459468026,24.68616327312907,-156.12583447322027
18.43843843843844,455.1743017928347,-1141.8178882785987,24.68616327312907,-156.32603467342048
18.45845845845846,455.6685192757802,-1144.947538622411,24.68616327312907,-156.5262348736207
18.47847847847848,456.16273675872577,-1148.0811969782392,24.68616327312907,-156.7264350738209
18.4984984984985,456.6569542416713,-1151.2188633460835,24.68616327312907,-156.92663527402112
18.51851851851852,457.15117172461686,-1154.3605377259437,24.68616327312907,-157.12683547422134
18.53853853853854,457.6453892075624,-1157.50622011782,24.68616327312907,-157.32703567442155
18.55855855855856,458.13960669050795,-1160.6559105217123,24.68616327312907,-157.52723587462177
18.57857857857858,458.6338241734535,-1163.8096089376206,24.68616327312907,-157.72743607482198
18.5985985985986,459.12804165639903,-1166.967315365545,24.68616327312907,-157.9276362750222
18.61861861861862,459.6222591393446,-1170.1290298054853,24.68616327312907,-158.1278364752224
18.63863863863864,460.1164766222901,-1173.2947522574416,24.68616327312907,-158.32803667542262
18.65865865865866,460.61069410523567,-1176.464482721414,24.68616327312907,-158.52823687562284
18.67867867867868,461.1049115881812,-1179.6382211974026,24.68616327312907,-158.72843707582305
18.6986986986987,461.59912907112675,-1182.815967685407,24.68616327312907,-158.92863727602327
18.71871871871872,462.0933465540723,-1185.9977221854276,24.68616327312907,-159.12883747622348
18.73873873873874,462.58756403701784,-1189.183484697464,24.68616327312907,-159.3290376764237
18.75875875875876,463.0817815199634,-1192.3732552215167,24.68616327312907,-159.5292378766239
18.77877877877878,463.57599900290893,-1195.5670337575852,24.68616327312907,-159.72943807682412
18.7987987987988,464.0702164858545,-1198.76482030567,24.68616327312907,-159.92963827702434
18.81881881881882,464.5644339688,-1201.9666148657705,24.68616327312907,-160.12983847722455
18.83883883883884,465.05865145174556,-1205.1724174378871,24.68616327312907,-160.33003867742477
18.85885885885886,465.5528689346911,-1208.3822280220197,24.68616327312907,-160.53023887762498
18.87887887887888,466.04708641763665,-1211.5960466181684,24.68616327312907,-160.7304390778252
18.8988988988989,466.5413039005822,-1214.813873226333,24.68616327312907,-160.9306392780254
18.91891891891892,467.03552138352774,-1218.0357078465138,24.68616327312907,-161.13083947822562
18.93893893893894,467.5297388664733,-1221.2615504787104,24.68616327312907,-161.33103967842584
18.95895895895896,468.0239563494188,-1224.4914011229232,24.68616327312907,-161.53123987862605
18.97897897897898,468.51817383236437,-1227.7252597791519,24.68616327312907,-161.73144007882627
18.998998998999,469.0123913153099,-1230.9631264473967,24.68616327312907,-161.93164027902648
19.01901901901902,469.50660879825546,-1234.2050011276574,24.68616327312907,-162.1318404792267
19.03903903903904,470.000826281201,-1237.4508838199342,24.68616327312907,-162.3320406794269
19.05905905905906,470.49504376414654,-1240.700774524227,24.68616327312907,-162.53224087962712
19.07907907907908,470.9892612470921,-1243.9546732405358,24.68616327312907,-162.73244107982734
19.0990990990991,471.48347873003763,-1247.2125799688606,24.68616327312907,-162.93264128002755
19.11911911911912,471.9776962129832,-1250.4744947092015,24.68616327312907,-163.13284148022777
19.13913913913914,472.4719136959287,-1253.7404174615583,24.68616327312907,-163.33304168042798
19.15915915915916,472.96613117887426,-1257.0103482259312,24.68616327312907,-163.5332418806282
19.17917917917918,473.4603486618198,-1260.2842870023203,24.68616327312907,-163.7334420808284
19.1991991991992,473.95456614476535,-1263.5622337907253,24.68616327312907,-163.93364228102863
19.21921921921922,474.4487836277109,-1266.8441885911463,24.68616327312907,-164.13384248122884
19.23923923923924,474.94300111065644,-1270.1301514035833,24.68616327312907,-164.33404268142905
19.25925925925926,475.437218593602,-1273.4201222280365,24.68616327312907,-164.53424288162927
19.27927927927928,475.9314360765475,-1276.7141010645055,24.68616327312907,-164.73444308182948
19.2992992992993,476.42565355949307,-1280.0120879129906,24.68616327312907,-164.9346432820297
19.31931931931932,476.9198710424386,-1283.3140827734917,24.68616327312907,-165.1348434822299
19.33933933933934,477.41408852538416,-1286.6200856460089,24.68616327312907,-165.33504368243013
19.35935935935936,477.9083060083297,-1289.930096530542,24.68616327312907,-165.53524388263034
19.37937937937938,478.40252349127525,-1293.2441154270912,24.68616327312907,-165.73544408283055
19.3993993993994,478.8967409742208,-1296.5621423356563,24.68616327312907,-165.93564428303077
19.41941941941942,479.39095845716633,-1299.8841772562375,24.68616327312907,-166.13584448323098
19.43943943943944,479.8851759401119,-1303.2102201888347,24.68616327312907,-166.3360446834312
19.45945945945946,480.3793934230574,-1306.540271133448,24.68616327312907,-166.5362448836314
19.47947947947948,480.87361090600297,-1309.8743300900771,24.68616327312907,-166.73644508383163
19.4994994994995,481.3678283889485,-1313.2123970587224,24.68616327312907,-166.93664528403184
19.51951951951952,481.86204587189405,-1316.5544720393837,24.68616327312907,-167.13684548423205
19.53953953953954,482.3562633548396,-1319.900555032061,24.68616327312907,-167.33704568443227
19.55955955955956,482.85048083778514,-1323.2506460367542,24.68616327312907,-167.53724588463248
19.57957957957958,483.3446983207307,-1326.6047450534636,24.68616327312907,-167.7374460848327
19.5995995995996,483.83891580367623,-1329.9628520821889,24.68616327312907,-167.9376462850329
19.61961961961962,484.3331332866218,-1333.3249671229303,24.68616327312907,-168.13784648523313
19.63963963963964,484.8273507695673,-1336.6910901756878,24.68616327312907,-168.33804668543334
19.65965965965966,485.32156825251286,-1340.0612212404612,24.68616327312907,-168.53824688563355
19.67967967967968,485.8157857354584,-1343.4353603172508,24.68616327312907,-168.73844708583377
19.6996996996997,486.31000321840395,-1346.8135074060563,24.68616327312907,-168.93864728603398
19.71971971971972,486.8042207013495,-1350.1956625068779,24.68616327312907,-169.1388474862342
19.73973973973974,487.29843818429504,-1353.5818256197153,24.68616327312907,-169.3390476864344
19.75975975975976,487.7926556672406,-1356.971996744569,24.68616327312907,-169.53924788663463
19.77977977977978,488.2868731501861,-1360.3661758814385,24.68616327312907,-169.73944808683484
19.7997997997998,488.78109063313167,-1363.7643630303241,24.68616327312907,-169.93964828703506
19.81981981981982,489.2753081160772,-1367.1665581912257,24.68616327312907,-170.13984848723527
19.83983983983984,489.76952559902276,-1370.5727613641434,24.68616327312907,-170.34004868743548
19.85985985985986,490.2637430819683,-1373.982972549077,24.68616327312907,-170.5402488876357
19.87987987987988,490.75796056491384,-1377.3971917460267,24.68616327312907,-170.7404490878359
19.8998998998999,491.2521780478594,-1380.8154189549923,24.68616327312907,-170.94064928803613
19.91991991991992,491.74639553080493,-1384.237654175974,24.68616327312907,-171.14084948823634
19.93993993993994,492.2406130137505,-1387.6638974089717,24.68616327312907,-171.34104968843656
19.95995995995996,492.734830496696,-1391.0941486539855,24.68616327312907,-171.54124988863677
19.97997997997998,493.22904797964156,-1394.5284079110152,24.68616327312907,-171.74145008883698
20.0,493.7232654625871,-1397.966675180061,24.68616327312907,-171.9416502890372
