t,xpos,ypos,vx,vy
0.0,0.0,39.46535060645403,6.098118204865933,11.733577096642858
0.02002002002002002,0.12208444854586452,39.70025705483527,6.098118204865933,11.533376896442658
0.04004004004004004,0.24416889709172904,39.931155491200485,6.098118204865933,11.333176696242457
0.06006006006006006,0.36625334563759354,40.158045915549685,6.098118204865933,11.132976496042257
0.08008008008008008,0.4883377941834581,40.38092832788286,6.098118204865933,10.932776295842057
0.10010010010010009,0.6104222427293226,40.59980272820002,6.098118204865933,10.732576095641857
0.12012012012012012,0.7325066912751871,40.81466911650116,6.098118204865933,10.532375895441657
0.14014014014014015,0.8545911398210516,41.025527492786274,6.098118204865933,10.332175695241457
0.16016016016016016,0.9766755883669161,41.232377857055376,6.098118204865933,10.131975495041257
0.18018018018018017,1.0987600369127806,41.435220209308454,6.098118204865933,9.931775294841056
0.20020020020020018,1.220844485458645,41.63405454954551,6.098118204865933,9.731575094640856
0.22022022022022023,1.3429289340045096,41.82888087776655,6.098118204865933,9.531374894440656
0.24024024024024024,1.4650133825503742,42.01969919397157,6.098118204865933,9.331174694240456
0.2602602602602603,1.5870978310962387,42.206509498160564,6.098118204865933,9.130974494040256
0.2802802802802803,1.7091822796421032,42.389311790333544,6.098118204865933,8.930774293840056
0.3003003003003003,1.8312667281879678,42.5681060704905,6.098118204865933,8.730574093639856
0.3203203203203203,1.9533511767338323,42.74289233863144,6.098118204865933,8.530373893439656
0.3403403403403404,2.0754356252796966,42.91367059475636,6.098118204865933,8.330173693239455
0.36036036036036034,2.197520073825561,43.08044083886526,6.098118204865933,8.129973493039255
0.3803803803803804,2.3196045223714257,43.24320307095814,6.098118204865933,7.929773292839055
0.40040040040040037,2.44168897091729,43.401957291034996,6.098118204865933,7.729573092638855
0.42042042042042044,2.5637734194631547,43.55670349909583,6.098118204865933,7.529372892438655
0.44044044044044045,2.6858578680090193,43.70744169514065,6.098118204865933,7.329172692238455
0.4604604604604605,2.807942316554884,43.85417187916945,6.098118204865933,7.128972492038255
0.4804804804804805,2.9300267651007483,43.996894051182224,6.098118204865933,6.9287722918380545
0.5005005005005005,3.052111213646613,44.13560821117898,6.098118204865933,6.728572091637854
0.5205205205205206,3.1741956621924774,44.27031435915972,6.098118204865933,6.528371891437654
0.5405405405405406,3.296280110738342,44.40101249512444,6.098118204865933,6.328171691237454
0.5605605605605606,3.4183645592842065,44.52770261907314,6.098118204865933,6.127971491037254
0.5805805805805806,3.540449007830071,44.650384731005815,6.098118204865933,5.927771290837054
0.6006006006006006,3.6625334563759355,44.769058830922475,6.098118204865933,5.727571090636854
0.6206206206206206,3.7846179049218,44.88372491882311,6.098118204865933,5.527370890436654
0.6406406406406406,3.9067023534676646,44.99438299470773,6.098118204865933,5.3271706902364535
0.6606606606606606,4.028786802013529,45.10103305857633,6.098118204865933,5.126970490036253
0.6806806806806808,4.150871250559393,45.203675110428904,6.098118204865933,4.926770289836053
0.7007007007007007,4.272955699105258,45.30230915026546,6.098118204865933,4.726570089635853
0.7207207207207207,4.395040147651122,45.396935178086,6.098118204865933,4.526369889435653
0.7407407407407407,4.517124596196987,45.48755319389051,6.098118204865933,4.326169689235453
0.7607607607607608,4.639209044742851,45.57416319767901,6.098118204865933,4.125969489035253
0.7807807807807808,4.761293493288716,45.65676518945149,6.098118204865933,3.9257692888350526
0.8008008008008007,4.88337794183458,45.735359169207946,6.098118204865933,3.7255690886348525
0.8208208208208208,5.005462390380445,45.809945136948386,6.098118204865933,3.5253688884346523
0.8408408408408409,5.1275468389263095,45.8805230926728,6.098118204865933,3.325168688234452
0.8608608608608609,5.249631287472174,45.9470930363812,6.098118204865933,3.124968488034252
0.8808808808808809,5.3717157360180385,46.009654968073576,6.098118204865933,2.924768287834052
0.9009009009009008,5.493800184563903,46.06820888774993,6.098118204865933,2.724568087633852
0.920920920920921,5.615884633109768,46.12275479541027,6.098118204865933,2.5243678874336517
0.9409409409409409,5.737969081655632,46.17329269105459,6.098118204865933,2.3241676872334516
0.960960960960961,5.860053530201497,46.21982257468289,6.098118204865933,2.1239674870332514
0.980980980980981,5.982137978747361,46.26234444629517,6.098118204865933,1.9237672868330513
1.001001001001001,6.104222427293226,46.300858305891424,6.098118204865933,1.7235670866328512
1.021021021021021,6.22630687583909,46.33536415347166,6.098118204865933,1.523366886432651
1.0410410410410411,6.348391324384955,46.36586198903588,6.098118204865933,1.323166686232451
1.0610610610610611,6.470475772930819,46.392351812584074,6.098118204865933,1.1229664860322508
1.0810810810810811,6.592560221476684,46.41483362411625,6.098118204865933,0.9227662858320507
1.1011011011011012,6.714644670022548,46.43330742363241,6.098118204865933,0.7225660856318505
1.1211211211211212,6.836729118568413,46.44777321113254,6.098118204865933,0.5223658854316504
1.1411411411411412,6.9588135671142775,46.45823098661666,6.098118204865933,0.3221656852314502
1.1611611611611612,7.080898015660142,46.46468075008476,6.098118204865933,0.12196548503125004
1.1811811811811812,7.2029824642060065,46.467122501536835,6.098118204865933,-0.07823471516895014
1.2012012012012012,7.325066912751871,46.465556240972894,6.098118204865933,-0.2784349153691503
1.2212212212212212,7.447151361297736,46.45998196839293,6.098118204865933,-0.4786351155693505
1.2412412412412412,7.5692358098436,46.450399683796945,6.098118204865933,-0.6788353157695507
1.2612612612612613,7.691320258389465,46.436809387184944,6.098118204865933,-0.8790355159697509
1.2812812812812813,7.813404706935329,46.41921107855692,6.098118204865933,-1.079235716169951
1.3013013013013013,7.935489155481194,46.39760475791288,6.098118204865933,-1.2794359163701512
1.3213213213213213,8.057573604027057,46.37199042525282,6.098118204865933,-1.4796361165703513
1.3413413413413413,8.179658052572922,46.34236808057673,6.098118204865933,-1.6798363167705515
1.3613613613613615,8.301742501118786,46.30873772388463,6.098118204865933,-1.8800365169707516
1.3813813813813813,8.423826949664651,46.27109935517651,6.098118204865933,-2.0802367171709517
1.4014014014014013,8.545911398210515,46.229452974452364,6.098118204865933,-2.280436917371152
1.4214214214214214,8.66799584675638,46.1837985817122,6.098118204865933,-2.480637117571352
1.4414414414414414,8.790080295302245,46.13413617695602,6.098118204865933,-2.680837317771552
1.4614614614614616,8.912164743848109,46.08046576018381,6.098118204865933,-2.8810375179717522
1.4814814814814814,9.034249192393974,46.02278733139559,6.098118204865933,-3.0812377181719524
1.5015015015015014,9.156333640939838,45.96110089059135,6.098118204865933,-3.2814379183721525
1.5215215215215216,9.278418089485703,45.895406437771086,6.098118204865933,-3.4816381185723526
1.5415415415415414,9.400502538031567,45.825703972934804,6.098118204865933,-3.6818383187725527
1.5615615615615617,9.522586986577432,45.7519934960825,6.098118204865933,-3.882038518972753
1.5815815815815815,9.644671435123296,45.67427500721418,6.098118204865933,-4.0822387191729534
1.6016016016016015,9.76675588366916,45.592548506329834,6.098118204865933,-4.282438919373154
1.6216216216216217,9.888840332215025,45.50681399342947,6.098118204865933,-4.482639119573354
1.6416416416416415,10.01092478076089,45.417071468513086,6.098118204865933,-4.682839319773554
1.6616616616616617,10.133009229306754,45.32332093158068,6.098118204865933,-4.883039519973754
1.6816816816816818,10.255093677852619,45.225562382632255,6.098118204865933,-5.083239720173954
1.7017017017017015,10.377178126398483,45.12379582166781,6.098118204865933,-5.283439920374154
1.7217217217217218,10.499262574944348,45.01802124868735,6.098118204865933,-5.483640120574354
1.7417417417417416,10.621347023490213,44.90823866369087,6.098118204865933,-5.6838403207745545
1.7617617617617618,10.743431472036077,44.79444806667836,6.098118204865933,-5.884040520974755
1.7817817817817818,10.865515920581942,44.67664945764984,6.098118204865933,-6.084240721174955
1.8018018018018016,10.987600369127806,44.554842836605296,6.098118204865933,-6.284440921375155
1.8218218218218218,11.10968481767367,44.42902820354473,6.098118204865933,-6.484641121575355
1.841841841841842,11.231769266219535,44.299205558468145,6.098118204865933,-6.684841321775555
1.8618618618618619,11.3538537147654,44.16537490137554,6.098118204865933,-6.885041521975755
1.8818818818818819,11.475938163311264,44.02753623226692,6.098118204865933,-7.085241722175955
1.9019019019019017,11.598022611857129,43.88568955114228,6.098118204865933,-7.2854419223761555
1.921921921921922,11.720107060402993,43.739834858001615,6.098118204865933,-7.485642122576356
1.9419419419419421,11.842191508948858,43.58997215284493,6.098118204865933,-7.685842322776556
1.961961961961962,11.964275957494722,43.43610143567223,6.098118204865933,-7.886042522976756
1.981981981981982,12.086360406040587,43.278222706483504,6.098118204865933,-8.086242723176957
2.002002002002002,12.208444854586451,43.11633596527876,6.098118204865933,-8.286442923377157
2.022022022022022,12.330529303132316,42.950441212057996,6.098118204865933,-8.486643123577357
2.042042042042042,12.45261375167818,42.78053844682121,6.098118204865933,-8.686843323777557
2.0620620620620618,12.574698200224045,42.606627669568404,6.098118204865933,-8.887043523977757
2.0820820820820822,12.69678264876991,42.42870888029958,6.098118204865933,-9.087243724177958
2.1021021021021022,12.818867097315774,42.246782079014736,6.098118204865933,-9.287443924378158
2.1221221221221223,12.940951545861639,42.060847265713875,6.098118204865933,-9.487644124578358
2.1421421421421423,13.063035994407503,41.87090444039699,6.098118204865933,-9.687844324778558
2.1621621621621623,13.185120442953368,41.676953603064085,6.098118204865933,-9.888044524978758
2.1821821821821823,13.307204891499232,41.47899475371516,6.098118204865933,-10.088244725178958
2.2022022022022023,13.429289340045097,41.27702789235022,6.098118204865933,-10.288444925379158
2.2222222222222223,13.551373788590961,41.07105301896925,6.098118204865933,-10.488645125579358
2.2422422422422423,13.673458237136826,40.86107013357227,6.098118204865933,-10.688845325779559
2.2622622622622623,13.79554268568269,40.647079236159264,6.098118204865933,-10.889045525979759
2.2822822822822824,13.917627134228555,40.429080326730244,6.098118204865933,-11.089245726179959
2.3023023023023024,14.03971158277442,40.2070734052852,6.098118204865933,-11.289445926380159
2.3223223223223224,14.161796031320284,39.981058471824134,6.098118204865933,-11.489646126580359
2.3423423423423424,14.283880479866149,39.75103552634705,6.098118204865933,-11.68984632678056
2.3623623623623624,14.405964928412013,39.51700456885395,6.098118204865933,-11.89004652698076
2.3823823823823824,14.528049376957878,39.27896559934482,6.098118204865933,-12.09024672718096
2.4024024024024024,14.650133825503742,39.03691861781968,6.098118204865933,-12.29044692738116
2.4224224224224224,14.772218274049607,38.790863624278515,6.098118204865933,-12.49064712758136
2.4424424424424425,14.894302722595471,38.54080061872133,6.098118204865933,-12.69084732778156
2.4624624624624625,15.016387171141336,38.286729601148124,6.098118204865933,-12.89104752798176
2.4824824824824825,15.1384716196872,38.0286505715589,6.098118204865933,-13.09124772818196
2.5025025025025025,15.260556068233065,37.76656352995366,6.098118204865933,-13.29144792838216
2.5225225225225225,15.38264051677893,37.500468476332394,6.098118204865933,-13.49164812858236
2.5425425425425425,15.504724965324794,37.23036541069511,6.098118204865933,-13.69184832878256
2.5625625625625625,15.626809413870658,36.956254333041805,6.098118204865933,-13.89204852898276
2.5825825825825826,15.748893862416523,36.67813524337248,6.098118204865933,-14.09224872918296
2.6026026026026026,15.870978310962387,36.39600814168713,6.098118204865933,-14.292448929383161
2.6226226226226226,15.993062759508252,36.10987302798577,6.098118204865933,-14.492649129583361
2.6426426426426426,16.115147208054115,35.819729902268385,6.098118204865933,-14.692849329783561
2.6626626626626626,16.237231656599977,35.52557876453498,6.098118204865933,-14.893049529983761
2.6826826826826826,16.35931610514584,35.22741961478555,6.098118204865933,-15.093249730183961
2.7027027027027026,16.481400553691703,34.92525245302011,6.098118204865933,-15.293449930384162
2.722722722722723,16.603485002237566,34.619077279238645,6.098118204865933,-15.493650130584362
2.7427427427427427,16.72556945078343,34.30889409344116,6.098118204865933,-15.693850330784562
2.7627627627627627,16.84765389932929,33.994702895627654,6.098118204865933,-15.894050530984762
2.7827827827827827,16.969738347875154,33.67650368579813,6.098118204865933,-16.094250731184964
2.8028028028028027,17.091822796421017,33.354296463952586,6.098118204865933,-16.294450931385164
2.822822822822823,17.21390724496688,33.02808123009102,6.098118204865933,-16.494651131585364
2.8428428428428427,17.335991693512742,32.697857984213435,6.098118204865933,-16.694851331785564
2.8628628628628627,17.458076142058605,32.36362672631983,6.098118204865933,-16.895051531985764
2.8828828828828827,17.580160590604468,32.02538745641021,6.098118204865933,-17.095251732185964
2.9029029029029028,17.70224503915033,31.683140174484564,6.098118204865933,-17.295451932386165
2.922922922922923,17.824329487696193,31.3368848805429,6.098118204865933,-17.495652132586365
2.942942942942943,17.946413936242056,30.986621574585214,6.098118204865933,-17.695852332786565
2.962962962962963,18.06849838478792,30.63235025661151,6.098118204865933,-17.896052532986765
2.982982982982983,18.19058283333378,30.274070926621786,6.098118204865933,-18.096252733186965
3.003003003003003,18.312667281879644,29.91178358461604,6.098118204865933,-18.296452933387165
3.0230230230230233,18.434751730425507,29.545488230594273,6.098118204865933,-18.496653133587365
3.0430430430430433,18.55683617897137,29.17518486455649,6.098118204865933,-18.696853333787566
3.063063063063063,18.678920627517233,28.800873486502685,6.098118204865933,-18.897053533987766
3.083083083083083,18.801005076063095,28.422554096432858,6.098118204865933,-19.097253734187966
3.103103103103103,18.923089524608958,28.040226694347012,6.098118204865933,-19.297453934388166
3.1231231231231233,19.04517397315482,27.653891280245148,6.098118204865933,-19.497654134588366
3.1431431431431434,19.167258421700684,27.263547854127264,6.098118204865933,-19.697854334788566
3.163163163163163,19.289342870246546,26.869196415993358,6.098118204865933,-19.898054534988766
3.183183183183183,19.41142731879241,26.470836965843432,6.098118204865933,-20.098254735188966
3.203203203203203,19.533511767338272,26.068469503677488,6.098118204865933,-20.298454935389167
3.2232232232232234,19.655596215884135,25.662094029495524,6.098118204865933,-20.498655135589367
3.2432432432432434,19.777680664429997,25.251710543297538,6.098118204865933,-20.698855335789567
3.263263263263263,19.89976511297586,24.837319045083532,6.098118204865933,-20.899055535989767
3.283283283283283,20.021849561521723,24.418919534853508,6.098118204865933,-21.099255736189967
3.303303303303303,20.143934010067586,23.99651201260746,6.098118204865933,-21.299455936390167
3.3233233233233235,20.26601845861345,23.570096478345395,6.098118204865933,-21.499656136590367
3.3433433433433435,20.38810290715931,23.13967293206731,6.098118204865933,-21.699856336790567
3.3633633633633635,20.510187355705174,22.705241373773205,6.098118204865933,-21.900056536990768
3.383383383383383,20.632271804251037,22.26680180346308,6.098118204865933,-22.100256737190968
3.403403403403403,20.7543562527969,21.824354221136932,6.098118204865933,-22.300456937391168
3.4234234234234235,20.876440701342762,21.377898626794767,6.098118204865933,-22.500657137591368
3.4434434434434436,20.998525149888625,20.927435020436583,6.098118204865933,-22.700857337791568
3.4634634634634636,21.120609598434488,20.472963402062376,6.098118204865933,-22.90105753799177
3.483483483483483,21.24269404698035,20.01448377167215,6.098118204865933,-23.10125773819197
3.503503503503503,21.364778495526213,19.551996129265905,6.098118204865933,-23.30145793839217
3.5235235235235236,21.486862944072076,19.08550047484364,6.098118204865933,-23.50165813859237
3.5435435435435436,21.60894739261794,18.614996808405355,6.098118204865933,-23.70185833879257
3.5635635635635636,21.7310318411638,18.14048512995105,6.098118204865933,-23.90205853899277
3.583583583583583,21.853116289709664,17.661965439480724,6.098118204865933,-24.10225873919297
3.603603603603603,21.975200738255527,17.179437736994377,6.098118204865933,-24.30245893939317
3.6236236236236237,22.09728518680139,16.69290202249201,6.098118204865933,-24.50265913959337
3.6436436436436437,22.219369635347253,16.202358295973625,6.098118204865933,-24.70285933979357
3.6636636636636637,22.341454083893115,15.707806557439218,6.098118204865933,-24.90305953999377
3.683683683683684,22.463538532438978,15.209246806888792,6.098118204865933,-25.10325974019397
3.7037037037037033,22.58562298098484,14.706679044322346,6.098118204865933,-25.30345994039417
3.7237237237237237,22.707707429530704,14.20010326973988,6.098118204865933,-25.50366014059437
3.7437437437437437,22.829791878076566,13.689519483141394,6.098118204865933,-25.70386034079457
3.7637637637637638,22.95187632662243,13.174927684526889,6.098118204865933,-25.90406054099477
3.783783783783784,23.073960775168292,12.656327873896362,6.098118204865933,-26.10426074119497
3.8038038038038033,23.196045223714155,12.133720051249817,6.098118204865933,-26.30446094139517
3.823823823823824,23.318129672260017,11.607104216587251,6.098118204865933,-26.50466114159537
3.843843843843844,23.44021412080588,11.076480369908666,6.098118204865933,-26.70486134179557
3.863863863863864,23.562298569351743,10.54184851121406,6.098118204865933,-26.90506154199577
3.8838838838838843,23.684383017897606,10.003208640503434,6.098118204865933,-27.10526174219597
3.9039039039039034,23.80646746644347,9.460560757776788,6.098118204865933,-27.30546194239617
3.923923923923924,23.92855191498933,8.913904863034123,6.098118204865933,-27.50566214259637
3.943943943943944,24.050636363535194,8.363240956275437,6.098118204865933,-27.70586234279657
3.963963963963964,24.172720812081057,7.808569037500731,6.098118204865933,-27.90606254299677
3.9839839839839843,24.29480526062692,7.249889106710005,6.098118204865933,-28.10626274319697
4.004004004004004,24.416889709172782,6.687201163903259,6.098118204865933,-28.30646294339717
4.0240240240240235,24.538974157718645,6.120505209080493,6.098118204865933,-28.506663143597372
4.044044044044044,24.661058606264508,5.549801242241707,6.098118204865933,-28.706863343797572
4.064064064064064,24.78314305481037,4.9750892633869,6.098118204865933,-28.907063543997772
4.084084084084084,24.905227503356233,4.396369272516074,6.098118204865933,-29.107263744197972
4.104104104104104,25.027311951902096,3.8136412696292274,6.098118204865933,-29.307463944398172
4.1241241241241235,25.14939640044796,3.2269052547263612,6.098118204865933,-29.507664144598373
4.1441441441441444,25.27148084899382,2.636161227807475,6.098118204865933,-29.707864344798573
4.1641641641641645,25.393565297539684,2.041409188872569,6.098118204865933,-29.908064544998773
4.1841841841841845,25.515649746085547,1.4426491379216426,6.098118204865933,-30.108264745198973
4.2042042042042045,25.63773419463141,0.8398810749546962,6.098118204865933,-30.308464945399173
4.2242242242242245,25.759818643177272,0.23310499997172984,6.098118204865933,-30.508665145599373
4.2442442442442445,25.881903091723135,-0.3776790870272566,6.098118204865933,-30.708865345799573
4.2642642642642645,26.003987540268998,-0.992471186042263,6.098118204865933,-30.909065545999773
4.2842842842842845,26.12607198881486,-1.6112712970732894,6.098118204865933,-31.109265746199974
4.3043043043043046,26.248156437360723,-2.234079420120336,6.098118204865933,-31.309465946400174
4.324324324324325,26.370240885906586,-2.8608955551834025,6.098118204865933,-31.509666146600374
4.344344344344345,26.49232533445245,-3.491719702262489,6.098118204865933,-31.709866346800574
4.364364364364365,26.61440978299831,-4.126551861357595,6.098118204865933,-31.910066547000774
4.384384384384385,26.736494231544174,-4.765392032468721,6.098118204865933,-32.110266747200974
4.404404404404405,26.858578680090037,-5.4082402155958675,6.098118204865933,-32.310466947401174
4.424424424424425,26.9806631286359,-6.055096410739035,6.098118204865933,-32.510667147601374
4.444444444444445,27.102747577181763,-6.705960617898222,6.098118204865933,-32.710867347801575
4.464464464464465,27.224832025727626,-7.360832837073429,6.098118204865933,-32.911067548001775
4.484484484484485,27.34691647427349,-8.019713068264656,6.098118204865933,-33.111267748201975
4.504504504504505,27.46900092281935,-8.682601311471903,6.098118204865933,-33.311467948402175
4.524524524524525,27.591085371365214,-9.349497566695169,6.098118204865933,-33.511668148602375
4.544544544544545,27.713169819911077,-10.020401833934455,6.098118204865933,-33.711868348802575
4.564564564564565,27.83525426845694,-10.695314113189763,6.098118204865933,-33.912068549002775
4.584584584584585,27.957338717002802,-11.37423440446109,6.098118204865933,-34.112268749202975
4.604604604604605,28.079423165548665,-12.057162707748438,6.098118204865933,-34.312468949403176
4.624624624624625,28.201507614094528,-12.744099023051804,6.098118204865933,-34.512669149603376
4.644644644644645,28.32359206264039,-13.435043350371192,6.098118204865933,-34.712869349803576
4.664664664664665,28.445676511186253,-14.129995689706599,6.098118204865933,-34.913069550003776
4.684684684684685,28.567760959732116,-14.828956041058026,6.098118204865933,-35.113269750203976
4.704704704704705,28.68984540827798,-15.531924404425473,6.098118204865933,-35.313469950404176
4.724724724724725,28.81192985682384,-16.23890077980894,6.098118204865933,-35.513670150604376
4.744744744744745,28.934014305369704,-16.94988516720843,6.098118204865933,-35.71387035080458
4.764764764764765,29.056098753915567,-17.664877566623936,6.098118204865933,-35.91407055100478
4.784784784784785,29.17818320246143,-18.383877978055462,6.098118204865933,-36.11427075120498
4.804804804804805,29.300267651007292,-19.106886401503008,6.098118204865933,-36.31447095140518
4.824824824824825,29.422352099553155,-19.833902836966576,6.098118204865933,-36.51467115160538
4.844844844844845,29.544436548099018,-20.564927284446163,6.098118204865933,-36.71487135180558
4.864864864864865,29.66652099664488,-21.29995974394177,6.098118204865933,-36.91507155200578
4.884884884884885,29.788605445190743,-22.0390002154534,6.098118204865933,-37.11527175220598
4.904904904904905,29.910689893736606,-22.782048698981047,6.098118204865933,-37.31547195240618
4.924924924924925,30.03277434228247,-23.529105194524714,6.098118204865933,-37.51567215260638
4.944944944944945,30.15485879082833,-24.2801697020844,6.098118204865933,-37.71587235280658
4.964964964964965,30.276943239374194,-25.03524222166011,6.098118204865933,-37.91607255300678
4.984984984984985,30.399027687920057,-25.794322753251837,6.098118204865933,-38.11627275320698
5.005005005005005,30.52111213646592,-26.557411296859584,6.098118204865933,-38.31647295340718
5.025025025025025,30.643196585011783,-27.32450785248335,6.098118204865933,-38.51667315360738
5.045045045045045,30.765281033557645,-28.09561242012314,6.098118204865933,-38.71687335380758
5.065065065065065,30.887365482103508,-28.870724999778947,6.098118204865933,-38.91707355400778
5.085085085085085,31.00944993064937,-29.649845591450774,6.098118204865933,-39.11727375420798
5.105105105105105,31.131534379195234,-30.43297419513862,6.098118204865933,-39.31747395440818
5.125125125125125,31.253618827741096,-31.22011081084249,6.098118204865933,-39.51767415460838
5.145145145145145,31.37570327628696,-32.01125543856237,6.098118204865933,-39.71787435480858
5.165165165165165,31.497787724832822,-32.80640807829828,6.098118204865933,-39.91807455500878
5.185185185185185,31.619872173378685,-33.60556873005021,6.098118204865933,-40.11827475520898
5.205205205205205,31.741956621924547,-34.40873739381816,6.098118204865933,-40.31847495540918
5.225225225225225,31.86404107047041,-35.21591406960212,6.098118204865933,-40.51867515560938
5.245245245245245,31.986125519016273,-36.02709875740211,6.098118204865933,-40.71887535580958
5.265265265265265,32.10820996756214,-36.84229145721812,6.098118204865933,-40.91907555600978
5.285285285285285,32.230294416108,-37.66149216905014,6.098118204865933,-41.11927575620998
5.305305305305305,32.352378864653865,-38.48470089289819,6.098118204865933,-41.31947595641018
5.325325325325325,32.47446331319973,-39.31191762876226,6.098118204865933,-41.51967615661038
5.345345345345346,32.59654776174559,-40.143142376642345,6.098118204865933,-41.71987635681058
5.365365365365365,32.71863221029145,-40.97837513653845,6.098118204865933,-41.92007655701078
5.385385385385385,32.840716658837316,-41.817615908450584,6.098118204865933,-42.12027675721098
5.405405405405405,32.96280110738318,-42.66086469237873,6.098118204865933,-42.32047695741118
5.425425425425425,33.08488555592904,-43.5081214883229,6.098118204865933,-42.52067715761138
5.445445445445446,33.206970004474904,-44.359386296283084,6.098118204865933,-42.72087735781158
5.465465465465465,33.32905445302077,-45.21465911625929,6.098118204865933,-42.92107755801178
5.485485485485485,33.45113890156663,-46.07393994825152,6.098118204865933,-43.12127775821198
5.505505505505505,33.57322335011249,-46.937228792259766,6.098118204865933,-43.32147795841218
5.525525525525525,33.695307798658355,-47.804525648284034,6.098118204865933,-43.52167815861238
5.545545545545546,33.81739224720422,-48.675830516324325,6.098118204865933,-43.72187835881258
5.565565565565565,33.93947669575008,-49.55114339638063,6.098118204865933,-43.92207855901278
5.585585585585585,34.06156114429594,-50.43046428845296,6.098118204865933,-44.12227875921298
5.605605605605605,34.183645592841806,-51.31379319254131,6.098118204865933,-44.32247895941318
5.625625625625625,34.30573004138767,-52.20113010864568,6.098118204865933,-44.52267915961338
5.645645645645646,34.42781448993353,-53.09247503676607,6.098118204865933,-44.72287935981358
5.665665665665665,34.549898938479394,-53.98782797690247,6.098118204865933,-44.92307956001378
5.685685685685685,34.67198338702526,-54.8871889290549,6.098118204865933,-45.12327976021398
5.7057057057057055,34.79406783557112,-55.79055789322335,6.098118204865933,-45.32347996041418
5.7257257257257255,34.91615228411698,-56.69793486940782,6.098118204865933,-45.52368016061438
5.745745745745746,35.038236732662845,-57.609319857608305,6.098118204865933,-45.72388036081458
5.7657657657657655,35.16032118120871,-58.52471285782482,6.098118204865933,-45.92408056101478
5.7857857857857855,35.28240562975457,-59.44411387005734,6.098118204865933,-46.12428076121498
5.8058058058058055,35.404490078300434,-60.36752289430589,6.098118204865933,-46.32448096141518
5.8258258258258255,35.5265745268463,-61.29493993057046,6.098118204865933,-46.52468116161538
5.845845845845846,35.64865897539216,-62.226364978851045,6.098118204865933,-46.724881361815584
5.865865865865866,35.77074342393802,-63.161798039147655,6.098118204865933,-46.925081562015784
5.885885885885886,35.892827872483885,-64.10123911146029,6.098118204865933,-47.125281762215984
5.905905905905906,36.01491232102975,-65.04468819578894,6.098118204865933,-47.325481962416184
5.925925925925926,36.13699676957561,-65.9921452921336,6.098118204865933,-47.525682162616384
5.9459459459459465,36.25908121812147,-66.9436104004943,6.098118204865933,-47.725882362816584
5.965965965965966,36.381165666667336,-67.899083520871,6.098118204865933,-47.926082563016784
5.9859859859859865,36.5032501152132,-68.85856465326373,6.098118204865933,-48.126282763216985
6.006006006006006,36.62533456375906,-69.82205379767248,6.098118204865933,-48.326482963417185
6.026026026026026,36.747419012304924,-70.78955095409725,6.098118204865933,-48.526683163617385
6.046046046046047,36.86950346085079,-71.76105612253804,6.098118204865933,-48.726883363817585
6.066066066066066,36.99158790939665,-72.73656930299485,6.098118204865933,-48.927083564017785
6.086086086086087,37.11367235794251,-73.71609049546768,6.098118204865933,-49.127283764217985
6.106106106106106,37.235756806488375,-74.69961969995653,6.098118204865933,-49.327483964418185
6.126126126126126,37.35784125503424,-75.68715691646139,6.098118204865933,-49.527684164618385
6.146146146146147,37.4799257035801,-76.67870214498228,6.098118204865933,-49.727884364818586
6.166166166166166,37.60201015212596,-77.67425538551919,6.098118204865933,-49.928084565018786
6.186186186186187,37.724094600671826,-78.67381663807211,6.098118204865933,-50.128284765218986
6.206206206206206,37.84617904921769,-79.67738590264106,6.098118204865933,-50.328484965419186
6.226226226226226,37.96826349776355,-80.68496317922603,6.098118204865933,-50.528685165619386
6.246246246246247,38.090347946309414,-81.69654846782701,6.098118204865933,-50.728885365819586
6.266266266266266,38.21243239485528,-82.71214176844403,6.098118204865933,-50.929085566019786
6.286286286286287,38.33451684340114,-83.73174308107706,6.098118204865933,-51.129285766219986
6.306306306306306,38.456601291947,-84.7553524057261,6.098118204865933,-51.32948596642019
6.326326326326326,38.578685740492865,-85.78296974239117,6.098118204865933,-51.52968616662039
6.346346346346347,38.70077018903873,-86.81459509107226,6.098118204865933,-51.72988636682059
6.366366366366366,38.82285463758459,-87.85022845176937,6.098118204865933,-51.93008656702079
6.386386386386387,38.944939086130454,-88.8898698244825,6.098118204865933,-52.13028676722099
6.406406406406406,39.067023534676316,-89.93351920921165,6.098118204865933,-52.33048696742119
6.426426426426426,39.18910798322218,-90.98117660595682,6.098118204865933,-52.53068716762139
6.446446446446447,39.31119243176804,-92.03284201471801,6.098118204865933,-52.73088736782159
6.466466466466466,39.433276880313905,-93.08851543549522,6.098118204865933,-52.93108756802179
6.486486486486487,39.55536132885977,-94.14819686828845,6.098118204865933,-53.13128776822199
6.506506506506506,39.67744577740563,-95.2118863130977,6.098118204865933,-53.33148796842219
6.526526526526526,39.79953022595149,-96.27958376992297,6.098118204865933,-53.53168816862239
6.546546546546547,39.921614674497356,-97.35128923876425,6.098118204865933,-53.73188836882259
6.566566566566566,40.04369912304322,-98.42700271962156,6.098118204865933,-53.93208856902279
6.586586586586587,40.16578357158908,-99.50672421249489,6.098118204865933,-54.13228876922299
6.606606606606606,40.287868020134944,-100.59045371738424,6.098118204865933,-54.33248896942319
6.626626626626627,40.40995246868081,-101.6781912342896,6.098118204865933,-54.53268916962339
6.646646646646647,40.53203691722667,-102.76993676321099,6.098118204865933,-54.73288936982359
6.666666666666666,40.65412136577253,-103.8656903041484,6.098118204865933,-54.93308957002379
6.686686686686687,40.776205814318395,-104.96545185710183,6.098118204865933,-55.13328977022399
6.706706706706706,40.89829026286426,-106.06922142207128,6.098118204865933,-55.33348997042419
6.726726726726727,41.02037471141012,-107.17699899905675,6.098118204865933,-55.53369017062439
6.746746746746747,41.14245915995598,-108.28878458805823,6.098118204865933,-55.73389037082459
6.766766766766766,41.264543608501846,-109.40457818907575,6.098118204865933,-55.93409057102479
6.786786786786787,41.38662805704771,-110.52437980210928,6.098118204865933,-56.13429077122499
6.806806806806806,41.50871250559357,-111.64818942715883,6.098118204865933,-56.33449097142519
6.826826826826827,41.630796954139434,-112.7760070642244,6.098118204865933,-56.53469117162539
6.846846846846847,41.7528814026853,-113.907832713306,6.098118204865933,-56.73489137182559
6.866866866866866,41.87496585123116,-115.0436663744036,6.098118204865933,-56.93509157202579
6.886886886886887,41.99705029977702,-116.18350804751722,6.098118204865933,-57.13529177222599
6.906906906906906,42.119134748322885,-117.32735773264687,6.098118204865933,-57.33549197242619
6.926926926926927,42.24121919686875,-118.47521542979254,6.098118204865933,-57.53569217262639
6.946946946946947,42.36330364541461,-119.62708113895422,6.098118204865933,-57.73589237282659
6.966966966966966,42.485388093960474,-120.78295486013194,6.098118204865933,-57.93609257302679
6.986986986986987,42.607472542506336,-121.94283659332567,6.098118204865933,-58.13629277322699
7.007007007007006,42.7295569910522,-123.10672633853541,6.098118204865933,-58.33649297342719
7.027027027027027,42.85164143959806,-124.27462409576118,6.098118204865933,-58.53669317362739
7.047047047047047,42.973725888143925,-125.44652986500297,6.098118204865933,-58.73689337382759
7.067067067067066,43.09581033668979,-126.62244364626078,6.098118204865933,-58.93709357402779
7.087087087087087,43.21789478523565,-127.80236543953461,6.098118204865933,-59.13729377422799
7.107107107107106,43.33997923378151,-128.98629524482445,6.098118204865933,-59.33749397442819
7.127127127127127,43.462063682327376,-130.17423306213033,6.098118204865933,-59.53769417462839
7.147147147147147,43.58414813087324,-131.36617889145222,6.098118204865933,-59.73789437482859
7.167167167167166,43.7062325794191,-132.56213273279013,6.098118204865933,-59.93809457502879
7.187187187187187,43.828317027964964,-133.76209458614406,6.098118204865933,-60.13829477522899
7.207207207207206,43.95040147651083,-134.966064451514,6.098118204865933,-60.33849497542919
7.227227227227227,44.07248592505669,-136.17404232889996,6.098118204865933,-60.53869517562939
7.247247247247247,44.19457037360255,-137.38602821830196,6.098118204865933,-60.73889537582959
7.267267267267268,44.316654822148415,-138.60202211971998,6.098118204865933,-60.93909557602979
7.287287287287287,44.43873927069428,-139.822024033154,6.098118204865933,-61.13929577622999
7.3073073073073065,44.56082371924014,-141.04603395860406,6.098118204865933,-61.33949597643019
7.327327327327327,44.682908167786,-142.27405189607012,6.098118204865933,-61.53969617663039
7.347347347347347,44.804992616331866,-143.5060778455522,6.098118204865933,-61.73989637683059
7.367367367367368,44.92707706487773,-144.74211180705032,6.098118204865933,-61.94009657703079
7.387387387387387,45.04916151342359,-145.98215378056446,6.098118204865933,-62.14029677723099
7.4074074074074066,45.171245961969454,-147.2262037660946,6.098118204865933,-62.340496977431194
7.4274274274274275,45.29333041051532,-148.47426176364078,6.098118204865933,-62.540697177631394
7.4474474474474475,45.41541485906118,-149.72632777320297,6.098118204865933,-62.740897377831594
7.467467467467468,45.53749930760704,-150.98240179478117,6.098118204865933,-62.941097578031794
7.4874874874874875,45.659583756152905,-152.24248382837538,6.098118204865933,-63.141297778231994
7.507507507507507,45.78166820469877,-153.50657387398564,6.098118204865933,-63.341497978432194
7.5275275275275275,45.90375265324463,-154.77467193161192,6.098118204865933,-63.541698178632394
7.5475475475475475,46.02583710179049,-156.0467780012542,6.098118204865933,-63.741898378832595
7.567567567567568,46.147921550336356,-157.32289208291252,6.098118204865933,-63.942098579032795
7.587587587587588,46.27000599888222,-158.60301417658684,6.098118204865933,-64.142298779233
7.607607607607607,46.39209044742808,-159.88714428227718,6.098118204865933,-64.3424989794332
7.627627627627628,46.514174895973945,-161.17528239998356,6.098118204865933,-64.5426991796334
7.647647647647648,46.63625934451981,-162.46742852970596,6.098118204865933,-64.7428993798336
7.6676676676676685,46.75834379306567,-163.76358267144437,6.098118204865933,-64.9430995800338
7.687687687687688,46.88042824161153,-165.0637448251988,6.098118204865933,-65.143299780234
7.707707707707707,47.002512690157396,-166.36791499096924,6.098118204865933,-65.3434999804342
7.727727727727728,47.12459713870326,-167.6760931687557,6.098118204865933,-65.5437001806344
7.747747747747748,47.24668158724912,-168.9882793585582,6.098118204865933,-65.7439003808346
7.767767767767769,47.368766035794984,-170.30447356037672,6.098118204865933,-65.9441005810348
7.787787787787788,47.49085048434085,-171.62467577421125,6.098118204865933,-66.144300781235
7.807807807807807,47.61293493288671,-172.9488860000618,6.098118204865933,-66.3445009814352
7.827827827827828,47.73501938143257,-174.27710423792837,6.098118204865933,-66.5447011816354
7.847847847847848,47.857103829978435,-175.60933048781095,6.098118204865933,-66.7449013818356
7.867867867867869,47.9791882785243,-176.94556474970958,6.098118204865933,-66.9451015820358
7.887887887887888,48.10127272707016,-178.28580702362422,6.098118204865933,-67.145301782236
7.907907907907909,48.22335717561602,-179.63005730955487,6.098118204865933,-67.3455019824362
7.927927927927928,48.345441624161886,-180.97831560750154,6.098118204865933,-67.5457021826364
7.947947947947948,48.46752607270775,-182.33058191746423,6.098118204865933,-67.7459023828366
7.967967967967969,48.58961052125361,-183.68685623944293,6.098118204865933,-67.9461025830368
7.987987987987988,48.711694969799474,-185.04713857343765,6.098118204865933,-68.146302783237
8.008008008008009,48.83377941834534,-186.4114289194484,6.098118204865933,-68.3465029834372
8.028028028028029,48.9558638668912,-187.7797272774752,6.098118204865933,-68.5467031836374
8.048048048048047,49.07794831543706,-189.15203364751798,6.098118204865933,-68.7469033838376
8.068068068068069,49.200032763982925,-190.5283480295768,6.098118204865933,-68.9471035840378
8.088088088088089,49.32211721252879,-191.9086704236516,6.098118204865933,-69.147303784238
8.108108108108109,49.44420166107465,-193.29300082974245,6.098118204865933,-69.3475039844382
8.128128128128129,49.56628610962051,-194.68133924784934,6.098118204865933,-69.5477041846384
8.148148148148147,49.688370558166376,-196.07368567797224,6.098118204865933,-69.7479043848386
8.168168168168169,49.81045500671224,-197.47004012011115,6.098118204865933,-69.9481045850388
8.188188188188189,49.9325394552581,-198.87040257426608,6.098118204865933,-70.148304785239
8.208208208208209,50.054623903803964,-200.27477304043703,6.098118204865933,-70.3485049854392
8.228228228228229,50.17670835234983,-201.683151518624,6.098118204865933,-70.5487051856394
8.248248248248247,50.29879280089569,-203.095538008827,6.098118204865933,-70.7489053858396
8.268268268268269,50.42087724944155,-204.511932511046,6.098118204865933,-70.9491055860398
8.288288288288289,50.542961697987415,-205.93233502528105,6.098118204865933,-71.14930578624
8.308308308308309,50.66504614653328,-207.3567455515321,6.098118204865933,-71.3495059864402
8.328328328328329,50.78713059507914,-208.78516408979917,6.098118204865933,-71.5497061866404
8.348348348348347,50.909215043625004,-210.21759064008225,6.098118204865933,-71.7499063868406
8.368368368368369,51.03129949217087,-211.65402520238135,6.098118204865933,-71.9501065870408
8.388388388388389,51.15338394071673,-213.0944677766965,6.098118204865933,-72.150306787241
8.408408408408409,51.27546838926259,-214.53891836302765,6.098118204865933,-72.35050698744121
8.428428428428429,51.397552837808455,-215.98737696137482,6.098118204865933,-72.55070718764141
8.448448448448449,51.51963728635432,-217.439843571738,6.098118204865933,-72.75090738784161
8.468468468468469,51.64172173490018,-218.8963181941172,6.098118204865933,-72.95110758804181
8.488488488488489,51.76380618344604,-220.35680082851243,6.098118204865933,-73.15130778824201
8.508508508508509,51.885890631991906,-221.8212914749237,6.098118204865933,-73.35150798844221
8.528528528528529,52.00797508053777,-223.28979013335098,6.098118204865933,-73.55170818864241
8.548548548548549,52.13005952908363,-224.76229680379427,6.098118204865933,-73.75190838884261
8.568568568568569,52.252143977629494,-226.23881148625358,6.098118204865933,-73.95210858904281
8.588588588588589,52.37422842617536,-227.7193341807289,6.098118204865933,-74.15230878924301
8.608608608608609,52.49631287472122,-229.20386488722025,6.098118204865933,-74.35250898944321
8.62862862862863,52.61839732326708,-230.69240360572763,6.098118204865933,-74.55270918964341
8.64864864864865,52.740481771812945,-232.18495033625103,6.098118204865933,-74.75290938984361
8.66866866866867,52.86256622035881,-233.68150507879045,6.098118204865933,-74.95310959004381
8.68868868868869,52.98465066890467,-235.18206783334588,6.098118204865933,-75.15330979024401
8.70870870870871,53.10673511745053,-236.68663859991733,6.098118204865933,-75.35350999044421
8.72872872872873,53.228819565996396,-238.1952173785048,6.098118204865933,-75.55371019064441
8.74874874874875,53.35090401454226,-239.70780416910827,6.098118204865933,-75.75391039084461
8.76876876876877,53.47298846308812,-241.2243989717278,6.098118204865933,-75.95411059104481
8.78878878878879,53.595072911633984,-242.74500178636333,6.098118204865933,-76.15431079124501
8.80880880880881,53.71715736017985,-244.26961261301489,6.098118204865933,-76.35451099144521
8.82882882882883,53.83924180872571,-245.79823145168245,6.098118204865933,-76.55471119164541
8.84884884884885,53.96132625727157,-247.33085830236604,6.098118204865933,-76.75491139184561
8.86886886886887,54.083410705817435,-248.86749316506564,6.098118204865933,-76.95511159204581
8.88888888888889,54.2054951543633,-250.40813603978128,6.098118204865933,-77.15531179224601
8.90890890890891,54.32757960290916,-251.95278692651294,6.098118204865933,-77.35551199244621
8.92892892892893,54.449664051455024,-253.50144582526062,6.098118204865933,-77.55571219264641
8.94894894894895,54.571748500000886,-255.0541127360243,6.098118204865933,-77.75591239284661
8.96896896896897,54.69383294854675,-256.61078765880404,6.098118204865933,-77.95611259304681
8.98898898898899,54.81591739709261,-258.1714705935998,6.098118204865933,-78.15631279324701
9.00900900900901,54.938001845638475,-259.73616154041156,6.098118204865933,-78.35651299344721
9.02902902902903,55.06008629418434,-261.30486049923934,6.098118204865933,-78.55671319364741
9.04904904904905,55.1821707427302,-262.87756747008314,6.098118204865933,-78.75691339384761
9.06906906906907,55.30425519127606,-264.45428245294295,6.098118204865933,-78.95711359404781
9.08908908908909,55.426339639821926,-266.0350054478188,6.098118204865933,-79.15731379424801
9.10910910910911,55.54842408836779,-267.6197364547106,6.098118204865933,-79.35751399444821
9.12912912912913,55.67050853691365,-269.2084754736185,6.098118204865933,-79.55771419464841
9.14914914914915,55.792592985459514,-270.80122250454235,6.098118204865933,-79.75791439484861
9.16916916916917,55.91467743400538,-272.39797754748224,6.098118204865933,-79.95811459504881
9.18918918918919,56.03676188255124,-273.99874060243815,6.098118204865933,-80.15831479524901
9.20920920920921,56.1588463310971,-275.6035116694101,6.098118204865933,-80.35851499544921
9.22922922922923,56.280930779642965,-277.2122907483981,6.098118204865933,-80.55871519564941
9.24924924924925,56.40301522818883,-278.8250778394021,6.098118204865933,-80.75891539584961
9.26926926926927,56.52509967673469,-280.44187294242215,6.098118204865933,-80.95911559604981
9.28928928928929,56.64718412528055,-282.0626760574582,6.098118204865933,-81.15931579625001
9.30930930930931,56.769268573826416,-283.68748718451025,6.098118204865933,-81.35951599645021
9.32932932932933,56.89135302237228,-285.3163063235783,6.098118204865933,-81.55971619665041
9.34934934934935,57.01343747091814,-286.9491334746624,6.098118204865933,-81.75991639685061
9.36936936936937,57.135521919464004,-288.5859686377625,6.098118204865933,-81.96011659705081
9.38938938938939,57.25760636800987,-290.2268118128786,6.098118204865933,-82.16031679725101
9.40940940940941,57.37969081655573,-291.87166300001076,6.098118204865933,-82.36051699745121
9.42942942942943,57.50177526510159,-293.5205221991589,6.098118204865933,-82.56071719765141
9.44944944944945,57.623859713647455,-295.1733894103231,6.098118204865933,-82.76091739785161
9.46946946946947,57.74594416219332,-296.83026463350336,6.098118204865933,-82.96111759805181
9.48948948948949,57.86802861073918,-298.4911478686996,6.098118204865933,-83.16131779825201
9.50950950950951,57.990113059285044,-300.1560391159119,6.098118204865933,-83.36151799845221
9.52952952952953,58.112197507830906,-301.82493837514016,6.098118204865933,-83.56171819865241
9.54954954954955,58.23428195637677,-303.49784564638446,6.098118204865933,-83.76191839885261
9.56956956956957,58.35636640492263,-305.1747609296448,6.098118204865933,-83.96211859905281
9.58958958958959,58.478450853468495,-306.8556842249211,6.098118204865933,-84.16231879925301
9.60960960960961,58.60053530201436,-308.54061553221345,6.098118204865933,-84.36251899945321
9.62962962962963,58.72261975056022,-310.2295548515218,6.098118204865933,-84.56271919965342
9.64964964964965,58.84470419910608,-311.9225021828462,6.098118204865933,-84.76291939985362
9.66966966966967,58.966788647651946,-313.6194575261866,6.098118204865933,-84.96311960005382
9.68968968968969,59.08887309619781,-315.320420881543,6.098118204865933,-85.16331980025402
9.70970970970971,59.21095754474367,-317.02539224891547,6.098118204865933,-85.36352000045422
9.72972972972973,59.333041993289534,-318.73437162830396,6.098118204865933,-85.56372020065442
9.74974974974975,59.4551264418354,-320.4473590197085,6.098118204865933,-85.76392040085462
9.76976976976977,59.57721089038126,-322.164354423129,6.098118204865933,-85.96412060105482
9.78978978978979,59.69929533892712,-323.88535783856554,6.098118204865933,-86.16432080125502
9.80980980980981,59.821379787472985,-325.6103692660181,6.098118204865933,-86.36452100145522
9.82982982982983,59.94346423601885,-327.33938870548667,6.098118204865933,-86.56472120165542
9.84984984984985,60.06554868456471,-329.07241615697126,6.098118204865933,-86.76492140185562
9.86986986986987,60.18763313311057,-330.80945162047186,6.098118204865933,-86.96512160205582
9.88988988988989,60.309717581656436,-332.5504950959885,6.098118204865933,-87.16532180225602
9.90990990990991,60.4318020302023,-334.2955465835211,6.098118204865933,-87.36552200245622
9.92992992992993,60.55388647874816,-336.04460608306977,6.098118204865933,-87.56572220265642
9.94994994994995,60.675970927294024,-337.79767359463443,6.098118204865933,-87.76592240285662
9.96996996996997,60.79805537583989,-339.55474911821517,6.098118204865933,-87.96612260305682
9.98998998998999,60.92013982438575,-341.3158326538119,6.098118204865933,-88.16632280325702
10.01001001001001,61.04222427293161,-343.0809242014247,6.098118204865933,-88.36652300345722
10.03003003003003,61.164308721477475,-344.8500237610535,6.098118204865933,-88.56672320365742
10.05005005005005,61.28639317002334,-346.6231313326983,6.098118204865933,-88.76692340385762
10.07007007007007,61.4084776185692,-348.4002469163591,6.098118204865933,-88.96712360405782
10.09009009009009,61.53056206711506,-350.1813705120359,6.098118204865933,-89.16732380425802
10.11011011011011,61.652646515660926,-351.9665021197288,6.098118204865933,-89.36752400445822
10.13013013013013,61.77473096420679,-353.75564173943764,6.098118204865933,-89.56772420465842
10.15015015015015,61.89681541275265,-355.5487893711625,6.098118204865933,-89.76792440485862
10.17017017017017,62.018899861298515,-357.3459450149034,6.098118204865933,-89.96812460505882
10.19019019019019,62.14098430984438,-359.1471086706603,6.098118204865933,-90.16832480525902
10.21021021021021,62.26306875839024,-360.9522803384333,6.098118204865933,-90.36852500545922
10.23023023023023,62.3851532069361,-362.7614600182223,6.098118204865933,-90.56872520565942
10.25025025025025,62.507237655481966,-364.5746477100273,6.098118204865933,-90.76892540585962
10.27027027027027,62.62932210402783,-366.39184341384833,6.098118204865933,-90.96912560605982
10.29029029029029,62.75140655257369,-368.2130471296854,6.098118204865933,-91.16932580626002
10.31031031031031,62.873491001119554,-370.03825885753844,6.098118204865933,-91.36952600646022
10.33033033033033,62.99557544966542,-371.8674785974075,6.098118204865933,-91.56972620666042
10.35035035035035,63.11765989821128,-373.7007063492926,6.098118204865933,-91.76992640686062
10.37037037037037,63.23974434675714,-375.5379421131937,6.098118204865933,-91.97012660706082
10.39039039039039,63.361828795303005,-377.37918588911083,6.098118204865933,-92.17032680726102
10.41041041041041,63.48391324384887,-379.22443767704397,6.098118204865933,-92.37052700746122
10.43043043043043,63.60599769239473,-381.0736974769931,6.098118204865933,-92.57072720766142
10.45045045045045,63.72808214094059,-382.9269652889583,6.098118204865933,-92.77092740786162
10.47047047047047,63.850166589486456,-384.7842411129395,6.098118204865933,-92.97112760806182
10.49049049049049,63.97225103803232,-386.6455249489368,6.098118204865933,-93.17132780826202
10.51051051051051,64.09433548657819,-388.51081679695005,6.098118204865933,-93.37152800846222
10.53053053053053,64.21641993512405,-390.38011665697934,6.098118204865933,-93.57172820866242
10.55055055055055,64.33850438366991,-392.25342452902464,6.098118204865933,-93.77192840886262
10.57057057057057,64.46058883221578,-394.13074041308596,6.098118204865933,-93.97212860906282
10.59059059059059,64.58267328076164,-396.0120643091633,6.098118204865933,-94.17232880926302
10.61061061061061,64.7047577293075,-397.89739621725664,6.098118204865933,-94.37252900946322
10.63063063063063,64.82684217785337,-399.786736137366,6.098118204865933,-94.57272920966342
10.65065065065065,64.94892662639923,-401.6800840694914,6.098118204865933,-94.77292940986362
10.67067067067067,65.07101107494509,-403.5774400136328,6.098118204865933,-94.97312961006382
10.690690690690692,65.19309552349095,-405.4788039697902,6.098118204865933,-95.17332981026402
10.71071071071071,65.31517997203682,-407.3841759379636,6.098118204865933,-95.37353001046422
10.73073073073073,65.43726442058268,-409.2935559181531,6.098118204865933,-95.57373021066442
10.75075075075075,65.55934886912854,-411.20694391035863,6.098118204865933,-95.77393041086462
10.77077077077077,65.6814333176744,-413.12433991458016,6.098118204865933,-95.97413061106482
10.790790790790792,65.80351776622027,-415.0457439308177,6.098118204865933,-96.17433081126502
10.81081081081081,65.92560221476613,-416.97115595907127,6.098118204865933,-96.37453101146522
10.83083083083083,66.04768666331199,-418.90057599934084,6.098118204865933,-96.57473121166542
10.85085085085085,66.16977111185786,-420.83400405162644,6.098118204865933,-96.77493141186562
10.87087087087087,66.29185556040372,-422.77144011592804,6.098118204865933,-96.97513161206582
10.890890890890892,66.41394000894958,-424.71288419224567,6.098118204865933,-97.17533181226602
10.91091091091091,66.53602445749544,-426.6583362805793,6.098118204865933,-97.37553201246622
10.93093093093093,66.6581089060413,-428.60779638092896,6.098118204865933,-97.57573221266642
10.95095095095095,66.78019335458717,-430.56126449329463,6.098118204865933,-97.77593241286662
10.97097097097097,66.90227780313303,-432.5187406176764,6.098118204865933,-97.97613261306682
10.990990990990992,67.0243622516789,-434.48022475407413,6.098118204865933,-98.17633281326702
11.01101101101101,67.14644670022476,-436.4457169024879,6.098118204865933,-98.37653301346722
11.03103103103103,67.26853114877062,-438.4152170629177,6.098118204865933,-98.57673321366742
11.05105105105105,67.39061559731648,-440.3887252353635,6.098118204865933,-98.77693341386762
11.07107107107107,67.51270004586235,-442.3662414198253,6.098118204865933,-98.97713361406782
11.091091091091092,67.63478449440821,-444.34776561630315,6.098118204865933,-99.17733381426802
11.11111111111111,67.75686894295407,-446.333297824797,6.098118204865933,-99.37753401446822
11.13113113113113,67.87895339149993,-448.32283804530687,6.098118204865933,-99.57773421466842
11.15115115115115,68.0010378400458,-450.31638627783275,6.098118204865933,-99.77793441486862
11.17117117117117,68.12312228859166,-452.31394252237465,6.098118204865933,-99.97813461506883
11.191191191191193,68.24520673713752,-454.31550677893256,6.098118204865933,-100.17833481526903
11.21121121121121,68.36729118568338,-456.3210790475065,6.098118204865933,-100.37853501546923
11.23123123123123,68.48937563422925,-458.3306593280965,6.098118204865933,-100.57873521566943
11.25125125125125,68.61146008277511,-460.3442476207025,6.098118204865933,-100.77893541586963
11.27127127127127,68.73354453132097,-462.36184392532454,6.098118204865933,-100.97913561606983
11.291291291291293,68.85562897986684,-464.3834482419626,6.098118204865933,-101.17933581627003
11.31131131131131,68.9777134284127,-466.40906057061665,6.098118204865933,-101.37953601647023
11.33133133133133,69.09979787695856,-468.4386809112867,6.098118204865933,-101.57973621667043
11.35135135135135,69.22188232550442,-470.4723092639728,6.098118204865933,-101.77993641687063
11.37137137137137,69.34396677405029,-472.5099456286749,6.098118204865933,-101.98013661707083
11.391391391391393,69.46605122259615,-474.55159000539305,6.098118204865933,-102.18033681727103
11.411411411411411,69.58813567114201,-476.5972423941272,6.098118204865933,-102.38053701747123
11.431431431431431,69.71022011968788,-478.64690279487735,6.098118204865933,-102.58073721767143
11.451451451451451,69.83230456823374,-480.7005712076435,6.098118204865933,-102.78093741787163
11.471471471471471,69.9543890167796,-482.7582476324257,6.098118204865933,-102.98113761807183
11.491491491491493,70.07647346532546,-484.81993206922397,6.098118204865933,-103.18133781827203
11.511511511511511,70.19855791387133,-486.88562451803824,6.098118204865933,-103.38153801847223
11.531531531531531,70.32064236241719,-488.95532497886853,6.098118204865933,-103.58173821867243
11.551551551551551,70.44272681096305,-491.02903345171484,6.098118204865933,-103.78193841887263
11.571571571571571,70.56481125950891,-493.10674993657716,6.098118204865933,-103.98213861907283
11.591591591591593,70.68689570805478,-495.1884744334555,6.098118204865933,-104.18233881927303
11.611611611611611,70.80898015660064,-497.27420694234985,6.098118204865933,-104.38253901947323
11.631631631631631,70.9310646051465,-499.3639474632602,6.098118204865933,-104.58273921967343
11.651651651651651,71.05314905369237,-501.4576959961866,6.098118204865933,-104.78293941987363
11.671671671671671,71.17523350223823,-503.555452541129,6.098118204865933,-104.98313962007383
11.691691691691693,71.29731795078409,-505.6572170980874,6.098118204865933,-105.18333982027403
11.711711711711711,71.41940239932995,-507.76298966706185,6.098118204865933,-105.38354002047423
11.731731731731731,71.54148684787582,-509.87277024805235,6.098118204865933,-105.58374022067443
11.751751751751751,71.66357129642168,-511.98655884105887,6.098118204865933,-105.78394042087463
11.771771771771771,71.78565574496754,-514.1043554460814,6.098118204865933,-105.98414062107483
11.791791791791793,71.9077401935134,-516.2261600631199,6.098118204865933,-106.18434082127503
11.811811811811811,72.02982464205927,-518.3519726921744,6.098118204865933,-106.38454102147523
11.831831831831831,72.15190909060513,-520.4817933332449,6.098118204865933,-106.58474122167543
11.851851851851851,72.273993539151,-522.6156219863315,6.098118204865933,-106.78494142187563
11.871871871871871,72.39607798769686,-524.7534586514341,6.098118204865933,-106.98514162207583
11.891891891891893,72.51816243624272,-526.8953033285528,6.098118204865933,-107.18534182227603
11.911911911911911,72.64024688478858,-529.0411560176875,6.098118204865933,-107.38554202247623
11.931931931931931,72.76233133333444,-531.1910167188382,6.098118204865933,-107.58574222267643
11.951951951951951,72.8844157818803,-533.344885432005,6.098118204865933,-107.78594242287663
11.971971971971973,73.00650023042617,-535.5027621571877,6.098118204865933,-107.98614262307683
11.991991991991993,73.12858467897203,-537.6646468943865,6.098118204865933,-108.18634282327703
12.012012012012011,73.2506691275179,-539.8305396436012,6.098118204865933,-108.38654302347723
12.032032032032031,73.37275357606376,-542.000440404832,6.098118204865933,-108.58674322367743
12.052052052052051,73.49483802460962,-544.1743491780788,6.098118204865933,-108.78694342387763
12.072072072072073,73.61692247315548,-546.3522659633417,6.098118204865933,-108.98714362407783
12.092092092092093,73.73900692170135,-548.5341907606205,6.098118204865933,-109.18734382427803
12.112112112112111,73.86109137024721,-550.7201235699154,6.098118204865933,-109.38754402447823
12.132132132132131,73.98317581879307,-552.9100643912262,6.098118204865933,-109.58774422467843
12.152152152152151,74.10526026733893,-555.1040132245531,6.098118204865933,-109.78794442487863
12.172172172172173,74.2273447158848,-557.301970069896,6.098118204865933,-109.98814462507883
12.192192192192193,74.34942916443066,-559.5039349272549,6.098118204865933,-110.18834482527903
12.212212212212211,74.47151361297652,-561.7099077966299,6.098118204865933,-110.38854502547923
12.232232232232231,74.59359806152239,-563.9198886780208,6.098118204865933,-110.58874522567943
12.252252252252251,74.71568251006825,-566.1338775714278,6.098118204865933,-110.78894542587963
12.272272272272273,74.83776695861411,-568.3518744768508,6.098118204865933,-110.98914562607983
12.292292292292293,74.95985140715997,-570.5738793942897,6.098118204865933,-111.18934582628003
12.312312312312311,75.08193585570584,-572.7998923237448,6.098118204865933,-111.38954602648023
12.332332332332332,75.2040203042517,-575.0299132652158,6.098118204865933,-111.58974622668043
12.352352352352352,75.32610475279756,-577.2639422187028,6.098118204865933,-111.78994642688063
12.372372372372373,75.44818920134342,-579.501979184206,6.098118204865933,-111.99014662708083
12.392392392392393,75.57027364988929,-581.7440241617252,6.098118204865933,-112.19034682728103
12.412412412412412,75.69235809843515,-583.9900771512604,6.098118204865933,-112.39054702748123
12.432432432432432,75.81444254698101,-586.2401381528116,6.098118204865933,-112.59074722768143
12.452452452452452,75.93652699552688,-588.4942071663788,6.098118204865933,-112.79094742788163
12.472472472472473,76.05861144407274,-590.7522841919621,6.098118204865933,-112.99114762808183
12.492492492492493,76.1806958926186,-593.0143692295613,6.098118204865933,-113.19134782828203
12.512512512512512,76.30278034116446,-595.2804622791766,6.098118204865933,-113.39154802848223
12.532532532532532,76.42486478971033,-597.5505633408079,6.098118204865933,-113.59174822868243
12.552552552552552,76.54694923825619,-599.8246724144552,6.098118204865933,-113.79194842888263
12.572572572572573,76.66903368680205,-602.1027895001185,6.098118204865933,-113.99214862908283
12.592592592592593,76.79111813534792,-604.3849145977979,6.098118204865933,-114.19234882928303
12.612612612612612,76.91320258389378,-606.6710477074932,6.098118204865933,-114.39254902948323
12.632632632632632,77.03528703243964,-608.9611888292046,6.098118204865933,-114.59274922968343
12.652652652652652,77.1573714809855,-611.255337962932,6.098118204865933,-114.79294942988363
12.672672672672673,77.27945592953137,-613.5534951086754,6.098118204865933,-114.99314963008383
12.692692692692694,77.40154037807723,-615.8556602664348,6.098118204865933,-115.19334983028403
12.712712712712712,77.52362482662309,-618.1618334362103,6.098118204865933,-115.39355003048423
12.732732732732732,77.64570927516895,-620.4720146180017,6.098118204865933,-115.59375023068444
12.752752752752752,77.76779372371482,-622.7862038118092,6.098118204865933,-115.79395043088464
12.772772772772774,77.88987817226068,-625.1044010176327,6.098118204865933,-115.99415063108484
12.792792792792794,78.01196262080654,-627.4266062354721,6.098118204865933,-116.19435083128504
12.812812812812812,78.1340470693524,-629.7528194653277,6.098118204865933,-116.39455103148524
12.832832832832832,78.25613151789827,-632.0830407071992,6.098118204865933,-116.59475123168544
12.852852852852852,78.37821596644413,-634.4172699610867,6.098118204865933,-116.79495143188564
12.872872872872874,78.50030041499,-636.7555072269904,6.098118204865933,-116.99515163208584
12.892892892892894,78.62238486353586,-639.0977525049101,6.098118204865933,-117.19535183228604
12.912912912912912,78.74446931208172,-641.4440057948458,6.098118204865933,-117.39555203248624
12.932932932932932,78.86655376062758,-643.7942670967975,6.098118204865933,-117.59575223268644
12.952952952952952,78.98863820917344,-646.1485364107652,6.098118204865933,-117.79595243288664
12.972972972972974,79.11072265771931,-648.506813736749,6.098118204865933,-117.99615263308684
12.992992992992994,79.23280710626517,-650.8690990747488,6.098118204865933,-118.19635283328704
13.013013013013012,79.35489155481103,-653.2353924247645,6.098118204865933,-118.39655303348724
13.033033033033032,79.4769760033569,-655.6056937867963,6.098118204865933,-118.59675323368744
13.053053053053052,79.59906045190276,-657.9800031608441,6.098118204865933,-118.79695343388764
13.073073073073074,79.72114490044862,-660.358320546908,6.098118204865933,-118.99715363408784
13.093093093093094,79.84322934899448,-662.7406459449878,6.098118204865933,-119.19735383428804
13.113113113113112,79.96531379754035,-665.1269793550837,6.098118204865933,-119.39755403448824
13.133133133133132,80.08739824608621,-667.5173207771956,6.098118204865933,-119.59775423468844
13.153153153153154,80.20948269463207,-669.9116702113234,6.098118204865933,-119.79795443488864
13.173173173173174,80.33156714317794,-672.3100276574673,6.098118204865933,-119.99815463508884
13.193193193193194,80.4536515917238,-674.7123931156273,6.098118204865933,-120.19835483528904
13.213213213213212,80.57573604026966,-677.1187665858032,6.098118204865933,-120.39855503548924
13.233233233233232,80.69782048881552,-679.5291480679952,6.098118204865933,-120.59875523568944
13.253253253253254,80.81990493736139,-681.9435375622031,6.098118204865933,-120.79895543588964
13.273273273273274,80.94198938590725,-684.3619350684271,6.098118204865933,-120.99915563608984
13.293293293293294,81.06407383445311,-686.7843405866671,6.098118204865933,-121.19935583629004
13.313313313313312,81.18615828299897,-689.2107541169231,6.098118204865933,-121.39955603649024
13.333333333333332,81.30824273154484,-691.6411756591951,6.098118204865933,-121.59975623669044
13.353353353353354,81.4303271800907,-694.0756052134832,6.098118204865933,-121.79995643689064
13.373373373373374,81.55241162863656,-696.5140427797874,6.098118204865933,-122.00015663709084
13.393393393393394,81.67449607718243,-698.9564883581075,6.098118204865933,-122.20035683729104
13.413413413413412,81.79658052572829,-701.4029419484438,6.098118204865933,-122.40055703749124
13.433433433433432,81.91866497427415,-703.853403550796,6.098118204865933,-122.60075723769144
13.453453453453454,82.04074942282001,-706.3078731651642,6.098118204865933,-122.80095743789164
13.473473473473474,82.16283387136588,-708.7663507915485,6.098118204865933,-123.00115763809184
13.493493493493494,82.28491831991174,-711.2288364299487,6.098118204865933,-123.20135783829204
13.513513513513512,82.4070027684576,-713.695330080365,6.098118204865933,-123.40155803849224
13.533533533533532,82.52908721700346,-716.1658317427973,6.098118204865933,-123.60175823869244
13.553553553553554,82.65117166554933,-718.6403414172456,6.098118204865933,-123.80195843889264
13.573573573573574,82.77325611409519,-721.11885910371,6.098118204865933,-124.00215863909284
13.593593593593594,82.89534056264105,-723.6013848021903,6.098118204865933,-124.20235883929304
13.613613613613612,83.01742501118692,-726.0879185126867,6.098118204865933,-124.40255903949324
13.633633633633632,83.13950945973278,-728.578460235199,6.098118204865933,-124.60275923969344
13.653653653653654,83.26159390827864,-731.0730099697274,6.098118204865933,-124.80295943989364
13.673673673673674,83.3836783568245,-733.5715677162718,6.098118204865933,-125.00315964009384
13.693693693693694,83.50576280537037,-736.0741334748323,6.098118204865933,-125.20335984029404
13.713713713713712,83.62784725391623,-738.5807072454087,6.098118204865933,-125.40356004049424
13.733733733733732,83.74993170246209,-741.0912890280011,6.098118204865933,-125.60376024069444
13.753753753753754,83.87201615100795,-743.6058788226096,6.098118204865933,-125.80396044089464
13.773773773773774,83.99410059955382,-746.1244766292341,6.098118204865933,-126.00416064109484
13.793793793793794,84.11618504809968,-748.6470824478746,6.098118204865933,-126.20436084129504
13.813813813813812,84.23826949664554,-751.1736962785311,6.098118204865933,-126.40456104149524
13.833833833833832,84.3603539451914,-753.7043181212036,6.098118204865933,-126.60476124169544
13.853853853853854,84.48243839373727,-756.2389479758922,6.098118204865933,-126.80496144189564
13.873873873873874,84.60452284228313,-758.7775858425967,6.098118204865933,-127.00516164209584
13.893893893893894,84.726607290829,-761.3202317213174,6.098118204865933,-127.20536184229604
13.913913913913913,84.84869173937486,-763.8668856120541,6.098118204865933,-127.40556204249624
13.933933933933933,84.97077618792072,-766.4175475148069,6.098118204865933,-127.60576224269644
13.953953953953954,85.09286063646658,-768.9722174295756,6.098118204865933,-127.80596244289664
13.973973973973974,85.21494508501245,-771.5308953563604,6.098118204865933,-128.00616264309684
13.993993993993994,85.33702953355831,-774.0935812951611,6.098118204865933,-128.20636284329706
14.014014014014013,85.45911398210417,-776.6602752459779,6.098118204865933,-128.40656304349727
14.034034034034033,85.58119843065003,-779.2309772088107,6.098118204865933,-128.6067632436975
14.054054054054054,85.7032828791959,-781.8056871836595,6.098118204865933,-128.8069634438977
14.074074074074074,85.82536732774176,-784.3844051705244,6.098118204865933,-129.00716364409791
14.094094094094094,85.94745177628762,-786.9671311694052,6.098118204865933,-129.20736384429813
14.114114114114113,86.06953622483348,-789.5538651803021,6.098118204865933,-129.40756404449834
14.134134134134133,86.19162067337935,-792.144607203215,6.098118204865933,-129.60776424469856
14.154154154154154,86.31370512192521,-794.7393572381438,6.098118204865933,-129.80796444489877
14.174174174174174,86.43578957047107,-797.3381152850887,6.098118204865933,-130.008164645099
14.194194194194194,86.55787401901694,-799.9408813440497,6.098118204865933,-130.2083648452992
14.214214214214213,86.6799584675628,-802.5476554150266,6.098118204865933,-130.40856504549942
14.234234234234233,86.80204291610866,-805.1584374980196,6.098118204865933,-130.60876524569963
14.254254254254255,86.92412736465452,-807.7732275930285,6.098118204865933,-130.80896544589984
14.274274274274275,87.04621181320039,-810.3920257000535,6.098118204865933,-131.00916564610006
14.294294294294295,87.16829626174625,-813.0148318190945,6.098118204865933,-131.20936584630027
14.314314314314313,87.29038071029211,-815.6416459501515,6.098118204865933,-131.4095660465005
14.334334334334333,87.41246515883797,-818.2724680932246,6.098118204865933,-131.6097662467007
14.354354354354355,87.53454960738384,-820.9072982483136,6.098118204865933,-131.80996644690092
14.374374374374375,87.6566340559297,-823.5461364154188,6.098118204865933,-132.01016664710113
14.394394394394395,87.77871850447556,-826.18898259454,6.098118204865933,-132.21036684730134
14.414414414414413,87.90080295302143,-828.8358367856772,6.098118204865933,-132.41056704750156
14.434434434434436,88.02288740156729,-831.4866989888304,6.098118204865933,-132.61076724770177
14.454454454454455,88.14497185011315,-834.1415692039997,6.098118204865933,-132.810967447902
14.474474474474475,88.26705629865901,-836.8004474311849,6.098118204865933,-133.0111676481022
14.494494494494495,88.38914074720488,-839.4633336703862,6.098118204865933,-133.21136784830242
14.514514514514513,88.51122519575074,-842.1302279216035,6.098118204865933,-133.41156804850263
14.534534534534536,88.6333096442966,-844.8011301848368,6.098118204865933,-133.61176824870284
14.554554554554555,88.75539409284247,-847.4760404600861,6.098118204865933,-133.81196844890306
14.574574574574575,88.87747854138833,-850.1549587473514,6.098118204865933,-134.01216864910327
14.594594594594595,88.99956298993419,-852.8378850466328,6.098118204865933,-134.2123688493035
14.614614614614613,89.12164743848005,-855.5248193579301,6.098118204865933,-134.4125690495037
14.634634634634637,89.24373188702592,-858.2157616812435,6.098118204865933,-134.61276924970392
14.654654654654655,89.36581633557178,-860.9107120165729,6.098118204865933,-134.81296944990413
14.674674674674675,89.48790078411764,-863.6096703639183,6.098118204865933,-135.01316965010435
14.694694694694695,89.6099852326635,-866.3126367232798,6.098118204865933,-135.21336985030456
14.714714714714713,89.73206968120937,-869.0196110946572,6.098118204865933,-135.41357005050477
14.734734734734737,89.85415412975523,-871.7305934780507,6.098118204865933,-135.613770250705
14.754754754754755,89.97623857830109,-874.4455838734601,6.098118204865933,-135.8139704509052
14.774774774774775,90.09832302684696,-877.1645822808856,6.098118204865933,-136.01417065110542
14.794794794794795,90.22040747539282,-879.8875887003271,6.098118204865933,-136.21437085130563
14.814814814814813,90.34249192393868,-882.6146031317846,6.098118204865933,-136.41457105150585
14.834834834834837,90.46457637248454,-885.3456255752582,6.098118204865933,-136.61477125170606
14.854854854854855,90.5866608210304,-888.0806560307478,6.098118204865933,-136.81497145190627
14.874874874874875,90.70874526957627,-890.8196944982535,6.098118204865933,-137.0151716521065
14.894894894894895,90.83082971812213,-893.5627409777752,6.098118204865933,-137.2153718523067
14.914914914914913,90.952914166668,-896.3097954693129,6.098118204865933,-137.41557205250692
14.934934934934937,91.07499861521386,-899.0608579728666,6.098118204865933,-137.61577225270713
14.954954954954955,91.19708306375972,-901.8159284884364,6.098118204865933,-137.81597245290735
14.974974974974975,91.31916751230558,-904.5750070160221,6.098118204865933,-138.01617265310756
14.994994994994995,91.44125196085145,-907.3380935556239,6.098118204865933,-138.21637285330777
15.015015015015013,91.56333640939731,-910.1051881072417,6.098118204865933,-138.416573053508
15.035035035035037,91.68542085794317,-912.8762906708755,6.098118204865933,-138.6167732537082
15.055055055055055,91.80750530648903,-915.6514012465253,6.098118204865933,-138.81697345390842
15.075075075075075,91.9295897550349,-918.4305198341912,6.098118204865933,-139.01717365410863
15.095095095095095,92.05167420358076,-921.213646433873,6.098118204865933,-139.21737385430885
15.115115115115113,92.17375865212662,-924.0007810455709,6.098118204865933,-139.41757405450906
15.135135135135137,92.29584310067249,-926.7919236692848,6.098118204865933,-139.61777425470927
15.155155155155155,92.41792754921835,-929.5870743050147,6.098118204865933,-139.8179744549095
15.175175175175175,92.54001199776421,-932.3862329527606,6.098118204865933,-140.0181746551097
15.195195195195195,92.66209644631007,-935.1893996125225,6.098118204865933,-140.21837485530992
15.215215215215213,92.78418089485594,-937.9965742843004,6.098118204865933,-140.41857505551013
15.235235235235237,92.9062653434018,-940.8077569680944,6.098118204865933,-140.61877525571035
15.255255255255255,93.02834979194766,-943.6229476639044,6.098118204865933,-140.81897545591056
15.275275275275275,93.15043424049352,-946.4421463717304,6.098118204865933,-141.01917565611078
15.295295295295295,93.27251868903939,-949.2653530915724,6.098118204865933,-141.219375856311
15.315315315315313,93.39460313758525,-952.0925678234305,6.098118204865933,-141.4195760565112
15.335335335335337,93.51668758613111,-954.9237905673046,6.098118204865933,-141.61977625671142
15.355355355355355,93.63877203467698,-957.7590213231948,6.098118204865933,-141.81997645691163
15.375375375375375,93.76085648322284,-960.598260091101,6.098118204865933,-142.02017665711185
15.395395395395395,93.8829409317687,-963.4415068710232,6.098118204865933,-142.22037685731206
15.415415415415413,94.00502538031456,-966.2887616629614,6.098118204865933,-142.42057705751228
15.435435435435437,94.12710982886043,-969.1400244669156,6.098118204865933,-142.6207772577125
15.455455455455455,94.24919427740629,-971.9952952828859,6.098118204865933,-142.8209774579127
15.475475475475475,94.37127872595215,-974.8545741108721,6.098118204865933,-143.02117765811292
15.495495495495495,94.49336317449801,-977.7178609508744,6.098118204865933,-143.22137785831313
15.515515515515514,94.61544762304388,-980.5851558028927,6.098118204865933,-143.42157805851335
15.535535535535537,94.73753207158974,-983.456458666927,6.098118204865933,-143.62177825871356
15.555555555555555,94.8596165201356,-986.3317695429773,6.098118204865933,-143.82197845891378
15.575575575575575,94.98170096868147,-989.2110884310437,6.098118204865933,-144.022178659114
15.595595595595595,95.10378541722733,-992.094415331126,6.098118204865933,-144.2223788593142
15.615615615615614,95.22586986577319,-994.9817502432244,6.098118204865933,-144.42257905951442
15.635635635635637,95.34795431431905,-997.8730931673388,6.098118204865933,-144.62277925971463
15.655655655655655,95.47003876286492,-1000.7684441034692,6.098118204865933,-144.82297945991485
15.675675675675675,95.59212321141078,-1003.6678030516156,6.098118204865933,-145.02317966011506
15.695695695695695,95.71420765995664,-1006.571170011778,6.098118204865933,-145.22337986031528
15.715715715715717,95.8362921085025,-1009.4785449839565,6.098118204865933,-145.4235800605155
15.735735735735737,95.95837655704837,-1012.3899279681509,6.098118204865933,-145.6237802607157
15.755755755755755,96.08046100559423,-1015.3053189643614,6.098118204865933,-145.82398046091592
15.775775775775776,96.2025454541401,-1018.2247179725879,6.098118204865933,-146.02418066111613
15.795795795795796,96.32462990268596,-1021.1481249928305,6.098118204865933,-146.22438086131635
15.815815815815817,96.44671435123182,-1024.0755400250891,6.098118204865933,-146.42458106151656
15.835835835835837,96.56879879977768,-1027.0069630693638,6.098118204865933,-146.62478126171678
15.855855855855856,96.69088324832354,-1029.9423941256543,6.098118204865933,-146.824981461917
15.875875875875876,96.8129676968694,-1032.881833193961,6.098118204865933,-147.0251816621172
15.895895895895896,96.93505214541527,-1035.8252802742836,6.098118204865933,-147.22538186231742
15.915915915915917,97.05713659396113,-1038.7727353666223,6.098118204865933,-147.42558206251763
15.935935935935937,97.179221042507,-1041.724198470977,6.098118204865933,-147.62578226271785
15.955955955955956,97.30130549105286,-1044.6796695873477,6.098118204865933,-147.82598246291806
15.975975975975976,97.42338993959872,-1047.6391487157343,6.098118204865933,-148.02618266311828
15.995995995995996,97.54547438814458,-1050.602635856137,6.098118204865933,-148.2263828633185
16.016016016016017,97.66755883669045,-1053.5701310085558,6.098118204865933,-148.4265830635187
16.036036036036037,97.78964328523631,-1056.5416341729906,6.098118204865933,-148.62678326371892
16.056056056056057,97.91172773378217,-1059.5171453494415,6.098118204865933,-148.82698346391913
16.076076076076077,98.03381218232803,-1062.4966645379084,6.098118204865933,-149.02718366411935
16.096096096096094,98.1558966308739,-1065.4801917383913,6.098118204865933,-149.22738386431956
16.116116116116117,98.27798107941976,-1068.4677269508902,6.098118204865933,-149.42758406451978
16.136136136136138,98.40006552796562,-1071.4592701754052,6.098118204865933,-149.62778426472
16.156156156156158,98.52214997651149,-1074.454821411936,6.098118204865933,-149.8279844649202
16.176176176176178,98.64423442505735,-1077.4543806604831,6.098118204865933,-150.02818466512042
16.196196196196194,98.76631887360321,-1080.457947921046,6.098118204865933,-150.22838486532063
16.216216216216218,98.88840332214907,-1083.4655231936251,6.098118204865933,-150.42858506552085
16.236236236236238,99.01048777069494,-1086.47710647822,6.098118204865933,-150.62878526572106
16.256256256256258,99.1325722192408,-1089.4926977748312,6.098118204865933,-150.82898546592128
16.276276276276278,99.25465666778666,-1092.5122970834582,6.098118204865933,-151.0291856661215
16.296296296296294,99.37674111633252,-1095.5359044041013,6.098118204865933,-151.2293858663217
16.316316316316318,99.49882556487839,-1098.5635197367603,6.098118204865933,-151.42958606652192
16.336336336336338,99.62091001342425,-1101.5951430814355,6.098118204865933,-151.62978626672214
16.356356356356358,99.74299446197011,-1104.6307744381265,6.098118204865933,-151.82998646692235
16.376376376376378,99.86507891051598,-1107.6704138068337,6.098118204865933,-152.03018666712256
16.396396396396394,99.98716335906184,-1110.7140611875568,6.098118204865933,-152.23038686732278
16.416416416416418,100.1092478076077,-1113.761716580296,6.098118204865933,-152.430587067523
16.436436436436438,100.23133225615356,-1116.8133799850511,6.098118204865933,-152.6307872677232
16.456456456456458,100.35341670469943,-1119.8690514018224,6.098118204865933,-152.83098746792342
16.476476476476478,100.47550115324529,-1122.9287308306095,6.098118204865933,-153.03118766812364
16.496496496496494,100.59758560179115,-1125.9924182714128,6.098118204865933,-153.23138786832385
16.516516516516518,100.71967005033702,-1129.0601137242322,6.098118204865933,-153.43158806852406
16.536536536536538,100.84175449888288,-1132.1318171890675,6.098118204865933,-153.63178826872428
16.556556556556558,100.96383894742874,-1135.207528665919,6.098118204865933,-153.8319884689245
16.576576576576578,101.0859233959746,-1138.2872481547863,6.098118204865933,-154.0321886691247
16.596596596596594,101.20800784452047,-1141.3709756556698,6.098118204865933,-154.23238886932492
16.616616616616618,101.33009229306633,-1144.4587111685692,6.098118204865933,-154.43258906952514
16.636636636636638,101.45217674161219,-1147.5504546934847,6.098118204865933,-154.63278926972535
16.656656656656658,101.57426119015805,-1150.646206230416,6.098118204865933,-154.83298946992556
16.676676676676678,101.69634563870392,-1153.7459657793636,6.098118204865933,-155.03318967012578
16.696696696696694,101.81843008724978,-1156.849733340327,6.098118204865933,-155.233389870326
16.716716716716718,101.94051453579564,-1159.9575089133066,6.098118204865933,-155.4335900705262
16.736736736736738,102.0625989843415,-1163.069292498302,6.098118204865933,-155.63379027072642
16.756756756756758,102.18468343288737,-1166.1850840953136,6.098118204865933,-155.83399047092664
16.776776776776778,102.30676788143323,-1169.3048837043411,6.098118204865933,-156.03419067112685
16.796796796796794,102.4288523299791,-1172.4286913253848,6.098118204865933,-156.23439087132707
16.816816816816818,102.55093677852496,-1175.5565069584443,6.098118204865933,-156.43459107152728
16.836836836836838,102.67302122707082,-1178.68833060352,6.098118204865933,-156.6347912717275
16.856856856856858,102.79510567561668,-1181.8241622606115,6.098118204865933,-156.8349914719277
16.876876876876878,102.91719012416254,-1184.9640019297192,6.098118204865933,-157.03519167212792
16.896896896896898,103.03927457270841,-1188.1078496108428,6.098118204865933,-157.23539187232814
16.916916916916918,103.16135902125427,-1191.2557053039825,6.098118204865933,-157.43559207252835
16.936936936936938,103.28344346980013,-1194.4075690091381,6.098118204865933,-157.63579227272857
16.956956956956958,103.405527918346,-1197.5634407263099,6.098118204865933,-157.83599247292878
16.976976976976978,103.52761236689186,-1200.7233204554975,6.098118204865933,-158.036192673129
16.996996996996998,103.64969681543772,-1203.8872081967013,6.098118204865933,-158.2363928733292
17.017017017017018,103.77178126398358,-1207.0551039499212,6.098118204865933,-158.43659307352942
17.037037037037038,103.89386571252945,-1210.227007715157,6.098118204865933,-158.63679327372964
17.057057057057058,104.01595016107531,-1213.402919492409,6.098118204865933,-158.83699347392985
17.077077077077078,104.13803460962117,-1216.5828392816768,6.098118204865933,-159.03719367413007
17.097097097097098,104.26011905816704,-1219.7667670829608,6.098118204865933,-159.23739387433028
17.117117117117118,104.3822035067129,-1222.9547028962606,6.098118204865933,-159.4375940745305
17.137137137137138,104.50428795525876,-1226.1466467215766,6.098118204865933,-159.6377942747307
17.157157157157158,104.62637240380462,-1229.3425985589085,6.098118204865933,-159.83799447493092
17.177177177177178,104.74845685235049,-1232.5425584082566,6.098118204865933,-160.03819467513114
17.197197197197198,104.87054130089635,-1235.7465262696205,6.098118204865933,-160.23839487533135
17.217217217217218,104.99262574944221,-1238.9545021430006,6.098118204865933,-160.43859507553157
17.237237237237238,105.11471019798807,-1242.1664860283965,6.098118204865933,-160.63879527573178
17.25725725725726,105.23679464653394,-1245.3824779258086,6.098118204865933,-160.838995475932
17.27727727727728,105.3588790950798,-1248.6024778352366,6.098118204865933,-161.0391956761322
17.2972972972973,105.48096354362566,-1251.8264857566808,6.098118204865933,-161.23939587633242
17.31731731731732,105.60304799217153,-1255.0545016901408,6.098118204865933,-161.43959607653264
17.33733733733734,105.72513244071739,-1258.286525635617,6.098118204865933,-161.63979627673285
17.35735735735736,105.84721688926325,-1261.522557593109,6.098118204865933,-161.83999647693307
17.37737737737738,105.96930133780911,-1264.7625975626172,6.098118204865933,-162.04019667713328
17.3973973973974,106.09138578635498,-1268.0066455441413,6.098118204865933,-162.2403968773335
17.41741741741742,106.21347023490084,-1271.2547015376815,6.098118204865933,-162.4405970775337
17.43743743743744,106.3355546834467,-1274.5067655432376,6.098118204865933,-162.64079727773392
17.45745745745746,106.45763913199256,-1277.7628375608099,6.098118204865933,-162.84099747793414
17.47747747747748,106.57972358053843,-1281.0229175903983,6.098118204865933,-163.04119767813435
17.4974974974975,106.70180802908429,-1284.2870056320025,6.098118204865933,-163.24139787833457
17.51751751751752,106.82389247763015,-1287.555101685623,6.098118204865933,-163.44159807853478
17.53753753753754,106.94597692617602,-1290.8272057512593,6.098118204865933,-163.641798278735
17.55755755755756,107.06806137472188,-1294.1033178289117,6.098118204865933,-163.8419984789352
17.57757757757758,107.19014582326774,-1297.38343791858,6.098118204865933,-164.04219867913542
17.5975975975976,107.3122302718136,-1300.6675660202645,6.098118204865933,-164.24239887933564
17.61761761761762,107.43431472035947,-1303.955702133965,6.098118204865933,-164.44259907953585
17.63763763763764,107.55639916890533,-1307.2478462596814,6.098118204865933,-164.64279927973607
17.65765765765766,107.67848361745119,-1310.5439983974138,6.098118204865933,-164.84299947993628
17.67767767767768,107.80056806599706,-1313.8441585471624,6.098118204865933,-165.0431996801365
17.6976976976977,107.92265251454292,-1317.1483267089268,6.098118204865933,-165.2433998803367
17.71771771771772,108.04473696308878,-1320.4565028827074,6.098118204865933,-165.44360008053692
17.73773773773774,108.16682141163464,-1323.7686870685038,6.098118204865933,-165.64380028073714
17.75775775775776,108.2889058601805,-1327.0848792663164,6.098118204865933,-165.84400048093735
17.77777777777778,108.41099030872637,-1330.405079476145,6.098118204865933,-166.04420068113757
17.7977977977978,108.53307475727223,-1333.7292876979895,6.098118204865933,-166.24440088133778
17.81781781781782,108.6551592058181,-1337.05750393185,6.098118204865933,-166.444601081538
17.83783783783784,108.77724365436396,-1340.3897281777267,6.098118204865933,-166.6448012817382
17.85785785785786,108.89932810290982,-1343.7259604356193,6.098118204865933,-166.84500148193843
17.87787787787788,109.02141255145568,-1347.066200705528,6.098118204865933,-167.04520168213864
17.8978978978979,109.14349700000155,-1350.4104489874526,6.098118204865933,-167.24540188233885
17.91791791791792,109.26558144854741,-1353.7587052813933,6.098118204865933,-167.44560208253907
17.93793793793794,109.38766589709327,-1357.1109695873502,6.098118204865933,-167.64580228273928
17.95795795795796,109.50975034563913,-1360.467241905323,6.098118204865933,-167.8460024829395
17.97797797797798,109.631834794185,-1363.8275222353118,6.098118204865933,-168.0462026831397
17.997997997998,109.75391924273086,-1367.1918105773166,6.098118204865933,-168.24640288333993
18.01801801801802,109.87600369127672,-1370.5601069313375,6.098118204865933,-168.44660308354014
18.03803803803804,109.99808813982258,-1373.9324112973743,6.098118204865933,-168.64680328374035
18.05805805805806,110.12017258836845,-1377.3087236754272,6.098118204865933,-168.84700348394057
18.07807807807808,110.24225703691431,-1380.689044065496,6.098118204865933,-169.04720368414078
18.0980980980981,110.36434148546017,-1384.073372467581,6.098118204865933,-169.247403884341
18.11811811811812,110.48642593400604,-1387.461708881682,6.098118204865933,-169.4476040845412
18.13813813813814,110.6085103825519,-1390.854053307799,6.098118204865933,-169.64780428474143
18.15815815815816,110.73059483109776,-1394.2504057459319,6.098118204865933,-169.84800448494164
18.17817817817818,110.85267927964362,-1397.650766196081,6.098118204865933,-170.04820468514185
18.1981981981982,110.97476372818949,-1401.0551346582458,6.098118204865933,-170.24840488534207
18.21821821821822,111.09684817673535,-1404.463511132427,6.098118204865933,-170.44860508554228
18.23823823823824,111.21893262528121,-1407.8758956186239,6.098118204865933,-170.6488052857425
18.25825825825826,111.34101707382708,-1411.292288116837,6.098118204865933,-170.8490054859427
18.27827827827828,111.46310152237294,-1414.712688627066,6.098118204865933,-171.04920568614293
18.2982982982983,111.5851859709188,-1418.137097149311,6.098118204865933,-171.24940588634314
18.31831831831832,111.70727041946466,-1421.5655136835721,6.098118204865933,-171.44960608654335
18.33833833833834,111.82935486801053,-1424.9979382298493,6.098118204865933,-171.64980628674357
18.35835835835836,111.95143931655639,-1428.4343707881424,6.098118204865933,-171.85000648694378
18.37837837837838,112.07352376510225,-1431.8748113584516,6.098118204865933,-172.050206687144
18.3983983983984,112.19560821364811,-1435.3192599407766,6.098118204865933,-172.2504068873442
18.41841841841842,112.31769266219398,-1438.7677165351179,6.098118204865933,-172.45060708754443
18.43843843843844,112.43977711073984,-1442.2201811414752,6.098118204865933,-172.65080728774464
18.45845845845846,112.5618615592857,-1445.6766537598485,6.098118204865933,-172.85100748794486
18.47847847847848,112.68394600783157,-1449.1371343902379,6.098118204865933,-173.05120768814507
18.4984984984985,112.80603045637743,-1452.6016230326431,6.098118204865933,-173.25140788834528
18.51851851851852,112.92811490492329,-1456.0701196870646,6.098118204865933,-173.4516080885455
18.53853853853854,113.05019935346915,-1459.5426243535019,6.098118204865933,-173.6518082887457
18.55855855855856,113.17228380201502,-1463.0191370319553,6.098118204865933,-173.85200848894593
18.57857857857858,113.29436825056088,-1466.4996577224247,6.098118204865933,-174.05220868914614
18.5985985985986,113.41645269910674,-1469.9841864249101,6.098118204865933,-174.25240888934636
18.61861861861862,113.5385371476526,-1473.4727231394115,6.098118204865933,-174.45260908954657
18.63863863863864,113.66062159619847,-1476.965267865929,6.098118204865933,-174.65280928974678
18.65865865865866,113.78270604474433,-1480.4618206044624,6.098118204865933,-174.853009489947
18.67867867867868,113.9047904932902,-1483.962381355012,6.098118204865933,-175.0532096901472
18.6986986986987,114.02687494183606,-1487.4669501175774,6.098118204865933,-175.25340989034743
18.71871871871872,114.14895939038192,-1490.975526892159,6.098118204865933,-175.45361009054764
18.73873873873874,114.27104383892778,-1494.4881116787565,6.098118204865933,-175.65381029074786
18.75875875875876,114.39312828747364,-1498.00470447737,6.098118204865933,-175.85401049094807
18.77877877877878,114.5152127360195,-1501.5253052879996,6.098118204865933,-176.05421069114828
18.7987987987988,114.63729718456537,-1505.0499141106452,6.098118204865933,-176.2544108913485
18.81881881881882,114.75938163311123,-1508.5785309453067,6.098118204865933,-176.4546110915487
18.83883883883884,114.8814660816571,-1512.1111557919844,6.098118204865933,-176.65481129174893
18.85885885885886,115.00355053020296,-1515.647788650678,6.098118204865933,-176.85501149194914
18.87887887887888,115.12563497874882,-1519.1884295213877,6.098118204865933,-177.05521169214936
18.8988988988989,115.24771942729468,-1522.7330784041135,6.098118204865933,-177.25541189234957
18.91891891891892,115.36980387584055,-1526.2817352988552,6.098118204865933,-177.45561209254979
18.93893893893894,115.49188832438641,-1529.834400205613,6.098118204865933,-177.65581229275
18.95895895895896,115.61397277293227,-1533.3910731243868,6.098118204865933,-177.8560124929502
18.97897897897898,115.73605722147813,-1536.9517540551767,6.098118204865933,-178.05621269315043
18.998998998999,115.858141670024,-1540.5164429979825,6.098118204865933,-178.25641289335064
19.01901901901902,115.98022611856986,-1544.0851399528044,6.098118204865933,-178.45661309355086
19.03903903903904,116.10231056711572,-1547.6578449196422,6.098118204865933,-178.65681329375107
19.05905905905906,116.22439501566159,-1551.2345578984962,6.098118204865933,-178.85701349395129
19.07907907907908,116.34647946420745,-1554.815278889366,6.098118204865933,-179.0572136941515
19.0990990990991,116.46856391275331,-1558.400007892252,6.098118204865933,-179.2574138943517
19.11911911911912,116.59064836129917,-1561.988744907154,6.098118204865933,-179.45761409455193
19.13913913913914,116.71273280984504,-1565.581489934072,6.098118204865933,-179.65781429475214
19.15915915915916,116.8348172583909,-1569.1782429730058,6.098118204865933,-179.85801449495236
19.17917917917918,116.95690170693676,-1572.7790040239558,6.098118204865933,-180.05821469515257
19.1991991991992,117.07898615548262,-1576.3837730869218,6.098118204865933,-180.2584148953528
19.21921921921922,117.20107060402849,-1579.9925501619039,6.098118204865933,-180.458615095553
19.23923923923924,117.32315505257435,-1583.6053352489018,6.098118204865933,-180.65881529575321
19.25925925925926,117.44523950112021,-1587.222128347916,6.098118204865933,-180.85901549595343
19.27927927927928,117.56732394966608,-1590.842929458946,6.098118204865933,-181.05921569615364
19.2992992992993,117.68940839821194,-1594.467738581992,6.098118204865933,-181.25941589635386
19.31931931931932,117.8114928467578,-1598.0965557170541,6.098118204865933,-181.45961609655407
19.33933933933934,117.93357729530366,-1601.7293808641323,6.098118204865933,-181.6598162967543
19.35935935935936,118.05566174384953,-1605.3662140232263,6.098118204865933,-181.8600164969545
19.37937937937938,118.17774619239539,-1609.0070551943365,6.098118204865933,-182.06021669715471
19.3993993993994,118.29983064094125,-1612.6519043774629,6.098118204865933,-182.26041689735493
19.41941941941942,118.42191508948711,-1616.300761572605,6.098118204865933,-182.46061709755514
19.43943943943944,118.54399953803298,-1619.9536267797635,6.098118204865933,-182.66081729775536
19.45945945945946,118.66608398657884,-1623.6104999989377,6.098118204865933,-182.86101749795557
19.47947947947948,118.7881684351247,-1627.271381230128,6.098118204865933,-183.0612176981558
19.4994994994995,118.91025288367057,-1630.9362704733344,6.098118204865933,-183.261417898356
19.51951951951952,119.03233733221643,-1634.6051677285568,6.098118204865933,-183.46161809855622
19.53953953953954,119.15442178076229,-1638.2780729957951,6.098118204865933,-183.66181829875643
19.55955955955956,119.27650622930815,-1641.9549862750496,6.098118204865933,-183.86201849895664
19.57957957957958,119.39859067785402,-1645.63590756632,6.098118204865933,-184.06221869915686
19.5995995995996,119.52067512639988,-1649.3208368696064,6.098118204865933,-184.26241889935707
19.61961961961962,119.64275957494574,-1653.0097741849088,6.098118204865933,-184.4626190995573
19.63963963963964,119.7648440234916,-1656.7027195122273,6.098118204865933,-184.6628192997575
19.65965965965966,119.88692847203747,-1660.3996728515617,6.098118204865933,-184.86301949995772
19.67967967967968,120.00901292058333,-1664.1006342029123,6.098118204865933,-185.06321970015793
19.6996996996997,120.1310973691292,-1667.8056035662787,6.098118204865933,-185.26341990035814
19.71971971971972,120.25318181767506,-1671.5145809416613,6.098118204865933,-185.46362010055836
19.73973973973974,120.37526626622092,-1675.2275663290598,6.098118204865933,-185.66382030075857
19.75975975975976,120.49735071476678,-1678.9445597284744,6.098118204865933,-185.8640205009588
19.77977977977978,120.61943516331264,-1682.6655611399049,6.098118204865933,-186.064220701159
19.7997997997998,120.74151961185851,-1686.3905705633515,6.098118204865933,-186.26442090135922
19.81981981981982,120.86360406040437,-1690.119587998814,6.098118204865933,-186.46462110155943
19.83983983983984,120.98568850895023,-1693.8526134462927,6.098118204865933,-186.66482130175964
19.85985985985986,121.1077729574961,-1697.5896469057875,6.098118204865933,-186.86502150195986
19.87987987987988,121.22985740604196,-1701.3306883772982,6.098118204865933,-187.06522170216007
19.8998998998999,121.35194185458782,-1705.075737860825,6.098118204865933,-187.2654219023603
19.91991991991992,121.47402630313368,-1708.8247953563678,6.098118204865933,-187.4656221025605
19.93993993993994,121.59611075167955,-1712.5778608639266,6.098118204865933,-187.66582230276072
19.95995995995996,121.71819520022541,-1716.3349343835014,6.098118204865933,-187.86602250296093
19.97997997997998,121.84027964877127,-1720.0960159150923,6.098118204865933,-188.06622270316115
20.0,121.96236409731713,-1723.861105458699,6.098118204865933,-188.26642290336136
