t,xpos,ypos,vx,vy
0.0,0.0,46.70055636210853,0.9411556750056906,1.1178086989391722
0.02002002002002002,0.01884195545556938,46.72293491463984,0.9411556750056906,0.9176084987389721
0.04004004004004004,0.03768391091113876,46.741305455155135,0.9411556750056906,0.717408298538772
0.06006006006006006,0.056525866366708144,46.75566798365441,0.9411556750056906,0.5172080983385718
0.08008008008008008,0.07536782182227753,46.766022500137666,0.9411556750056906,0.31700789813837166
0.10010010010010009,0.0942097772778469,46.7723690046049,0.9411556750056906,0.11680769793817147
0.12012012012012012,0.11305173273341629,46.77470749705611,0.9411556750056906,-0.08339250226202871
0.14014014014014015,0.13189368818898567,46.773037977491306,0.9411556750056906,-0.2835927024622289
0.16016016016016016,0.15073564364455505,46.767360445910484,0.9411556750056906,-0.4837929026624291
0.18018018018018017,0.16957759910012443,46.75767490231364,0.9411556750056906,-0.6839931028626293
0.20020020020020018,0.1884195545556938,46.74398134670077,0.9411556750056906,-0.8841933030628295
0.22022022022022023,0.2072615100112632,46.72627977907189,0.9411556750056906,-1.0843935032630296
0.24024024024024024,0.22610346546683258,46.70457019942698,0.9411556750056906,-1.2845937034632298
0.2602602602602603,0.24494542092240196,46.67885260776605,0.9411556750056906,-1.48479390366343
0.2802802802802803,0.26378737637797134,46.64912700408911,0.9411556750056906,-1.68499410386363
0.3003003003003003,0.2826293318335407,46.61539338839614,0.9411556750056906,-1.8851943040638302
0.3203203203203203,0.3014712872891101,46.57765176068716,0.9411556750056906,-2.0853945042640305
0.3403403403403404,0.3203132427446795,46.535902120962156,0.9411556750056906,-2.2855947044642306
0.36036036036036034,0.33915519820024886,46.49014446922113,0.9411556750056906,-2.4857949046644308
0.3803803803803804,0.35799715365581825,46.440378805464086,0.9411556750056906,-2.685995104864631
0.40040040040040037,0.3768391091113876,46.38660512969102,0.9411556750056906,-2.886195305064831
0.42042042042042044,0.395681064566957,46.32882344190193,0.9411556750056906,-3.086395505265031
0.44044044044044045,0.4145230200225264,46.26703374209683,0.9411556750056906,-3.2865957054652313
0.4604604604604605,0.43336497547809577,46.2012360302757,0.9411556750056906,-3.4867959056654314
0.4804804804804805,0.45220693093366515,46.13143030643855,0.9411556750056906,-3.6869961058656315
0.5005005005005005,0.47104888638923453,46.05761657058539,0.9411556750056906,-3.8871963060658317
0.5205205205205206,0.4898908418448039,45.9797948227162,0.9411556750056906,-4.087396506266032
0.5405405405405406,0.5087327973003732,45.897965062831,0.9411556750056906,-4.287596706466232
0.5605605605605606,0.5275747527559427,45.81212729092977,0.9411556750056906,-4.487796906666432
0.5805805805805806,0.5464167082115121,45.722281507012525,0.9411556750056906,-4.687997106866632
0.6006006006006006,0.5652586636670816,45.62842771107926,0.9411556750056906,-4.888197307066832
0.6206206206206206,0.584100619122651,45.530565903129975,0.9411556750056906,-5.088397507267032
0.6406406406406406,0.6029425745782204,45.42869608316467,0.9411556750056906,-5.288597707467233
0.6606606606606606,0.6217845300337899,45.32281825118334,0.9411556750056906,-5.488797907667433
0.6806806806806808,0.6406264854893593,45.212932407185995,0.9411556750056906,-5.688998107867633
0.7007007007007007,0.6594684409449287,45.099038551172626,0.9411556750056906,-5.889198308067833
0.7207207207207207,0.6783103964004982,44.98113668314324,0.9411556750056906,-6.089398508268033
0.7407407407407407,0.6971523518560676,44.85922680309783,0.9411556750056906,-6.289598708468233
0.7607607607607608,0.715994307311637,44.73330891103641,0.9411556750056906,-6.489798908668433
0.7807807807807808,0.7348362627672065,44.603383006958964,0.9411556750056906,-6.6899991088686335
0.8008008008008007,0.7536782182227759,44.469449090865496,0.9411556750056906,-6.890199309068834
0.8208208208208208,0.7725201736783454,44.33150716275601,0.9411556750056906,-7.090399509269034
0.8408408408408409,0.7913621291339148,44.189557222630505,0.9411556750056906,-7.290599709469234
0.8608608608608609,0.8102040845894842,44.043599270488976,0.9411556750056906,-7.490799909669434
0.8808808808808809,0.8290460400450537,43.89363330633143,0.9411556750056906,-7.691000109869634
0.9009009009009008,0.8478879955006231,43.73965933015786,0.9411556750056906,-7.891200310069834
0.920920920920921,0.8667299509561925,43.58167734196828,0.9411556750056906,-8.091400510270034
0.9409409409409409,0.885571906411762,43.419687341762675,0.9411556750056906,-8.291600710470235
0.960960960960961,0.9044138618673314,43.25368932954105,0.9411556750056906,-8.491800910670435
0.980980980980981,0.9232558173229009,43.0836833053034,0.9411556750056906,-8.692001110870635
1.001001001001001,0.9420977727784703,42.909669269049736,0.9411556750056906,-8.892201311070835
1.021021021021021,0.9609397282340397,42.73164722078005,0.9411556750056906,-9.092401511271035
1.0410410410410411,0.9797816836896092,42.54961716049434,0.9411556750056906,-9.292601711471235
1.0610610610610611,0.9986236391451786,42.363579088192616,0.9411556750056906,-9.492801911671435
1.0810810810810811,1.017465594600748,42.173533003874866,0.9411556750056906,-9.693002111871635
1.1011011011011012,1.0363075500563175,41.9794789075411,0.9411556750056906,-9.893202312071836
1.1211211211211212,1.055149505511887,41.78141679919131,0.9411556750056906,-10.093402512272036
1.1411411411411412,1.0739914609674563,41.57934667882551,0.9411556750056906,-10.293602712472236
1.1611611611611612,1.0928334164230258,41.37326854644368,0.9411556750056906,-10.493802912672436
1.1811811811811812,1.1116753718785952,41.163182402045834,0.9411556750056906,-10.694003112872636
1.2012012012012012,1.1305173273341647,40.94908824563197,0.9411556750056906,-10.894203313072836
1.2212212212212212,1.149359282789734,40.73098607720208,0.9411556750056906,-11.094403513273036
1.2412412412412412,1.1682012382453035,40.50887589675617,0.9411556750056906,-11.294603713473236
1.2612612612612613,1.187043193700873,40.28275770429425,0.9411556750056906,-11.494803913673437
1.2812812812812813,1.2058851491564424,40.0526314998163,0.9411556750056906,-11.695004113873637
1.3013013013013013,1.2247271046120118,39.81849728332234,0.9411556750056906,-11.895204314073837
1.3213213213213213,1.2435690600675813,39.58035505481235,0.9411556750056906,-12.095404514274037
1.3413413413413413,1.2624110155231507,39.33820481428634,0.9411556750056906,-12.295604714474237
1.3613613613613615,1.2812529709787202,39.09204656174432,0.9411556750056906,-12.495804914674437
1.3813813813813813,1.3000949264342896,38.84188029718627,0.9411556750056906,-12.696005114874637
1.4014014014014013,1.318936881889859,38.5877060206122,0.9411556750056906,-12.896205315074837
1.4214214214214214,1.3377788373454285,38.32952373202212,0.9411556750056906,-13.096405515275038
1.4414414414414414,1.356620792800998,38.06733343141601,0.9411556750056906,-13.296605715475238
1.4614614614614616,1.3754627482565673,37.80113511879388,0.9411556750056906,-13.496805915675438
1.4814814814814814,1.3943047037121368,37.530928794155734,0.9411556750056906,-13.697006115875638
1.5015015015015014,1.4131466591677062,37.256714457501566,0.9411556750056906,-13.897206316075838
1.5215215215215216,1.4319886146232756,36.97849210883138,0.9411556750056906,-14.097406516276038
1.5415415415415414,1.450830570078845,36.696261748145176,0.9411556750056906,-14.297606716476238
1.5615615615615617,1.4696725255344145,36.41002337544295,0.9411556750056906,-14.497806916676439
1.5815815815815815,1.488514480989984,36.1197769907247,0.9411556750056906,-14.698007116876639
1.6016016016016015,1.5073564364455534,35.825522593990435,0.9411556750056906,-14.898207317076839
1.6216216216216217,1.5261983919011228,35.527260185240145,0.9411556750056906,-15.098407517277039
1.6416416416416415,1.5450403473566923,35.22498976447384,0.9411556750056906,-15.298607717477239
1.6616616616616617,1.5638823028122617,34.91871133169151,0.9411556750056906,-15.49880791767744
1.6816816816816818,1.5827242582678311,34.60842488689316,0.9411556750056906,-15.69900811787764
1.7017017017017015,1.6015662137234006,34.294130430078795,0.9411556750056906,-15.89920831807784
1.7217217217217218,1.62040816917897,33.975827961248406,0.9411556750056906,-16.09940851827804
1.7417417417417416,1.6392501246345395,33.653517480402,0.9411556750056906,-16.29960871847824
1.7617617617617618,1.6580920800901089,33.327198987539575,0.9411556750056906,-16.49980891867844
1.7817817817817818,1.6769340355456783,32.996872482661125,0.9411556750056906,-16.70000911887864
1.8018018018018016,1.6957759910012478,32.66253796576666,0.9411556750056906,-16.90020931907884
1.8218218218218218,1.7146179464568172,32.32419543685617,0.9411556750056906,-17.10040951927904
1.841841841841842,1.7334599019123866,31.981844895929665,0.9411556750056906,-17.30060971947924
1.8618618618618619,1.752301857367956,31.63548634298714,0.9411556750056906,-17.50080991967944
1.8818818818818819,1.7711438128235255,31.28511977802859,0.9411556750056906,-17.70101011987964
1.9019019019019017,1.789985768279095,30.930745201054023,0.9411556750056906,-17.90121032007984
1.921921921921922,1.8088277237346644,30.572362612063436,0.9411556750056906,-18.10141052028004
1.9419419419419421,1.8276696791902338,30.20997201105683,0.9411556750056906,-18.30161072048024
1.961961961961962,1.8465116346458033,29.843573398034202,0.9411556750056906,-18.50181092068044
1.981981981981982,1.8653535901013727,29.473166772995555,0.9411556750056906,-18.70201112088064
2.002002002002002,1.8841955455569421,29.098752135940888,0.9411556750056906,-18.90221132108084
2.022022022022022,1.9030375010125116,28.7203294868702,0.9411556750056906,-19.10241152128104
2.042042042042042,1.921879456468081,28.33789882578349,0.9411556750056906,-19.30261172148124
2.0620620620620618,1.9407214119236504,27.951460152680763,0.9411556750056906,-19.50281192168144
2.0820820820820822,1.9595633673792199,27.561013467562017,0.9411556750056906,-19.703012121881642
2.1021021021021022,1.9784053228347893,27.166558770427248,0.9411556750056906,-19.903212322081842
2.1221221221221223,1.9972472782903588,26.76809606127646,0.9411556750056906,-20.103412522282042
2.1421421421421423,2.016089233745928,26.365625340109652,0.9411556750056906,-20.303612722482242
2.1621621621621623,2.0349311892014974,25.959146606926826,0.9411556750056906,-20.503812922682442
2.1821821821821823,2.053773144657067,25.548659861727977,0.9411556750056906,-20.704013122882643
2.2022022022022023,2.0726151001126363,25.13416510451311,0.9411556750056906,-20.904213323082843
2.2222222222222223,2.0914570555682057,24.71566233528222,0.9411556750056906,-21.104413523283043
2.2422422422422423,2.110299011023775,24.293151554035315,0.9411556750056906,-21.304613723483243
2.2622622622622623,2.1291409664793446,23.866632760772386,0.9411556750056906,-21.504813923683443
2.2822822822822824,2.147982921934914,23.43610595549344,0.9411556750056906,-21.705014123883643
2.3023023023023024,2.1668248773904835,23.00157113819847,0.9411556750056906,-21.905214324083843
2.3223223223223224,2.185666832846053,22.563028308887482,0.9411556750056906,-22.105414524284043
2.3423423423423424,2.2045087883016223,22.120477467560473,0.9411556750056906,-22.305614724484244
2.3623623623623624,2.2233507437571918,21.673918614217445,0.9411556750056906,-22.505814924684444
2.3823823823823824,2.242192699212761,21.2233517488584,0.9411556750056906,-22.706015124884644
2.4024024024024024,2.2610346546683306,20.76877687148333,0.9411556750056906,-22.906215325084844
2.4224224224224224,2.2798766101239,20.31019398209224,0.9411556750056906,-23.106415525285044
2.4424424424424425,2.2987185655794695,19.847603080685133,0.9411556750056906,-23.306615725485244
2.4624624624624625,2.317560521035039,19.381004167262006,0.9411556750056906,-23.506815925685444
2.4824824824824825,2.3364024764906084,18.910397241822857,0.9411556750056906,-23.707016125885644
2.5025025025025025,2.355244431946178,18.435782304367688,0.9411556750056906,-23.907216326085845
2.5225225225225225,2.3740863874017473,17.9571593548965,0.9411556750056906,-24.107416526286045
2.5425425425425425,2.3929283428573167,17.474528393409294,0.9411556750056906,-24.307616726486245
2.5625625625625625,2.411770298312886,16.987889419906065,0.9411556750056906,-24.507816926686445
2.5825825825825826,2.4306122537684556,16.497242434386816,0.9411556750056906,-24.708017126886645
2.6026026026026026,2.449454209224025,16.00258743685155,0.9411556750056906,-24.908217327086845
2.6226226226226226,2.4682961646795945,15.50392442730026,0.9411556750056906,-25.108417527287045
2.6426426426426426,2.487138120135164,15.001253405732953,0.9411556750056906,-25.308617727487245
2.6626626626626626,2.5059800755907333,14.494574372149625,0.9411556750056906,-25.508817927687446
2.6826826826826826,2.5248220310463028,13.983887326550276,0.9411556750056906,-25.709018127887646
2.7027027027027026,2.543663986501872,13.469192268934908,0.9411556750056906,-25.909218328087846
2.722722722722723,2.5625059419574416,12.950489199303519,0.9411556750056906,-26.109418528288046
2.7427427427427427,2.581347897413011,12.42777811765611,0.9411556750056906,-26.309618728488246
2.7627627627627627,2.6001898528685805,11.901059023992682,0.9411556750056906,-26.509818928688446
2.7827827827827827,2.61903180832415,11.370331918313234,0.9411556750056906,-26.710019128888646
2.8028028028028027,2.6378737637797194,10.835596800617765,0.9411556750056906,-26.910219329088847
2.822822822822823,2.656715719235289,10.296853670906277,0.9411556750056906,-27.110419529289047
2.8428428428428427,2.6755576746908583,9.754102529178768,0.9411556750056906,-27.310619729489247
2.8628628628628627,2.6943996301464277,9.20734337543524,0.9411556750056906,-27.510819929689447
2.8828828828828827,2.713241585601997,8.656576209675691,0.9411556750056906,-27.711020129889647
2.9029029029029028,2.7320835410575666,8.101801031900123,0.9411556750056906,-27.911220330089847
2.922922922922923,2.750925496513136,7.543017842108535,0.9411556750056906,-28.111420530290047
2.942942942942943,2.7697674519687054,6.980226640300926,0.9411556750056906,-28.311620730490247
2.962962962962963,2.788609407424275,6.4134274264772975,0.9411556750056906,-28.511820930690448
2.982982982982983,2.8074513628798443,5.842620200637649,0.9411556750056906,-28.712021130890648
3.003003003003003,2.8262933183354138,5.26780496278198,0.9411556750056906,-28.912221331090848
3.0230230230230233,2.845135273790983,4.688981712910292,0.9411556750056906,-29.112421531291048
3.0430430430430433,2.8639772292465526,4.106150451022583,0.9411556750056906,-29.312621731491248
3.063063063063063,2.882819184702122,3.5193111771188548,0.9411556750056906,-29.512821931691448
3.083083083083083,2.9016611401576915,2.9284638911991063,0.9411556750056906,-29.71302213189165
3.103103103103103,2.920503095613261,2.3336085932633375,0.9411556750056906,-29.91322233209185
3.1231231231231233,2.9393450510688304,1.7347452833115486,0.9411556750056906,-30.11342253229205
3.1431431431431434,2.9581870065244,1.1318739613437399,0.9411556750056906,-30.31362273249225
3.163163163163163,2.9770289619799692,0.5249946273599111,0.9411556750056906,-30.51382293269245
3.183183183183183,2.9958709174355387,-0.08589271863993775,0.9411556750056906,-30.71402313289265
3.203203203203203,3.014712872891108,-0.7007880766558066,0.9411556750056906,-30.91422333309285
3.2232232232232234,3.0335548283466776,-1.3196914466876954,0.9411556750056906,-31.11442353329305
3.2432432432432434,3.052396783802247,-1.9426028287356043,0.9411556750056906,-31.31462373349325
3.263263263263263,3.0712387392578164,-2.569522222799533,0.9411556750056906,-31.51482393369345
3.283283283283283,3.090080694713386,-3.200449628879482,0.9411556750056906,-31.71502413389365
3.303303303303303,3.1089226501689553,-3.835385046975451,0.9411556750056906,-31.91522433409385
3.3233233233233235,3.1277646056245247,-4.47432847708744,0.9411556750056906,-32.11542453429405
3.3433433433433435,3.146606561080094,-5.117279919215449,0.9411556750056906,-32.31562473449425
3.3633633633633635,3.1654485165356636,-5.7642393733594774,0.9411556750056906,-32.51582493469445
3.383383383383383,3.184290471991233,-6.415206839519526,0.9411556750056906,-32.71602513489465
3.403403403403403,3.2031324274468025,-7.070182317695595,0.9411556750056906,-32.91622533509485
3.4234234234234235,3.221974382902372,-7.729165807887684,0.9411556750056906,-33.11642553529505
3.4434434434434436,3.2408163383579414,-8.392157310095794,0.9411556750056906,-33.31662573549525
3.4634634634634636,3.259658293813511,-9.059156824319922,0.9411556750056906,-33.51682593569545
3.483483483483483,3.2785002492690802,-9.730164350560072,0.9411556750056906,-33.71702613589565
3.503503503503503,3.2973422047246497,-10.40517988881624,0.9411556750056906,-33.91722633609585
3.5235235235235236,3.316184160180219,-11.08420343908843,0.9411556750056906,-34.11742653629605
3.5435435435435436,3.3350261156357885,-11.767235001376639,0.9411556750056906,-34.31762673649625
3.5635635635635636,3.353868071091358,-12.454274575680868,0.9411556750056906,-34.51782693669645
3.583583583583583,3.3727100265469274,-13.145322162001117,0.9411556750056906,-34.71802713689665
3.603603603603603,3.391551982002497,-13.840377760337386,0.9411556750056906,-34.91822733709685
3.6236236236236237,3.4103939374580663,-14.539441370689676,0.9411556750056906,-35.11842753729705
3.6436436436436437,3.4292358929136357,-15.242512993057986,0.9411556750056906,-35.31862773749725
3.6636636636636637,3.448077848369205,-15.949592627442316,0.9411556750056906,-35.51882793769745
3.683683683683684,3.4669198038247746,-16.660680273842665,0.9411556750056906,-35.71902813789765
3.7037037037037033,3.485761759280344,-17.375775932259035,0.9411556750056906,-35.91922833809785
3.7237237237237237,3.5046037147359135,-18.094879602691424,0.9411556750056906,-36.11942853829805
3.7437437437437437,3.523445670191483,-18.817991285139833,0.9411556750056906,-36.31962873849825
3.7637637637637638,3.5422876256470524,-19.545110979604264,0.9411556750056906,-36.51982893869845
3.783783783783784,3.561129581102622,-20.276238686084714,0.9411556750056906,-36.72002913889865
3.8038038038038033,3.5799715365581912,-21.011374404581183,0.9411556750056906,-36.92022933909885
3.823823823823824,3.5988134920137607,-21.75051813509367,0.9411556750056906,-37.12042953929905
3.843843843843844,3.61765544746933,-22.49366987762218,0.9411556750056906,-37.32062973949925
3.863863863863864,3.6364974029248995,-23.24082963216671,0.9411556750056906,-37.52082993969945
3.8838838838838843,3.655339358380469,-23.99199739872726,0.9411556750056906,-37.72103013989965
3.9039039039039034,3.6741813138360384,-24.74717317730383,0.9411556750056906,-37.921230340099854
3.923923923923924,3.693023269291608,-25.50635696789642,0.9411556750056906,-38.121430540300054
3.943943943943944,3.7118652247471773,-26.26954877050503,0.9411556750056906,-38.321630740500254
3.963963963963964,3.7307071802027467,-27.036748585129658,0.9411556750056906,-38.521830940700454
3.9839839839839843,3.749549135658316,-27.807956411770306,0.9411556750056906,-38.722031140900654
4.004004004004004,3.7683910911138856,-28.583172250426976,0.9411556750056906,-38.922231341100854
4.0240240240240235,3.787233046569455,-29.362396101099666,0.9411556750056906,-39.122431541301054
4.044044044044044,3.8060750020250245,-30.145627963788375,0.9411556750056906,-39.322631741501255
4.064064064064064,3.824916957480594,-30.932867838493106,0.9411556750056906,-39.522831941701455
4.084084084084084,3.8437589129361633,-31.724115725213856,0.9411556750056906,-39.723032141901655
4.104104104104104,3.8626008683917328,-32.519371623950626,0.9411556750056906,-39.923232342101855
4.1241241241241235,3.881442823847302,-33.31863553470342,0.9411556750056906,-40.123432542302055
4.1441441441441444,3.9002847793028717,-34.121907457472226,0.9411556750056906,-40.323632742502255
4.1641641641641645,3.919126734758441,-34.929187392257056,0.9411556750056906,-40.523832942702455
4.1841841841841845,3.9379686902140105,-35.74047533905791,0.9411556750056906,-40.724033142902655
4.2042042042042045,3.95681064566958,-36.55577129787478,0.9411556750056906,-40.924233343102856
4.2242242242242245,3.9756526011251494,-37.37507526870767,0.9411556750056906,-41.124433543303056
4.2442442442442445,3.994494556580719,-38.198387251556575,0.9411556750056906,-41.324633743503256
4.2642642642642645,4.013336512036288,-39.025707246421504,0.9411556750056906,-41.524833943703456
4.2842842842842845,4.032178467491857,-39.857035253302456,0.9411556750056906,-41.725034143903656
4.3043043043043046,4.051020422947426,-40.69237127219942,0.9411556750056906,-41.925234344103856
4.324324324324325,4.069862378402995,-41.53171530311241,0.9411556750056906,-42.125434544304056
4.344344344344345,4.088704333858564,-42.375067346041426,0.9411556750056906,-42.325634744504256
4.364364364364365,4.107546289314133,-43.222427400986454,0.9411556750056906,-42.52583494470446
4.384384384384385,4.126388244769702,-44.073795467947505,0.9411556750056906,-42.72603514490466
4.404404404404405,4.145230200225271,-44.92917154692458,0.9411556750056906,-42.92623534510486
4.424424424424425,4.16407215568084,-45.78855563791767,0.9411556750056906,-43.12643554530506
4.444444444444445,4.182914111136409,-46.65194774092678,0.9411556750056906,-43.32663574550526
4.464464464464465,4.201756066591978,-47.51934785595191,0.9411556750056906,-43.52683594570546
4.484484484484485,4.220598022047547,-48.390755982993056,0.9411556750056906,-43.72703614590566
4.504504504504505,4.239439977503116,-49.26617212205023,0.9411556750056906,-43.92723634610586
4.524524524524525,4.258281932958685,-50.14559627312342,0.9411556750056906,-44.12743654630606
4.544544544544545,4.277123888414254,-51.02902843621263,0.9411556750056906,-44.32763674650626
4.564564564564565,4.295965843869823,-51.91646861131786,0.9411556750056906,-44.52783694670646
4.584584584584585,4.314807799325392,-52.80791679843911,0.9411556750056906,-44.72803714690666
4.604604604604605,4.333649754780961,-53.70337299757638,0.9411556750056906,-44.92823734710686
4.624624624624625,4.35249171023653,-54.60283720872967,0.9411556750056906,-45.12843754730706
4.644644644644645,4.371333665692099,-55.50630943189898,0.9411556750056906,-45.32863774750726
4.664664664664665,4.390175621147668,-56.41378966708431,0.9411556750056906,-45.52883794770746
4.684684684684685,4.409017576603237,-57.32527791428566,0.9411556750056906,-45.72903814790766
4.704704704704705,4.427859532058806,-58.24077417350303,0.9411556750056906,-45.92923834810786
4.724724724724725,4.446701487514375,-59.16027844473642,0.9411556750056906,-46.12943854830806
4.744744744744745,4.465543442969944,-60.08379072798583,0.9411556750056906,-46.32963874850826
4.764764764764765,4.484385398425513,-61.01131102325126,0.9411556750056906,-46.52983894870846
4.784784784784785,4.503227353881082,-61.94283933053271,0.9411556750056906,-46.73003914890866
4.804804804804805,4.522069309336651,-62.87837564983018,0.9411556750056906,-46.93023934910886
4.824824824824825,4.54091126479222,-63.817919981143675,0.9411556750056906,-47.13043954930906
4.844844844844845,4.559753220247789,-64.76147232447319,0.9411556750056906,-47.33063974950926
4.864864864864865,4.578595175703358,-65.70903267981872,0.9411556750056906,-47.53083994970946
4.884884884884885,4.597437131158927,-66.66060104718026,0.9411556750056906,-47.73104014990966
4.904904904904905,4.616279086614496,-67.61617742655784,0.9411556750056906,-47.93124035010986
4.924924924924925,4.635121042070065,-68.57576181795143,0.9411556750056906,-48.13144055031006
4.944944944944945,4.653962997525634,-69.53935422136104,0.9411556750056906,-48.33164075051026
4.964964964964965,4.672804952981203,-70.50695463678667,0.9411556750056906,-48.53184095071046
4.984984984984985,4.691646908436772,-71.47856306422833,0.9411556750056906,-48.73204115091066
5.005005005005005,4.710488863892341,-72.45417950368599,0.9411556750056906,-48.93224135111086
5.025025025025025,4.7293308193479096,-73.43380395515969,0.9411556750056906,-49.13244155131106
5.045045045045045,4.7481727748034785,-74.4174364186494,0.9411556750056906,-49.33264175151126
5.065065065065065,4.7670147302590475,-75.40507689415513,0.9411556750056906,-49.53284195171146
5.085085085085085,4.7858566857146165,-76.39672538167689,0.9411556750056906,-49.73304215191166
5.105105105105105,4.8046986411701855,-77.39238188121466,0.9411556750056906,-49.93324235211186
5.125125125125125,4.8235405966257545,-78.39204639276845,0.9411556750056906,-50.13344255231206
5.145145145145145,4.8423825520813235,-79.39571891633825,0.9411556750056906,-50.33364275251226
5.165165165165165,4.8612245075368925,-80.40339945192409,0.9411556750056906,-50.53384295271246
5.185185185185185,4.8800664629924615,-81.41508799952594,0.9411556750056906,-50.73404315291266
5.205205205205205,4.8989084184480305,-82.4307845591438,0.9411556750056906,-50.93424335311286
5.225225225225225,4.9177503739035995,-83.4504891307777,0.9411556750056906,-51.13444355331306
5.245245245245245,4.9365923293591685,-84.47420171442761,0.9411556750056906,-51.33464375351326
5.265265265265265,4.9554342848147375,-85.50192231009353,0.9411556750056906,-51.53484395371346
5.285285285285285,4.9742762402703065,-86.53365091777549,0.9411556750056906,-51.73504415391366
5.305305305305305,4.9931181957258755,-87.56938753747346,0.9411556750056906,-51.93524435411386
5.325325325325325,5.0119601511814444,-88.60913216918745,0.9411556750056906,-52.13544455431406
5.345345345345346,5.030802106637013,-89.65288481291746,0.9411556750056906,-52.33564475451426
5.365365365365365,5.049644062092582,-90.7006454686635,0.9411556750056906,-52.53584495471446
5.385385385385385,5.068486017548151,-91.75241413642554,0.9411556750056906,-52.73604515491466
5.405405405405405,5.08732797300372,-92.80819081620362,0.9411556750056906,-52.93624535511486
5.425425425425425,5.106169928459289,-93.86797550799771,0.9411556750056906,-53.13644555531506
5.445445445445446,5.125011883914858,-94.93176821180782,0.9411556750056906,-53.33664575551526
5.465465465465465,5.143853839370427,-95.99956892763396,0.9411556750056906,-53.536845955715464
5.485485485485485,5.162695794825996,-97.07137765547611,0.9411556750056906,-53.737046155915664
5.505505505505505,5.181537750281565,-98.14719439533428,0.9411556750056906,-53.937246356115864
5.525525525525525,5.200379705737134,-99.22701914720847,0.9411556750056906,-54.137446556316064
5.545545545545546,5.219221661192703,-100.31085191109868,0.9411556750056906,-54.337646756516264
5.565565565565565,5.238063616648272,-101.39869268700491,0.9411556750056906,-54.537846956716464
5.585585585585585,5.256905572103841,-102.49054147492716,0.9411556750056906,-54.738047156916664
5.605605605605605,5.27574752755941,-103.58639827486543,0.9411556750056906,-54.938247357116865
5.625625625625625,5.294589483014979,-104.68626308681972,0.9411556750056906,-55.138447557317065
5.645645645645646,5.313431438470548,-105.79013591079003,0.9411556750056906,-55.338647757517265
5.665665665665665,5.332273393926117,-106.89801674677636,0.9411556750056906,-55.538847957717465
5.685685685685685,5.351115349381686,-108.00990559477871,0.9411556750056906,-55.739048157917665
5.7057057057057055,5.369957304837255,-109.12580245479708,0.9411556750056906,-55.939248358117865
5.7257257257257255,5.388799260292824,-110.24570732683148,0.9411556750056906,-56.139448558318065
5.745745745745746,5.407641215748393,-111.36962021088189,0.9411556750056906,-56.339648758518265
5.7657657657657655,5.426483171203962,-112.49754110694832,0.9411556750056906,-56.539848958718466
5.7857857857857855,5.445325126659531,-113.62947001503078,0.9411556750056906,-56.740049158918666
5.8058058058058055,5.4641670821151,-114.76540693512925,0.9411556750056906,-56.940249359118866
5.8258258258258255,5.483009037570669,-115.90535186724374,0.9411556750056906,-57.140449559319066
5.845845845845846,5.501850993026238,-117.04930481137426,0.9411556750056906,-57.340649759519266
5.865865865865866,5.520692948481807,-118.19726576752079,0.9411556750056906,-57.540849959719466
5.885885885885886,5.539534903937376,-119.34923473568334,0.9411556750056906,-57.741050159919666
5.905905905905906,5.558376859392945,-120.50521171586192,0.9411556750056906,-57.94125036011987
5.925925925925926,5.577218814848514,-121.66519670805651,0.9411556750056906,-58.14145056032007
5.9459459459459465,5.596060770304083,-122.82918971226712,0.9411556750056906,-58.34165076052027
5.965965965965966,5.614902725759652,-123.99719072849375,0.9411556750056906,-58.54185096072047
5.9859859859859865,5.633744681215221,-125.1691997567364,0.9411556750056906,-58.74205116092067
6.006006006006006,5.65258663667079,-126.34521679699508,0.9411556750056906,-58.94225136112087
6.026026026026026,5.671428592126359,-127.52524184926976,0.9411556750056906,-59.14245156132107
6.046046046046047,5.690270547581928,-128.70927491356048,0.9411556750056906,-59.34265176152127
6.066066066066066,5.709112503037497,-129.89731598986722,0.9411556750056906,-59.54285196172147
6.086086086086087,5.727954458493066,-131.08936507818999,0.9411556750056906,-59.74305216192167
6.106106106106106,5.746796413948635,-132.28542217852876,0.9411556750056906,-59.94325236212187
6.126126126126126,5.765638369404204,-133.48548729088355,0.9411556750056906,-60.14345256232207
6.146146146146147,5.784480324859773,-134.68956041525436,0.9411556750056906,-60.34365276252227
6.166166166166166,5.803322280315342,-135.8976415516412,0.9411556750056906,-60.54385296272247
6.186186186186187,5.822164235770911,-137.10973070004403,0.9411556750056906,-60.74405316292267
6.206206206206206,5.84100619122648,-138.3258278604629,0.9411556750056906,-60.94425336312287
6.226226226226226,5.859848146682049,-139.5459330328978,0.9411556750056906,-61.14445356332307
6.246246246246247,5.878690102137618,-140.77004621734872,0.9411556750056906,-61.34465376352327
6.266266266266266,5.897532057593187,-141.99816741381565,0.9411556750056906,-61.54485396372347
6.286286286286287,5.916374013048756,-143.2302966222986,0.9411556750056906,-61.74505416392367
6.306306306306306,5.935215968504325,-144.46643384279756,0.9411556750056906,-61.94525436412387
6.326326326326326,5.954057923959894,-145.70657907531256,0.9411556750056906,-62.14545456432407
6.346346346346347,5.972899879415463,-146.95073231984358,0.9411556750056906,-62.34565476452427
6.366366366366366,5.991741834871032,-148.19889357639062,0.9411556750056906,-62.54585496472447
6.386386386386387,6.010583790326601,-149.45106284495367,0.9411556750056906,-62.74605516492467
6.406406406406406,6.02942574578217,-150.70724012553273,0.9411556750056906,-62.94625536512487
6.426426426426426,6.048267701237739,-151.96742541812782,0.9411556750056906,-63.14645556532507
6.446446446446447,6.067109656693308,-153.23161872273894,0.9411556750056906,-63.34665576552527
6.466466466466466,6.085951612148877,-154.49982003936609,0.9411556750056906,-63.54685596572547
6.486486486486487,6.104793567604446,-155.77202936800924,0.9411556750056906,-63.74705616592567
6.506506506506506,6.123635523060015,-157.04824670866842,0.9411556750056906,-63.94725636612587
6.526526526526526,6.142477478515584,-158.3284720613436,0.9411556750056906,-64.14745656632607
6.546546546546547,6.161319433971153,-159.6127054260348,0.9411556750056906,-64.34765676652627
6.566566566566566,6.180161389426722,-160.90094680274203,0.9411556750056906,-64.54785696672647
6.586586586586587,6.199003344882291,-162.1931961914653,0.9411556750056906,-64.74805716692667
6.606606606606606,6.21784530033786,-163.48945359220457,0.9411556750056906,-64.94825736712687
6.626626626626627,6.236687255793429,-164.78971900495986,0.9411556750056906,-65.14845756732707
6.646646646646647,6.255529211248998,-166.09399242973117,0.9411556750056906,-65.34865776752727
6.666666666666666,6.274371166704567,-167.4022738665185,0.9411556750056906,-65.54885796772747
6.686686686686687,6.293213122160136,-168.71456331532184,0.9411556750056906,-65.74905816792767
6.706706706706706,6.312055077615705,-170.03086077614122,0.9411556750056906,-65.94925836812787
6.726726726726727,6.330897033071274,-171.35116624897663,0.9411556750056906,-66.14945856832807
6.746746746746747,6.349738988526843,-172.67547973382804,0.9411556750056906,-66.34965876852827
6.766766766766766,6.368580943982412,-174.00380123069547,0.9411556750056906,-66.54985896872847
6.786786786786787,6.387422899437981,-175.33613073957892,0.9411556750056906,-66.75005916892867
6.806806806806806,6.40626485489355,-176.67246826047838,0.9411556750056906,-66.95025936912887
6.826826826826827,6.425106810349119,-178.0128137933939,0.9411556750056906,-67.15045956932907
6.846846846846847,6.443948765804688,-179.3571673383254,0.9411556750056906,-67.35065976952927
6.866866866866866,6.462790721260257,-180.70552889527295,0.9411556750056906,-67.55085996972947
6.886886886886887,6.481632676715826,-182.0578984642365,0.9411556750056906,-67.75106016992967
6.906906906906906,6.500474632171395,-183.41427604521607,0.9411556750056906,-67.95126037012987
6.926926926926927,6.519316587626964,-184.77466163821165,0.9411556750056906,-68.15146057033007
6.946946946946947,6.538158543082533,-186.13905524322325,0.9411556750056906,-68.35166077053027
6.966966966966966,6.557000498538102,-187.5074568602509,0.9411556750056906,-68.55186097073047
6.986986986986987,6.575842453993671,-188.87986648929456,0.9411556750056906,-68.75206117093067
7.007007007007006,6.59468440944924,-190.25628413035423,0.9411556750056906,-68.95226137113087
7.027027027027027,6.613526364904809,-191.63670978342992,0.9411556750056906,-69.15246157133107
7.047047047047047,6.632368320360378,-193.02114344852163,0.9411556750056906,-69.35266177153127
7.067067067067066,6.651210275815947,-194.40958512562935,0.9411556750056906,-69.55286197173147
7.087087087087087,6.670052231271516,-195.8020348147531,0.9411556750056906,-69.75306217193167
7.107107107107106,6.688894186727085,-197.1984925158929,0.9411556750056906,-69.95326237213187
7.127127127127127,6.707736142182654,-198.5989582290487,0.9411556750056906,-70.15346257233207
7.147147147147147,6.726578097638223,-200.0034319542205,0.9411556750056906,-70.35366277253227
7.167167167167166,6.745420053093792,-201.41191369140833,0.9411556750056906,-70.55386297273247
7.187187187187187,6.764262008549361,-202.82440344061217,0.9411556750056906,-70.75406317293267
7.207207207207206,6.78310396400493,-204.24090120183206,0.9411556750056906,-70.95426337313287
7.227227227227227,6.801945919460499,-205.66140697506796,0.9411556750056906,-71.15446357333308
7.247247247247247,6.820787874916068,-207.08592076031988,0.9411556750056906,-71.35466377353328
7.267267267267268,6.839629830371637,-208.5144425575878,0.9411556750056906,-71.55486397373348
7.287287287287287,6.858471785827206,-209.94697236687176,0.9411556750056906,-71.75506417393368
7.3073073073073065,6.877313741282775,-211.38351018817173,0.9411556750056906,-71.95526437413388
7.327327327327327,6.896155696738344,-212.8240560214877,0.9411556750056906,-72.15546457433408
7.347347347347347,6.914997652193913,-214.26860986681973,0.9411556750056906,-72.35566477453428
7.367367367367368,6.933839607649482,-215.71717172416777,0.9411556750056906,-72.55586497473448
7.387387387387387,6.952681563105051,-217.16974159353182,0.9411556750056906,-72.75606517493468
7.4074074074074066,6.97152351856062,-218.6263194749119,0.9411556750056906,-72.95626537513488
7.4274274274274275,6.990365474016189,-220.08690536830798,0.9411556750056906,-73.15646557533508
7.4474474474474475,7.009207429471758,-221.55149927372008,0.9411556750056906,-73.35666577553528
7.467467467467468,7.028049384927327,-223.02010119114823,0.9411556750056906,-73.55686597573548
7.4874874874874875,7.046891340382896,-224.4927111205924,0.9411556750056906,-73.75706617593568
7.507507507507507,7.065733295838465,-225.96932906205257,0.9411556750056906,-73.95726637613588
7.5275275275275275,7.084575251294034,-227.44995501552876,0.9411556750056906,-74.15746657633608
7.5475475475475475,7.103417206749603,-228.93458898102097,0.9411556750056906,-74.35766677653628
7.567567567567568,7.122259162205172,-230.4232309585292,0.9411556750056906,-74.55786697673648
7.587587587587588,7.141101117660741,-231.91588094805346,0.9411556750056906,-74.75806717693668
7.607607607607607,7.15994307311631,-233.41253894959374,0.9411556750056906,-74.95826737713688
7.627627627627628,7.178785028571879,-234.91320496315004,0.9411556750056906,-75.15846757733708
7.647647647647648,7.197626984027448,-236.41787898872235,0.9411556750056906,-75.35866777753728
7.6676676676676685,7.216468939483017,-237.92656102631068,0.9411556750056906,-75.55886797773748
7.687687687687688,7.235310894938586,-239.43925107591502,0.9411556750056906,-75.75906817793768
7.707707707707707,7.254152850394155,-240.95594913753538,0.9411556750056906,-75.95926837813788
7.727727727727728,7.272994805849724,-242.4766552111718,0.9411556750056906,-76.15946857833808
7.747747747747748,7.291836761305293,-244.0013692968242,0.9411556750056906,-76.35966877853828
7.767767767767769,7.310678716760862,-245.53009139449264,0.9411556750056906,-76.55986897873848
7.787787787787788,7.3295206722164306,-247.0628215041771,0.9411556750056906,-76.76006917893868
7.807807807807807,7.3483626276719995,-248.59955962587756,0.9411556750056906,-76.96026937913888
7.827827827827828,7.3672045831275685,-250.14030575959404,0.9411556750056906,-77.16046957933908
7.847847847847848,7.3860465385831375,-251.68505990532657,0.9411556750056906,-77.36066977953928
7.867867867867869,7.4048884940387065,-253.2338220630751,0.9411556750056906,-77.56086997973948
7.887887887887888,7.4237304494942755,-254.78659223283967,0.9411556750056906,-77.76107017993968
7.907907907907909,7.4425724049498445,-256.34337041462027,0.9411556750056906,-77.96127038013988
7.927927927927928,7.4614143604054135,-257.9041566084169,0.9411556750056906,-78.16147058034008
7.947947947947948,7.4802563158609825,-259.4689508142295,0.9411556750056906,-78.36167078054028
7.967967967967969,7.4990982713165515,-261.03775303205816,0.9411556750056906,-78.56187098074048
7.987987987987988,7.5179402267721205,-262.6105632619028,0.9411556750056906,-78.76207118094068
8.008008008008009,7.5367821822276895,-264.1873815037635,0.9411556750056906,-78.96227138114088
8.028028028028029,7.5556241376832585,-265.7682077576402,0.9411556750056906,-79.16247158134108
8.048048048048047,7.5744660931388275,-267.3530420235329,0.9411556750056906,-79.36267178154128
8.068068068068069,7.5933080485943965,-268.94188430144163,0.9411556750056906,-79.56287198174148
8.088088088088089,7.6121500040499654,-270.5347345913664,0.9411556750056906,-79.76307218194168
8.108108108108109,7.630991959505534,-272.13159289330713,0.9411556750056906,-79.96327238214188
8.128128128128129,7.649833914961103,-273.7324592072639,0.9411556750056906,-80.16347258234208
8.148148148148147,7.668675870416672,-275.3373335332367,0.9411556750056906,-80.36367278254228
8.168168168168169,7.687517825872241,-276.94621587122555,0.9411556750056906,-80.56387298274248
8.188188188188189,7.70635978132781,-278.5591062212304,0.9411556750056906,-80.76407318294268
8.208208208208209,7.725201736783379,-280.1760045832513,0.9411556750056906,-80.96427338314288
8.228228228228229,7.744043692238948,-281.7969109572882,0.9411556750056906,-81.16447358334308
8.248248248248247,7.762885647694517,-283.42182534334114,0.9411556750056906,-81.36467378354328
8.268268268268269,7.781727603150086,-285.0507477414101,0.9411556750056906,-81.56487398374348
8.288288288288289,7.800569558605655,-286.68367815149503,0.9411556750056906,-81.76507418394368
8.308308308308309,7.819411514061224,-288.320616573596,0.9411556750056906,-81.96527438414388
8.328328328328329,7.838253469516793,-289.961563007713,0.9411556750056906,-82.16547458434408
8.348348348348347,7.857095424972362,-291.606517453846,0.9411556750056906,-82.36567478454428
8.368368368368369,7.875937380427931,-293.255479911995,0.9411556750056906,-82.56587498474448
8.388388388388389,7.8947793358835,-294.90845038216,0.9411556750056906,-82.76607518494468
8.408408408408409,7.913621291339069,-296.56542886434113,0.9411556750056906,-82.96627538514488
8.428428428428429,7.932463246794638,-298.22641535853825,0.9411556750056906,-83.16647558534508
8.448448448448449,7.951305202250207,-299.8914098647514,0.9411556750056906,-83.36667578554528
8.468468468468469,7.970147157705776,-301.56041238298053,0.9411556750056906,-83.56687598574548
8.488488488488489,7.988989113161345,-303.2334229132257,0.9411556750056906,-83.76707618594568
8.508508508508509,8.007831068616914,-304.9104414554869,0.9411556750056906,-83.96727638614588
8.528528528528529,8.026673024072483,-306.59146800976407,0.9411556750056906,-84.16747658634608
8.548548548548549,8.045514979528052,-308.2765025760573,0.9411556750056906,-84.36767678654628
8.568568568568569,8.064356934983621,-309.9655451543665,0.9411556750056906,-84.56787698674648
8.588588588588589,8.08319889043919,-311.65859574469175,0.9411556750056906,-84.76807718694668
8.608608608608609,8.10204084589476,-313.355654347033,0.9411556750056906,-84.96827738714688
8.62862862862863,8.120882801350328,-315.0567209613903,0.9411556750056906,-85.16847758734708
8.64864864864865,8.139724756805897,-316.7617955877636,0.9411556750056906,-85.36867778754728
8.66866866866867,8.158566712261466,-318.47087822615293,0.9411556750056906,-85.56887798774748
8.68868868868869,8.177408667717035,-320.1839688765583,0.9411556750056906,-85.76907818794768
8.70870870870871,8.196250623172604,-321.9010675389797,0.9411556750056906,-85.96927838814788
8.72872872872873,8.215092578628173,-323.6221742134171,0.9411556750056906,-86.16947858834808
8.74874874874875,8.233934534083742,-325.34728889987053,0.9411556750056906,-86.36967878854828
8.76876876876877,8.252776489539311,-327.07641159834,0.9411556750056906,-86.56987898874848
8.78878878878879,8.27161844499488,-328.8095423088254,0.9411556750056906,-86.77007918894869
8.80880880880881,8.29046040045045,-330.5466810313269,0.9411556750056906,-86.97027938914889
8.82882882882883,8.309302355906018,-332.2878277658444,0.9411556750056906,-87.17047958934909
8.84884884884885,8.328144311361587,-334.0329825123779,0.9411556750056906,-87.37067978954929
8.86886886886887,8.346986266817156,-335.7821452709274,0.9411556750056906,-87.57087998974949
8.88888888888889,8.365828222272725,-337.53531604149293,0.9411556750056906,-87.77108018994969
8.90890890890891,8.384670177728294,-339.2924948240745,0.9411556750056906,-87.97128039014989
8.92892892892893,8.403512133183863,-341.0536816186721,0.9411556750056906,-88.17148059035009
8.94894894894895,8.422354088639432,-342.81887642528574,0.9411556750056906,-88.37168079055029
8.96896896896897,8.441196044095001,-344.5880792439154,0.9411556750056906,-88.57188099075049
8.98898898898899,8.46003799955057,-346.36129007456105,0.9411556750056906,-88.77208119095069
9.00900900900901,8.47887995500614,-348.13850891722274,0.9411556750056906,-88.97228139115089
9.02902902902903,8.497721910461708,-349.91973577190043,0.9411556750056906,-89.17248159135109
9.04904904904905,8.516563865917277,-351.70497063859415,0.9411556750056906,-89.37268179155129
9.06906906906907,8.535405821372846,-353.4942135173039,0.9411556750056906,-89.57288199175149
9.08908908908909,8.554247776828415,-355.2874644080296,0.9411556750056906,-89.77308219195169
9.10910910910911,8.573089732283984,-357.0847233107714,0.9411556750056906,-89.97328239215189
9.12912912912913,8.591931687739553,-358.88599022552916,0.9411556750056906,-90.17348259235209
9.14914914914915,8.610773643195122,-360.69126515230295,0.9411556750056906,-90.37368279255229
9.16916916916917,8.629615598650691,-362.5005480910928,0.9411556750056906,-90.57388299275249
9.18918918918919,8.64845755410626,-364.3138390418987,0.9411556750056906,-90.77408319295269
9.20920920920921,8.667299509561829,-366.1311380047206,0.9411556750056906,-90.97428339315289
9.22922922922923,8.686141465017398,-367.9524449795585,0.9411556750056906,-91.17448359335309
9.24924924924925,8.704983420472967,-369.7777599664124,0.9411556750056906,-91.37468379355329
9.26926926926927,8.723825375928536,-371.60708296528236,0.9411556750056906,-91.57488399375349
9.28928928928929,8.742667331384105,-373.4404139761683,0.9411556750056906,-91.77508419395369
9.30930930930931,8.761509286839674,-375.2777529990703,0.9411556750056906,-91.97528439415389
9.32932932932933,8.780351242295243,-377.1191000339883,0.9411556750056906,-92.17548459435409
9.34934934934935,8.799193197750812,-378.9644550809223,0.9411556750056906,-92.37568479455429
9.36936936936937,8.818035153206381,-380.8138181398723,0.9411556750056906,-92.57588499475449
9.38938938938939,8.83687710866195,-382.66718921083833,0.9411556750056906,-92.77608519495469
9.40940940940941,8.855719064117519,-384.5245682938204,0.9411556750056906,-92.97628539515489
9.42942942942943,8.874561019573088,-386.3859553888185,0.9411556750056906,-93.17648559535509
9.44944944944945,8.893402975028657,-388.25135049583264,0.9411556750056906,-93.37668579555529
9.46946946946947,8.912244930484226,-390.1207536148628,0.9411556750056906,-93.57688599575549
9.48948948948949,8.931086885939795,-391.99416474590896,0.9411556750056906,-93.77708619595569
9.50950950950951,8.949928841395364,-393.87158388897114,0.9411556750056906,-93.97728639615589
9.52952952952953,8.968770796850933,-395.75301104404934,0.9411556750056906,-94.17748659635609
9.54954954954955,8.987612752306502,-397.63844621114356,0.9411556750056906,-94.37768679655629
9.56956956956957,9.006454707762071,-399.5278893902538,0.9411556750056906,-94.57788699675649
9.58958958958959,9.02529666321764,-401.42134058138004,0.9411556750056906,-94.77808719695669
9.60960960960961,9.044138618673209,-403.3187997845223,0.9411556750056906,-94.97828739715689
9.62962962962963,9.062980574128778,-405.2202669996806,0.9411556750056906,-95.17848759735709
9.64964964964965,9.081822529584347,-407.12574222685487,0.9411556750056906,-95.37868779755729
9.66966966966967,9.100664485039916,-409.0352254660452,0.9411556750056906,-95.57888799775749
9.68968968968969,9.119506440495485,-410.94871671725156,0.9411556750056906,-95.77908819795769
9.70970970970971,9.138348395951054,-412.86621598047395,0.9411556750056906,-95.97928839815789
9.72972972972973,9.157190351406623,-414.78772325571236,0.9411556750056906,-96.17948859835809
9.74974974974975,9.176032306862192,-416.7132385429668,0.9411556750056906,-96.37968879855829
9.76976976976977,9.19487426231776,-418.64276184223723,0.9411556750056906,-96.57988899875849
9.78978978978979,9.21371621777333,-420.5762931535237,0.9411556750056906,-96.78008919895869
9.80980980980981,9.232558173228899,-422.51383247682617,0.9411556750056906,-96.98028939915889
9.82982982982983,9.251400128684468,-424.45537981214466,0.9411556750056906,-97.18048959935909
9.84984984984985,9.270242084140037,-426.40093515947916,0.9411556750056906,-97.38068979955929
9.86986986986987,9.289084039595606,-428.3504985188297,0.9411556750056906,-97.58088999975949
9.88988988988989,9.307925995051175,-430.3040698901962,0.9411556750056906,-97.78109019995969
9.90990990990991,9.326767950506744,-432.26164927357877,0.9411556750056906,-97.98129040015989
9.92992992992993,9.345609905962313,-434.2232366689774,0.9411556750056906,-98.18149060036009
9.94994994994995,9.364451861417882,-436.18883207639203,0.9411556750056906,-98.38169080056029
9.96996996996997,9.38329381687345,-438.1584354958227,0.9411556750056906,-98.58189100076049
9.98998998998999,9.40213577232902,-440.13204692726936,0.9411556750056906,-98.78209120096069
10.01001001001001,9.420977727784589,-442.10966637073204,0.9411556750056906,-98.9822914011609
10.03003003003003,9.439819683240158,-444.09129382621074,0.9411556750056906,-99.1824916013611
10.05005005005005,9.458661638695727,-446.07692929370546,0.9411556750056906,-99.3826918015613
10.07007007007007,9.477503594151296,-448.0665727732162,0.9411556750056906,-99.5828920017615
10.09009009009009,9.496345549606865,-450.06022426474294,0.9411556750056906,-99.7830922019617
10.11011011011011,9.515187505062434,-452.0578837682857,0.9411556750056906,-99.9832924021619
10.13013013013013,9.534029460518003,-454.0595512838445,0.9411556750056906,-100.1834926023621
10.15015015015015,9.552871415973572,-456.0652268114193,0.9411556750056906,-100.3836928025623
10.17017017017017,9.57171337142914,-458.0749103510101,0.9411556750056906,-100.5838930027625
10.19019019019019,9.59055532688471,-460.088601902617,0.9411556750056906,-100.7840932029627
10.21021021021021,9.609397282340279,-462.10630146623987,0.9411556750056906,-100.9842934031629
10.23023023023023,9.628239237795848,-464.1280090418788,0.9411556750056906,-101.1844936033631
10.25025025025025,9.647081193251417,-466.1537246295337,0.9411556750056906,-101.3846938035633
10.27027027027027,9.665923148706986,-468.18344822920466,0.9411556750056906,-101.5848940037635
10.29029029029029,9.684765104162555,-470.2171798408916,0.9411556750056906,-101.7850942039637
10.31031031031031,9.703607059618124,-472.2549194645946,0.9411556750056906,-101.9852944041639
10.33033033033033,9.722449015073693,-474.2966671003136,0.9411556750056906,-102.1854946043641
10.35035035035035,9.741290970529262,-476.3424227480486,0.9411556750056906,-102.3856948045643
10.37037037037037,9.76013292598483,-478.3921864077996,0.9411556750056906,-102.5858950047645
10.39039039039039,9.7789748814404,-480.44595807956665,0.9411556750056906,-102.7860952049647
10.41041041041041,9.797816836895969,-482.5037377633497,0.9411556750056906,-102.9862954051649
10.43043043043043,9.816658792351538,-484.5655254591488,0.9411556750056906,-103.1864956053651
10.45045045045045,9.835500747807107,-486.6313211669639,0.9411556750056906,-103.3866958055653
10.47047047047047,9.854342703262676,-488.70112488679507,0.9411556750056906,-103.5868960057655
10.49049049049049,9.873184658718245,-490.77493661864224,0.9411556750056906,-103.7870962059657
10.51051051051051,9.892026614173814,-492.85275636250543,0.9411556750056906,-103.9872964061659
10.53053053053053,9.910868569629383,-494.93458411838463,0.9411556750056906,-104.1874966063661
10.55055055055055,9.929710525084952,-497.02041988627985,0.9411556750056906,-104.3876968065663
10.57057057057057,9.94855248054052,-499.1102636661911,0.9411556750056906,-104.5878970067665
10.59059059059059,9.96739443599609,-501.20411545811834,0.9411556750056906,-104.7880972069667
10.61061061061061,9.986236391451659,-503.3019752620616,0.9411556750056906,-104.9882974071669
10.63063063063063,10.005078346907228,-505.4038430780209,0.9411556750056906,-105.1884976073671
10.65065065065065,10.023920302362797,-507.5097189059962,0.9411556750056906,-105.3886978075673
10.67067067067067,10.042762257818366,-509.6196027459875,0.9411556750056906,-105.5888980077675
10.690690690690692,10.061604213273935,-511.7334945979949,0.9411556750056906,-105.7890982079677
10.71071071071071,10.080446168729503,-513.8513944620182,0.9411556750056906,-105.9892984081679
10.73073073073073,10.099288124185072,-515.9733023380576,0.9411556750056906,-106.1894986083681
10.75075075075075,10.118130079640641,-518.099218226113,0.9411556750056906,-106.3896988085683
10.77077077077077,10.13697203509621,-520.2291421261843,0.9411556750056906,-106.5898990087685
10.790790790790792,10.15581399055178,-522.3630740382717,0.9411556750056906,-106.7900992089687
10.81081081081081,10.174655946007348,-524.5010139623753,0.9411556750056906,-106.9902994091689
10.83083083083083,10.193497901462917,-526.6429618984948,0.9411556750056906,-107.1904996093691
10.85085085085085,10.212339856918486,-528.7889178466304,0.9411556750056906,-107.3906998095693
10.87087087087087,10.231181812374055,-530.938881806782,0.9411556750056906,-107.5909000097695
10.890890890890892,10.250023767829624,-533.0928537789496,0.9411556750056906,-107.7911002099697
10.91091091091091,10.268865723285193,-535.2508337631332,0.9411556750056906,-107.9913004101699
10.93093093093093,10.287707678740762,-537.4128217593328,0.9411556750056906,-108.1915006103701
10.95095095095095,10.306549634196331,-539.5788177675485,0.9411556750056906,-108.3917008105703
10.97097097097097,10.3253915896519,-541.7488217877801,0.9411556750056906,-108.5919010107705
10.990990990990992,10.34423354510747,-543.9228338200278,0.9411556750056906,-108.7921012109707
11.01101101101101,10.363075500563038,-546.1008538642915,0.9411556750056906,-108.9923014111709
11.03103103103103,10.381917456018607,-548.2828819205712,0.9411556750056906,-109.1925016113711
11.05105105105105,10.400759411474176,-550.4689179888669,0.9411556750056906,-109.3927018115713
11.07107107107107,10.419601366929745,-552.6589620691786,0.9411556750056906,-109.5929020117715
11.091091091091092,10.438443322385314,-554.8530141615064,0.9411556750056906,-109.7931022119717
11.11111111111111,10.457285277840883,-557.0510742658502,0.9411556750056906,-109.9933024121719
11.13113113113113,10.476127233296452,-559.25314238221,0.9411556750056906,-110.1935026123721
11.15115115115115,10.494969188752021,-561.4592185105857,0.9411556750056906,-110.3937028125723
11.17117117117117,10.51381114420759,-563.6693026509776,0.9411556750056906,-110.5939030127725
11.191191191191193,10.53265309966316,-565.8833948033854,0.9411556750056906,-110.7941032129727
11.21121121121121,10.551495055118728,-568.1014949678092,0.9411556750056906,-110.9943034131729
11.23123123123123,10.570337010574297,-570.3236031442491,0.9411556750056906,-111.1945036133731
11.25125125125125,10.589178966029866,-572.549719332705,0.9411556750056906,-111.3947038135733
11.27127127127127,10.608020921485435,-574.7798435331769,0.9411556750056906,-111.5949040137735
11.291291291291293,10.626862876941004,-577.0139757456648,0.9411556750056906,-111.7951042139737
11.31131131131131,10.645704832396573,-579.2521159701687,0.9411556750056906,-111.9953044141739
11.33133133133133,10.664546787852142,-581.4942642066887,0.9411556750056906,-112.1955046143741
11.35135135135135,10.683388743307711,-583.7404204552248,0.9411556750056906,-112.3957048145743
11.37137137137137,10.70223069876328,-585.9905847157769,0.9411556750056906,-112.5959050147745
11.391391391391393,10.72107265421885,-588.244756988345,0.9411556750056906,-112.7961052149747
11.411411411411411,10.739914609674418,-590.5029372729291,0.9411556750056906,-112.9963054151749
11.431431431431431,10.758756565129987,-592.7651255695292,0.9411556750056906,-113.1965056153751
11.451451451451451,10.777598520585556,-595.0313218781454,0.9411556750056906,-113.3967058155753
11.471471471471471,10.796440476041125,-597.3015261987775,0.9411556750056906,-113.5969060157755
11.491491491491493,10.815282431496694,-599.5757385314257,0.9411556750056906,-113.7971062159757
11.511511511511511,10.834124386952263,-601.8539588760899,0.9411556750056906,-113.9973064161759
11.531531531531531,10.852966342407832,-604.1361872327701,0.9411556750056906,-114.1975066163761
11.551551551551551,10.871808297863401,-606.4224236014663,0.9411556750056906,-114.3977068165763
11.571571571571571,10.89065025331897,-608.7126679821786,0.9411556750056906,-114.5979070167765
11.591591591591593,10.90949220877454,-611.0069203749068,0.9411556750056906,-114.7981072169767
11.611611611611611,10.928334164230108,-613.3051807796511,0.9411556750056906,-114.9983074171769
11.631631631631631,10.947176119685677,-615.6074491964114,0.9411556750056906,-115.1985076173771
11.651651651651651,10.966018075141246,-617.9137256251877,0.9411556750056906,-115.3987078175773
11.671671671671671,10.984860030596815,-620.22401006598,0.9411556750056906,-115.5989080177775
11.691691691691693,11.003701986052384,-622.5383025187883,0.9411556750056906,-115.7991082179777
11.711711711711711,11.022543941507953,-624.8566029836127,0.9411556750056906,-115.9993084181779
11.731731731731731,11.041385896963522,-627.178911460453,0.9411556750056906,-116.1995086183781
11.751751751751751,11.060227852419091,-629.5052279493094,0.9411556750056906,-116.3997088185783
11.771771771771771,11.07906980787466,-631.8355524501818,0.9411556750056906,-116.5999090187785
11.791791791791793,11.097911763330229,-634.1698849630702,0.9411556750056906,-116.8001092189787
11.811811811811811,11.116753718785798,-636.5082254879746,0.9411556750056906,-117.0003094191789
11.831831831831831,11.135595674241367,-638.8505740248952,0.9411556750056906,-117.2005096193791
11.851851851851851,11.154437629696936,-641.1969305738318,0.9411556750056906,-117.4007098195793
11.871871871871871,11.173279585152505,-643.5472951347843,0.9411556750056906,-117.6009100197795
11.891891891891893,11.192121540608074,-645.901667707753,0.9411556750056906,-117.8011102199797
11.911911911911911,11.210963496063643,-648.2600482927376,0.9411556750056906,-118.0013104201799
11.931931931931931,11.229805451519212,-650.6224368897382,0.9411556750056906,-118.2015106203801
11.951951951951951,11.248647406974781,-652.9888334987548,0.9411556750056906,-118.4017108205803
11.971971971971973,11.26748936243035,-655.3592381197875,0.9411556750056906,-118.6019110207805
11.991991991991993,11.286331317885919,-657.7336507528362,0.9411556750056906,-118.8021112209807
12.012012012012011,11.305173273341488,-660.1120713979009,0.9411556750056906,-119.0023114211809
12.032032032032031,11.324015228797057,-662.4945000549816,0.9411556750056906,-119.2025116213811
12.052052052052051,11.342857184252626,-664.8809367240783,0.9411556750056906,-119.4027118215813
12.072072072072073,11.361699139708195,-667.271381405191,0.9411556750056906,-119.6029120217815
12.092092092092093,11.380541095163764,-669.6658340983198,0.9411556750056906,-119.8031122219817
12.112112112112111,11.399383050619333,-672.0642948034646,0.9411556750056906,-120.0033124221819
12.132132132132131,11.418225006074902,-674.4667635206254,0.9411556750056906,-120.2035126223821
12.152152152152151,11.437066961530471,-676.8732402498022,0.9411556750056906,-120.4037128225823
12.172172172172173,11.45590891698604,-679.283724990995,0.9411556750056906,-120.6039130227825
12.192192192192193,11.474750872441609,-681.6982177442038,0.9411556750056906,-120.8041132229827
12.212212212212211,11.493592827897178,-684.1167185094287,0.9411556750056906,-121.00431342318291
12.232232232232231,11.512434783352747,-686.5392272866695,0.9411556750056906,-121.20451362338311
12.252252252252251,11.531276738808316,-688.9657440759264,0.9411556750056906,-121.40471382358331
12.272272272272273,11.550118694263885,-691.3962688771993,0.9411556750056906,-121.60491402378351
12.292292292292293,11.568960649719454,-693.8308016904882,0.9411556750056906,-121.80511422398371
12.312312312312311,11.587802605175023,-696.2693425157931,0.9411556750056906,-122.00531442418391
12.332332332332332,11.606644560630592,-698.7118913531142,0.9411556750056906,-122.20551462438411
12.352352352352352,11.625486516086161,-701.1584482024513,0.9411556750056906,-122.40571482458431
12.372372372372373,11.64432847154173,-703.6090130638044,0.9411556750056906,-122.60591502478451
12.392392392392393,11.663170426997299,-706.0635859371735,0.9411556750056906,-122.80611522498471
12.412412412412412,11.682012382452868,-708.5221668225586,0.9411556750056906,-123.00631542518491
12.432432432432432,11.700854337908437,-710.9847557199597,0.9411556750056906,-123.20651562538511
12.452452452452452,11.719696293364006,-713.4513526293769,0.9411556750056906,-123.40671582558531
12.472472472472473,11.738538248819575,-715.92195755081,0.9411556750056906,-123.60691602578551
12.492492492492493,11.757380204275144,-718.3965704842592,0.9411556750056906,-123.80711622598571
12.512512512512512,11.776222159730713,-720.8751914297244,0.9411556750056906,-124.00731642618591
12.532532532532532,11.795064115186282,-723.3578203872056,0.9411556750056906,-124.20751662638611
12.552552552552552,11.81390607064185,-725.8444573567028,0.9411556750056906,-124.40771682658631
12.572572572572573,11.83274802609742,-728.3351023382161,0.9411556750056906,-124.60791702678651
12.592592592592593,11.851589981552989,-730.8297553317453,0.9411556750056906,-124.80811722698671
12.612612612612612,11.870431937008558,-733.3284163372906,0.9411556750056906,-125.00831742718691
12.632632632632632,11.889273892464127,-735.8310853548519,0.9411556750056906,-125.20851762738711
12.652652652652652,11.908115847919696,-738.3377623844292,0.9411556750056906,-125.40871782758731
12.672672672672673,11.926957803375265,-740.8484474260225,0.9411556750056906,-125.60891802778751
12.692692692692694,11.945799758830834,-743.3631404796319,0.9411556750056906,-125.80911822798771
12.712712712712712,11.964641714286403,-745.8818415452572,0.9411556750056906,-126.00931842818791
12.732732732732732,11.983483669741972,-748.4045506228986,0.9411556750056906,-126.20951862838811
12.752752752752752,12.00232562519754,-750.931267712556,0.9411556750056906,-126.40971882858831
12.772772772772774,12.02116758065311,-753.4619928142293,0.9411556750056906,-126.60991902878851
12.792792792792794,12.040009536108679,-755.9967259279188,0.9411556750056906,-126.81011922898871
12.812812812812812,12.058851491564248,-758.5354670536242,0.9411556750056906,-127.01031942918891
12.832832832832832,12.077693447019817,-761.0782161913456,0.9411556750056906,-127.21051962938911
12.852852852852852,12.096535402475386,-763.6249733410832,0.9411556750056906,-127.41071982958931
12.872872872872874,12.115377357930955,-766.1757385028368,0.9411556750056906,-127.61092002978951
12.892892892892894,12.134219313386524,-768.7305116766064,0.9411556750056906,-127.81112022998971
12.912912912912912,12.153061268842093,-771.289292862392,0.9411556750056906,-128.01132043018993
12.932932932932932,12.171903224297662,-773.8520820601937,0.9411556750056906,-128.21152063039014
12.952952952952952,12.19074517975323,-776.4188792700113,0.9411556750056906,-128.41172083059035
12.972972972972974,12.2095871352088,-778.989684491845,0.9411556750056906,-128.61192103079057
12.992992992992994,12.228429090664369,-781.5644977256947,0.9411556750056906,-128.81212123099078
13.013013013013012,12.247271046119938,-784.1433189715603,0.9411556750056906,-129.012321431191
13.033033033033032,12.266113001575507,-786.7261482294421,0.9411556750056906,-129.2125216313912
13.053053053053052,12.284954957031076,-789.3129854993398,0.9411556750056906,-129.41272183159143
13.073073073073074,12.303796912486645,-791.9038307812535,0.9411556750056906,-129.61292203179164
13.093093093093094,12.322638867942214,-794.4986840751833,0.9411556750056906,-129.81312223199185
13.113113113113112,12.341480823397783,-797.0975453811291,0.9411556750056906,-130.01332243219207
13.133133133133132,12.360322778853352,-799.7004146990909,0.9411556750056906,-130.21352263239228
13.153153153153154,12.37916473430892,-802.3072920290687,0.9411556750056906,-130.4137228325925
13.173173173173174,12.39800668976449,-804.9181773710625,0.9411556750056906,-130.6139230327927
13.193193193193194,12.416848645220059,-807.5330707250723,0.9411556750056906,-130.81412323299293
13.213213213213212,12.435690600675628,-810.1519720910982,0.9411556750056906,-131.01432343319314
13.233233233233232,12.454532556131197,-812.77488146914,0.9411556750056906,-131.21452363339336
13.253253253253254,12.473374511586766,-815.4017988591979,0.9411556750056906,-131.41472383359357
13.273273273273274,12.492216467042335,-818.0327242612718,0.9411556750056906,-131.61492403379378
13.293293293293294,12.511058422497904,-820.6676576753617,0.9411556750056906,-131.815124233994
13.313313313313312,12.529900377953473,-823.3065991014677,0.9411556750056906,-132.0153244341942
13.333333333333332,12.548742333409042,-825.9495485395897,0.9411556750056906,-132.21552463439443
13.353353353353354,12.56758428886461,-828.5965059897278,0.9411556750056906,-132.41572483459464
13.373373373373374,12.58642624432018,-831.2474714518819,0.9411556750056906,-132.61592503479486
13.393393393393394,12.605268199775749,-833.902444926052,0.9411556750056906,-132.81612523499507
13.413413413413412,12.624110155231318,-836.5614264122381,0.9411556750056906,-133.01632543519528
13.433433433433432,12.642952110686887,-839.2244159104403,0.9411556750056906,-133.2165256353955
13.453453453453454,12.661794066142456,-841.8914134206584,0.9411556750056906,-133.4167258355957
13.473473473473474,12.680636021598024,-844.5624189428926,0.9411556750056906,-133.61692603579593
13.493493493493494,12.699477977053593,-847.2374324771428,0.9411556750056906,-133.81712623599614
13.513513513513512,12.718319932509162,-849.916454023409,0.9411556750056906,-134.01732643619636
13.533533533533532,12.737161887964731,-852.5994835816912,0.9411556750056906,-134.21752663639657
13.553553553553554,12.7560038434203,-855.2865211519894,0.9411556750056906,-134.41772683659678
13.573573573573574,12.77484579887587,-857.9775667343037,0.9411556750056906,-134.617927036797
13.593593593593594,12.793687754331438,-860.6726203286339,0.9411556750056906,-134.8181272369972
13.613613613613612,12.812529709787007,-863.3716819349802,0.9411556750056906,-135.01832743719743
13.633633633633632,12.831371665242576,-866.0747515533425,0.9411556750056906,-135.21852763739764
13.653653653653654,12.850213620698145,-868.7818291837208,0.9411556750056906,-135.41872783759786
13.673673673673674,12.869055576153714,-871.4929148261151,0.9411556750056906,-135.61892803779807
13.693693693693694,12.887897531609283,-874.2080084805255,0.9411556750056906,-135.81912823799829
13.713713713713712,12.906739487064852,-876.9271101469518,0.9411556750056906,-136.0193284381985
13.733733733733732,12.925581442520421,-879.6502198253942,0.9411556750056906,-136.2195286383987
13.753753753753754,12.94442339797599,-882.3773375158526,0.9411556750056906,-136.41972883859893
13.773773773773774,12.96326535343156,-885.108463218327,0.9411556750056906,-136.61992903879914
13.793793793793794,12.982107308887128,-887.8435969328175,0.9411556750056906,-136.82012923899936
13.813813813813812,13.000949264342697,-890.582738659324,0.9411556750056906,-137.02032943919957
13.833833833833832,13.019791219798266,-893.3258883978466,0.9411556750056906,-137.22052963939979
13.853853853853854,13.038633175253835,-896.0730461483852,0.9411556750056906,-137.4207298396
13.873873873873874,13.057475130709404,-898.8242119109398,0.9411556750056906,-137.62093003980021
13.893893893893894,13.076317086164973,-901.5793856855104,0.9411556750056906,-137.82113024000043
13.913913913913913,13.095159041620542,-904.338567472097,0.9411556750056906,-138.02133044020064
13.933933933933933,13.114000997076111,-907.1017572706996,0.9411556750056906,-138.22153064040086
13.953953953953954,13.13284295253168,-909.8689550813183,0.9411556750056906,-138.42173084060107
13.973973973973974,13.15168490798725,-912.640160903953,0.9411556750056906,-138.6219310408013
13.993993993993994,13.170526863442818,-915.4153747386036,0.9411556750056906,-138.8221312410015
14.014014014014013,13.189368818898387,-918.1945965852703,0.9411556750056906,-139.02233144120171
14.034034034034033,13.208210774353956,-920.9778264439531,0.9411556750056906,-139.22253164140193
14.054054054054054,13.227052729809525,-923.7650643146518,0.9411556750056906,-139.42273184160214
14.074074074074074,13.245894685265094,-926.5563101973665,0.9411556750056906,-139.62293204180236
14.094094094094094,13.264736640720663,-929.3515640920973,0.9411556750056906,-139.82313224200257
14.114114114114113,13.283578596176232,-932.1508259988441,0.9411556750056906,-140.0233324422028
14.134134134134133,13.302420551631801,-934.9540959176069,0.9411556750056906,-140.223532642403
14.154154154154154,13.32126250708737,-937.7613738483857,0.9411556750056906,-140.42373284260321
14.174174174174174,13.34010446254294,-940.5726597911805,0.9411556750056906,-140.62393304280343
14.194194194194194,13.358946417998508,-943.3879537459914,0.9411556750056906,-140.82413324300364
14.214214214214213,13.377788373454077,-946.2072557128182,0.9411556750056906,-141.02433344320386
14.234234234234233,13.396630328909646,-949.0305656916611,0.9411556750056906,-141.22453364340407
14.254254254254255,13.415472284365215,-951.85788368252,0.9411556750056906,-141.4247338436043
14.274274274274275,13.434314239820784,-954.689209685395,0.9411556750056906,-141.6249340438045
14.294294294294295,13.453156195276353,-957.524543700286,0.9411556750056906,-141.82513424400472
14.314314314314313,13.471998150731922,-960.3638857271931,0.9411556750056906,-142.02533444420493
14.334334334334333,13.490840106187491,-963.2072357661161,0.9411556750056906,-142.22553464440514
14.354354354354355,13.50968206164306,-966.0545938170552,0.9411556750056906,-142.42573484460536
14.374374374374375,13.52852401709863,-968.9059598800103,0.9411556750056906,-142.62593504480557
14.394394394394395,13.547365972554198,-971.7613339549814,0.9411556750056906,-142.8261352450058
14.414414414414413,13.566207928009767,-974.6207160419685,0.9411556750056906,-143.026335445206
14.434434434434436,13.585049883465336,-977.4841061409717,0.9411556750056906,-143.22653564540622
14.454454454454455,13.603891838920905,-980.3515042519908,0.9411556750056906,-143.42673584560643
14.474474474474475,13.622733794376474,-983.222910375026,0.9411556750056906,-143.62693604580664
14.494494494494495,13.641575749832043,-986.0983245100772,0.9411556750056906,-143.82713624600686
14.514514514514513,13.660417705287612,-988.9777466571444,0.9411556750056906,-144.02733644620707
14.534534534534536,13.679259660743181,-991.8611768162276,0.9411556750056906,-144.2275366464073
14.554554554554555,13.69810161619875,-994.7486149873268,0.9411556750056906,-144.4277368466075
14.574574574574575,13.716943571654319,-997.6400611704421,0.9411556750056906,-144.62793704680772
14.594594594594595,13.735785527109888,-1000.5355153655734,0.9411556750056906,-144.82813724700793
14.614614614614613,13.754627482565457,-1003.4349775727206,0.9411556750056906,-145.02833744720814
14.634634634634637,13.773469438021026,-1006.3384477918839,0.9411556750056906,-145.22853764740836
14.654654654654655,13.792311393476595,-1009.2459260230632,0.9411556750056906,-145.42873784760857
14.674674674674675,13.811153348932164,-1012.1574122662586,0.9411556750056906,-145.6289380478088
14.694694694694695,13.829995304387733,-1015.0729065214699,0.9411556750056906,-145.829138248009
14.714714714714713,13.848837259843302,-1017.9924087886973,0.9411556750056906,-146.02933844820922
14.734734734734737,13.867679215298871,-1020.9159190679406,0.9411556750056906,-146.22953864840943
14.754754754754755,13.88652117075444,-1023.8434373592002,0.9411556750056906,-146.42973884860965
14.774774774774775,13.905363126210009,-1026.7749636624756,0.9411556750056906,-146.62993904880986
14.794794794794795,13.924205081665578,-1029.710497977767,0.9411556750056906,-146.83013924901007
14.814814814814813,13.943047037121147,-1032.6500403050745,0.9411556750056906,-147.0303394492103
14.834834834834837,13.961888992576716,-1035.593590644398,0.9411556750056906,-147.2305396494105
14.854854854854855,13.980730948032285,-1038.5411489957376,0.9411556750056906,-147.43073984961072
14.874874874874875,13.999572903487854,-1041.4927153590932,0.9411556750056906,-147.63094004981093
14.894894894894895,14.018414858943423,-1044.4482897344647,0.9411556750056906,-147.83114025001115
14.914914914914913,14.037256814398992,-1047.4078721218523,0.9411556750056906,-148.03134045021136
14.934934934934937,14.056098769854561,-1050.3714625212558,0.9411556750056906,-148.23154065041157
14.954954954954955,14.07494072531013,-1053.3390609326755,0.9411556750056906,-148.4317408506118
14.974974974974975,14.093782680765699,-1056.310667356111,0.9411556750056906,-148.631941050812
14.994994994994995,14.112624636221268,-1059.2862817915627,0.9411556750056906,-148.83214125101222
15.015015015015013,14.131466591676837,-1062.2659042390305,0.9411556750056906,-149.03234145121243
15.035035035035037,14.150308547132406,-1065.2495346985143,0.9411556750056906,-149.23254165141265
15.055055055055055,14.169150502587975,-1068.237173170014,0.9411556750056906,-149.43274185161286
15.075075075075075,14.187992458043544,-1071.2288196535299,0.9411556750056906,-149.63294205181307
15.095095095095095,14.206834413499113,-1074.2244741490617,0.9411556750056906,-149.8331422520133
15.115115115115113,14.225676368954682,-1077.2241366566095,0.9411556750056906,-150.0333424522135
15.135135135135137,14.244518324410251,-1080.2278071761734,0.9411556750056906,-150.23354265241372
15.155155155155155,14.26336027986582,-1083.2354857077532,0.9411556750056906,-150.43374285261393
15.175175175175175,14.282202235321389,-1086.2471722513492,0.9411556750056906,-150.63394305281415
15.195195195195195,14.301044190776958,-1089.262866806961,0.9411556750056906,-150.83414325301436
15.215215215215213,14.319886146232527,-1092.282569374589,0.9411556750056906,-151.03434345321457
15.235235235235237,14.338728101688096,-1095.3062799542329,0.9411556750056906,-151.2345436534148
15.255255255255255,14.357570057143665,-1098.3339985458929,0.9411556750056906,-151.434743853615
15.275275275275275,14.376412012599234,-1101.3657251495688,0.9411556750056906,-151.63494405381522
15.295295295295295,14.395253968054803,-1104.4014597652608,0.9411556750056906,-151.83514425401543
15.315315315315313,14.414095923510372,-1107.4412023929688,0.9411556750056906,-152.03534445421565
15.335335335335337,14.43293787896594,-1110.4849530326928,0.9411556750056906,-152.23554465441586
15.355355355355355,14.45177983442151,-1113.5327116844328,0.9411556750056906,-152.43574485461608
15.375375375375375,14.470621789877079,-1116.584478348189,0.9411556750056906,-152.6359450548163
15.395395395395395,14.489463745332648,-1119.640253023961,0.9411556750056906,-152.8361452550165
15.415415415415413,14.508305700788217,-1122.700035711749,0.9411556750056906,-153.03634545521672
15.435435435435437,14.527147656243786,-1125.763826411553,0.9411556750056906,-153.23654565541693
15.455455455455455,14.545989611699355,-1128.8316251233732,0.9411556750056906,-153.43674585561715
15.475475475475475,14.564831567154924,-1131.9034318472095,0.9411556750056906,-153.63694605581736
15.495495495495495,14.583673522610493,-1134.9792465830617,0.9411556750056906,-153.83714625601758
15.515515515515514,14.602515478066062,-1138.05906933093,0.9411556750056906,-154.0373464562178
15.535535535535537,14.62135743352163,-1141.1429000908142,0.9411556750056906,-154.237546656418
15.555555555555555,14.6401993889772,-1144.2307388627146,0.9411556750056906,-154.43774685661822
15.575575575575575,14.659041344432769,-1147.3225856466308,0.9411556750056906,-154.63794705681843
15.595595595595595,14.677883299888338,-1150.4184404425632,0.9411556750056906,-154.83814725701865
15.615615615615614,14.696725255343907,-1153.5183032505115,0.9411556750056906,-155.03834745721886
15.635635635635637,14.715567210799476,-1156.622174070476,0.9411556750056906,-155.23854765741908
15.655655655655655,14.734409166255045,-1159.7300529024562,0.9411556750056906,-155.4387478576193
15.675675675675675,14.753251121710614,-1162.8419397464527,0.9411556750056906,-155.6389480578195
15.695695695695695,14.772093077166183,-1165.957834602465,0.9411556750056906,-155.83914825801972
15.715715715715717,14.790935032621752,-1169.0777374704935,0.9411556750056906,-156.03934845821993
15.735735735735737,14.80977698807732,-1172.2016483505379,0.9411556750056906,-156.23954865842015
15.755755755755755,14.82861894353289,-1175.3295672425984,0.9411556750056906,-156.43974885862036
15.775775775775776,14.847460898988459,-1178.4614941466748,0.9411556750056906,-156.63994905882058
15.795795795795796,14.866302854444028,-1181.5974290627673,0.9411556750056906,-156.8401492590208
15.815815815815817,14.885144809899597,-1184.7373719908758,0.9411556750056906,-157.040349459221
15.835835835835837,14.903986765355166,-1187.8813229310003,0.9411556750056906,-157.24054965942122
15.855855855855856,14.922828720810735,-1191.0292818831408,0.9411556750056906,-157.44074985962143
15.875875875875876,14.941670676266304,-1194.1812488472974,0.9411556750056906,-157.64095005982165
15.895895895895896,14.960512631721873,-1197.33722382347,0.9411556750056906,-157.84115026002186
15.915915915915917,14.979354587177442,-1200.4972068116585,0.9411556750056906,-158.04135046022208
15.935935935935937,14.99819654263301,-1203.661197811863,0.9411556750056906,-158.2415506604223
15.955955955955956,15.01703849808858,-1206.8291968240837,0.9411556750056906,-158.4417508606225
15.975975975975976,15.035880453544149,-1210.0012038483205,0.9411556750056906,-158.64195106082272
15.995995995995996,15.054722408999718,-1213.1772188845732,0.9411556750056906,-158.84215126102293
16.016016016016017,15.073564364455287,-1216.357241932842,0.9411556750056906,-159.04235146122315
16.036036036036037,15.092406319910856,-1219.5412729931268,0.9411556750056906,-159.24255166142336
16.056056056056057,15.111248275366425,-1222.7293120654276,0.9411556750056906,-159.44275186162358
16.076076076076077,15.130090230821994,-1225.9213591497444,0.9411556750056906,-159.6429520618238
16.096096096096094,15.148932186277563,-1229.1174142460773,0.9411556750056906,-159.843152262024
16.116116116116117,15.167774141733132,-1232.317477354426,0.9411556750056906,-160.04335246222422
16.136136136136138,15.1866160971887,-1235.521548474791,0.9411556750056906,-160.24355266242443
16.156156156156158,15.20545805264427,-1238.7296276071718,0.9411556750056906,-160.44375286262465
16.176176176176178,15.224300008099839,-1241.9417147515687,0.9411556750056906,-160.64395306282486
16.196196196196194,15.243141963555408,-1245.1578099079816,0.9411556750056906,-160.84415326302508
16.216216216216218,15.261983919010977,-1248.3779130764106,0.9411556750056906,-161.0443534632253
16.236236236236238,15.280825874466545,-1251.6020242568554,0.9411556750056906,-161.2445536634255
16.256256256256258,15.299667829922114,-1254.8301434493164,0.9411556750056906,-161.44475386362572
16.276276276276278,15.318509785377683,-1258.0622706537933,0.9411556750056906,-161.64495406382594
16.296296296296294,15.337351740833252,-1261.2984058702864,0.9411556750056906,-161.84515426402615
16.316316316316318,15.356193696288821,-1264.5385490987953,0.9411556750056906,-162.04535446422636
16.336336336336338,15.37503565174439,-1267.7827003393204,0.9411556750056906,-162.24555466442658
16.356356356356358,15.39387760719996,-1271.0308595918614,0.9411556750056906,-162.4457548646268
16.376376376376378,15.412719562655528,-1274.2830268564185,0.9411556750056906,-162.645955064827
16.396396396396394,15.431561518111097,-1277.5392021329915,0.9411556750056906,-162.84615526502722
16.416416416416418,15.450403473566666,-1280.7993854215806,0.9411556750056906,-163.04635546522744
16.436436436436438,15.469245429022235,-1284.0635767221859,0.9411556750056906,-163.24655566542765
16.456456456456458,15.488087384477804,-1287.331776034807,0.9411556750056906,-163.44675586562786
16.476476476476478,15.506929339933373,-1290.6039833594443,0.9411556750056906,-163.64695606582808
16.496496496496494,15.525771295388942,-1293.8801986960975,0.9411556750056906,-163.8471562660283
16.516516516516518,15.544613250844511,-1297.1604220447668,0.9411556750056906,-164.0473564662285
16.536536536536538,15.56345520630008,-1300.444653405452,0.9411556750056906,-164.24755666642872
16.556556556556558,15.58229716175565,-1303.7328927781534,0.9411556750056906,-164.44775686662894
16.576576576576578,15.601139117211218,-1307.0251401628707,0.9411556750056906,-164.64795706682915
16.596596596596594,15.619981072666787,-1310.321395559604,0.9411556750056906,-164.84815726702936
16.616616616616618,15.638823028122356,-1313.6216589683534,0.9411556750056906,-165.04835746722958
16.636636636636638,15.657664983577925,-1316.9259303891188,0.9411556750056906,-165.2485576674298
16.656656656656658,15.676506939033494,-1320.2342098219,0.9411556750056906,-165.44875786763
16.676676676676678,15.695348894489063,-1323.5464972666975,0.9411556750056906,-165.64895806783022
16.696696696696694,15.714190849944632,-1326.862792723511,0.9411556750056906,-165.84915826803044
16.716716716716718,15.733032805400201,-1330.1830961923404,0.9411556750056906,-166.04935846823065
16.736736736736738,15.75187476085577,-1333.5074076731858,0.9411556750056906,-166.24955866843086
16.756756756756758,15.77071671631134,-1336.8357271660473,0.9411556750056906,-166.44975886863108
16.776776776776778,15.789558671766908,-1340.1680546709247,0.9411556750056906,-166.6499590688313
16.796796796796794,15.808400627222477,-1343.5043901878182,0.9411556750056906,-166.8501592690315
16.816816816816818,15.827242582678046,-1346.8447337167277,0.9411556750056906,-167.05035946923172
16.836836836836838,15.846084538133615,-1350.1890852576532,0.9411556750056906,-167.25055966943194
16.856856856856858,15.864926493589184,-1353.5374448105947,0.9411556750056906,-167.45075986963215
16.876876876876878,15.883768449044753,-1356.8898123755523,0.9411556750056906,-167.65096006983237
16.896896896896898,15.902610404500322,-1360.246187952526,0.9411556750056906,-167.85116027003258
16.916916916916918,15.921452359955891,-1363.6065715415157,0.9411556750056906,-168.0513604702328
16.936936936936938,15.94029431541146,-1366.9709631425214,0.9411556750056906,-168.251560670433
16.956956956956958,15.95913627086703,-1370.339362755543,0.9411556750056906,-168.45176087063322
16.976976976976978,15.977978226322598,-1373.711770380581,0.9411556750056906,-168.65196107083344
16.996996996996998,15.996820181778167,-1377.0881860176346,0.9411556750056906,-168.85216127103365
17.017017017017018,16.015662137233736,-1380.4686096667044,0.9411556750056906,-169.05236147123387
17.037037037037038,16.034504092689307,-1383.8530413277902,0.9411556750056906,-169.25256167143408
17.057057057057058,16.053346048144878,-1387.241481000892,0.9411556750056906,-169.4527618716343
17.077077077077078,16.07218800360045,-1390.6339286860098,0.9411556750056906,-169.6529620718345
17.097097097097098,16.09102995905602,-1394.0303843831437,0.9411556750056906,-169.85316227203472
17.117117117117118,16.10987191451159,-1397.4308480922934,0.9411556750056906,-170.05336247223494
17.137137137137138,16.12871386996716,-1400.8353198134594,0.9411556750056906,-170.25356267243515
17.157157157157158,16.14755582542273,-1404.2437995466412,0.9411556750056906,-170.45376287263537
17.177177177177178,16.166397780878302,-1407.6562872918391,0.9411556750056906,-170.65396307283558
17.197197197197198,16.185239736333873,-1411.072783049053,0.9411556750056906,-170.8541632730358
17.217217217217218,16.204081691789444,-1414.493286818283,0.9411556750056906,-171.054363473236
17.237237237237238,16.222923647245015,-1417.9177985995289,0.9411556750056906,-171.25456367343622
17.25725725725726,16.241765602700585,-1421.3463183927909,0.9411556750056906,-171.45476387363644
17.27727727727728,16.260607558156156,-1424.7788461980688,0.9411556750056906,-171.65496407383665
17.2972972972973,16.279449513611727,-1428.2153820153628,0.9411556750056906,-171.85516427403687
17.31731731731732,16.298291469067298,-1431.6559258446728,0.9411556750056906,-172.05536447423708
17.33733733733734,16.31713342452287,-1435.1004776859988,0.9411556750056906,-172.2555646744373
17.35735735735736,16.33597537997844,-1438.5490375393408,0.9411556750056906,-172.4557648746375
17.37737737737738,16.35481733543401,-1442.001605404699,0.9411556750056906,-172.65596507483772
17.3973973973974,16.37365929088958,-1445.4581812820732,0.9411556750056906,-172.85616527503794
17.41741741741742,16.39250124634515,-1448.9187651714633,0.9411556750056906,-173.05636547523815
17.43743743743744,16.411343201800722,-1452.3833570728696,0.9411556750056906,-173.25656567543837
17.45745745745746,16.430185157256293,-1455.8519569862917,0.9411556750056906,-173.45676587563858
17.47747747747748,16.449027112711864,-1459.32456491173,0.9411556750056906,-173.6569660758388
17.4974974974975,16.467869068167435,-1462.8011808491842,0.9411556750056906,-173.857166276039
17.51751751751752,16.486711023623005,-1466.2818047986545,0.9411556750056906,-174.05736647623922
17.53753753753754,16.505552979078576,-1469.7664367601408,0.9411556750056906,-174.25756667643944
17.55755755755756,16.524394934534147,-1473.2550767336431,0.9411556750056906,-174.45776687663965
17.57757757757758,16.543236889989718,-1476.7477247191614,0.9411556750056906,-174.65796707683987
17.5975975975976,16.56207884544529,-1480.2443807166958,0.9411556750056906,-174.85816727704008
17.61761761761762,16.58092080090086,-1483.745044726246,0.9411556750056906,-175.0583674772403
17.63763763763764,16.59976275635643,-1487.2497167478125,0.9411556750056906,-175.2585676774405
17.65765765765766,16.618604711812,-1490.7583967813948,0.9411556750056906,-175.45876787764072
17.67767767767768,16.63744666726757,-1494.2710848269933,0.9411556750056906,-175.65896807784094
17.6976976976977,16.656288622723142,-1497.7877808846076,0.9411556750056906,-175.85916827804115
17.71771771771772,16.675130578178713,-1501.308484954238,0.9411556750056906,-176.05936847824137
17.73773773773774,16.693972533634284,-1504.8331970358845,0.9411556750056906,-176.25956867844158
17.75775775775776,16.712814489089855,-1508.361917129547,0.9411556750056906,-176.4597688786418
17.77777777777778,16.731656444545425,-1511.8946452352254,0.9411556750056906,-176.659969078842
17.7977977977978,16.750498400000996,-1515.43138135292,0.9411556750056906,-176.86016927904222
17.81781781781782,16.769340355456567,-1518.9721254826304,0.9411556750056906,-177.06036947924244
17.83783783783784,16.788182310912138,-1522.516877624357,0.9411556750056906,-177.26056967944265
17.85785785785786,16.80702426636771,-1526.0656377780997,0.9411556750056906,-177.46076987964287
17.87787787787788,16.82586622182328,-1529.6184059438583,0.9411556750056906,-177.66097007984308
17.8978978978979,16.84470817727885,-1533.175182121633,0.9411556750056906,-177.8611702800433
17.91791791791792,16.86355013273442,-1536.7359663114237,0.9411556750056906,-178.0613704802435
17.93793793793794,16.88239208818999,-1540.3007585132304,0.9411556750056906,-178.26157068044373
17.95795795795796,16.901234043645562,-1543.8695587270531,0.9411556750056906,-178.46177088064394
17.97797797797798,16.920075999101133,-1547.442366952892,0.9411556750056906,-178.66197108084415
17.997997997998,16.938917954556704,-1551.0191831907466,0.9411556750056906,-178.86217128104437
18.01801801801802,16.957759910012275,-1554.6000074406174,0.9411556750056906,-179.06237148124458
18.03803803803804,16.976601865467845,-1558.1848397025042,0.9411556750056906,-179.2625716814448
18.05805805805806,16.995443820923416,-1561.773679976407,0.9411556750056906,-179.462771881645
18.07807807807808,17.014285776378987,-1565.3665282623258,0.9411556750056906,-179.66297208184523
18.0980980980981,17.033127731834558,-1568.9633845602607,0.9411556750056906,-179.86317228204544
18.11811811811812,17.05196968729013,-1572.5642488702115,0.9411556750056906,-180.06337248224565
18.13813813813814,17.0708116427457,-1576.1691211921784,0.9411556750056906,-180.26357268244587
18.15815815815816,17.08965359820127,-1579.7780015261612,0.9411556750056906,-180.46377288264608
18.17817817817818,17.10849555365684,-1583.3908898721602,0.9411556750056906,-180.6639730828463
18.1981981981982,17.12733750911241,-1587.007786230175,0.9411556750056906,-180.8641732830465
18.21821821821822,17.146179464567982,-1590.628690600206,0.9411556750056906,-181.06437348324673
18.23823823823824,17.165021420023553,-1594.253602982253,0.9411556750056906,-181.26457368344694
18.25825825825826,17.183863375479124,-1597.882523376316,0.9411556750056906,-181.46477388364715
18.27827827827828,17.202705330934695,-1601.5154517823948,0.9411556750056906,-181.66497408384737
18.2982982982983,17.221547286390265,-1605.15238820049,0.9411556750056906,-181.86517428404758
18.31831831831832,17.240389241845836,-1608.793332630601,0.9411556750056906,-182.0653744842478
18.33833833833834,17.259231197301407,-1612.4382850727281,0.9411556750056906,-182.265574684448
18.35835835835836,17.278073152756978,-1616.0872455268714,0.9411556750056906,-182.46577488464823
18.37837837837838,17.29691510821255,-1619.7402139930305,0.9411556750056906,-182.66597508484844
18.3983983983984,17.31575706366812,-1623.3971904712057,0.9411556750056906,-182.86617528504866
18.41841841841842,17.33459901912369,-1627.0581749613968,0.9411556750056906,-183.06637548524887
18.43843843843844,17.35344097457926,-1630.723167463604,0.9411556750056906,-183.26657568544908
18.45845845845846,17.37228293003483,-1634.3921679778273,0.9411556750056906,-183.4667758856493
18.47847847847848,17.391124885490402,-1638.0651765040666,0.9411556750056906,-183.6669760858495
18.4984984984985,17.409966840945973,-1641.7421930423218,0.9411556750056906,-183.86717628604973
18.51851851851852,17.428808796401544,-1645.4232175925931,0.9411556750056906,-184.06737648624994
18.53853853853854,17.447650751857115,-1649.1082501548804,0.9411556750056906,-184.26757668645016
18.55855855855856,17.466492707312685,-1652.7972907291837,0.9411556750056906,-184.46777688665037
18.57857857857858,17.485334662768256,-1656.490339315503,0.9411556750056906,-184.66797708685058
18.5985985985986,17.504176618223827,-1660.1873959138384,0.9411556750056906,-184.8681772870508
18.61861861861862,17.523018573679398,-1663.8884605241897,0.9411556750056906,-185.068377487251
18.63863863863864,17.54186052913497,-1667.593533146557,0.9411556750056906,-185.26857768745123
18.65865865865866,17.56070248459054,-1671.3026137809404,0.9411556750056906,-185.46877788765144
18.67867867867868,17.57954444004611,-1675.0157024273399,0.9411556750056906,-185.66897808785166
18.6986986986987,17.59838639550168,-1678.7327990857552,0.9411556750056906,-185.86917828805187
18.71871871871872,17.61722835095725,-1682.4539037561867,0.9411556750056906,-186.06937848825208
18.73873873873874,17.636070306412822,-1686.179016438634,0.9411556750056906,-186.2695786884523
18.75875875875876,17.654912261868393,-1689.9081371330976,0.9411556750056906,-186.4697788886525
18.77877877877878,17.673754217323964,-1693.641265839577,0.9411556750056906,-186.66997908885273
18.7987987987988,17.692596172779535,-1697.3784025580726,0.9411556750056906,-186.87017928905294
18.81881881881882,17.711438128235105,-1701.1195472885843,0.9411556750056906,-187.07037948925316
18.83883883883884,17.730280083690676,-1704.8647000311119,0.9411556750056906,-187.27057968945337
18.85885885885886,17.749122039146247,-1708.6138607856556,0.9411556750056906,-187.47077988965358
18.87887887887888,17.767963994601818,-1712.3670295522152,0.9411556750056906,-187.6709800898538
18.8988988988989,17.78680595005739,-1716.124206330791,0.9411556750056906,-187.871180290054
18.91891891891892,17.80564790551296,-1719.8853911213826,0.9411556750056906,-188.07138049025423
18.93893893893894,17.82448986096853,-1723.6505839239903,0.9411556750056906,-188.27158069045444
18.95895895895896,17.8433318164241,-1727.419784738614,0.9411556750056906,-188.47178089065466
18.97897897897898,17.86217377187967,-1731.1929935652538,0.9411556750056906,-188.67198109085487
18.998998998999,17.881015727335242,-1734.9702104039095,0.9411556750056906,-188.87218129105509
19.01901901901902,17.899857682790813,-1738.7514352545813,0.9411556750056906,-189.0723814912553
19.03903903903904,17.918699638246384,-1742.536668117269,0.9411556750056906,-189.2725816914555
19.05905905905906,17.937541593701955,-1746.325908991973,0.9411556750056906,-189.47278189165573
19.07907907907908,17.956383549157525,-1750.1191578786927,0.9411556750056906,-189.67298209185594
19.0990990990991,17.975225504613096,-1753.9164147774286,0.9411556750056906,-189.87318229205616
19.11911911911912,17.994067460068667,-1757.7176796881804,0.9411556750056906,-190.07338249225637
19.13913913913914,18.012909415524238,-1761.5229526109483,0.9411556750056906,-190.27358269245659
19.15915915915916,18.03175137097981,-1765.3322335457322,0.9411556750056906,-190.4737828926568
19.17917917917918,18.05059332643538,-1769.145522492532,0.9411556750056906,-190.67398309285701
19.1991991991992,18.06943528189095,-1772.962819451348,0.9411556750056906,-190.87418329305723
19.21921921921922,18.08827723734652,-1776.78412442218,0.9411556750056906,-191.07438349325744
19.23923923923924,18.10711919280209,-1780.6094374050278,0.9411556750056906,-191.27458369345766
19.25925925925926,18.125961148257662,-1784.4387583998919,0.9411556750056906,-191.47478389365787
19.27927927927928,18.144803103713233,-1788.272087406772,0.9411556750056906,-191.6749840938581
19.2992992992993,18.163645059168804,-1792.109424425668,0.9411556750056906,-191.8751842940583
19.31931931931932,18.182487014624375,-1795.9507694565802,0.9411556750056906,-192.07538449425851
19.33933933933934,18.201328970079945,-1799.7961224995083,0.9411556750056906,-192.27558469445873
19.35935935935936,18.220170925535516,-1803.6454835544525,0.9411556750056906,-192.47578489465894
19.37937937937938,18.239012880991087,-1807.4988526214127,0.9411556750056906,-192.67598509485916
19.3993993993994,18.257854836446658,-1811.356229700389,0.9411556750056906,-192.87618529505937
19.41941941941942,18.27669679190223,-1815.217614791381,0.9411556750056906,-193.0763854952596
19.43943943943944,18.2955387473578,-1819.0830078943893,0.9411556750056906,-193.2765856954598
19.45945945945946,18.31438070281337,-1822.9524090094135,0.9411556750056906,-193.47678589566002
19.47947947947948,18.33322265826894,-1826.8258181364538,0.9411556750056906,-193.67698609586023
19.4994994994995,18.35206461372451,-1830.70323527551,0.9411556750056906,-193.87718629606044
19.51951951951952,18.370906569180082,-1834.5846604265823,0.9411556750056906,-194.07738649626066
19.53953953953954,18.389748524635653,-1838.4700935896706,0.9411556750056906,-194.27758669646087
19.55955955955956,18.408590480091224,-1842.359534764775,0.9411556750056906,-194.4777868966611
19.57957957957958,18.427432435546795,-1846.2529839518952,0.9411556750056906,-194.6779870968613
19.5995995995996,18.446274391002365,-1850.1504411510316,0.9411556750056906,-194.87818729706152
19.61961961961962,18.465116346457936,-1854.051906362184,0.9411556750056906,-195.07838749726173
19.63963963963964,18.483958301913507,-1857.9573795853523,0.9411556750056906,-195.27858769746194
19.65965965965966,18.502800257369078,-1861.8668608205367,0.9411556750056906,-195.47878789766216
19.67967967967968,18.52164221282465,-1865.7803500677371,0.9411556750056906,-195.67898809786237
19.6996996996997,18.54048416828022,-1869.6978473269535,0.9411556750056906,-195.8791882980626
19.71971971971972,18.55932612373579,-1873.619352598186,0.9411556750056906,-196.0793884982628
19.73973973973974,18.57816807919136,-1877.5448658814344,0.9411556750056906,-196.27958869846302
19.75975975975976,18.59701003464693,-1881.4743871766989,0.9411556750056906,-196.47978889866323
19.77977977977978,18.615851990102502,-1885.4079164839795,0.9411556750056906,-196.67998909886344
19.7997997997998,18.634693945558073,-1889.345453803276,0.9411556750056906,-196.88018929906366
19.81981981981982,18.653535901013644,-1893.2869991345888,0.9411556750056906,-197.08038949926387
19.83983983983984,18.672377856469215,-1897.2325524779174,0.9411556750056906,-197.2805896994641
19.85985985985986,18.691219811924785,-1901.182113833262,0.9411556750056906,-197.4807898996643
19.87987987987988,18.710061767380356,-1905.1356832006227,0.9411556750056906,-197.68099009986452
19.8998998998999,18.728903722835927,-1909.0932605799994,0.9411556750056906,-197.88119030006473
19.91991991991992,18.747745678291498,-1913.054845971392,0.9411556750056906,-198.08139050026494
19.93993993993994,18.76658763374707,-1917.0204393748008,0.9411556750056906,-198.28159070046516
19.95995995995996,18.78542958920264,-1920.9900407902255,0.9411556750056906,-198.48179090066537
19.97997997997998,18.80427154465821,-1924.9636502176663,0.9411556750056906,-198.6819911008656
20.0,18.82311350011378,-1928.941267657123,0.9411556750056906,-198.8821913010658
