t,xpos,ypos,vx,vy
0.0,0.0,48.063452589981736,62.90711822558061,44.68282864795061
0.02002002002002002,1.25940176627789,48.95800371406483,62.90711822558061,44.48262844775041
0.04004004004004004,2.51880353255578,49.84854682613191,62.90711822558061,44.28242824755021
0.06006006006006006,3.77820529883367,50.735081926182964,62.90711822558061,44.08222804735001
0.08008008008008008,5.03760706511156,51.617609014218,62.90711822558061,43.88202784714981
0.10010010010010009,6.29700883138945,52.496128090237015,62.90711822558061,43.68182764694961
0.12012012012012012,7.556410597667339,53.37063915424001,62.90711822558061,43.48162744674941
0.14014014014014015,8.815812363945229,54.24114220622698,62.90711822558061,43.28142724654921
0.16016016016016016,10.075214130223118,55.10763724619794,62.90711822558061,43.08122704634901
0.18018018018018017,11.334615896501008,55.97012427415287,62.90711822558061,42.881026846148806
0.20020020020020018,12.594017662778898,56.82860329009179,62.90711822558061,42.680826645948606
0.22022022022022023,13.853419429056787,57.68307429401469,62.90711822558061,42.480626445748406
0.24024024024024024,15.112821195334677,58.53353728592156,62.90711822558061,42.280426245548206
0.2602602602602603,16.372222961612568,59.37999226581242,62.90711822558061,42.080226045348006
0.2802802802802803,17.631624727890458,60.222439233687254,62.90711822558061,41.880025845147806
0.3003003003003003,18.891026494168347,61.06087818954607,62.90711822558061,41.679825644947606
0.3203203203203203,20.150428260446237,61.895309133388864,62.90711822558061,41.479625444747406
0.3403403403403404,21.409830026724126,62.72573206521564,62.90711822558061,41.279425244547205
0.36036036036036034,22.669231793002016,63.55214698502639,62.90711822558061,41.079225044347005
0.3803803803803804,23.928633559279906,64.37455389282113,62.90711822558061,40.879024844146805
0.40040040040040037,25.188035325557795,65.19295278859984,62.90711822558061,40.678824643946605
0.42042042042042044,26.447437091835685,66.00734367236254,62.90711822558061,40.478624443746405
0.44044044044044045,27.706838858113574,66.8177265441092,62.90711822558061,40.278424243546205
0.4604604604604605,28.966240624391464,67.62410140383986,62.90711822558061,40.078224043346005
0.4804804804804805,30.225642390669353,68.4264682515545,62.90711822558061,39.878023843145805
0.5005005005005005,31.485044156947243,69.22482708725312,62.90711822558061,39.677823642945604
0.5205205205205206,32.744445923225136,70.01917791093571,62.90711822558061,39.477623442745404
0.5405405405405406,34.003847689503026,70.80952072260229,62.90711822558061,39.277423242545204
0.5605605605605606,35.263249455780915,71.59585552225285,62.90711822558061,39.077223042345004
0.5805805805805806,36.522651222058805,72.37818230988738,62.90711822558061,38.877022842144804
0.6006006006006006,37.782052988336694,73.1565010855059,62.90711822558061,38.676822641944604
0.6206206206206206,39.041454754614584,73.9308118491084,62.90711822558061,38.476622441744404
0.6406406406406406,40.300856520892474,74.70111460069486,62.90711822558061,38.2764222415442
0.6606606606606606,41.56025828717036,75.46740934026532,62.90711822558061,38.076222041344
0.6806806806806808,42.81966005344825,76.22969606781976,62.90711822558061,37.8760218411438
0.7007007007007007,44.07906181972614,76.98797478335817,62.90711822558061,37.6758216409436
0.7207207207207207,45.33846358600403,77.74224548688056,62.90711822558061,37.4756214407434
0.7407407407407407,46.59786535228192,78.49250817838694,62.90711822558061,37.2754212405432
0.7607607607607608,47.85726711855981,79.23876285787729,62.90711822558061,37.075221040343
0.7807807807807808,49.1166688848377,79.98100952535162,62.90711822558061,36.8750208401428
0.8008008008008007,50.37607065111559,80.71924818080994,62.90711822558061,36.6748206399426
0.8208208208208208,51.63547241739348,81.45347882425223,62.90711822558061,36.4746204397424
0.8408408408408409,52.89487418367137,82.1837014556785,62.90711822558061,36.2744202395422
0.8608608608608609,54.15427594994926,82.90991607508876,62.90711822558061,36.074220039342
0.8808808808808809,55.41367771622715,83.63212268248299,62.90711822558061,35.8740198391418
0.9009009009009008,56.67307948250504,84.3503212778612,62.90711822558061,35.6738196389416
0.920920920920921,57.93248124878293,85.0645118612234,62.90711822558061,35.4736194387414
0.9409409409409409,59.19188301506082,85.77469443256958,62.90711822558061,35.2734192385412
0.960960960960961,60.45128478133871,86.48086899189973,62.90711822558061,35.073219038341
0.980980980980981,61.710686547616596,87.18303553921386,62.90711822558061,34.8730188381408
1.001001001001001,62.970088313894486,87.88119407451198,62.90711822558061,34.6728186379406
1.021021021021021,64.22949008017238,88.57534459779407,62.90711822558061,34.4726184377404
1.0410410410410411,65.48889184645027,89.26548710906015,62.90711822558061,34.2724182375402
1.0610610610610611,66.74829361272816,89.9516216083102,62.90711822558061,34.07221803734
1.0810810810810811,68.00769537900605,90.63374809554423,62.90711822558061,33.8720178371398
1.1011011011011012,69.26709714528394,91.31186657076225,62.90711822558061,33.6718176369396
1.1211211211211212,70.52649891156183,91.98597703396425,62.90711822558061,33.4716174367394
1.1411411411411412,71.78590067783972,92.65607948515022,62.90711822558061,33.2714172365392
1.1611611611611612,73.04530244411761,93.32217392432017,62.90711822558061,33.071217036339
1.1811811811811812,74.3047042103955,93.9842603514741,62.90711822558061,32.8710168361388
1.2012012012012012,75.56410597667339,94.64233876661201,62.90711822558061,32.6708166359386
1.2212212212212212,76.82350774295128,95.2964091697339,62.90711822558061,32.4706164357384
1.2412412412412412,78.08290950922917,95.94647156083978,62.90711822558061,32.2704162355382
1.2612612612612613,79.34231127550706,96.59252593992963,62.90711822558061,32.070216035338
1.2812812812812813,80.60171304178495,97.23457230700346,62.90711822558061,31.8700158351378
1.3013013013013013,81.86111480806284,97.87261066206128,62.90711822558061,31.6698156349376
1.3213213213213213,83.12051657434073,98.50664100510308,62.90711822558061,31.4696154347374
1.3413413413413413,84.37991834061862,99.13666333612885,62.90711822558061,31.2694152345372
1.3613613613613615,85.6393201068965,99.7626776551386,62.90711822558061,31.069215034337
1.3813813813813813,86.8987218731744,100.38468396213234,62.90711822558061,30.8690148341368
1.4014014014014013,88.15812363945228,101.00268225711005,62.90711822558061,30.6688146339366
1.4214214214214214,89.41752540573017,101.61667254007175,62.90711822558061,30.4686144337364
1.4414414414414414,90.67692717200806,102.22665481101743,62.90711822558061,30.2684142335362
1.4614614614614616,91.93632893828595,102.83262906994707,62.90711822558061,30.068214033335998
1.4814814814814814,93.19573070456384,103.43459531686071,62.90711822558061,29.868013833135798
1.5015015015015014,94.45513247084173,104.03255355175833,62.90711822558061,29.667813632935598
1.5215215215215216,95.71453423711962,104.62650377463991,62.90711822558061,29.467613432735398
1.5415415415415414,96.97393600339751,105.21644598550549,62.90711822558061,29.267413232535198
1.5615615615615617,98.2333377696754,105.80238018435504,62.90711822558061,29.067213032334998
1.5815815815815815,99.49273953595329,106.38430637118857,62.90711822558061,28.867012832134797
1.6016016016016015,100.75214130223118,106.96222454600608,62.90711822558061,28.666812631934597
1.6216216216216217,102.01154306850907,107.53613470880758,62.90711822558061,28.466612431734397
1.6416416416416415,103.27094483478696,108.10603685959305,62.90711822558061,28.266412231534197
1.6616616616616617,104.53034660106485,108.6719309983625,62.90711822558061,28.066212031333997
1.6816816816816818,105.78974836734274,109.23381712511593,62.90711822558061,27.866011831133797
1.7017017017017015,107.04915013362063,109.79169523985335,62.90711822558061,27.665811630933597
1.7217217217217218,108.30855189989852,110.34556534257474,62.90711822558061,27.465611430733397
1.7417417417417416,109.56795366617641,110.89542743328012,62.90711822558061,27.265411230533196
1.7617617617617618,110.8273554324543,111.44128151196948,62.90711822558061,27.065211030332996
1.7817817817817818,112.08675719873219,111.98312757864281,62.90711822558061,26.865010830132796
1.8018018018018016,113.34615896501008,112.52096563330012,62.90711822558061,26.664810629932596
1.8218218218218218,114.60556073128797,113.05479567594142,62.90711822558061,26.464610429732396
1.841841841841842,115.86496249756586,113.58461770656669,62.90711822558061,26.264410229532196
1.8618618618618619,117.12436426384374,114.11043172517594,62.90711822558061,26.064210029331996
1.8818818818818819,118.38376603012163,114.63223773176918,62.90711822558061,25.864009829131795
1.9019019019019017,119.64316779639952,115.15003572634639,62.90711822558061,25.663809628931595
1.921921921921922,120.90256956267741,115.66382570890758,62.90711822558061,25.463609428731395
1.9419419419419421,122.1619713289553,116.17360767945276,62.90711822558061,25.263409228531195
1.961961961961962,123.42137309523319,116.6793816379819,62.90711822558061,25.063209028330995
1.981981981981982,124.68077486151108,117.18114758449504,62.90711822558061,24.863008828130795
2.002002002002002,125.94017662778897,117.67890551899215,62.90711822558061,24.662808627930595
2.022022022022022,127.19957839406686,118.17265544147324,62.90711822558061,24.462608427730395
2.042042042042042,128.45898016034477,118.66239735193831,62.90711822558061,24.262408227530194
2.0620620620620618,129.71838192662267,119.14813125038737,62.90711822558061,24.062208027329994
2.0820820820820822,130.97778369290057,119.6298571368204,62.90711822558061,23.862007827129794
2.1021021021021022,132.23718545917848,120.10757501123742,62.90711822558061,23.661807626929594
2.1221221221221223,133.49658722545638,120.58128487363841,62.90711822558061,23.461607426729394
2.1421421421421423,134.75598899173428,121.05098672402339,62.90711822558061,23.261407226529194
2.1621621621621623,136.0153907580122,121.51668056239234,62.90711822558061,23.061207026328994
2.1821821821821823,137.2747925242901,121.97836638874527,62.90711822558061,22.861006826128794
2.2022022022022023,138.534194290568,122.43604420308219,62.90711822558061,22.660806625928593
2.2222222222222223,139.7935960568459,122.88971400540308,62.90711822558061,22.460606425728393
2.2422422422422423,141.0529978231238,123.33937579570795,62.90711822558061,22.260406225528193
2.2622622622622623,142.3123995894017,123.78502957399681,62.90711822558061,22.060206025327993
2.2822822822822824,143.5718013556796,124.22667534026964,62.90711822558061,21.860005825127793
2.3023023023023024,144.83120312195751,124.66431309452645,62.90711822558061,21.659805624927593
2.3223223223223224,146.09060488823542,125.09794283676725,62.90711822558061,21.459605424727393
2.3423423423423424,147.35000665451332,125.52756456699201,62.90711822558061,21.259405224527193
2.3623623623623624,148.60940842079123,125.95317828520076,62.90711822558061,21.059205024326992
2.3823823823823824,149.86881018706913,126.3747839913935,62.90711822558061,20.859004824126792
2.4024024024024024,151.12821195334703,126.7923816855702,62.90711822558061,20.658804623926592
2.4224224224224224,152.38761371962494,127.2059713677309,62.90711822558061,20.458604423726392
2.4424424424424425,153.64701548590284,127.61555303787557,62.90711822558061,20.258404223526192
2.4624624624624625,154.90641725218074,128.02112669600422,62.90711822558061,20.05820402332599
2.4824824824824825,156.16581901845865,128.42269234211685,62.90711822558061,19.85800382312579
2.5025025025025025,157.42522078473655,128.82024997621346,62.90711822558061,19.65780362292559
2.5225225225225225,158.68462255101446,129.21379959829406,62.90711822558061,19.45760342272539
2.5425425425425425,159.94402431729236,129.60334120835864,62.90711822558061,19.25740322252519
2.5625625625625625,161.20342608357026,129.98887480640718,62.90711822558061,19.05720302232499
2.5825825825825826,162.46282784984817,130.3704003924397,62.90711822558061,18.85700282212479
2.6026026026026026,163.72222961612607,130.7479179664562,62.90711822558061,18.65680262192459
2.6226226226226226,164.98163138240398,131.1214275284567,62.90711822558061,18.45660242172439
2.6426426426426426,166.24103314868188,131.49092907844118,62.90711822558061,18.25640222152419
2.6626626626626626,167.50043491495978,131.85642261640965,62.90711822558061,18.05620202132399
2.6826826826826826,168.7598366812377,132.2179081423621,62.90711822558061,17.85600182112379
2.7027027027027026,170.0192384475156,132.5753856562985,62.90711822558061,17.65580162092359
2.722722722722723,171.2786402137935,132.92885515821888,62.90711822558061,17.45560142072339
2.7427427427427427,172.5380419800714,133.27831664812325,62.90711822558061,17.25540122052319
2.7627627627627627,173.7974437463493,133.6237701260116,62.90711822558061,17.05520102032299
2.7827827827827827,175.0568455126272,133.96521559188395,62.90711822558061,16.85500082012279
2.8028028028028027,176.3162472789051,134.30265304574027,62.90711822558061,16.65480061992259
2.822822822822823,177.575649045183,134.63608248758055,62.90711822558061,16.45460041972239
2.8428428428428427,178.83505081146092,134.96550391740482,62.90711822558061,16.25440021952219
2.8628628628628627,180.09445257773882,135.29091733521307,62.90711822558061,16.05420001932199
2.8828828828828827,181.35385434401672,135.6123227410053,62.90711822558061,15.853999819121789
2.9029029029029028,182.61325611029463,135.92972013478152,62.90711822558061,15.653799618921589
2.922922922922923,183.87265787657253,136.24310951654172,62.90711822558061,15.453599418721389
2.942942942942943,185.13205964285044,136.55249088628588,62.90711822558061,15.253399218521189
2.962962962962963,186.39146140912834,136.85786424401402,62.90711822558061,15.053199018320989
2.982982982982983,187.65086317540624,137.15922958972615,62.90711822558061,14.852998818120788
3.003003003003003,188.91026494168415,137.45658692342226,62.90711822558061,14.652798617920588
3.0230230230230233,190.16966670796205,137.74993624510236,62.90711822558061,14.452598417720388
3.0430430430430433,191.42906847423995,138.03927755476644,62.90711822558061,14.252398217520188
3.063063063063063,192.68847024051786,138.3246108524145,62.90711822558061,14.052198017319988
3.083083083083083,193.94787200679576,138.60593613804653,62.90711822558061,13.851997817119788
3.103103103103103,195.20727377307367,138.88325341166254,62.90711822558061,13.651797616919588
3.1231231231231233,196.46667553935157,139.15656267326253,62.90711822558061,13.451597416719387
3.1431431431431434,197.72607730562947,139.4258639228465,62.90711822558061,13.251397216519187
3.163163163163163,198.98547907190738,139.69115716041446,62.90711822558061,13.051197016318987
3.183183183183183,200.24488083818528,139.9524423859664,62.90711822558061,12.850996816118787
3.203203203203203,201.50428260446319,140.2097195995023,62.90711822558061,12.650796615918587
3.2232232232232234,202.7636843707411,140.4629888010222,62.90711822558061,12.450596415718387
3.2432432432432434,204.023086137019,140.71224999052606,62.90711822558061,12.250396215518187
3.263263263263263,205.2824879032969,140.95750316801391,62.90711822558061,12.050196015317987
3.283283283283283,206.5418896695748,141.19874833348575,62.90711822558061,11.849995815117786
3.303303303303303,207.8012914358527,141.43598548694158,62.90711822558061,11.649795614917586
3.3233233233233235,209.0606932021306,141.66921462838135,62.90711822558061,11.449595414717386
3.3433433433433435,210.3200949684085,141.89843575780512,62.90711822558061,11.249395214517186
3.3633633633633635,211.57949673468642,142.12364887521287,62.90711822558061,11.049195014316986
3.383383383383383,212.83889850096432,142.3448539806046,62.90711822558061,10.848994814116786
3.403403403403403,214.09830026724222,142.5620510739803,62.90711822558061,10.648794613916586
3.4234234234234235,215.35770203352013,142.77524015534001,62.90711822558061,10.448594413716386
3.4434434434434436,216.61710379979803,142.9844212246837,62.90711822558061,10.248394213516185
3.4634634634634636,217.87650556607593,143.18959428201134,62.90711822558061,10.048194013315985
3.483483483483483,219.13590733235384,143.39075932732297,62.90711822558061,9.847993813115785
3.503503503503503,220.39530909863174,143.58791636061858,62.90711822558061,9.647793612915585
3.5235235235235236,221.65471086490965,143.78106538189817,62.90711822558061,9.447593412715385
3.5435435435435436,222.91411263118755,143.97020639116175,62.90711822558061,9.247393212515185
3.5635635635635636,224.17351439746545,144.15533938840932,62.90711822558061,9.047193012314985
3.583583583583583,225.43291616374336,144.33646437364084,62.90711822558061,8.846992812114784
3.603603603603603,226.69231793002126,144.51358134685634,62.90711822558061,8.646792611914584
3.6236236236236237,227.95171969629916,144.68669030805583,62.90711822558061,8.446592411714384
3.6436436436436437,229.21112146257707,144.8557912572393,62.90711822558061,8.246392211514184
3.6636636636636637,230.47052322885497,145.02088419440676,62.90711822558061,8.046192011313984
3.683683683683684,231.72992499513288,145.1819691195582,62.90711822558061,7.845991811113784
3.7037037037037033,232.98932676141078,145.3390460326936,62.90711822558061,7.645791610913584
3.7237237237237237,234.24872852768868,145.49211493381299,62.90711822558061,7.445591410713384
3.7437437437437437,235.5081302939666,145.64117582291635,62.90711822558061,7.2453912105131835
3.7637637637637638,236.7675320602445,145.7862287000037,62.90711822558061,7.045191010312983
3.783783783783784,238.0269338265224,145.92727356507504,62.90711822558061,6.844990810112783
3.8038038038038033,239.2863355928003,146.06431041813036,62.90711822558061,6.644790609912583
3.823823823823824,240.5457373590782,146.19733925916964,62.90711822558061,6.444590409712383
3.843843843843844,241.8051391253561,146.3263600881929,62.90711822558061,6.244390209512183
3.863863863863864,243.064540891634,146.45137290520015,62.90711822558061,6.044190009311983
3.8838838838838843,244.3239426579119,146.57237771019138,62.90711822558061,5.843989809111783
3.9039039039039034,245.58334442418982,146.6893745031666,62.90711822558061,5.643789608911582
3.923923923923924,246.84274619046772,146.8023632841258,62.90711822558061,5.443589408711382
3.943943943943944,248.10214795674563,146.91134405306897,62.90711822558061,5.243389208511182
3.963963963963964,249.36154972302353,147.0163168099961,62.90711822558061,5.043189008310982
3.9839839839839843,250.62095148930143,147.11728155490724,62.90711822558061,4.842988808110782
4.004004004004004,251.88035325557934,147.21423828780235,62.90711822558061,4.642788607910582
4.0240240240240235,253.13975502185724,147.30718700868144,62.90711822558061,4.442588407710382
4.044044044044044,254.39915678813514,147.39612771754452,62.90711822558061,4.2423882075101815
4.064064064064064,255.65855855441305,147.48106041439158,62.90711822558061,4.042188007309981
4.084084084084084,256.91796032069095,147.5619850992226,62.90711822558061,3.8419878071097813
4.104104104104104,258.17736208696886,147.6389017720376,62.90711822558061,3.641787606909581
4.1241241241241235,259.43676385324676,147.7118104328366,62.90711822558061,3.441587406709381
4.1441441441441444,260.69616561952466,147.78071108161956,62.90711822558061,3.241387206509181
4.1641641641641645,261.95556738580257,147.8456037183865,62.90711822558061,3.0411870063089808
4.1841841841841845,263.21496915208047,147.90648834313745,62.90711822558061,2.8409868061087806
4.2042042042042045,264.4743709183584,147.96336495587235,62.90711822558061,2.6407866059085805
4.2242242242242245,265.7337726846363,148.01623355659123,62.90711822558061,2.4405864057083804
4.2442442442442445,266.9931744509142,148.0650941452941,62.90711822558061,2.2403862055081802
4.2642642642642645,268.2525762171921,148.10994672198095,62.90711822558061,2.04018600530798
4.2842842842842845,269.51197798347,148.15079128665178,62.90711822558061,1.83998580510778
4.3043043043043046,270.7713797497479,148.1876278393066,62.90711822558061,1.6397856049075799
4.324324324324325,272.0307815160258,148.2204563799454,62.90711822558061,1.4395854047073797
4.344344344344345,273.2901832823037,148.24927690856816,62.90711822558061,1.2393852045071796
4.364364364364365,274.5495850485816,148.2740894251749,62.90711822558061,1.0391850043069795
4.384384384384385,275.8089868148595,148.29489392976564,62.90711822558061,0.8389848041067793
4.404404404404405,277.0683885811374,148.31169042234035,62.90711822558061,0.6387846039065792
4.424424424424425,278.3277903474153,148.32447890289905,62.90711822558061,0.438584403706379
4.444444444444445,279.5871921136932,148.33325937144173,62.90711822558061,0.23838420350617884
4.464464464464465,280.8465938799711,148.33803182796836,62.90711822558061,0.03818400330597865
4.484484484484485,282.105995646249,148.338796272479,62.90711822558061,-0.16201619689422153
4.504504504504505,283.36539741252693,148.3355527049736,62.90711822558061,-0.3622163970944217
4.524524524524525,284.62479917880484,148.32830112545219,62.90711822558061,-0.5624165972946219
4.544544544544545,285.88420094508274,148.31704153391476,62.90711822558061,-0.7626167974948221
4.564564564564565,287.14360271136064,148.30177393036132,62.90711822558061,-0.9628169976950223
4.584584584584585,288.40300447763855,148.28249831479184,62.90711822558061,-1.1630171978952224
4.604604604604605,289.66240624391645,148.25921468720634,62.90711822558061,-1.3632173980954225
4.624624624624625,290.92180801019435,148.23192304760482,62.90711822558061,-1.5634175982956227
4.644644644644645,292.18120977647226,148.2006233959873,62.90711822558061,-1.7636177984958228
4.664664664664665,293.44061154275016,148.16531573235375,62.90711822558061,-1.963817998696023
4.684684684684685,294.70001330902807,148.12600005670419,62.90711822558061,-2.164018198896223
4.704704704704705,295.95941507530597,148.0826763690386,62.90711822558061,-2.364218399096423
4.724724724724725,297.2188168415839,148.035344669357,62.90711822558061,-2.5644185992966233
4.744744744744745,298.4782186078618,147.98400495765935,62.90711822558061,-2.7646187994968234
4.764764764764765,299.7376203741397,147.9286572339457,62.90711822558061,-2.9648189996970236
4.784784784784785,300.9970221404176,147.86930149821603,62.90711822558061,-3.1650191998972237
4.804804804804805,302.2564239066955,147.80593775047035,62.90711822558061,-3.365219400097424
4.824824824824825,303.5158256729734,147.73856599070865,62.90711822558061,-3.565419600297624
4.844844844844845,304.7752274392513,147.6671862189309,62.90711822558061,-3.765619800497824
4.864864864864865,306.0346292055292,147.59179843513715,62.90711822558061,-3.965820000698024
4.884884884884885,307.2940309718071,147.51240263932738,62.90711822558061,-4.166020200898225
4.904904904904905,308.553432738085,147.4289988315016,62.90711822558061,-4.366220401098425
4.924924924924925,309.8128345043629,147.34158701165978,62.90711822558061,-4.566420601298625
4.944944944944945,311.0722362706408,147.25016717980196,62.90711822558061,-4.766620801498825
4.964964964964965,312.3316380369187,147.1547393359281,62.90711822558061,-4.966821001699025
4.984984984984985,313.5910398031966,147.05530348003822,62.90711822558061,-5.167021201899225
5.005005005005005,314.8504415694745,146.95185961213232,62.90711822558061,-5.3672214020994256
5.025025025025025,316.10984333575243,146.8444077322104,62.90711822558061,-5.567421602299626
5.045045045045045,317.36924510203033,146.7329478402725,62.90711822558061,-5.767621802499826
5.065065065065065,318.62864686830824,146.61747993631855,62.90711822558061,-5.967822002700026
5.085085085085085,319.88804863458614,146.4980040203486,62.90711822558061,-6.168022202900226
5.105105105105105,321.14745040086405,146.3745200923626,62.90711822558061,-6.368222403100426
5.125125125125125,322.40685216714195,146.24702815236057,62.90711822558061,-6.568422603300626
5.145145145145145,323.66625393341985,146.11552820034254,62.90711822558061,-6.7686228035008265
5.165165165165165,324.92565569969776,145.9800202363085,62.90711822558061,-6.968823003701027
5.185185185185185,326.18505746597566,145.84050426025843,62.90711822558061,-7.169023203901227
5.205205205205205,327.44445923225356,145.69698027219235,62.90711822558061,-7.369223404101427
5.225225225225225,328.70386099853147,145.54944827211023,62.90711822558061,-7.569423604301627
5.245245245245245,329.9632627648094,145.3979082600121,62.90711822558061,-7.769623804501827
5.265265265265265,331.2226645310873,145.24236023589793,62.90711822558061,-7.969824004702027
5.285285285285285,332.4820662973652,145.08280419976776,62.90711822558061,-8.170024204902228
5.305305305305305,333.7414680636431,144.91924015162158,62.90711822558061,-8.370224405102428
5.325325325325325,335.000869829921,144.75166809145938,62.90711822558061,-8.570424605302629
5.345345345345346,336.2602715961989,144.58008801928113,62.90711822558061,-8.770624805502829
5.365365365365365,337.5196733624768,144.40449993508687,62.90711822558061,-8.970825005703029
5.385385385385385,338.7790751287547,144.2249038388766,62.90711822558061,-9.171025205903229
5.405405405405405,340.0384768950326,144.0412997306503,62.90711822558061,-9.371225406103429
5.425425425425425,341.2978786613105,143.853687610408,62.90711822558061,-9.57142560630363
5.445445445445446,342.5572804275884,143.66206747814968,62.90711822558061,-9.77162580650383
5.465465465465465,343.8166821938663,143.46643933387534,62.90711822558061,-9.97182600670403
5.485485485485485,345.0760839601442,143.26680317758496,62.90711822558061,-10.17202620690423
5.505505505505505,346.3354857264221,143.06315900927856,62.90711822558061,-10.37222640710443
5.525525525525525,347.5948874927,142.85550682895615,62.90711822558061,-10.57242660730463
5.545545545545546,348.85428925897793,142.64384663661772,62.90711822558061,-10.77262680750483
5.565565565565565,350.11369102525583,142.42817843226328,62.90711822558061,-10.97282700770503
5.585585585585585,351.37309279153374,142.20850221589282,62.90711822558061,-11.17302720790523
5.605605605605605,352.63249455781164,141.98481798750632,62.90711822558061,-11.37322740810543
5.625625625625625,353.89189632408954,141.7571257471038,62.90711822558061,-11.57342760830563
5.645645645645646,355.15129809036745,141.52542549468527,62.90711822558061,-11.77362780850583
5.665665665665665,356.41069985664535,141.28971723025072,62.90711822558061,-11.97382800870603
5.685685685685685,357.67010162292326,141.05000095380015,62.90711822558061,-12.17402820890623
5.7057057057057055,358.92950338920116,140.80627666533357,62.90711822558061,-12.374228409106431
5.7257257257257255,360.18890515547906,140.55854436485095,62.90711822558061,-12.574428609306631
5.745745745745746,361.44830692175697,140.3068040523523,62.90711822558061,-12.774628809506831
5.7657657657657655,362.70770868803487,140.05105572783765,62.90711822558061,-12.974829009707031
5.7857857857857855,363.9671104543128,139.79129939130698,62.90711822558061,-13.175029209907231
5.8058058058058055,365.2265122205907,139.5275350427603,62.90711822558061,-13.375229410107432
5.8258258258258255,366.4859139868686,139.2597626821976,62.90711822558061,-13.575429610307632
5.845845845845846,367.7453157531465,138.98798230961887,62.90711822558061,-13.775629810507832
5.865865865865866,369.0047175194244,138.7121939250241,62.90711822558061,-13.975830010708032
5.885885885885886,370.2641192857023,138.43239752841333,62.90711822558061,-14.176030210908232
5.905905905905906,371.5235210519802,138.14859311978654,62.90711822558061,-14.376230411108432
5.925925925925926,372.7829228182581,137.86078069914373,62.90711822558061,-14.576430611308632
5.9459459459459465,374.042324584536,137.5689602664849,62.90711822558061,-14.776630811508833
5.965965965965966,375.3017263508139,137.27313182181007,62.90711822558061,-14.976831011709033
5.9859859859859865,376.5611281170918,136.97329536511918,62.90711822558061,-15.177031211909233
6.006006006006006,377.8205298833697,136.6694508964123,62.90711822558061,-15.377231412109433
6.026026026026026,379.0799316496476,136.36159841568937,62.90711822558061,-15.577431612309633
6.046046046046047,380.3393334159255,136.04973792295044,62.90711822558061,-15.777631812509833
6.066066066066066,381.5987351822034,135.7338694181955,62.90711822558061,-15.977832012710033
6.086086086086087,382.85813694848133,135.41399290142454,62.90711822558061,-16.178032212910235
6.106106106106106,384.11753871475923,135.09010837263753,62.90711822558061,-16.378232413110435
6.126126126126126,385.37694048103714,134.7622158318345,62.90711822558061,-16.578432613310635
6.146146146146147,386.63634224731504,134.43031527901547,62.90711822558061,-16.778632813510836
6.166166166166166,387.89574401359295,134.09440671418042,62.90711822558061,-16.978833013711036
6.186186186186187,389.15514577987085,133.75449013732936,62.90711822558061,-17.179033213911236
6.206206206206206,390.41454754614875,133.41056554846227,62.90711822558061,-17.379233414111436
6.226226226226226,391.67394931242666,133.06263294757917,62.90711822558061,-17.579433614311636
6.246246246246247,392.93335107870456,132.71069233468003,62.90711822558061,-17.779633814511836
6.266266266266266,394.19275284498246,132.35474370976488,62.90711822558061,-17.979834014712036
6.286286286286287,395.45215461126037,131.9947870728337,62.90711822558061,-18.180034214912236
6.306306306306306,396.7115563775383,131.6308224238865,62.90711822558061,-18.380234415112437
6.326326326326326,397.9709581438162,131.2628497629233,62.90711822558061,-18.580434615312637
6.346346346346347,399.2303599100941,130.8908690899441,62.90711822558061,-18.780634815512837
6.366366366366366,400.489761676372,130.51488040494883,62.90711822558061,-18.980835015713037
6.386386386386387,401.7491634426499,130.13488370793755,62.90711822558061,-19.181035215913237
6.406406406406406,403.0085652089278,129.75087899891025,62.90711822558061,-19.381235416113437
6.426426426426426,404.2679669752057,129.36286627786694,62.90711822558061,-19.581435616313637
6.446446446446447,405.5273687414836,128.97084554480762,62.90711822558061,-19.781635816513838
6.466466466466466,406.7867705077615,128.57481679973228,62.90711822558061,-19.981836016714038
6.486486486486487,408.0461722740394,128.1747800426409,62.90711822558061,-20.182036216914238
6.506506506506506,409.3055740403173,127.7707352735335,62.90711822558061,-20.382236417114438
6.526526526526526,410.5649758065952,127.36268249241009,62.90711822558061,-20.582436617314638
6.546546546546547,411.8243775728731,126.95062169927066,62.90711822558061,-20.782636817514838
6.566566566566566,413.083779339151,126.53455289411521,62.90711822558061,-20.98283701771504
6.586586586586587,414.3431811054289,126.11447607694373,62.90711822558061,-21.18303721791524
6.606606606606606,415.60258287170683,125.69039124775624,62.90711822558061,-21.38323741811544
6.626626626626627,416.86198463798473,125.26229840655273,62.90711822558061,-21.58343761831564
6.646646646646647,418.12138640426264,124.83019755333319,62.90711822558061,-21.78363781851584
6.666666666666666,419.38078817054054,124.39408868809764,62.90711822558061,-21.98383801871604
6.686686686686687,420.64018993681844,123.95397181084607,62.90711822558061,-22.18403821891624
6.706706706706706,421.89959170309635,123.50984692157847,62.90711822558061,-22.38423841911644
6.726726726726727,423.15899346937425,123.06171402029486,62.90711822558061,-22.58443861931664
6.746746746746747,424.41839523565216,122.60957310699523,62.90711822558061,-22.78463881951684
6.766766766766766,425.67779700193006,122.15342418167957,62.90711822558061,-22.98483901971704
6.786786786786787,426.93719876820796,121.6932672443479,62.90711822558061,-23.18503921991724
6.806806806806806,428.19660053448587,121.2291022950002,62.90711822558061,-23.38523942011744
6.826826826826827,429.45600230076377,120.7609293336365,62.90711822558061,-23.58543962031764
6.846846846846847,430.7154040670417,120.28874836025676,62.90711822558061,-23.78563982051784
6.866866866866866,431.9748058333196,119.81255937486101,62.90711822558061,-23.98584002071804
6.886886886886887,433.2342075995975,119.33236237744924,62.90711822558061,-24.18604022091824
6.906906906906906,434.4936093658754,118.84815736802145,62.90711822558061,-24.38624042111844
6.926926926926927,435.7530111321533,118.35994434657763,62.90711822558061,-24.58644062131864
6.946946946946947,437.0124128984312,117.8677233131178,62.90711822558061,-24.78664082151884
6.966966966966966,438.2718146647091,117.37149426764195,62.90711822558061,-24.98684102171904
6.986986986986987,439.531216430987,116.87125721015008,62.90711822558061,-25.18704122191924
7.007007007007006,440.7906181972649,116.36701214064219,62.90711822558061,-25.38724142211944
7.027027027027027,442.0500199635428,115.85875905911827,62.90711822558061,-25.58744162231964
7.047047047047047,443.3094217298207,115.34649796557834,62.90711822558061,-25.78764182251984
7.067067067067066,444.5688234960986,114.83022886002239,62.90711822558061,-25.98784202272004
7.087087087087087,445.8282252623765,114.30995174245041,62.90711822558061,-26.18804222292024
7.107107107107106,447.0876270286544,113.78566661286241,62.90711822558061,-26.38824242312044
7.127127127127127,448.3470287949323,113.2573734712584,62.90711822558061,-26.588442623320642
7.147147147147147,449.60643056121023,112.72507231763836,62.90711822558061,-26.788642823520842
7.167167167167166,450.86583232748814,112.18876315200231,62.90711822558061,-26.988843023721042
7.187187187187187,452.12523409376604,111.64844597435024,62.90711822558061,-27.189043223921242
7.207207207207206,453.38463586004394,111.10412078468215,62.90711822558061,-27.389243424121442
7.227227227227227,454.64403762632185,110.55578758299804,62.90711822558061,-27.589443624321643
7.247247247247247,455.90343939259975,110.0034463692979,62.90711822558061,-27.789643824521843
7.267267267267268,457.16284115887765,109.44709714358176,62.90711822558061,-27.989844024722043
7.287287287287287,458.42224292515556,108.88673990584958,62.90711822558061,-28.190044224922243
7.3073073073073065,459.68164469143346,108.32237465610139,62.90711822558061,-28.390244425122443
7.327327327327327,460.94104645771137,107.75400139433718,62.90711822558061,-28.590444625322643
7.347347347347347,462.20044822398927,107.18162012055694,62.90711822558061,-28.790644825522843
7.367367367367368,463.4598499902672,106.60523083476069,62.90711822558061,-28.990845025723043
7.387387387387387,464.7192517565451,106.02483353694842,62.90711822558061,-29.191045225923244
7.4074074074074066,465.978653522823,105.44042822712012,62.90711822558061,-29.391245426123444
7.4274274274274275,467.2380552891009,104.85201490527581,62.90711822558061,-29.591445626323644
7.4474474474474475,468.4974570553788,104.25959357141548,62.90711822558061,-29.791645826523844
7.467467467467468,469.7568588216567,103.66316422553912,62.90711822558061,-29.991846026724044
7.4874874874874875,471.0162605879346,103.06272686764675,62.90711822558061,-30.192046226924244
7.507507507507507,472.2756623542125,102.45828149773835,62.90711822558061,-30.392246427124444
7.5275275275275275,473.5350641204904,101.84982811581393,62.90711822558061,-30.592446627324644
7.5475475475475475,474.7944658867683,101.2373667218735,62.90711822558061,-30.792646827524845
7.567567567567568,476.0538676530462,100.62089731591705,62.90711822558061,-30.992847027725045
7.587587587587588,477.3132694193241,100.00041989794458,62.90711822558061,-31.193047227925245
7.607607607607607,478.572671185602,99.37593446795609,62.90711822558061,-31.393247428125445
7.627627627627628,479.8320729518799,98.74744102595157,62.90711822558061,-31.593447628325645
7.647647647647648,481.0914747181578,98.11493957193105,62.90711822558061,-31.793647828525845
7.6676676676676685,482.35087648443573,97.47843010589449,62.90711822558061,-31.993848028726045
7.687687687687688,483.61027825071363,96.83791262784192,62.90711822558061,-32.19404822892625
7.707707707707707,484.86968001699154,96.19338713777333,62.90711822558061,-32.39424842912645
7.727727727727728,486.12908178326944,95.54485363568871,62.90711822558061,-32.59444862932665
7.747747747747748,487.38848354954735,94.89231212158808,62.90711822558061,-32.79464882952685
7.767767767767769,488.64788531582525,94.23576259547143,62.90711822558061,-32.99484902972705
7.787787787787788,489.90728708210315,93.57520505733875,62.90711822558061,-33.19504922992725
7.807807807807807,491.16668884838106,92.91063950719006,62.90711822558061,-33.39524943012745
7.827827827827828,492.42609061465896,92.24206594502535,62.90711822558061,-33.59544963032765
7.847847847847848,493.68549238093686,91.5694843708446,62.90711822558061,-33.79564983052785
7.867867867867869,494.94489414721477,90.89289478464785,62.90711822558061,-33.99585003072805
7.887887887887888,496.2042959134927,90.21229718643508,62.90711822558061,-34.19605023092825
7.907907907907909,497.4636976797706,89.52769157620628,62.90711822558061,-34.39625043112845
7.927927927927928,498.7230994460485,88.83907795396146,62.90711822558061,-34.59645063132865
7.947947947947948,499.9825012123264,88.14645631970063,62.90711822558061,-34.79665083152885
7.967967967967969,501.2419029786043,87.44982667342379,62.90711822558061,-34.99685103172905
7.987987987987988,502.5013047448822,86.74918901513091,62.90711822558061,-35.19705123192925
8.008008008008009,503.7607065111601,86.04454334482202,62.90711822558061,-35.39725143212945
8.028028028028029,505.020108277438,85.33588966249711,62.90711822558061,-35.59745163232965
8.048048048048047,506.2795100437159,84.62322796815617,62.90711822558061,-35.79765183252985
8.068068068068069,507.5389118099938,83.90655826179922,62.90711822558061,-35.99785203273005
8.088088088088089,508.7983135762717,83.18588054342625,62.90711822558061,-36.19805223293025
8.108108108108109,510.0577153425496,82.46119481303725,62.90711822558061,-36.39825243313045
8.128128128128129,511.3171171088275,81.73250107063224,62.90711822558061,-36.59845263333065
8.148148148148147,512.5765188751054,80.99979931621121,62.90711822558061,-36.79865283353085
8.168168168168169,513.8359206413833,80.26308954977415,62.90711822558061,-36.99885303373105
8.188188188188189,515.0953224076611,79.52237177132108,62.90711822558061,-37.19905323393125
8.208208208208209,516.354724173939,78.77764598085199,62.90711822558061,-37.39925343413145
8.228228228228229,517.6141259402168,78.02891217836687,62.90711822558061,-37.59945363433165
8.248248248248247,518.8735277064947,77.27617036386573,62.90711822558061,-37.79965383453185
8.268268268268269,520.1329294727725,76.51942053734858,62.90711822558061,-37.99985403473205
8.288288288288289,521.3923312390503,75.7586626988154,62.90711822558061,-38.20005423493225
8.308308308308309,522.6517330053282,74.9938968482662,62.90711822558061,-38.40025443513245
8.328328328328329,523.911134771606,74.22512298570099,62.90711822558061,-38.60045463533265
8.348348348348347,525.1705365378839,73.45234111111975,62.90711822558061,-38.80065483553285
8.368368368368369,526.4299383041617,72.6755512245225,62.90711822558061,-39.00085503573305
8.388388388388389,527.6893400704396,71.89475332590922,62.90711822558061,-39.201055235933254
8.408408408408409,528.9487418367174,71.10994741527993,62.90711822558061,-39.401255436133454
8.428428428428429,530.2081436029953,70.32113349263462,62.90711822558061,-39.601455636333654
8.448448448448449,531.4675453692731,69.52831155797328,62.90711822558061,-39.801655836533854
8.468468468468469,532.726947135551,68.73148161129593,62.90711822558061,-40.001856036734054
8.488488488488489,533.9863489018288,67.93064365260255,62.90711822558061,-40.202056236934254
8.508508508508509,535.2457506681067,67.12579768189316,62.90711822558061,-40.402256437134454
8.528528528528529,536.5051524343845,66.31694369916775,62.90711822558061,-40.602456637334654
8.548548548548549,537.7645542006624,65.50408170442631,62.90711822558061,-40.802656837534855
8.568568568568569,539.0239559669402,64.68721169766886,62.90711822558061,-41.002857037735055
8.588588588588589,540.283357733218,63.86633367889538,62.90711822558061,-41.203057237935255
8.608608608608609,541.5427594994959,63.04144764810589,62.90711822558061,-41.403257438135455
8.62862862862863,542.8021612657737,62.21255360530037,62.90711822558061,-41.603457638335655
8.64864864864865,544.0615630320516,61.37965155047884,62.90711822558061,-41.803657838535855
8.66866866866867,545.3209647983294,60.54274148364129,62.90711822558061,-42.003858038736055
8.68868868868869,546.5803665646073,59.70182340478771,62.90711822558061,-42.204058238936256
8.70870870870871,547.8397683308851,58.85689731391812,62.90711822558061,-42.404258439136456
8.72872872872873,549.099170097163,58.007963211032504,62.90711822558061,-42.604458639336656
8.74874874874875,550.3585718634408,57.15502109613087,62.90711822558061,-42.804658839536856
8.76876876876877,551.6179736297187,56.298070969213214,62.90711822558061,-43.004859039737056
8.78878878878879,552.8773753959965,55.43711283027954,62.90711822558061,-43.205059239937256
8.80880880880881,554.1367771622744,54.57214667932984,62.90711822558061,-43.405259440137456
8.82882882882883,555.3961789285522,53.70317251636413,62.90711822558061,-43.605459640337656
8.84884884884885,556.6555806948301,52.83019034138239,62.90711822558061,-43.80565984053786
8.86886886886887,557.9149824611079,51.95320015438464,62.90711822558061,-44.00586004073806
8.88888888888889,559.1743842273858,51.072201955370865,62.90711822558061,-44.20606024093826
8.90890890890891,560.4337859936636,50.18719574434107,62.90711822558061,-44.40626044113846
8.92892892892893,561.6931877599415,49.298181521295255,62.90711822558061,-44.60646064133866
8.94894894894895,562.9525895262193,48.40515928623342,62.90711822558061,-44.80666084153886
8.96896896896897,564.2119912924971,47.50812903915556,62.90711822558061,-45.00686104173906
8.98898898898899,565.471393058775,46.60709078006169,62.90711822558061,-45.20706124193926
9.00900900900901,566.7307948250528,45.70204450895179,62.90711822558061,-45.40726144213946
9.02902902902903,567.9901965913307,44.792990225825875,62.90711822558061,-45.60746164233966
9.04904904904905,569.2495983576085,43.87992793068394,62.90711822558061,-45.80766184253986
9.06906906906907,570.5090001238864,42.962857623525984,62.90711822558061,-46.00786204274006
9.08908908908909,571.7684018901642,42.04177930435201,62.90711822558061,-46.20806224294026
9.10910910910911,573.0278036564421,41.11669297316202,62.90711822558061,-46.40826244314046
9.12912912912913,574.2872054227199,40.187598629956,62.90711822558061,-46.60846264334066
9.14914914914915,575.5466071889978,39.25449627473397,62.90711822558061,-46.80866284354086
9.16916916916917,576.8060089552756,38.31738590749591,62.90711822558061,-47.00886304374106
9.18918918918919,578.0654107215535,37.37626752824183,62.90711822558061,-47.20906324394126
9.20920920920921,579.3248124878313,36.43114113697174,62.90711822558061,-47.40926344414146
9.22922922922923,580.5842142541092,35.48200673368562,62.90711822558061,-47.60946364434166
9.24924924924925,581.843616020387,34.52886431838349,62.90711822558061,-47.80966384454186
9.26926926926927,583.1030177866649,33.571713891065336,62.90711822558061,-48.00986404474206
9.28928928928929,584.3624195529427,32.61055545173116,62.90711822558061,-48.21006424494226
9.30930930930931,585.6218213192205,31.645389000380963,62.90711822558061,-48.41026444514246
9.32932932932933,586.8812230854984,30.676214537014747,62.90711822558061,-48.61046464534266
9.34934934934935,588.1406248517762,29.703032061632513,62.90711822558061,-48.81066484554286
9.36936936936937,589.4000266180541,28.725841574234256,62.90711822558061,-49.01086504574306
9.38938938938939,590.6594283843319,27.74464307481998,62.90711822558061,-49.21106524594326
9.40940940940941,591.9188301506098,26.759436563389684,62.90711822558061,-49.41126544614346
9.42942942942943,593.1782319168876,25.77022203994337,62.90711822558061,-49.61146564634366
9.44944944944945,594.4376336831655,24.776999504481033,62.90711822558061,-49.81166584654386
9.46946946946947,595.6970354494433,23.779768957002677,62.90711822558061,-50.01186604674406
9.48948948948949,596.9564372157212,22.7785303975083,62.90711822558061,-50.21206624694426
9.50950950950951,598.215838981999,21.773283825997908,62.90711822558061,-50.41226644714446
9.52952952952953,599.4752407482769,20.76402924247149,62.90711822558061,-50.61246664734466
9.54954954954955,600.7346425145547,19.750766646929055,62.90711822558061,-50.81266684754486
9.56956956956957,601.9940442808326,18.7334960393706,62.90711822558061,-51.01286704774506
9.58958958958959,603.2534460471104,17.712217419796126,62.90711822558061,-51.21306724794526
9.60960960960961,604.5128478133882,16.68693078820563,62.90711822558061,-51.41326744814546
9.62962962962963,605.7722495796661,15.657636144599113,62.90711822558061,-51.61346764834566
9.64964964964965,607.0316513459439,14.624333488976578,62.90711822558061,-51.81366784854586
9.66966966966967,608.2910531122218,13.587022821338023,62.90711822558061,-52.01386804874606
9.68968968968969,609.5504548784996,12.545704141683448,62.90711822558061,-52.21406824894626
9.70970970970971,610.8098566447775,11.500377450012852,62.90711822558061,-52.41426844914646
9.72972972972973,612.0692584110553,10.451042746326236,62.90711822558061,-52.61446864934666
9.74974974974975,613.3286601773332,9.3977000306236,62.90711822558061,-52.81466884954686
9.76976976976977,614.588061943611,8.340349302904944,62.90711822558061,-53.01486904974706
9.78978978978979,615.8474637098889,7.278990563170268,62.90711822558061,-53.21506924994726
9.80980980980981,617.1068654761667,6.213623811419572,62.90711822558061,-53.41526945014746
9.82982982982983,618.3662672424446,5.144249047652856,62.90711822558061,-53.61546965034766
9.84984984984985,619.6256690087224,4.07086627187012,62.90711822558061,-53.81566985054786
9.86986986986987,620.8850707750003,2.9934754840713635,62.90711822558061,-54.01587005074806
9.88988988988989,622.1444725412781,1.9120766842565875,62.90711822558061,-54.21607025094826
9.90990990990991,623.403874307556,0.8266698724257915,62.90711822558061,-54.41627045114846
9.92992992992993,624.6632760738338,-0.2627449514210245,62.90711822558061,-54.61647065134866
9.94994994994995,625.9226778401116,-1.3561677872838607,62.90711822558061,-54.816670851548864
9.96996996996997,627.1820796063895,-2.4535986351627166,62.90711822558061,-55.016871051749064
9.98998998998999,628.4414813726673,-3.5550374950575927,62.90711822558061,-55.217071251949264
10.01001001001001,629.7008831389452,-4.660484366968489,62.90711822558061,-55.417271452149464
10.03003003003003,630.960284905223,-5.769939250895405,62.90711822558061,-55.617471652349664
10.05005005005005,632.2196866715009,-6.883402146838341,62.90711822558061,-55.817671852549864
10.07007007007007,633.4790884377787,-8.000873054797298,62.90711822558061,-56.017872052750064
10.09009009009009,634.7384902040566,-9.122351974772274,62.90711822558061,-56.218072252950265
10.11011011011011,635.9978919703344,-10.24783890676327,62.90711822558061,-56.418272453150465
10.13013013013013,637.2572937366123,-11.377333850770286,62.90711822558061,-56.618472653350665
10.15015015015015,638.5166955028901,-12.510836806793323,62.90711822558061,-56.818672853550865
10.17017017017017,639.776097269168,-13.648347774832379,62.90711822558061,-57.018873053751065
10.19019019019019,641.0354990354458,-14.789866754887456,62.90711822558061,-57.219073253951265
10.21021021021021,642.2949008017237,-15.935393746958551,62.90711822558061,-57.419273454151465
10.23023023023023,643.5543025680015,-17.084928751045666,62.90711822558061,-57.619473654351665
10.25025025025025,644.8137043342794,-18.238471767148802,62.90711822558061,-57.819673854551866
10.27027027027027,646.0731061005572,-19.39602279526796,62.90711822558061,-58.019874054752066
10.29029029029029,647.332507866835,-20.557581835403138,62.90711822558061,-58.220074254952266
10.31031031031031,648.5919096331129,-21.723148887554334,62.90711822558061,-58.420274455152466
10.33033033033033,649.8513113993907,-22.89272395172155,62.90711822558061,-58.620474655352666
10.35035035035035,651.1107131656686,-24.066307027904788,62.90711822558061,-58.820674855552866
10.37037037037037,652.3701149319464,-25.243898116104045,62.90711822558061,-59.020875055753066
10.39039039039039,653.6295166982243,-26.42549721631932,62.90711822558061,-59.22107525595327
10.41041041041041,654.8889184645021,-27.611104328550617,62.90711822558061,-59.42127545615347
10.43043043043043,656.14832023078,-28.800719452797935,62.90711822558061,-59.62147565635367
10.45045045045045,657.4077219970578,-29.994342589061272,62.90711822558061,-59.82167585655387
10.47047047047047,658.6671237633357,-31.19197373734063,62.90711822558061,-60.02187605675407
10.49049049049049,659.9265255296135,-32.393612897636004,62.90711822558061,-60.22207625695427
10.51051051051051,661.1859272958914,-33.5992600699474,62.90711822558061,-60.42227645715447
10.53053053053053,662.4453290621692,-34.808915254274815,62.90711822558061,-60.62247665735467
10.55055055055055,663.704730828447,-36.022578450618255,62.90711822558061,-60.82267685755487
10.57057057057057,664.9641325947249,-37.24024965897771,62.90711822558061,-61.02287705775507
10.59059059059059,666.2235343610027,-38.46192887935319,62.90711822558061,-61.22307725795527
10.61061061061061,667.4829361272806,-39.68761611174469,62.90711822558061,-61.42327745815547
10.63063063063063,668.7423378935584,-40.917311356152204,62.90711822558061,-61.62347765835567
10.65065065065065,670.0017396598363,-42.15101461257574,62.90711822558061,-61.82367785855587
10.67067067067067,671.2611414261141,-43.3887258810153,62.90711822558061,-62.02387805875607
10.690690690690692,672.520543192392,-44.630445161470874,62.90711822558061,-62.22407825895627
10.71071071071071,673.7799449586698,-45.87617245394247,62.90711822558061,-62.42427845915647
10.73073073073073,675.0393467249477,-47.12590775843009,62.90711822558061,-62.62447865935667
10.75075075075075,676.2987484912255,-48.379651074933726,62.90711822558061,-62.82467885955687
10.77077077077077,677.5581502575034,-49.637402403453386,62.90711822558061,-63.02487905975707
10.790790790790792,678.8175520237812,-50.89916174398906,62.90711822558061,-63.22507925995727
10.81081081081081,680.0769537900591,-52.16492909654076,62.90711822558061,-63.42527946015747
10.83083083083083,681.3363555563369,-53.434704461108474,62.90711822558061,-63.62547966035767
10.85085085085085,682.5957573226148,-54.70848783769221,62.90711822558061,-63.82567986055787
10.87087087087087,683.8551590888926,-55.98627922629197,62.90711822558061,-64.02588006075807
10.890890890890892,685.1145608551705,-57.268078626907744,62.90711822558061,-64.22608026095827
10.91091091091091,686.3739626214483,-58.55388603953954,62.90711822558061,-64.42628046115847
10.93093093093093,687.6333643877261,-59.84370146418736,62.90711822558061,-64.62648066135867
10.95095095095095,688.892766154004,-61.1375249008512,62.90711822558061,-64.82668086155887
10.97097097097097,690.1521679202818,-62.435356349531055,62.90711822558061,-65.02688106175907
10.990990990990992,691.4115696865597,-63.737195810226936,62.90711822558061,-65.22708126195927
11.01101101101101,692.6709714528375,-65.04304328293884,62.90711822558061,-65.42728146215947
11.03103103103103,693.9303732191154,-66.35289876766676,62.90711822558061,-65.62748166235967
11.05105105105105,695.1897749853932,-67.66676226441069,62.90711822558061,-65.82768186255987
11.07107107107107,696.4491767516711,-68.98463377317066,62.90711822558061,-66.02788206276007
11.091091091091092,697.7085785179489,-70.30651329394664,62.90711822558061,-66.22808226296027
11.11111111111111,698.9679802842268,-71.63240082673863,62.90711822558061,-66.42828246316047
11.13113113113113,700.2273820505046,-72.96229637154664,62.90711822558061,-66.62848266336067
11.15115115115115,701.4867838167825,-74.29619992837068,62.90711822558061,-66.82868286356087
11.17117117117117,702.7461855830603,-75.63411149721074,62.90711822558061,-67.02888306376107
11.191191191191193,704.0055873493382,-76.97603107806681,62.90711822558061,-67.22908326396127
11.21121121121121,705.264989115616,-78.32195867093891,62.90711822558061,-67.42928346416147
11.23123123123123,706.5243908818939,-79.67189427582703,62.90711822558061,-67.62948366436167
11.25125125125125,707.7837926481717,-81.02583789273116,62.90711822558061,-67.82968386456187
11.27127127127127,709.0431944144495,-82.38378952165132,62.90711822558061,-68.02988406476207
11.291291291291293,710.3025961807274,-83.7457491625875,62.90711822558061,-68.23008426496227
11.31131131131131,711.5619979470052,-85.1117168155397,62.90711822558061,-68.43028446516247
11.33133133133133,712.8213997132831,-86.48169248050792,62.90711822558061,-68.63048466536267
11.35135135135135,714.0808014795609,-87.85567615749216,62.90711822558061,-68.83068486556287
11.37137137137137,715.3402032458388,-89.23366784649241,62.90711822558061,-69.03088506576307
11.391391391391393,716.5996050121166,-90.61566754750869,62.90711822558061,-69.23108526596327
11.411411411411411,717.8590067783945,-92.00167526054099,62.90711822558061,-69.43128546616347
11.431431431431431,719.1184085446723,-93.3916909855893,62.90711822558061,-69.63148566636367
11.451451451451451,720.3778103109502,-94.78571472265365,62.90711822558061,-69.83168586656387
11.471471471471471,721.637212077228,-96.18374647173401,62.90711822558061,-70.03188606676407
11.491491491491493,722.8966138435059,-97.58578623283039,62.90711822558061,-70.23208626696427
11.511511511511511,724.1560156097837,-98.99183400594278,62.90711822558061,-70.43228646716447
11.531531531531531,725.4154173760616,-100.4018897910712,62.90711822558061,-70.63248666736467
11.551551551551551,726.6748191423394,-101.81595358821563,62.90711822558061,-70.83268686756487
11.571571571571571,727.9342209086172,-103.23402539737609,62.90711822558061,-71.03288706776507
11.591591591591593,729.1936226748951,-104.65610521855257,62.90711822558061,-71.23308726796527
11.611611611611611,730.4530244411729,-106.08219305174507,62.90711822558061,-71.43328746816547
11.631631631631631,731.7124262074508,-107.51228889695358,62.90711822558061,-71.63348766836567
11.651651651651651,732.9718279737286,-108.94639275417812,62.90711822558061,-71.83368786856587
11.671671671671671,734.2312297400065,-110.38450462341868,62.90711822558061,-72.03388806876607
11.691691691691693,735.4906315062843,-111.82662450467525,62.90711822558061,-72.23408826896627
11.711711711711711,736.7500332725622,-113.27275239794785,62.90711822558061,-72.43428846916648
11.731731731731731,738.00943503884,-114.72288830323647,62.90711822558061,-72.63448866936668
11.751751751751751,739.2688368051179,-116.17703222054111,62.90711822558061,-72.83468886956688
11.771771771771771,740.5282385713957,-117.63518414986177,62.90711822558061,-73.03488906976708
11.791791791791793,741.7876403376736,-119.09734409119845,62.90711822558061,-73.23508926996728
11.811811811811811,743.0470421039514,-120.56351204455115,62.90711822558061,-73.43528947016748
11.831831831831831,744.3064438702293,-122.03368800991987,62.90711822558061,-73.63548967036768
11.851851851851851,745.5658456365071,-123.50787198730461,62.90711822558061,-73.83568987056788
11.871871871871871,746.825247402785,-124.98606397670537,62.90711822558061,-74.03589007076808
11.891891891891893,748.0846491690628,-126.46826397812214,62.90711822558061,-74.23609027096828
11.911911911911911,749.3440509353406,-127.95447199155494,62.90711822558061,-74.43629047116848
11.931931931931931,750.6034527016185,-129.44468801700376,62.90711822558061,-74.63649067136868
11.951951951951951,751.8628544678963,-130.9389120544686,62.90711822558061,-74.83669087156888
11.971971971971973,753.1222562341742,-132.43714410394946,62.90711822558061,-75.03689107176908
11.991991991991993,754.381658000452,-133.93938416544634,62.90711822558061,-75.23709127196928
12.012012012012011,755.6410597667299,-135.44563223895923,62.90711822558061,-75.43729147216948
12.032032032032031,756.9004615330077,-136.95588832448814,62.90711822558061,-75.63749167236968
12.052052052052051,758.1598632992856,-138.4701524220331,62.90711822558061,-75.83769187256988
12.072072072072073,759.4192650655634,-139.98842453159406,62.90711822558061,-76.03789207277008
12.092092092092093,760.6786668318413,-141.51070465317105,62.90711822558061,-76.23809227297028
12.112112112112111,761.9380685981191,-143.03699278676405,62.90711822558061,-76.43829247317048
12.132132132132131,763.197470364397,-144.56728893237306,62.90711822558061,-76.63849267337068
12.152152152152151,764.4568721306748,-146.1015930899981,62.90711822558061,-76.83869287357088
12.172172172172173,765.7162738969527,-147.63990525963914,62.90711822558061,-77.03889307377108
12.192192192192193,766.9756756632305,-149.18222544129623,62.90711822558061,-77.23909327397128
12.212212212212211,768.2350774295084,-150.72855363496933,62.90711822558061,-77.43929347417148
12.232232232232231,769.4944791957862,-152.27888984065845,62.90711822558061,-77.63949367437168
12.252252252252251,770.753880962064,-153.8332340583636,62.90711822558061,-77.83969387457188
12.272272272272273,772.0132827283419,-155.39158628808474,62.90711822558061,-78.03989407477208
12.292292292292293,773.2726844946197,-156.9539465298219,62.90711822558061,-78.24009427497228
12.312312312312311,774.5320862608976,-158.52031478357512,62.90711822558061,-78.44029447517248
12.332332332332332,775.7914880271754,-160.09069104934434,62.90711822558061,-78.64049467537268
12.352352352352352,777.0508897934533,-161.66507532712959,62.90711822558061,-78.84069487557288
12.372372372372373,778.3102915597311,-163.24346761693084,62.90711822558061,-79.04089507577308
12.392392392392393,779.569693326009,-164.82586791874812,62.90711822558061,-79.24109527597328
12.412412412412412,780.8290950922868,-166.4122762325814,62.90711822558061,-79.44129547617348
12.432432432432432,782.0884968585647,-168.00269255843074,62.90711822558061,-79.64149567637368
12.452452452452452,783.3478986248425,-169.5971168962961,62.90711822558061,-79.84169587657388
12.472472472472473,784.6073003911204,-171.19554924617745,62.90711822558061,-80.04189607677408
12.492492492492493,785.8667021573982,-172.79798960807483,62.90711822558061,-80.24209627697428
12.512512512512512,787.126103923676,-174.40443798198822,62.90711822558061,-80.44229647717448
12.532532532532532,788.3855056899539,-176.01489436791763,62.90711822558061,-80.64249667737468
12.552552552552552,789.6449074562317,-177.62935876586306,62.90711822558061,-80.84269687757488
12.572572572572573,790.9043092225096,-179.24783117582453,62.90711822558061,-81.04289707777508
12.592592592592593,792.1637109887874,-180.87031159780202,62.90711822558061,-81.24309727797528
12.612612612612612,793.4231127550653,-182.49680003179552,62.90711822558061,-81.44329747817548
12.632632632632632,794.6825145213431,-184.12729647780503,62.90711822558061,-81.64349767837568
12.652652652652652,795.941916287621,-185.76180093583056,62.90711822558061,-81.84369787857588
12.672672672672673,797.2013180538988,-187.4003134058721,62.90711822558061,-82.04389807877608
12.692692692692694,798.4607198201767,-189.0428338879297,62.90711822558061,-82.24409827897628
12.712712712712712,799.7201215864545,-190.6893623820033,62.90711822558061,-82.44429847917648
12.732732732732732,800.9795233527324,-192.33989888809293,62.90711822558061,-82.64449867937668
12.752752752752752,802.2389251190102,-193.99444340619857,62.90711822558061,-82.84469887957688
12.772772772772774,803.4983268852881,-195.65299593632022,62.90711822558061,-83.04489907977708
12.792792792792794,804.7577286515659,-197.3155564784579,62.90711822558061,-83.24509927997728
12.812812812812812,806.0171304178438,-198.9821250326116,62.90711822558061,-83.44529948017748
12.832832832832832,807.2765321841216,-200.65270159878133,62.90711822558061,-83.64549968037768
12.852852852852852,808.5359339503995,-202.32728617696708,62.90711822558061,-83.84569988057788
12.872872872872874,809.7953357166773,-204.00587876716884,62.90711822558061,-84.04590008077808
12.892892892892894,811.0547374829551,-205.6884793693866,62.90711822558061,-84.24610028097828
12.912912912912912,812.314139249233,-207.3750879836204,62.90711822558061,-84.44630048117848
12.932932932932932,813.5735410155108,-209.0657046098702,62.90711822558061,-84.64650068137868
12.952952952952952,814.8329427817887,-210.76032924813606,62.90711822558061,-84.84670088157888
12.972972972972974,816.0923445480665,-212.45896189841793,62.90711822558061,-85.04690108177908
12.992992992992994,817.3517463143444,-214.1616025607158,62.90711822558061,-85.24710128197928
13.013013013013012,818.6111480806222,-215.8682512350297,62.90711822558061,-85.44730148217948
13.033033033033032,819.8705498469001,-217.57890792135962,62.90711822558061,-85.64750168237968
13.053053053053052,821.1299516131779,-219.29357261970554,62.90711822558061,-85.84770188257988
13.073073073073074,822.3893533794558,-221.01224533006751,62.90711822558061,-86.04790208278008
13.093093093093094,823.6487551457336,-222.7349260524455,62.90711822558061,-86.24810228298028
13.113113113113112,824.9081569120115,-224.4616147868395,62.90711822558061,-86.44830248318048
13.133133133133132,826.1675586782893,-226.19231153324952,62.90711822558061,-86.64850268338068
13.153153153153154,827.4269604445672,-227.92701629167556,62.90711822558061,-86.84870288358088
13.173173173173174,828.686362210845,-229.6657290621176,62.90711822558061,-87.04890308378108
13.193193193193194,829.9457639771229,-231.4084498445757,62.90711822558061,-87.24910328398128
13.213213213213212,831.2051657434007,-233.1551786390498,62.90711822558061,-87.44930348418148
13.233233233233232,832.4645675096785,-234.90591544553993,62.90711822558061,-87.64950368438168
13.253253253253254,833.7239692759564,-236.66066026404607,62.90711822558061,-87.84970388458188
13.273273273273274,834.9833710422342,-238.41941309456823,62.90711822558061,-88.04990408478209
13.293293293293294,836.2427728085121,-240.1821739371064,62.90711822558061,-88.25010428498229
13.313313313313312,837.5021745747899,-241.94894279166058,62.90711822558061,-88.45030448518249
13.333333333333332,838.7615763410678,-243.71971965823082,62.90711822558061,-88.65050468538269
13.353353353353354,840.0209781073456,-245.49450453681706,62.90711822558061,-88.85070488558289
13.373373373373374,841.2803798736235,-247.27329742741932,62.90711822558061,-89.05090508578309
13.393393393393394,842.5397816399013,-249.0560983300376,62.90711822558061,-89.25110528598329
13.413413413413412,843.7991834061792,-250.8429072446719,62.90711822558061,-89.45130548618349
13.433433433433432,845.058585172457,-252.6337241713222,62.90711822558061,-89.65150568638369
13.453453453453454,846.3179869387349,-254.42854910998855,62.90711822558061,-89.85170588658389
13.473473473473474,847.5773887050127,-256.2273820606709,62.90711822558061,-90.05190608678409
13.493493493493494,848.8367904712906,-258.0302230233693,62.90711822558061,-90.25210628698429
13.513513513513512,850.0961922375684,-259.8370719980837,62.90711822558061,-90.45230648718449
13.533533533533532,851.3555940038462,-261.6479289848141,62.90711822558061,-90.65250668738469
13.553553553553554,852.6149957701241,-263.4627939835605,62.90711822558061,-90.85270688758489
13.573573573573574,853.874397536402,-265.28166699432296,62.90711822558061,-91.05290708778509
13.593593593593594,855.1337993026798,-267.1045480171014,62.90711822558061,-91.25310728798529
13.613613613613612,856.3932010689576,-268.9314370518959,62.90711822558061,-91.45330748818549
13.633633633633632,857.6526028352355,-270.76233409870645,62.90711822558061,-91.65350768838569
13.653653653653654,858.9120046015133,-272.597239157533,62.90711822558061,-91.85370788858589
13.673673673673674,860.1714063677912,-274.4361522283756,62.90711822558061,-92.05390808878609
13.693693693693694,861.430808134069,-276.2790733112342,62.90711822558061,-92.25410828898629
13.713713713713712,862.6902099003469,-278.1260024061088,62.90711822558061,-92.45430848918649
13.733733733733732,863.9496116666247,-279.9769395129994,62.90711822558061,-92.65450868938669
13.753753753753754,865.2090134329026,-281.83188463190606,62.90711822558061,-92.85470888958689
13.773773773773774,866.4684151991804,-283.6908377628287,62.90711822558061,-93.05490908978709
13.793793793793794,867.7278169654583,-285.5537989057674,62.90711822558061,-93.25510928998729
13.813813813813812,868.9872187317361,-287.4207680607221,62.90711822558061,-93.45530949018749
13.833833833833832,870.246620498014,-289.2917452276928,62.90711822558061,-93.65550969038769
13.853853853853854,871.5060222642918,-291.1667304066795,62.90711822558061,-93.85570989058789
13.873873873873874,872.7654240305696,-293.04572359768224,62.90711822558061,-94.05591009078809
13.893893893893894,874.0248257968475,-294.92872480070105,62.90711822558061,-94.25611029098829
13.913913913913913,875.2842275631253,-296.81573401573587,62.90711822558061,-94.45631049118849
13.933933933933933,876.5436293294032,-298.7067512427867,62.90711822558061,-94.65651069138869
13.953953953953954,877.803031095681,-300.60177648185356,62.90711822558061,-94.85671089158889
13.973973973973974,879.0624328619589,-302.50080973293643,62.90711822558061,-95.05691109178909
13.993993993993994,880.3218346282367,-304.4038509960353,62.90711822558061,-95.25711129198929
14.014014014014013,881.5812363945146,-306.3109002711502,62.90711822558061,-95.45731149218949
14.034034034034033,882.8406381607924,-308.22195755828113,62.90711822558061,-95.65751169238969
14.054054054054054,884.1000399270703,-310.13702285742806,62.90711822558061,-95.85771189258989
14.074074074074074,885.3594416933481,-312.056096168591,62.90711822558061,-96.05791209279009
14.094094094094094,886.618843459626,-313.97917749177,62.90711822558061,-96.25811229299029
14.114114114114113,887.8782452259038,-315.90626682696495,62.90711822558061,-96.45831249319049
14.134134134134133,889.1376469921817,-317.83736417417595,62.90711822558061,-96.65851269339069
14.154154154154154,890.3970487584595,-319.772469533403,62.90711822558061,-96.85871289359089
14.174174174174174,891.6564505247374,-321.7115829046461,62.90711822558061,-97.05891309379109
14.194194194194194,892.9158522910152,-323.6547042879052,62.90711822558061,-97.25911329399129
14.214214214214213,894.175254057293,-325.6018336831803,62.90711822558061,-97.45931349419149
14.234234234234233,895.4346558235709,-327.55297109047143,62.90711822558061,-97.65951369439169
14.254254254254255,896.6940575898487,-329.5081165097786,62.90711822558061,-97.85971389459189
14.274274274274275,897.9534593561266,-331.46726994110173,62.90711822558061,-98.05991409479209
14.294294294294295,899.2128611224044,-333.4304313844409,62.90711822558061,-98.26011429499229
14.314314314314313,900.4722628886823,-335.3976008397961,62.90711822558061,-98.46031449519249
14.334334334334333,901.7316646549601,-337.3687783071673,62.90711822558061,-98.66051469539269
14.354354354354355,902.991066421238,-339.3439637865545,62.90711822558061,-98.86071489559289
14.374374374374375,904.2504681875158,-341.32315727795776,62.90711822558061,-99.06091509579309
14.394394394394395,905.5098699537937,-343.30635878137707,62.90711822558061,-99.26111529599329
14.414414414414413,906.7692717200715,-345.2935682968124,62.90711822558061,-99.46131549619349
14.434434434434436,908.0286734863494,-347.28478582426374,62.90711822558061,-99.66151569639369
14.454454454454455,909.2880752526272,-349.2800113637311,62.90711822558061,-99.86171589659389
14.474474474474475,910.547477018905,-351.27924491521446,62.90711822558061,-100.06191609679409
14.494494494494495,911.8068787851829,-353.28248647871385,62.90711822558061,-100.2621162969943
14.514514514514513,913.0662805514607,-355.28973605422925,62.90711822558061,-100.4623164971945
14.534534534534536,914.3256823177386,-357.30099364176067,62.90711822558061,-100.6625166973947
14.554554554554555,915.5850840840164,-359.3162592413081,62.90711822558061,-100.8627168975949
14.574574574574575,916.8444858502943,-361.33553285287155,62.90711822558061,-101.0629170977951
14.594594594594595,918.1038876165721,-363.358814476451,62.90711822558061,-101.2631172979953
14.614614614614613,919.36328938285,-365.3861041120465,62.90711822558061,-101.4633174981955
14.634634634634637,920.6226911491278,-367.417401759658,62.90711822558061,-101.6635176983957
14.654654654654655,921.8820929154057,-369.45270741928556,62.90711822558061,-101.8637178985959
14.674674674674675,923.1414946816835,-371.49202109092914,62.90711822558061,-102.0639180987961
14.694694694694695,924.4008964479614,-373.53534277458874,62.90711822558061,-102.2641182989963
14.714714714714713,925.6602982142392,-375.58267247026436,62.90711822558061,-102.4643184991965
14.734734734734737,926.9196999805171,-377.634010177956,62.90711822558061,-102.6645186993967
14.754754754754755,928.1791017467949,-379.68935589766363,62.90711822558061,-102.8647188995969
14.774774774774775,929.4385035130728,-381.7487096293873,62.90711822558061,-103.0649190997971
14.794794794794795,930.6979052793506,-383.81207137312697,62.90711822558061,-103.2651192999973
14.814814814814813,931.9573070456285,-385.87944112888266,62.90711822558061,-103.4653195001975
14.834834834834837,933.2167088119063,-387.95081889665437,62.90711822558061,-103.6655197003977
14.854854854854855,934.4761105781841,-390.0262046764421,62.90711822558061,-103.8657199005979
14.874874874874875,935.735512344462,-392.10559846824583,62.90711822558061,-104.0659201007981
14.894894894894895,936.9949141107398,-394.1890002720656,62.90711822558061,-104.2661203009983
14.914914914914913,938.2543158770177,-396.2764100879014,62.90711822558061,-104.4663205011985
14.934934934934937,939.5137176432955,-398.36782791575325,62.90711822558061,-104.6665207013987
14.954954954954955,940.7731194095734,-400.4632537556211,62.90711822558061,-104.8667209015989
14.974974974974975,942.0325211758512,-402.562687607505,62.90711822558061,-105.0669211017991
14.994994994994995,943.2919229421291,-404.6661294714049,62.90711822558061,-105.2671213019993
15.015015015015013,944.5513247084069,-406.7735793473208,62.90711822558061,-105.4673215021995
15.035035035035037,945.8107264746848,-408.8850372352527,62.90711822558061,-105.6675217023997
15.055055055055055,947.0701282409626,-411.00050313520063,62.90711822558061,-105.8677219025999
15.075075075075075,948.3295300072405,-413.1199770471646,62.90711822558061,-106.0679221028001
15.095095095095095,949.5889317735183,-415.24345897114455,62.90711822558061,-106.2681223030003
15.115115115115113,950.8483335397962,-417.37094890714053,62.90711822558061,-106.4683225032005
15.135135135135137,952.107735306074,-419.5024468551525,62.90711822558061,-106.6685227034007
15.155155155155155,953.3671370723519,-421.6379528151806,62.90711822558061,-106.8687229036009
15.175175175175175,954.6265388386297,-423.7774667872247,62.90711822558061,-107.0689231038011
15.195195195195195,955.8859406049075,-425.9209887712848,62.90711822558061,-107.2691233040013
15.215215215215213,957.1453423711854,-428.0685187673609,62.90711822558061,-107.4693235042015
15.235235235235237,958.4047441374632,-430.22005677545303,62.90711822558061,-107.6695237044017
15.255255255255255,959.6641459037411,-432.3756027955612,62.90711822558061,-107.8697239046019
15.275275275275275,960.9235476700189,-434.53515682768534,62.90711822558061,-108.0699241048021
15.295295295295295,962.1829494362968,-436.6987188718255,62.90711822558061,-108.2701243050023
15.315315315315313,963.4423512025746,-438.8662889279817,62.90711822558061,-108.4703245052025
15.335335335335337,964.7017529688525,-441.0378669961539,62.90711822558061,-108.6705247054027
15.355355355355355,965.9611547351303,-443.21345307634215,62.90711822558061,-108.8707249056029
15.375375375375375,967.2205565014082,-445.3930471685464,62.90711822558061,-109.0709251058031
15.395395395395395,968.479958267686,-447.57664927276664,62.90711822558061,-109.2711253060033
15.415415415415413,969.7393600339639,-449.764259389003,62.90711822558061,-109.4713255062035
15.435435435435437,970.9987618002417,-451.9558775172553,62.90711822558061,-109.6715257064037
15.455455455455455,972.2581635665196,-454.1515036575237,62.90711822558061,-109.8717259066039
15.475475475475475,973.5175653327974,-456.35113780980805,62.90711822558061,-110.0719261068041
15.495495495495495,974.7769670990753,-458.55477997410844,62.90711822558061,-110.2721263070043
15.515515515515514,976.0363688653531,-460.76243015042485,62.90711822558061,-110.4723265072045
15.535535535535537,977.295770631631,-462.97408833875727,62.90711822558061,-110.6725267074047
15.555555555555555,978.5551723979088,-465.1897545391057,62.90711822558061,-110.8727269076049
15.575575575575575,979.8145741641866,-467.40942875147016,62.90711822558061,-111.0729271078051
15.595595595595595,981.0739759304645,-469.6331109758506,62.90711822558061,-111.2731273080053
15.615615615615614,982.3333776967423,-471.8608012122471,62.90711822558061,-111.4733275082055
15.635635635635637,983.5927794630202,-474.0924994606596,62.90711822558061,-111.6735277084057
15.655655655655655,984.852181229298,-476.3282057210881,62.90711822558061,-111.8737279086059
15.675675675675675,986.1115829955759,-478.5679199935327,62.90711822558061,-112.0739281088061
15.695695695695695,987.3709847618537,-480.8116422779933,62.90711822558061,-112.2741283090063
15.715715715715717,988.6303865281316,-483.05937257446993,62.90711822558061,-112.4743285092065
15.735735735735737,989.8897882944094,-485.31111088296257,62.90711822558061,-112.6745287094067
15.755755755755755,991.1491900606873,-487.5668572034712,62.90711822558061,-112.8747289096069
15.775775775775776,992.4085918269651,-489.8266115359959,62.90711822558061,-113.0749291098071
15.795795795795796,993.667993593243,-492.09037388053656,62.90711822558061,-113.2751293100073
15.815815815815817,994.9273953595208,-494.35814423709326,62.90711822558061,-113.4753295102075
15.835835835835837,996.1867971257986,-496.62992260566597,62.90711822558061,-113.6755297104077
15.855855855855856,997.4461988920765,-498.9057089862547,62.90711822558061,-113.8757299106079
15.875875875875876,998.7056006583543,-501.18550337885944,62.90711822558061,-114.0759301108081
15.895895895895896,999.9650024246322,-503.4693057834802,62.90711822558061,-114.2761303110083
15.915915915915917,1001.22440419091,-505.757116200117,62.90711822558061,-114.4763305112085
15.935935935935937,1002.4838059571879,-508.04893462876987,62.90711822558061,-114.6765307114087
15.955955955955956,1003.7432077234657,-510.34476106943873,62.90711822558061,-114.8767309116089
15.975975975975976,1005.0026094897436,-512.6445955221236,62.90711822558061,-115.0769311118091
15.995995995995996,1006.2620112560214,-514.9484379868245,62.90711822558061,-115.2771313120093
16.016016016016017,1007.5214130222993,-517.2562884635414,62.90711822558061,-115.4773315122095
16.036036036036037,1008.7808147885771,-519.5681469522743,62.90711822558061,-115.6775317124097
16.056056056056057,1010.040216554855,-521.8840134530233,62.90711822558061,-115.8777319126099
16.076076076076077,1011.2996183211328,-524.2038879657882,62.90711822558061,-116.0779321128101
16.096096096096094,1012.5590200874107,-526.5277704905692,62.90711822558061,-116.2781323130103
16.116116116116117,1013.8184218536885,-528.8556610273662,62.90711822558061,-116.4783325132105
16.136136136136138,1015.0778236199664,-531.1875595761792,62.90711822558061,-116.6785327134107
16.156156156156158,1016.3372253862442,-533.5234661370082,62.90711822558061,-116.8787329136109
16.176176176176178,1017.596627152522,-535.8633807098532,62.90711822558061,-117.0789331138111
16.196196196196194,1018.8560289187999,-538.2073032947143,62.90711822558061,-117.2791333140113
16.216216216216218,1020.1154306850777,-540.5552338915913,62.90711822558061,-117.4793335142115
16.236236236236238,1021.3748324513556,-542.9071725004844,62.90711822558061,-117.6795337144117
16.256256256256258,1022.6342342176334,-545.2631191213935,62.90711822558061,-117.8797339146119
16.276276276276278,1023.8936359839113,-547.6230737543186,62.90711822558061,-118.0799341148121
16.296296296296294,1025.1530377501892,-549.9870363992599,62.90711822558061,-118.2801343150123
16.316316316316318,1026.4124395164672,-552.3550070562171,62.90711822558061,-118.4803345152125
16.336336336336338,1027.6718412827452,-554.7269857251904,62.90711822558061,-118.6805347154127
16.356356356356358,1028.9312430490231,-557.1029724061797,62.90711822558061,-118.8807349156129
16.376376376376378,1030.190644815301,-559.482967099185,62.90711822558061,-119.0809351158131
16.396396396396394,1031.450046581579,-561.8669698042063,62.90711822558061,-119.2811353160133
16.416416416416418,1032.709448347857,-564.2549805212436,62.90711822558061,-119.4813355162135
16.436436436436438,1033.968850114135,-566.646999250297,62.90711822558061,-119.6815357164137
16.456456456456458,1035.228251880413,-569.0430259913663,62.90711822558061,-119.8817359166139
16.476476476476478,1036.487653646691,-571.4430607444517,62.90711822558061,-120.0819361168141
16.496496496496494,1037.7470554129688,-573.8471035095531,62.90711822558061,-120.2821363170143
16.516516516516518,1039.0064571792468,-576.2551542866705,62.90711822558061,-120.4823365172145
16.536536536536538,1040.2658589455248,-578.6672130758039,62.90711822558061,-120.6825367174147
16.556556556556558,1041.5252607118027,-581.0832798769534,62.90711822558061,-120.8827369176149
16.576576576576578,1042.7846624780807,-583.5033546901188,62.90711822558061,-121.0829371178151
16.596596596596594,1044.0440642443587,-585.9274375153003,62.90711822558061,-121.2831373180153
16.616616616616618,1045.3034660106366,-588.3555283524978,62.90711822558061,-121.4833375182155
16.636636636636638,1046.5628677769146,-590.7876272017113,62.90711822558061,-121.6835377184157
16.656656656656658,1047.8222695431925,-593.2237340629408,62.90711822558061,-121.8837379186159
16.676676676676678,1049.0816713094705,-595.6638489361864,62.90711822558061,-122.0839381188161
16.696696696696694,1050.3410730757485,-598.1079718214479,62.90711822558061,-122.28413831901631
16.716716716716718,1051.6004748420264,-600.5561027187255,62.90711822558061,-122.48433851921651
16.736736736736738,1052.8598766083044,-603.008241628019,62.90711822558061,-122.68453871941671
16.756756756756758,1054.1192783745823,-605.4643885493286,62.90711822558061,-122.88473891961691
16.776776776776778,1055.3786801408603,-607.9245434826543,62.90711822558061,-123.08493911981711
16.796796796796794,1056.6380819071383,-610.3887064279959,62.90711822558061,-123.28513932001731
16.816816816816818,1057.8974836734162,-612.8568773853536,62.90711822558061,-123.48533952021751
16.836836836836838,1059.1568854396942,-615.3290563547274,62.90711822558061,-123.68553972041771
16.856856856856858,1060.4162872059721,-617.8052433361172,62.90711822558061,-123.88573992061791
16.876876876876878,1061.67568897225,-620.285438329523,62.90711822558061,-124.08594012081811
16.896896896896898,1062.935090738528,-622.7696413349448,62.90711822558061,-124.28614032101831
16.916916916916918,1064.194492504806,-625.2578523523827,62.90711822558061,-124.48634052121851
16.936936936936938,1065.453894271084,-627.7500713818365,62.90711822558061,-124.68654072141871
16.956956956956958,1066.713296037362,-630.2462984233064,62.90711822558061,-124.88674092161891
16.976976976976978,1067.97269780364,-632.7465334767923,62.90711822558061,-125.08694112181911
16.996996996996998,1069.2320995699179,-635.2507765422941,62.90711822558061,-125.28714132201931
17.017017017017018,1070.4915013361958,-637.7590276198121,62.90711822558061,-125.48734152221951
17.037037037037038,1071.7509031024738,-640.271286709346,62.90711822558061,-125.68754172241971
17.057057057057058,1073.0103048687517,-642.7875538108959,62.90711822558061,-125.88774192261991
17.077077077077078,1074.2697066350297,-645.3078289244619,62.90711822558061,-126.08794212282011
17.097097097097098,1075.5291084013077,-647.8321120500439,62.90711822558061,-126.28814232302031
17.117117117117118,1076.7885101675856,-650.3604031876419,62.90711822558061,-126.48834252322051
17.137137137137138,1078.0479119338636,-652.8927023372559,62.90711822558061,-126.68854272342071
17.157157157157158,1079.3073137001415,-655.4290094988859,62.90711822558061,-126.88874292362091
17.177177177177178,1080.5667154664195,-657.9693246725319,62.90711822558061,-127.08894312382111
17.197197197197198,1081.8261172326975,-660.513647858194,62.90711822558061,-127.28914332402131
17.217217217217218,1083.0855189989754,-663.061979055872,62.90711822558061,-127.48934352422151
17.237237237237238,1084.3449207652534,-665.6143182655661,62.90711822558061,-127.68954372442171
17.25725725725726,1085.6043225315314,-668.1706654872762,62.90711822558061,-127.88974392462191
17.27727727727728,1086.8637242978093,-670.7310207210023,62.90711822558061,-128.08994412482213
17.2972972972973,1088.1231260640873,-673.2953839667445,62.90711822558061,-128.29014432502234
17.31731731731732,1089.3825278303652,-675.8637552245027,62.90711822558061,-128.49034452522255
17.33733733733734,1090.6419295966432,-678.436134494277,62.90711822558061,-128.69054472542277
17.35735735735736,1091.9013313629212,-681.0125217760673,62.90711822558061,-128.89074492562298
17.37737737737738,1093.1607331291991,-683.5929170698736,62.90711822558061,-129.0909451258232
17.3973973973974,1094.420134895477,-686.1773203756959,62.90711822558061,-129.2911453260234
17.41741741741742,1095.679536661755,-688.7657316935342,62.90711822558061,-129.49134552622363
17.43743743743744,1096.938938428033,-691.3581510233886,62.90711822558061,-129.69154572642384
17.45745745745746,1098.198340194311,-693.954578365259,62.90711822558061,-129.89174592662405
17.47747747747748,1099.457741960589,-696.5550137191453,62.90711822558061,-130.09194612682427
17.4974974974975,1100.7171437268669,-699.1594570850477,62.90711822558061,-130.29214632702448
17.51751751751752,1101.9765454931448,-701.7679084629661,62.90711822558061,-130.4923465272247
17.53753753753754,1103.2359472594228,-704.3803678529006,62.90711822558061,-130.6925467274249
17.55755755755756,1104.4953490257008,-706.996835254851,62.90711822558061,-130.89274692762513
17.57757757757758,1105.7547507919787,-709.6173106688175,62.90711822558061,-131.09294712782534
17.5975975975976,1107.0141525582567,-712.2417940948,62.90711822558061,-131.29314732802555
17.61761761761762,1108.2735543245346,-714.8702855327984,62.90711822558061,-131.49334752822577
17.63763763763764,1109.5329560908126,-717.502784982813,62.90711822558061,-131.69354772842598
17.65765765765766,1110.7923578570906,-720.1392924448435,62.90711822558061,-131.8937479286262
17.67767767767768,1112.0517596233685,-722.77980791889,62.90711822558061,-132.0939481288264
17.6976976976977,1113.3111613896465,-725.4243314049526,62.90711822558061,-132.29414832902663
17.71771771771772,1114.5705631559244,-728.0728629030311,62.90711822558061,-132.49434852922684
17.73773773773774,1115.8299649222024,-730.7254024131257,62.90711822558061,-132.69454872942705
17.75775775775776,1117.0893666884804,-733.3819499352363,62.90711822558061,-132.89474892962727
17.77777777777778,1118.3487684547583,-736.042505469363,62.90711822558061,-133.09494912982748
17.7977977977978,1119.6081702210363,-738.7070690155058,62.90711822558061,-133.2951493300277
17.81781781781782,1120.8675719873142,-741.3756405736646,62.90711822558061,-133.4953495302279
17.83783783783784,1122.1269737535922,-744.0482201438393,62.90711822558061,-133.69554973042813
17.85785785785786,1123.3863755198702,-746.7248077260301,62.90711822558061,-133.89574993062834
17.87787787787788,1124.6457772861481,-749.4054033202369,62.90711822558061,-134.09595013082856
17.8978978978979,1125.905179052426,-752.0900069264598,62.90711822558061,-134.29615033102877
17.91791791791792,1127.164580818704,-754.7786185446986,62.90711822558061,-134.49635053122898
17.93793793793794,1128.423982584982,-757.4712381749534,62.90711822558061,-134.6965507314292
17.95795795795796,1129.68338435126,-760.1678658172243,62.90711822558061,-134.8967509316294
17.97797797797798,1130.942786117538,-762.8685014715112,62.90711822558061,-135.09695113182963
17.997997997998,1132.202187883816,-765.5731451378141,62.90711822558061,-135.29715133202984
18.01801801801802,1133.4615896500939,-768.281796816133,62.90711822558061,-135.49735153223006
18.03803803803804,1134.7209914163718,-770.9944565064679,62.90711822558061,-135.69755173243027
18.05805805805806,1135.9803931826498,-773.7111242088189,62.90711822558061,-135.89775193263048
18.07807807807808,1137.2397949489277,-776.4317999231858,62.90711822558061,-136.0979521328307
18.0980980980981,1138.4991967152057,-779.1564836495688,62.90711822558061,-136.2981523330309
18.11811811811812,1139.7585984814837,-781.8851753879678,62.90711822558061,-136.49835253323113
18.13813813813814,1141.0180002477616,-784.6178751383828,62.90711822558061,-136.69855273343134
18.15815815815816,1142.2774020140396,-787.3545829008139,62.90711822558061,-136.89875293363156
18.17817817817818,1143.5368037803175,-790.0952986752609,62.90711822558061,-137.09895313383177
18.1981981981982,1144.7962055465955,-792.840022461724,62.90711822558061,-137.29915333403198
18.21821821821822,1146.0556073128735,-795.588754260203,62.90711822558061,-137.4993535342322
18.23823823823824,1147.3150090791514,-798.3414940706981,62.90711822558061,-137.6995537344324
18.25825825825826,1148.5744108454294,-801.0982418932093,62.90711822558061,-137.89975393463263
18.27827827827828,1149.8338126117073,-803.8589977277366,62.90711822558061,-138.09995413483284
18.2982982982983,1151.0932143779853,-806.6237615742798,62.90711822558061,-138.30015433503306
18.31831831831832,1152.3526161442633,-809.3925334328391,62.90711822558061,-138.50035453523327
18.33833833833834,1153.6120179105412,-812.1653133034143,62.90711822558061,-138.70055473543349
18.35835835835836,1154.8714196768192,-814.9421011860056,62.90711822558061,-138.9007549356337
18.37837837837838,1156.1308214430971,-817.7228970806129,62.90711822558061,-139.1009551358339
18.3983983983984,1157.390223209375,-820.5077009872363,62.90711822558061,-139.30115533603413
18.41841841841842,1158.649624975653,-823.2965129058756,62.90711822558061,-139.50135553623434
18.43843843843844,1159.909026741931,-826.089332836531,62.90711822558061,-139.70155573643456
18.45845845845846,1161.168428508209,-828.8861607792023,62.90711822558061,-139.90175593663477
18.47847847847848,1162.427830274487,-831.6869967338897,62.90711822558061,-140.10195613683499
18.4984984984985,1163.687232040765,-834.4918407005931,62.90711822558061,-140.3021563370352
18.51851851851852,1164.9466338070429,-837.3006926793125,62.90711822558061,-140.5023565372354
18.53853853853854,1166.2060355733208,-840.113552670048,62.90711822558061,-140.70255673743563
18.55855855855856,1167.4654373395988,-842.9304206727994,62.90711822558061,-140.90275693763584
18.57857857857858,1168.7248391058768,-845.7512966875669,62.90711822558061,-141.10295713783606
18.5985985985986,1169.9842408721547,-848.5761807143504,62.90711822558061,-141.30315733803627
18.61861861861862,1171.2436426384327,-851.4050727531499,62.90711822558061,-141.5033575382365
18.63863863863864,1172.5030444047106,-854.2379728039654,62.90711822558061,-141.7035577384367
18.65865865865866,1173.7624461709886,-857.0748808667969,62.90711822558061,-141.90375793863691
18.67867867867868,1175.0218479372666,-859.9157969416444,62.90711822558061,-142.10395813883713
18.6986986986987,1176.2812497035445,-862.760721028508,62.90711822558061,-142.30415833903734
18.71871871871872,1177.5406514698225,-865.6096531273876,62.90711822558061,-142.50435853923756
18.73873873873874,1178.8000532361004,-868.4625932382833,62.90711822558061,-142.70455873943777
18.75875875875876,1180.0594550023784,-871.319541361195,62.90711822558061,-142.904758939638
18.77877877877878,1181.3188567686564,-874.1804974961227,62.90711822558061,-143.1049591398382
18.7987987987988,1182.5782585349343,-877.0454616430665,62.90711822558061,-143.30515934003841
18.81881881881882,1183.8376603012123,-879.9144338020262,62.90711822558061,-143.50535954023863
18.83883883883884,1185.0970620674902,-882.787413973002,62.90711822558061,-143.70555974043884
18.85885885885886,1186.3564638337682,-885.6644021559938,62.90711822558061,-143.90575994063906
18.87887887887888,1187.6158656000462,-888.5453983510016,62.90711822558061,-144.10596014083927
18.8988988988989,1188.8752673663241,-891.4304025580254,62.90711822558061,-144.3061603410395
18.91891891891892,1190.134669132602,-894.3194147770653,62.90711822558061,-144.5063605412397
18.93893893893894,1191.39407089888,-897.2124350081211,62.90711822558061,-144.70656074143992
18.95895895895896,1192.653472665158,-900.109463251193,62.90711822558061,-144.90676094164013
18.97897897897898,1193.912874431436,-903.0104995062809,62.90711822558061,-145.10696114184034
18.998998998999,1195.172276197714,-905.9155437733848,62.90711822558061,-145.30716134204056
19.01901901901902,1196.431677963992,-908.8245960525047,62.90711822558061,-145.50736154224077
19.03903903903904,1197.6910797302698,-911.7376563436407,62.90711822558061,-145.707561742441
19.05905905905906,1198.9504814965478,-914.6547246467926,62.90711822558061,-145.9077619426412
19.07907907907908,1200.2098832628258,-917.5758009619606,62.90711822558061,-146.10796214284142
19.0990990990991,1201.4692850291037,-920.5008852891445,62.90711822558061,-146.30816234304163
19.11911911911912,1202.7286867953817,-923.4299776283445,62.90711822558061,-146.50836254324184
19.13913913913914,1203.9880885616597,-926.3630779795606,62.90711822558061,-146.70856274344206
19.15915915915916,1205.2474903279376,-929.3001863427926,62.90711822558061,-146.90876294364227
19.17917917917918,1206.5068920942156,-932.2413027180406,62.90711822558061,-147.1089631438425
19.1991991991992,1207.7662938604935,-935.1864271053047,62.90711822558061,-147.3091633440427
19.21921921921922,1209.0256956267715,-938.1355595045849,62.90711822558061,-147.50936354424292
19.23923923923924,1210.2850973930495,-941.0886999158811,62.90711822558061,-147.70956374444313
19.25925925925926,1211.5444991593274,-944.0458483391933,62.90711822558061,-147.90976394464334
19.27927927927928,1212.8039009256054,-947.0070047745215,62.90711822558061,-148.10996414484356
19.2992992992993,1214.0633026918833,-949.9721692218658,62.90711822558061,-148.31016434504377
19.31931931931932,1215.3227044581613,-952.941341681226,62.90711822558061,-148.510364545244
19.33933933933934,1216.5821062244393,-955.9145221526023,62.90711822558061,-148.7105647454442
19.35935935935936,1217.8415079907172,-958.8917106359946,62.90711822558061,-148.91076494564442
19.37937937937938,1219.1009097569952,-961.8729071314029,62.90711822558061,-149.11096514584463
19.3993993993994,1220.3603115232731,-964.8581116388273,62.90711822558061,-149.31116534604485
19.41941941941942,1221.619713289551,-967.8473241582676,62.90711822558061,-149.51136554624506
19.43943943943944,1222.879115055829,-970.840544689724,62.90711822558061,-149.71156574644527
19.45945945945946,1224.138516822107,-973.8377732331963,62.90711822558061,-149.9117659466455
19.47947947947948,1225.397918588385,-976.8390097886847,62.90711822558061,-150.1119661468457
19.4994994994995,1226.657320354663,-979.8442543561891,62.90711822558061,-150.31216634704592
19.51951951951952,1227.916722120941,-982.8535069357096,62.90711822558061,-150.51236654724613
19.53953953953954,1229.1761238872189,-985.866767527246,62.90711822558061,-150.71256674744635
19.55955955955956,1230.4355256534968,-988.8840361307984,62.90711822558061,-150.91276694764656
19.57957957957958,1231.6949274197748,-991.9053127463669,62.90711822558061,-151.11296714784677
19.5995995995996,1232.9543291860527,-994.9305973739514,62.90711822558061,-151.313167348047
19.61961961961962,1234.2137309523307,-997.9598900135519,62.90711822558061,-151.5133675482472
19.63963963963964,1235.4731327186087,-1000.9931906651684,62.90711822558061,-151.71356774844742
19.65965965965966,1236.7325344848866,-1004.0304993288009,62.90711822558061,-151.91376794864763
19.67967967967968,1237.9919362511646,-1007.0718160044495,62.90711822558061,-152.11396814884785
19.6996996996997,1239.2513380174425,-1010.1171406921142,62.90711822558061,-152.31416834904806
19.71971971971972,1240.5107397837205,-1013.1664733917949,62.90711822558061,-152.51436854924827
19.73973973973974,1241.7701415499985,-1016.2198141034916,62.90711822558061,-152.7145687494485
19.75975975975976,1243.0295433162764,-1019.2771628272043,62.90711822558061,-152.9147689496487
19.77977977977978,1244.2889450825544,-1022.338519562933,62.90711822558061,-153.11496914984892
19.7997997997998,1245.5483468488324,-1025.4038843106778,62.90711822558061,-153.31516935004913
19.81981981981982,1246.8077486151103,-1028.4732570704384,62.90711822558061,-153.51536955024935
19.83983983983984,1248.0671503813883,-1031.5466378422152,62.90711822558061,-153.71556975044956
19.85985985985986,1249.3265521476662,-1034.624026626008,62.90711822558061,-153.91576995064977
19.87987987987988,1250.5859539139442,-1037.7054234218167,62.90711822558061,-154.11597015085
19.8998998998999,1251.8453556802222,-1040.7908282296414,62.90711822558061,-154.3161703510502
19.91991991991992,1253.1047574465001,-1043.8802410494823,62.90711822558061,-154.51637055125042
19.93993993993994,1254.364159212778,-1046.9736618813392,62.90711822558061,-154.71657075145063
19.95995995995996,1255.623560979056,-1050.0710907252121,62.90711822558061,-154.91677095165085
19.97997997997998,1256.882962745334,-1053.1725275811011,62.90711822558061,-155.11697115185106
20.0,1258.142364511612,-1056.277972449006,62.90711822558061,-155.31717135205128
