t,xpos,ypos,vx,vy
0.0,0.0,48.73532216290285,51.720339650269075,1.8940704034997495
0.02002002002002002,1.035442235240622,48.77324149030024,51.720339650269075,1.6938702032995494
0.04004004004004004,2.070884470481244,48.80715280568161,51.720339650269075,1.4936700030993493
0.06006006006006006,3.106326705721866,48.83705610904696,51.720339650269075,1.2934698028991491
0.08008008008008008,4.141768940962488,48.86295140039629,51.720339650269075,1.093269602698949
0.10010010010010009,5.1772111762031106,48.884838679729604,51.720339650269075,0.8930694024987489
0.12012012012012012,6.212653411443733,48.902717947046895,51.720339650269075,0.6928692022985488
0.14014014014014015,7.248095646684355,48.91658920234817,51.720339650269075,0.4926690020983486
0.16016016016016016,8.283537881924977,48.92645244563342,51.720339650269075,0.2924688018981484
0.18018018018018017,9.318980117165598,48.93230767690265,51.720339650269075,0.0922686016979482
0.20020020020020018,10.35442235240622,48.93415489615587,51.720339650269075,-0.10793159850225198
0.22022022022022023,11.38986458764684,48.93199410339306,51.720339650269075,-0.30813179870245216
0.24024024024024024,12.425306822887462,48.92582529861423,51.720339650269075,-0.5083319989026523
0.2602602602602603,13.460749058128084,48.91564848181938,51.720339650269075,-0.7085321991028526
0.2802802802802803,14.496191293368705,48.90146365300851,51.720339650269075,-0.9087323993030527
0.3003003003003003,15.531633528609326,48.88327081218163,51.720339650269075,-1.1089325995032528
0.3203203203203203,16.56707576384995,48.86106995933872,51.720339650269075,-1.309132799703453
0.3403403403403404,17.602517999090573,48.83486109447979,51.720339650269075,-1.509332999903653
0.36036036036036034,18.637960234331196,48.804644217604846,51.720339650269075,-1.7095332001038532
0.3803803803803804,19.67340246957182,48.77041932871388,51.720339650269075,-1.9097334003040534
0.40040040040040037,20.708844704812442,48.73218642780689,51.720339650269075,-2.1099336005042537
0.42042042042042044,21.744286940053065,48.68994551488388,51.720339650269075,-2.310133800704454
0.44044044044044045,22.77972917529369,48.64369658994485,51.720339650269075,-2.510334000904654
0.4604604604604605,23.81517141053431,48.5934396529898,51.720339650269075,-2.710534201104854
0.4804804804804805,24.850613645774935,48.539174704018734,51.720339650269075,-2.9107344013050542
0.5005005005005005,25.886055881015558,48.480901743031644,51.720339650269075,-3.1109346015052544
0.5205205205205206,26.92149811625618,48.41862077002854,51.720339650269075,-3.3111348017054545
0.5405405405405406,27.956940351496804,48.35233178500941,51.720339650269075,-3.5113350019056546
0.5605605605605606,28.992382586737428,48.28203478797426,51.720339650269075,-3.7115352021058547
0.5805805805805806,30.02782482197805,48.207729778923095,51.720339650269075,-3.911735402306055
0.6006006006006006,31.063267057218674,48.12941675785591,51.720339650269075,-4.1119356025062554
0.6206206206206206,32.0987092924593,48.047095724772696,51.720339650269075,-4.312135802706456
0.6406406406406406,33.13415152769992,47.96076667967347,51.720339650269075,-4.512336002906656
0.6606606606606606,34.16959376294054,47.87042962255822,51.720339650269075,-4.712536203106856
0.6806806806806808,35.20503599818117,47.776084553426955,51.720339650269075,-4.912736403307056
0.7007007007007007,36.24047823342179,47.67773147227967,51.720339650269075,-5.112936603507256
0.7207207207207207,37.27592046866241,47.57537037911636,51.720339650269075,-5.313136803707456
0.7407407407407407,38.311362703903036,47.46900127393703,51.720339650269075,-5.513337003907656
0.7607607607607608,39.34680493914366,47.35862415674168,51.720339650269075,-5.7135372041078565
0.7807807807807808,40.38224717438428,47.24423902753031,51.720339650269075,-5.913737404308057
0.8008008008008007,41.417689409624906,47.125845886302926,51.720339650269075,-6.113937604508257
0.8208208208208208,42.45313164486553,47.00344473305952,51.720339650269075,-6.314137804708457
0.8408408408408409,43.48857388010615,46.877035567800085,51.720339650269075,-6.514338004908657
0.8608608608608609,44.524016115346775,46.74661839052464,51.720339650269075,-6.714538205108857
0.8808808808808809,45.5594583505874,46.61219320123317,51.720339650269075,-6.914738405309057
0.9009009009009008,46.59490058582802,46.47375999992568,51.720339650269075,-7.114938605509257
0.920920920920921,47.630342821068645,46.331318786602175,51.720339650269075,-7.3151388057094575
0.9409409409409409,48.66578505630927,46.184869561262644,51.720339650269075,-7.515339005909658
0.960960960960961,49.70122729154989,46.0344123239071,51.720339650269075,-7.715539206109858
0.980980980980981,50.736669526790514,45.87994707453553,51.720339650269075,-7.915739406310058
1.001001001001001,51.77211176203114,45.72147381314794,51.720339650269075,-8.115939606510258
1.021021021021021,52.80755399727176,45.55899253974433,51.720339650269075,-8.316139806710458
1.0410410410410411,53.842996232512384,45.3925032543247,51.720339650269075,-8.516340006910658
1.0610610610610611,54.87843846775301,45.22200595688905,51.720339650269075,-8.716540207110858
1.0810810810810811,55.91388070299363,45.04750064743738,51.720339650269075,-8.916740407311059
1.1011011011011012,56.94932293823425,44.86898732596969,51.720339650269075,-9.116940607511259
1.1211211211211212,57.98476517347488,44.686465992485985,51.720339650269075,-9.317140807711459
1.1411411411411412,59.0202074087155,44.49993664698626,51.720339650269075,-9.517341007911659
1.1611611611611612,60.05564964395612,44.309399289470505,51.720339650269075,-9.717541208111859
1.1811811811811812,61.091091879196746,44.11485391993874,51.720339650269075,-9.91774140831206
1.2012012012012012,62.12653411443737,43.91630053839095,51.720339650269075,-10.11794160851226
1.2212212212212212,63.16197634967799,43.71373914482714,51.720339650269075,-10.31814180871246
1.2412412412412412,64.19741858491861,43.50716973924731,51.720339650269075,-10.51834200891266
1.2612612612612613,65.23286082015923,43.29659232165146,51.720339650269075,-10.71854220911286
1.2812812812812813,66.26830305539985,43.082006892039594,51.720339650269075,-10.91874240931306
1.3013013013013013,67.30374529064048,42.863413450411706,51.720339650269075,-11.11894260951326
1.3213213213213213,68.3391875258811,42.640811996767795,51.720339650269075,-11.31914280971346
1.3413413413413413,69.37462976112172,42.41420253110787,51.720339650269075,-11.51934300991366
1.3613613613613615,70.41007199636235,42.18358505343192,51.720339650269075,-11.71954321011386
1.3813813813813813,71.44551423160297,41.94895956373995,51.720339650269075,-11.91974341031406
1.4014014014014013,72.4809564668436,41.71032606203196,51.720339650269075,-12.11994361051426
1.4214214214214214,73.51639870208422,41.46768454830795,51.720339650269075,-12.32014381071446
1.4414414414414414,74.55184093732484,41.22103502256792,51.720339650269075,-12.52034401091466
1.4614614614614616,75.58728317256546,40.97037748481187,51.720339650269075,-12.720544211114861
1.4814814814814814,76.62272540780609,40.7157119350398,51.720339650269075,-12.920744411315061
1.5015015015015014,77.65816764304671,40.45703837325171,51.720339650269075,-13.120944611515261
1.5215215215215216,78.69360987828733,40.194356799447604,51.720339650269075,-13.321144811715461
1.5415415415415414,79.72905211352796,39.92766721362747,51.720339650269075,-13.521345011915662
1.5615615615615617,80.76449434876858,39.656969615791326,51.720339650269075,-13.721545212115862
1.5815815815815815,81.7999365840092,39.382264005939156,51.720339650269075,-13.921745412316062
1.6016016016016015,82.83537881924983,39.103550384070964,51.720339650269075,-14.121945612516262
1.6216216216216217,83.87082105449045,38.820828750186756,51.720339650269075,-14.322145812716462
1.6416416416416415,84.90626328973107,38.534099104286526,51.720339650269075,-14.522346012916662
1.6616616616616617,85.9417055249717,38.24336144637027,51.720339650269075,-14.722546213116862
1.6816816816816818,86.97714776021232,37.948615776438004,51.720339650269075,-14.922746413317062
1.7017017017017015,88.01258999545294,37.64986209448971,51.720339650269075,-15.122946613517263
1.7217217217217218,89.04803223069356,37.347100400525406,51.720339650269075,-15.323146813717463
1.7417417417417416,90.08347446593419,37.04033069454508,51.720339650269075,-15.523347013917663
1.7617617617617618,91.11891670117481,36.729552976548725,51.720339650269075,-15.723547214117863
1.7817817817817818,92.15435893641543,36.41476724653636,51.720339650269075,-15.923747414318063
1.8018018018018016,93.18980117165606,36.09597350450797,51.720339650269075,-16.123947614518265
1.8218218218218218,94.22524340689668,35.773171750463554,51.720339650269075,-16.324147814718465
1.841841841841842,95.2606856421373,35.446361984403126,51.720339650269075,-16.524348014918665
1.8618618618618619,96.29612787737793,35.115544206326675,51.720339650269075,-16.724548215118865
1.8818818818818819,97.33157011261855,34.78071841623421,51.720339650269075,-16.924748415319065
1.9019019019019017,98.36701234785917,34.44188461412572,51.720339650269075,-17.124948615519266
1.921921921921922,99.4024545830998,34.09904280000121,51.720339650269075,-17.325148815719466
1.9419419419419421,100.43789681834042,33.75219297386068,51.720339650269075,-17.525349015919666
1.961961961961962,101.47333905358104,33.40133513570413,51.720339650269075,-17.725549216119866
1.981981981981982,102.50878128882167,33.04646928553156,51.720339650269075,-17.925749416320066
2.002002002002002,103.54422352406229,32.68759542334297,51.720339650269075,-18.125949616520266
2.022022022022022,104.57966575930291,32.32471354913836,51.720339650269075,-18.326149816720466
2.042042042042042,105.61510799454354,31.95782366291773,51.720339650269075,-18.526350016920667
2.0620620620620618,106.65055022978416,31.58692576468108,51.720339650269075,-18.726550217120867
2.0820820820820822,107.68599246502478,31.21201985442841,51.720339650269075,-18.926750417321067
2.1021021021021022,108.7214347002654,30.833105932159718,51.720339650269075,-19.126950617521267
2.1221221221221223,109.75687693550603,30.45018399787501,51.720339650269075,-19.327150817721467
2.1421421421421423,110.79231917074665,30.06325405157428,51.720339650269075,-19.527351017921667
2.1621621621621623,111.82776140598727,29.67231609325753,51.720339650269075,-19.727551218121867
2.1821821821821823,112.8632036412279,29.277370122924758,51.720339650269075,-19.927751418322067
2.2022022022022023,113.89864587646852,28.87841614057597,51.720339650269075,-20.127951618522268
2.2222222222222223,114.93408811170914,28.47545414621116,51.720339650269075,-20.328151818722468
2.2422422422422423,115.96953034694977,28.06848413983033,51.720339650269075,-20.528352018922668
2.2622622622622623,117.00497258219039,27.657506121433478,51.720339650269075,-20.728552219122868
2.2822822822822824,118.04041481743101,27.24252009102061,51.720339650269075,-20.928752419323068
2.3023023023023024,119.07585705267164,26.823526048591717,51.720339650269075,-21.128952619523268
2.3223223223223224,120.11129928791226,26.400523994146806,51.720339650269075,-21.32915281972347
2.3423423423423424,121.14674152315288,25.973513927685875,51.720339650269075,-21.52935301992367
2.3623623623623624,122.1821837583935,25.542495849208926,51.720339650269075,-21.72955322012387
2.3823823823823824,123.21762599363413,25.107469758715954,51.720339650269075,-21.92975342032407
2.4024024024024024,124.25306822887475,24.668435656206963,51.720339650269075,-22.12995362052427
2.4224224224224224,125.28851046411538,24.225393541681953,51.720339650269075,-22.33015382072447
2.4424424424424425,126.323952699356,23.778343415140924,51.720339650269075,-22.53035402092467
2.4624624624624625,127.35939493459662,23.327285276583872,51.720339650269075,-22.73055422112487
2.4824824824824825,128.39483716983725,22.8722191260108,51.720339650269075,-22.93075442132507
2.5025025025025025,129.43027940507787,22.41314496342171,51.720339650269075,-23.13095462152527
2.5225225225225225,130.4657216403185,21.950062788816602,51.720339650269075,-23.33115482172547
2.5425425425425425,131.50116387555912,21.48297260219547,51.720339650269075,-23.53135502192567
2.5625625625625625,132.53660611079974,21.01187440355832,51.720339650269075,-23.73155522212587
2.5825825825825826,133.57204834604036,20.53676819290515,51.720339650269075,-23.93175542232607
2.6026026026026026,134.60749058128098,20.05765397023596,51.720339650269075,-24.13195562252627
2.6226226226226226,135.6429328165216,19.57453173555075,51.720339650269075,-24.33215582272647
2.6426426426426426,136.67837505176223,19.08740148884952,51.720339650269075,-24.53235602292667
2.6626626626626626,137.71381728700285,18.59626323013227,51.720339650269075,-24.73255622312687
2.6826826826826826,138.74925952224348,18.101116959398997,51.720339650269075,-24.93275642332707
2.7027027027027026,139.7847017574841,17.601962676649705,51.720339650269075,-25.13295662352727
2.722722722722723,140.82014399272472,17.098800381884395,51.720339650269075,-25.33315682372747
2.7427427427427427,141.85558622796535,16.591630075103065,51.720339650269075,-25.53335702392767
2.7627627627627627,142.89102846320597,16.080451756305713,51.720339650269075,-25.73355722412787
2.7827827827827827,143.9264706984466,15.565265425492342,51.720339650269075,-25.93375742432807
2.8028028028028027,144.96191293368722,15.046071082662952,51.720339650269075,-26.13395762452827
2.822822822822823,145.99735516892784,14.52286872781754,51.720339650269075,-26.33415782472847
2.8428428428428427,147.03279740416846,13.99565836095611,51.720339650269075,-26.53435802492867
2.8628628628628627,148.0682396394091,13.464439982078659,51.720339650269075,-26.734558225128872
2.8828828828828827,149.1036818746497,12.929213591185189,51.720339650269075,-26.934758425329072
2.9029029029029028,150.13912410989033,12.389979188275698,51.720339650269075,-27.134958625529272
2.922922922922923,151.17456634513096,11.846736773350187,51.720339650269075,-27.335158825729472
2.942942942942943,152.21000858037158,11.299486346408656,51.720339650269075,-27.535359025929672
2.962962962962963,153.2454508156122,10.748227907451106,51.720339650269075,-27.735559226129872
2.982982982982983,154.28089305085282,10.192961456477535,51.720339650269075,-27.935759426330073
3.003003003003003,155.31633528609345,9.633686993487943,51.720339650269075,-28.135959626530273
3.0230230230230233,156.35177752133407,9.070404518482333,51.720339650269075,-28.336159826730473
3.0430430430430433,157.3872197565747,8.5031140314607,51.720339650269075,-28.536360026930673
3.063063063063063,158.42266199181532,7.93181553242305,51.720339650269075,-28.736560227130873
3.083083083083083,159.45810422705594,7.356509021369379,51.720339650269075,-28.936760427331073
3.103103103103103,160.49354646229656,6.777194498299688,51.720339650269075,-29.136960627531273
3.1231231231231233,161.5289886975372,6.193871963213978,51.720339650269075,-29.337160827731473
3.1431431431431434,162.5644309327778,5.606541416112247,51.720339650269075,-29.537361027931674
3.163163163163163,163.59987316801843,5.015202856994495,51.720339650269075,-29.737561228131874
3.183183183183183,164.63531540325906,4.419856285860724,51.720339650269075,-29.937761428332074
3.203203203203203,165.67075763849968,3.8205017027109323,51.720339650269075,-30.137961628532274
3.2232232232232234,166.7061998737403,3.217139107545121,51.720339650269075,-30.338161828732474
3.2432432432432434,167.74164210898093,2.6097685003632893,51.720339650269075,-30.538362028932674
3.263263263263263,168.77708434422155,1.998389881165438,51.720339650269075,-30.738562229132874
3.283283283283283,169.81252657946217,1.3830032499515665,51.720339650269075,-30.938762429333075
3.303303303303303,170.8479688147028,0.7636086067216752,51.720339650269075,-31.138962629533275
3.3233233233233235,171.88341104994342,0.14020595147576376,51.720339650269075,-31.339162829733475
3.3433433433433435,172.91885328518404,-0.48720471578616764,51.720339650269075,-31.539363029933675
3.3633633633633635,173.95429552042467,-1.1186233950641191,51.720339650269075,-31.739563230133875
3.383383383383383,174.9897377556653,-1.7540500863580906,51.720339650269075,-31.939763430334075
3.403403403403403,176.0251799909059,-2.393484789668082,51.720339650269075,-32.139963630534275
3.4234234234234235,177.06062222614653,-3.0369275049940936,51.720339650269075,-32.340163830734475
3.4434434434434436,178.09606446138716,-3.684378232336125,51.720339650269075,-32.540364030934676
3.4634634634634636,179.13150669662778,-4.335836971694176,51.720339650269075,-32.740564231134876
3.483483483483483,180.1669489318684,-4.991303723068248,51.720339650269075,-32.940764431335076
3.503503503503503,181.20239116710903,-5.65077848645834,51.720339650269075,-33.140964631535276
3.5235235235235236,182.23783340234965,-6.314261261864452,51.720339650269075,-33.341164831735476
3.5435435435435436,183.27327563759027,-6.981752049286584,51.720339650269075,-33.541365031935676
3.5635635635635636,184.3087178728309,-7.653250848724736,51.720339650269075,-33.741565232135876
3.583583583583583,185.34416010807152,-8.328757660178907,51.720339650269075,-33.94176543233608
3.603603603603603,186.37960234331214,-9.008272483649097,51.720339650269075,-34.14196563253628
3.6236236236236237,187.41504457855277,-9.69179531913531,51.720339650269075,-34.34216583273648
3.6436436436436437,188.4504868137934,-10.379326166637542,51.720339650269075,-34.54236603293668
3.6636636636636637,189.485929049034,-11.070865026155793,51.720339650269075,-34.74256623313688
3.683683683683684,190.52137128427464,-11.766411897690066,51.720339650269075,-34.94276643333708
3.7037037037037033,191.55681351951526,-12.465966781240358,51.720339650269075,-35.14296663353728
3.7237237237237237,192.59225575475588,-13.16952967680667,51.720339650269075,-35.34316683373748
3.7437437437437437,193.6276979899965,-13.877100584389002,51.720339650269075,-35.54336703393768
3.7637637637637638,194.66314022523713,-14.588679503987354,51.720339650269075,-35.74356723413788
3.783783783783784,195.69858246047775,-15.304266435601726,51.720339650269075,-35.94376743433808
3.8038038038038033,196.73402469571838,-16.023861379232116,51.720339650269075,-36.14396763453828
3.823823823823824,197.769466930959,-16.74746433487853,51.720339650269075,-36.34416783473848
3.843843843843844,198.80490916619962,-17.47507530254096,51.720339650269075,-36.54436803493868
3.863863863863864,199.84035140144024,-18.206694282219413,51.720339650269075,-36.74456823513888
3.8838838838838843,200.87579363668087,-18.942321273913883,51.720339650269075,-36.94476843533908
3.9039039039039034,201.9112358719215,-19.681956277624376,51.720339650269075,-37.14496863553928
3.923923923923924,202.9466781071621,-20.42559929335089,51.720339650269075,-37.34516883573948
3.943943943943944,203.98212034240274,-21.17325032109342,51.720339650269075,-37.54536903593968
3.963963963963964,205.01756257764336,-21.92490936085197,51.720339650269075,-37.74556923613988
3.9839839839839843,206.05300481288398,-22.680576412626543,51.720339650269075,-37.94576943634008
4.004004004004004,207.0884470481246,-23.440251476417135,51.720339650269075,-38.14596963654028
4.0240240240240235,208.12388928336523,-24.203934552223746,51.720339650269075,-38.34616983674048
4.044044044044044,209.15933151860585,-24.97162564004638,51.720339650269075,-38.54637003694068
4.064064064064064,210.19477375384648,-25.743324739885033,51.720339650269075,-38.74657023714088
4.084084084084084,211.2302159890871,-26.519031851739705,51.720339650269075,-38.94677043734108
4.104104104104104,212.26565822432772,-27.298746975610396,51.720339650269075,-39.14697063754128
4.1241241241241235,213.30110045956835,-28.08247011149711,51.720339650269075,-39.34717083774148
4.1441441441441444,214.33654269480897,-28.870201259399842,51.720339650269075,-39.54737103794168
4.1641641641641645,215.3719849300496,-29.661940419318594,51.720339650269075,-39.74757123814188
4.1841841841841845,216.40742716529022,-30.457687591253364,51.720339650269075,-39.94777143834208
4.2042042042042045,217.44286940053084,-31.257442775204158,51.720339650269075,-40.14797163854228
4.2242242242242245,218.47831163577146,-32.06120597117097,51.720339650269075,-40.34817183874248
4.2442442442442445,219.51375387101209,-32.8689771791538,51.720339650269075,-40.54837203894268
4.2642642642642645,220.5491961062527,-33.680756399152656,51.720339650269075,-40.74857223914288
4.2842842842842845,221.58463834149333,-34.496543631167526,51.720339650269075,-40.94877243934308
4.3043043043043046,222.62008057673395,-35.31633887519842,51.720339650269075,-41.14897263954328
4.324324324324325,223.65552281197458,-36.140142131245334,51.720339650269075,-41.34917283974348
4.344344344344345,224.6909650472152,-36.967953399308264,51.720339650269075,-41.54937303994368
4.364364364364365,225.72640728245582,-37.79977267938722,51.720339650269075,-41.74957324014388
4.384384384384385,226.76184951769645,-38.63559997148219,51.720339650269075,-41.94977344034408
4.404404404404405,227.79729175293707,-39.475435275593185,51.720339650269075,-42.14997364054428
4.424424424424425,228.8327339881777,-40.3192785917202,51.720339650269075,-42.35017384074448
4.444444444444445,229.86817622341832,-41.16712991986323,51.720339650269075,-42.55037404094468
4.464464464464465,230.90361845865894,-42.01898926002228,51.720339650269075,-42.75057424114488
4.484484484484485,231.93906069389956,-42.874856612197355,51.720339650269075,-42.95077444134508
4.504504504504505,232.9745029291402,-43.734731976388446,51.720339650269075,-43.15097464154528
4.524524524524525,234.0099451643808,-44.59861535259556,51.720339650269075,-43.35117484174548
4.544544544544545,235.04538739962143,-45.466506740818694,51.720339650269075,-43.55137504194568
4.564564564564565,236.08082963486206,-46.338406141057845,51.720339650269075,-43.75157524214588
4.584584584584585,237.11627187010268,-47.21431355331302,51.720339650269075,-43.95177544234608
4.604604604604605,238.1517141053433,-48.09422897758421,51.720339650269075,-44.15197564254628
4.624624624624625,239.18715634058393,-48.97815241387142,51.720339650269075,-44.35217584274648
4.644644644644645,240.22259857582455,-49.866083862174655,51.720339650269075,-44.55237604294668
4.664664664664665,241.25804081106517,-50.758023322493905,51.720339650269075,-44.75257624314688
4.684684684684685,242.2934830463058,-51.65397079482918,51.720339650269075,-44.952776443347084
4.704704704704705,243.32892528154642,-52.55392627918047,51.720339650269075,-45.152976643547284
4.724724724724725,244.36436751678704,-53.457889775547784,51.720339650269075,-45.353176843747484
4.744744744744745,245.39980975202766,-54.36586128393112,51.720339650269075,-45.553377043947684
4.764764764764765,246.4352519872683,-55.277840804330474,51.720339650269075,-45.753577244147884
4.784784784784785,247.4706942225089,-56.193828336745845,51.720339650269075,-45.953777444348084
4.804804804804805,248.50613645774953,-57.11382388117724,51.720339650269075,-46.153977644548284
4.824824824824825,249.54157869299016,-58.03782743762465,51.720339650269075,-46.354177844748484
4.844844844844845,250.57702092823078,-58.96583900608808,51.720339650269075,-46.554378044948685
4.864864864864865,251.6124631634714,-59.89785858656754,51.720339650269075,-46.754578245148885
4.884884884884885,252.64790539871203,-60.83388617906301,51.720339650269075,-46.954778445349085
4.904904904904905,253.68334763395265,-61.7739217835745,51.720339650269075,-47.154978645549285
4.924924924924925,254.71878986919327,-62.71796540010202,51.720339650269075,-47.355178845749485
4.944944944944945,255.7542321044339,-63.66601702864555,51.720339650269075,-47.555379045949685
4.964964964964965,256.7896743396745,-64.6180766692051,51.720339650269075,-47.755579246149885
4.984984984984985,257.8251165749151,-65.57414432178066,51.720339650269075,-47.955779446350085
5.005005005005005,258.86055881015574,-66.53421998637226,51.720339650269075,-48.155979646550286
5.025025025025025,259.89600104539636,-67.49830366297988,51.720339650269075,-48.356179846750486
5.045045045045045,260.931443280637,-68.46639535160351,51.720339650269075,-48.556380046950686
5.065065065065065,261.9668855158776,-69.43849505224317,51.720339650269075,-48.756580247150886
5.085085085085085,263.00232775111823,-70.41460276489885,51.720339650269075,-48.956780447351086
5.105105105105105,264.03776998635885,-71.39471848957054,51.720339650269075,-49.156980647551286
5.125125125125125,265.0732122215995,-72.37884222625824,51.720339650269075,-49.357180847751486
5.145145145145145,266.1086544568401,-73.36697397496198,51.720339650269075,-49.55738104795169
5.165165165165165,267.1440966920807,-74.35911373568173,51.720339650269075,-49.75758124815189
5.185185185185185,268.17953892732135,-75.3552615084175,51.720339650269075,-49.95778144835209
5.205205205205205,269.21498116256197,-76.3554172931693,51.720339650269075,-50.15798164855229
5.225225225225225,270.2504233978026,-77.35958108993711,51.720339650269075,-50.35818184875249
5.245245245245245,271.2858656330432,-78.36775289872094,51.720339650269075,-50.55838204895269
5.265265265265265,272.32130786828384,-79.3799327195208,51.720339650269075,-50.75858224915289
5.285285285285285,273.35675010352446,-80.39612055233667,51.720339650269075,-50.95878244935309
5.305305305305305,274.3921923387651,-81.41631639716856,51.720339650269075,-51.15898264955329
5.325325325325325,275.4276345740057,-82.44052025401648,51.720339650269075,-51.35918284975349
5.345345345345346,276.46307680924633,-83.46873212288041,51.720339650269075,-51.55938304995369
5.365365365365365,277.49851904448695,-84.50095200376036,51.720339650269075,-51.75958325015389
5.385385385385385,278.5339612797276,-85.53717989665634,51.720339650269075,-51.95978345035409
5.405405405405405,279.5694035149682,-86.57741580156834,51.720339650269075,-52.15998365055429
5.425425425425425,280.6048457502088,-87.62165971849635,51.720339650269075,-52.36018385075449
5.445445445445446,281.64028798544945,-88.66991164744039,51.720339650269075,-52.56038405095469
5.465465465465465,282.67573022069007,-89.72217158840044,51.720339650269075,-52.76058425115489
5.485485485485485,283.7111724559307,-90.77843954137651,51.720339650269075,-52.96078445135509
5.505505505505505,284.7466146911713,-91.8387155063686,51.720339650269075,-53.16098465155529
5.525525525525525,285.78205692641194,-92.90299948337672,51.720339650269075,-53.36118485175549
5.545545545545546,286.81749916165256,-93.97129147240085,51.720339650269075,-53.56138505195569
5.565565565565565,287.8529413968932,-95.043591473441,51.720339650269075,-53.76158525215589
5.585585585585585,288.8883836321338,-96.11989948649718,51.720339650269075,-53.96178545235609
5.605605605605605,289.92382586737443,-97.20021551156937,51.720339650269075,-54.16198565255629
5.625625625625625,290.95926810261506,-98.28453954865758,51.720339650269075,-54.36218585275649
5.645645645645646,291.9947103378557,-99.37287159776182,51.720339650269075,-54.56238605295669
5.665665665665665,293.0301525730963,-100.46521165888207,51.720339650269075,-54.76258625315689
5.685685685685685,294.0655948083369,-101.56155973201834,51.720339650269075,-54.96278645335709
5.7057057057057055,295.10103704357755,-102.66191581717064,51.720339650269075,-55.16298665355729
5.7257257257257255,296.1364792788182,-103.76627991433895,51.720339650269075,-55.36318685375749
5.745745745745746,297.1719215140588,-104.87465202352328,51.720339650269075,-55.56338705395769
5.7657657657657655,298.2073637492994,-105.98703214472364,51.720339650269075,-55.76358725415789
5.7857857857857855,299.24280598454004,-107.10342027794002,51.720339650269075,-55.96378745435809
5.8058058058058055,300.27824821978066,-108.22381642317241,51.720339650269075,-56.16398765455829
5.8258258258258255,301.3136904550213,-109.34822058042083,51.720339650269075,-56.36418785475849
5.845845845845846,302.3491326902619,-110.47663274968527,51.720339650269075,-56.56438805495869
5.865865865865866,303.38457492550253,-111.60905293096572,51.720339650269075,-56.76458825515889
5.885885885885886,304.42001716074316,-112.7454811242622,51.720339650269075,-56.96478845535909
5.905905905905906,305.4554593959838,-113.8859173295747,51.720339650269075,-57.16498865555929
5.925925925925926,306.4909016312244,-115.03036154690321,51.720339650269075,-57.36518885575949
5.9459459459459465,307.526343866465,-116.17881377624774,51.720339650269075,-57.56538905595969
5.965965965965966,308.56178610170565,-117.3312740176083,51.720339650269075,-57.76558925615989
5.9859859859859865,309.5972283369463,-118.48774227098487,51.720339650269075,-57.96578945636009
6.006006006006006,310.6326705721869,-119.64821853637746,51.720339650269075,-58.16598965656029
6.026026026026026,311.6681128074275,-120.81270281378607,51.720339650269075,-58.36618985676049
6.046046046046047,312.70355504266814,-121.98119510321071,51.720339650269075,-58.56639005696069
6.066066066066066,313.73899727790877,-123.15369540465136,51.720339650269075,-58.76659025716089
6.086086086086087,314.7744395131494,-124.33020371810804,51.720339650269075,-58.96679045736109
6.106106106106106,315.80988174839,-125.51072004358073,51.720339650269075,-59.16699065756129
6.126126126126126,316.84532398363064,-126.69524438106944,51.720339650269075,-59.36719085776149
6.146146146146147,317.88076621887126,-127.88377673057418,51.720339650269075,-59.56739105796169
6.166166166166166,318.9162084541119,-129.07631709209494,51.720339650269075,-59.76759125816189
6.186186186186187,319.9516506893525,-130.27286546563172,51.720339650269075,-59.96779145836209
6.206206206206206,320.9870929245931,-131.47342185118453,51.720339650269075,-60.16799165856229
6.226226226226226,322.02253515983375,-132.67798624875334,51.720339650269075,-60.36819185876249
6.246246246246247,323.0579773950744,-133.88655865833817,51.720339650269075,-60.568392058962694
6.266266266266266,324.093419630315,-135.09913907993902,51.720339650269075,-60.768592259162894
6.286286286286287,325.1288618655556,-136.31572751355588,51.720339650269075,-60.968792459363094
6.306306306306306,326.16430410079624,-137.5363239591888,51.720339650269075,-61.168992659563294
6.326326326326326,327.19974633603687,-138.76092841683771,51.720339650269075,-61.369192859763494
6.346346346346347,328.2351885712775,-139.98954088650265,51.720339650269075,-61.569393059963694
6.366366366366366,329.2706308065181,-141.2221613681836,51.720339650269075,-61.769593260163894
6.386386386386387,330.30607304175874,-142.45878986188058,51.720339650269075,-61.969793460364095
6.406406406406406,331.34151527699936,-143.69942636759356,51.720339650269075,-62.169993660564295
6.426426426426426,332.37695751224,-144.9440708853226,51.720339650269075,-62.370193860764495
6.446446446446447,333.4123997474806,-146.19272341506763,51.720339650269075,-62.570394060964695
6.466466466466466,334.44784198272123,-147.4453839568287,51.720339650269075,-62.770594261164895
6.486486486486487,335.48328421796185,-148.70205251060577,51.720339650269075,-62.970794461365095
6.506506506506506,336.5187264532025,-149.96272907639886,51.720339650269075,-63.170994661565295
6.526526526526526,337.5541686884431,-151.22741365420796,51.720339650269075,-63.371194861765495
6.546546546546547,338.5896109236837,-152.4961062440331,51.720339650269075,-63.571395061965696
6.566566566566566,339.62505315892435,-153.76880684587425,51.720339650269075,-63.771595262165896
6.586586586586587,340.66049539416497,-155.04551545973143,51.720339650269075,-63.971795462366096
6.606606606606606,341.6959376294056,-156.32623208560463,51.720339650269075,-64.1719956625663
6.626626626626627,342.7313798646462,-157.61095672349384,51.720339650269075,-64.3721958627665
6.646646646646647,343.76682209988684,-158.89968937339907,51.720339650269075,-64.5723960629667
6.666666666666666,344.80226433512746,-160.1924300353203,51.720339650269075,-64.7725962631669
6.686686686686687,345.8377065703681,-161.4891787092576,51.720339650269075,-64.9727964633671
6.706706706706706,346.8731488056087,-162.7899353952109,51.720339650269075,-65.1729966635673
6.726726726726727,347.90859104084933,-164.09470009318022,51.720339650269075,-65.3731968637675
6.746746746746747,348.94403327608995,-165.40347280316556,51.720339650269075,-65.5733970639677
6.766766766766766,349.9794755113306,-166.7162535251669,51.720339650269075,-65.7735972641679
6.786786786786787,351.0149177465712,-168.03304225918427,51.720339650269075,-65.9737974643681
6.806806806806806,352.0503599818118,-169.35383900521768,51.720339650269075,-66.1739976645683
6.826826826826827,353.08580221705245,-170.6786437632671,51.720339650269075,-66.3741978647685
6.846846846846847,354.12124445229307,-172.00745653333254,51.720339650269075,-66.5743980649687
6.866866866866866,355.1566866875337,-173.340277315414,51.720339650269075,-66.7745982651689
6.886886886886887,356.1921289227743,-174.67710610951147,51.720339650269075,-66.9747984653691
6.906906906906906,357.22757115801494,-176.01794291562496,51.720339650269075,-67.1749986655693
6.926926926926927,358.26301339325556,-177.36278773375446,51.720339650269075,-67.3751988657695
6.946946946946947,359.2984556284962,-178.7116405639,51.720339650269075,-67.5753990659697
6.966966966966966,360.3338978637368,-180.06450140606157,51.720339650269075,-67.7755992661699
6.986986986986987,361.36934009897743,-181.42137026023914,51.720339650269075,-67.9757994663701
7.007007007007006,362.40478233421805,-182.78224712643274,51.720339650269075,-68.1759996665703
7.027027027027027,363.4402245694587,-184.14713200464234,51.720339650269075,-68.3761998667705
7.047047047047047,364.4756668046993,-185.51602489486797,51.720339650269075,-68.5764000669707
7.067067067067066,365.5111090399399,-186.88892579710964,51.720339650269075,-68.7766002671709
7.087087087087087,366.54655127518055,-188.26583471136732,51.720339650269075,-68.9768004673711
7.107107107107106,367.58199351042117,-189.64675163764102,51.720339650269075,-69.1770006675713
7.127127127127127,368.6174357456618,-191.03167657593073,51.720339650269075,-69.3772008677715
7.147147147147147,369.6528779809024,-192.42060952623646,51.720339650269075,-69.5774010679717
7.167167167167166,370.68832021614304,-193.8135504885582,51.720339650269075,-69.7776012681719
7.187187187187187,371.72376245138366,-195.210499462896,51.720339650269075,-69.9778014683721
7.207207207207206,372.7592046866243,-196.6114564492498,51.720339650269075,-70.1780016685723
7.227227227227227,373.7946469218649,-198.01642144761962,51.720339650269075,-70.3782018687725
7.247247247247247,374.83008915710553,-199.42539445800546,51.720339650269075,-70.57840206897271
7.267267267267268,375.86553139234616,-200.8383754804073,51.720339650269075,-70.77860226917291
7.287287287287287,376.9009736275868,-202.25536451482517,51.720339650269075,-70.97880246937311
7.3073073073073065,377.9364158628274,-203.67636156125906,51.720339650269075,-71.17900266957331
7.327327327327327,378.971858098068,-205.10136661970898,51.720339650269075,-71.37920286977351
7.347347347347347,380.00730033330865,-206.53037969017493,51.720339650269075,-71.57940306997371
7.367367367367368,381.0427425685493,-207.96340077265688,51.720339650269075,-71.77960327017391
7.387387387387387,382.0781848037899,-209.40042986715486,51.720339650269075,-71.97980347037411
7.4074074074074066,383.1136270390305,-210.84146697366884,51.720339650269075,-72.18000367057431
7.4274274274274275,384.14906927427114,-212.28651209219885,51.720339650269075,-72.38020387077451
7.4474474474474475,385.18451150951176,-213.7355652227449,51.720339650269075,-72.58040407097471
7.467467467467468,386.2199537447524,-215.18862636530696,51.720339650269075,-72.78060427117491
7.4874874874874875,387.255395979993,-216.64569551988504,51.720339650269075,-72.98080447137511
7.507507507507507,388.29083821523363,-218.10677268647913,51.720339650269075,-73.18100467157531
7.5275275275275275,389.32628045047426,-219.57185786508924,51.720339650269075,-73.38120487177551
7.5475475475475475,390.3617226857149,-221.04095105571537,51.720339650269075,-73.58140507197571
7.567567567567568,391.3971649209555,-222.51405225835754,51.720339650269075,-73.78160527217591
7.587587587587588,392.4326071561961,-223.99116147301572,51.720339650269075,-73.98180547237611
7.607607607607607,393.46804939143675,-225.47227869968992,51.720339650269075,-74.18200567257631
7.627627627627628,394.5034916266774,-226.95740393838014,51.720339650269075,-74.38220587277651
7.647647647647648,395.538933861918,-228.44653718908637,51.720339650269075,-74.58240607297671
7.6676676676676685,396.5743760971586,-229.93967845180862,51.720339650269075,-74.78260627317691
7.687687687687688,397.60981833239924,-231.43682772654688,51.720339650269075,-74.98280647337711
7.707707707707707,398.64526056763987,-232.9379850133012,51.720339650269075,-75.18300667357731
7.727727727727728,399.6807028028805,-234.4431503120715,51.720339650269075,-75.38320687377751
7.747747747747748,400.7161450381211,-235.95232362285785,51.720339650269075,-75.58340707397771
7.767767767767769,401.75158727336174,-237.4655049456602,51.720339650269075,-75.78360727417791
7.787787787787788,402.78702950860236,-238.98269428047857,51.720339650269075,-75.98380747437811
7.807807807807807,403.822471743843,-240.50389162731295,51.720339650269075,-76.18400767457831
7.827827827827828,404.8579139790836,-242.02909698616338,51.720339650269075,-76.38420787477851
7.847847847847848,405.8933562143242,-243.55831035702982,51.720339650269075,-76.58440807497871
7.867867867867869,406.92879844956485,-245.09153173991228,51.720339650269075,-76.78460827517891
7.887887887887888,407.9642406848055,-246.62876113481076,51.720339650269075,-76.98480847537911
7.907907907907909,408.9996829200461,-248.16999854172525,51.720339650269075,-77.18500867557931
7.927927927927928,410.0351251552867,-249.71524396065576,51.720339650269075,-77.38520887577951
7.947947947947948,411.07056739052734,-251.2644973916023,51.720339650269075,-77.58540907597971
7.967967967967969,412.10600962576797,-252.81775883456487,51.720339650269075,-77.78560927617991
7.987987987987988,413.1414518610086,-254.37502828954345,51.720339650269075,-77.98580947638011
8.008008008008009,414.1768940962492,-255.93630575653805,51.720339650269075,-78.18600967658031
8.028028028028029,415.21233633148984,-257.5015912355487,51.720339650269075,-78.38620987678051
8.048048048048047,416.24777856673046,-259.07088472657534,51.720339650269075,-78.58641007698071
8.068068068068069,417.2832208019711,-260.644186229618,51.720339650269075,-78.78661027718091
8.088088088088089,418.3186630372117,-262.2214957446767,51.720339650269075,-78.98681047738111
8.108108108108109,419.35410527245233,-263.8028132717514,51.720339650269075,-79.18701067758131
8.128128128128129,420.38954750769295,-265.3881388108421,51.720339650269075,-79.38721087778151
8.148148148148147,421.4249897429336,-266.97747236194886,51.720339650269075,-79.58741107798171
8.168168168168169,422.4604319781742,-268.5708139250716,51.720339650269075,-79.78761127818191
8.188188188188189,423.4958742134148,-270.16816350021037,51.720339650269075,-79.98781147838211
8.208208208208209,424.53131644865545,-271.76952108736515,51.720339650269075,-80.18801167858231
8.228228228228229,425.56675868389607,-273.37488668653594,51.720339650269075,-80.38821187878251
8.248248248248247,426.6022009191367,-274.98426029772276,51.720339650269075,-80.58841207898271
8.268268268268269,427.6376431543773,-276.59764192092564,51.720339650269075,-80.78861227918291
8.288288288288289,428.67308538961794,-278.21503155614454,51.720339650269075,-80.98881247938311
8.308308308308309,429.70852762485856,-279.83642920337945,51.720339650269075,-81.18901267958331
8.328328328328329,430.7439698600992,-281.4618348626304,51.720339650269075,-81.38921287978351
8.348348348348347,431.7794120953398,-283.0912485338973,51.720339650269075,-81.58941307998371
8.368368368368369,432.81485433058043,-284.7246702171803,51.720339650269075,-81.78961328018391
8.388388388388389,433.85029656582105,-286.36209991247927,51.720339650269075,-81.98981348038411
8.408408408408409,434.8857388010617,-288.00353761979426,51.720339650269075,-82.19001368058431
8.428428428428429,435.9211810363023,-289.64898333912527,51.720339650269075,-82.39021388078451
8.448448448448449,436.9566232715429,-291.2984370704723,51.720339650269075,-82.59041408098471
8.468468468468469,437.99206550678355,-292.9518988138353,51.720339650269075,-82.79061428118492
8.488488488488489,439.02750774202417,-294.6093685692144,51.720339650269075,-82.99081448138512
8.508508508508509,440.0629499772648,-296.27084633660945,51.720339650269075,-83.19101468158532
8.528528528528529,441.0983922125054,-297.9363321160206,51.720339650269075,-83.39121488178552
8.548548548548549,442.13383444774604,-299.60582590744775,51.720339650269075,-83.59141508198572
8.568568568568569,443.16927668298666,-301.2793277108909,51.720339650269075,-83.79161528218592
8.588588588588589,444.2047189182273,-302.9568375263501,51.720339650269075,-83.99181548238612
8.608608608608609,445.2401611534679,-304.6383553538253,51.720339650269075,-84.19201568258632
8.62862862862863,446.27560338870853,-306.32388119331654,51.720339650269075,-84.39221588278652
8.64864864864865,447.31104562394916,-308.0134150448238,51.720339650269075,-84.59241608298672
8.66866866866867,448.3464878591898,-309.706956908347,51.720339650269075,-84.79261628318692
8.68868868868869,449.3819300944304,-311.4045067838863,51.720339650269075,-84.99281648338712
8.70870870870871,450.417372329671,-313.1060646714416,51.720339650269075,-85.19301668358732
8.72872872872873,451.45281456491165,-314.81163057101287,51.720339650269075,-85.39321688378752
8.74874874874875,452.48825680015227,-316.5212044826002,51.720339650269075,-85.59341708398772
8.76876876876877,453.5236990353929,-318.23478640620357,51.720339650269075,-85.79361728418792
8.78878878878879,454.5591412706335,-319.95237634182297,51.720339650269075,-85.99381748438812
8.80880880880881,455.59458350587414,-321.6739742894584,51.720339650269075,-86.19401768458832
8.82882882882883,456.63002574111476,-323.3995802491098,51.720339650269075,-86.39421788478852
8.84884884884885,457.6654679763554,-325.12919422077726,51.720339650269075,-86.59441808498872
8.86886886886887,458.700910211596,-326.8628162044607,51.720339650269075,-86.79461828518892
8.88888888888889,459.73635244683663,-328.6004462001602,51.720339650269075,-86.99481848538912
8.90890890890891,460.77179468207726,-330.3420842078757,51.720339650269075,-87.19501868558932
8.92892892892893,461.8072369173179,-332.0877302276072,51.720339650269075,-87.39521888578952
8.94894894894895,462.8426791525585,-333.83738425935474,51.720339650269075,-87.59541908598972
8.96896896896897,463.8781213877991,-335.5910463031183,51.720339650269075,-87.79561928618992
8.98898898898899,464.91356362303975,-337.34871635889783,51.720339650269075,-87.99581948639012
9.00900900900901,465.9490058582804,-339.1103944266934,51.720339650269075,-88.19601968659032
9.02902902902903,466.984448093521,-340.87608050650505,51.720339650269075,-88.39621988679052
9.04904904904905,468.0198903287616,-342.6457745983327,51.720339650269075,-88.59642008699072
9.06906906906907,469.05533256400224,-344.4194767021764,51.720339650269075,-88.79662028719092
9.08908908908909,470.09077479924287,-346.1971868180361,51.720339650269075,-88.99682048739112
9.10910910910911,471.1262170344835,-347.9789049459118,51.720339650269075,-89.19702068759132
9.12912912912913,472.1616592697241,-349.7646310858035,51.720339650269075,-89.39722088779152
9.14914914914915,473.19710150496473,-351.55436523771124,51.720339650269075,-89.59742108799172
9.16916916916917,474.23254374020536,-353.348107401635,51.720339650269075,-89.79762128819192
9.18918918918919,475.267985975446,-355.14585757757476,51.720339650269075,-89.99782148839212
9.20920920920921,476.3034282106866,-356.94761576553054,51.720339650269075,-90.19802168859232
9.22922922922923,477.3388704459272,-358.75338196550234,51.720339650269075,-90.39822188879252
9.24924924924925,478.37431268116785,-360.56315617749016,51.720339650269075,-90.59842208899272
9.26926926926927,479.4097549164085,-362.376938401494,51.720339650269075,-90.79862228919292
9.28928928928929,480.4451971516491,-364.1947286375139,51.720339650269075,-90.99882248939312
9.30930930930931,481.4806393868897,-366.0165268855498,51.720339650269075,-91.19902268959332
9.32932932932933,482.51608162213034,-367.84233314560174,51.720339650269075,-91.39922288979352
9.34934934934935,483.55152385737097,-369.6721474176697,51.720339650269075,-91.59942308999372
9.36936936936937,484.5869660926116,-371.50596970175366,51.720339650269075,-91.79962329019392
9.38938938938939,485.6224083278522,-373.34379999785364,51.720339650269075,-91.99982349039412
9.40940940940941,486.65785056309284,-375.18563830596963,51.720339650269075,-92.20002369059432
9.42942942942943,487.69329279833346,-377.03148462610164,51.720339650269075,-92.40022389079452
9.44944944944945,488.7287350335741,-378.88133895824967,51.720339650269075,-92.60042409099472
9.46946946946947,489.7641772688147,-380.7352013024137,51.720339650269075,-92.80062429119492
9.48948948948949,490.79961950405533,-382.5930716585938,51.720339650269075,-93.00082449139512
9.50950950950951,491.83506173929595,-384.45495002678985,51.720339650269075,-93.20102469159532
9.52952952952953,492.8705039745366,-386.320836407002,51.720339650269075,-93.40122489179552
9.54954954954955,493.9059462097772,-388.19073079923015,51.720339650269075,-93.60142509199572
9.56956956956957,494.9413884450178,-390.06463320347433,51.720339650269075,-93.80162529219592
9.58958958958959,495.97683068025844,-391.9425436197345,51.720339650269075,-94.00182549239612
9.60960960960961,497.01227291549907,-393.82446204801073,51.720339650269075,-94.20202569259632
9.62962962962963,498.0477151507397,-395.71038848830295,51.720339650269075,-94.40222589279652
9.64964964964965,499.0831573859803,-397.6003229406112,51.720339650269075,-94.60242609299672
9.66966966966967,500.11859962122094,-399.49426540493545,51.720339650269075,-94.80262629319692
9.68968968968969,501.15404185646156,-401.3922158812757,51.720339650269075,-95.00282649339712
9.70970970970971,502.1894840917022,-403.294174369632,51.720339650269075,-95.20302669359732
9.72972972972973,503.2249263269428,-405.2001408700043,51.720339650269075,-95.40322689379752
9.74974974974975,504.26036856218343,-407.1101153823926,51.720339650269075,-95.60342709399772
9.76976976976977,505.29581079742405,-409.02409790679695,51.720339650269075,-95.80362729419792
9.78978978978979,506.3312530326647,-410.94208844321736,51.720339650269075,-96.00382749439812
9.80980980980981,507.3666952679053,-412.8640869916538,51.720339650269075,-96.20402769459832
9.82982982982983,508.4021375031459,-414.7900935521062,51.720339650269075,-96.40422789479852
9.84984984984985,509.43757973838655,-416.72010812457466,51.720339650269075,-96.60442809499872
9.86986986986987,510.47302197362717,-418.65413070905913,51.720339650269075,-96.80462829519892
9.88988988988989,511.5084642088678,-420.5921613055596,51.720339650269075,-97.00482849539912
9.90990990990991,512.5439064441084,-422.5341999140761,51.720339650269075,-97.20502869559932
9.92992992992993,513.579348679349,-424.4802465346086,51.720339650269075,-97.40522889579952
9.94994994994995,514.6147909145895,-426.43030116715715,51.720339650269075,-97.60542909599972
9.96996996996997,515.6502331498301,-428.3843638117217,51.720339650269075,-97.80562929619992
9.98998998998999,516.6856753850707,-430.34243446830226,51.720339650269075,-98.00582949640012
10.01001001001001,517.7211176203112,-432.30451313689883,51.720339650269075,-98.20602969660032
10.03003003003003,518.7565598555518,-434.2705998175114,51.720339650269075,-98.40622989680053
10.05005005005005,519.7920020907924,-436.2406945101401,51.720339650269075,-98.60643009700073
10.07007007007007,520.827444326033,-438.21479721478477,51.720339650269075,-98.80663029720093
10.09009009009009,521.8628865612735,-440.19290793144546,51.720339650269075,-99.00683049740113
10.11011011011011,522.8983287965141,-442.17502666012217,51.720339650269075,-99.20703069760133
10.13013013013013,523.9337710317546,-444.1611534008149,51.720339650269075,-99.40723089780153
10.15015015015015,524.9692132669952,-446.15128815352364,51.720339650269075,-99.60743109800173
10.17017017017017,526.0046555022358,-448.1454309182484,51.720339650269075,-99.80763129820193
10.19019019019019,527.0400977374763,-450.14358169498917,51.720339650269075,-100.00783149840213
10.21021021021021,528.0755399727169,-452.14574048374595,51.720339650269075,-100.20803169860233
10.23023023023023,529.1109822079575,-454.15190728451876,51.720339650269075,-100.40823189880253
10.25025025025025,530.146424443198,-456.1620820973076,51.720339650269075,-100.60843209900273
10.27027027027027,531.1818666784386,-458.1762649221124,51.720339650269075,-100.80863229920293
10.29029029029029,532.2173089136792,-460.1944557589333,51.720339650269075,-101.00883249940313
10.31031031031031,533.2527511489197,-462.21665460777024,51.720339650269075,-101.20903269960333
10.33033033033033,534.2881933841603,-464.2428614686232,51.720339650269075,-101.40923289980353
10.35035035035035,535.3236356194009,-466.27307634149213,51.720339650269075,-101.60943310000373
10.37037037037037,536.3590778546414,-468.3072992263771,51.720339650269075,-101.80963330020393
10.39039039039039,537.394520089882,-470.3455301232781,51.720339650269075,-102.00983350040413
10.41041041041041,538.4299623251226,-472.3877690321951,51.720339650269075,-102.21003370060433
10.43043043043043,539.4654045603631,-474.4340159531281,51.720339650269075,-102.41023390080453
10.45045045045045,540.5008467956037,-476.4842708860771,51.720339650269075,-102.61043410100473
10.47047047047047,541.5362890308443,-478.5385338310422,51.720339650269075,-102.81063430120493
10.49049049049049,542.5717312660848,-480.59680478802323,51.720339650269075,-103.01083450140513
10.51051051051051,543.6071735013254,-482.6590837570203,51.720339650269075,-103.21103470160533
10.53053053053053,544.642615736566,-484.7253707380334,51.720339650269075,-103.41123490180553
10.55055055055055,545.6780579718065,-486.79566573106257,51.720339650269075,-103.61143510200573
10.57057057057057,546.7135002070471,-488.86996873610775,51.720339650269075,-103.81163530220593
10.59059059059059,547.7489424422877,-490.94827975316895,51.720339650269075,-104.01183550240613
10.61061061061061,548.7843846775282,-493.03059878224616,51.720339650269075,-104.21203570260633
10.63063063063063,549.8198269127688,-495.1169258233394,51.720339650269075,-104.41223590280653
10.65065065065065,550.8552691480094,-497.20726087644863,51.720339650269075,-104.61243610300673
10.67067067067067,551.8907113832499,-499.3016039415739,51.720339650269075,-104.81263630320693
10.690690690690692,552.9261536184905,-501.39995501871516,51.720339650269075,-105.01283650340713
10.71071071071071,553.9615958537311,-503.50231410787245,51.720339650269075,-105.21303670360733
10.73073073073073,554.9970380889716,-505.60868120904576,51.720339650269075,-105.41323690380753
10.75075075075075,556.0324803242122,-507.7190563222351,51.720339650269075,-105.61343710400773
10.77077077077077,557.0679225594528,-509.8334394474404,51.720339650269075,-105.81363730420793
10.790790790790792,558.1033647946933,-511.9518305846618,51.720339650269075,-106.01383750440813
10.81081081081081,559.1388070299339,-514.0742297338992,51.720339650269075,-106.21403770460833
10.83083083083083,560.1742492651745,-516.2006368951526,51.720339650269075,-106.41423790480853
10.85085085085085,561.209691500415,-518.331052068422,51.720339650269075,-106.61443810500873
10.87087087087087,562.2451337356556,-520.4654752537074,51.720339650269075,-106.81463830520893
10.890890890890892,563.2805759708962,-522.6039064510088,51.720339650269075,-107.01483850540913
10.91091091091091,564.3160182061367,-524.7463456603263,51.720339650269075,-107.21503870560933
10.93093093093093,565.3514604413773,-526.8927928816598,51.720339650269075,-107.41523890580953
10.95095095095095,566.3869026766179,-529.0432481150094,51.720339650269075,-107.61543910600973
10.97097097097097,567.4223449118584,-531.197711360375,51.720339650269075,-107.81563930620993
10.990990990990992,568.457787147099,-533.3561826177566,51.720339650269075,-108.01583950641013
11.01101101101101,569.4932293823396,-535.5186618871543,51.720339650269075,-108.21603970661033
11.03103103103103,570.5286716175801,-537.6851491685679,51.720339650269075,-108.41623990681053
11.05105105105105,571.5641138528207,-539.8556444619976,51.720339650269075,-108.61644010701073
11.07107107107107,572.5995560880613,-542.0301477674433,51.720339650269075,-108.81664030721093
11.091091091091092,573.6349983233018,-544.208659084905,51.720339650269075,-109.01684050741113
11.11111111111111,574.6704405585424,-546.3911784143827,51.720339650269075,-109.21704070761133
11.13113113113113,575.705882793783,-548.5777057558764,51.720339650269075,-109.41724090781153
11.15115115115115,576.7413250290235,-550.7682411093862,51.720339650269075,-109.61744110801173
11.17117117117117,577.7767672642641,-552.9627844749119,51.720339650269075,-109.81764130821193
11.191191191191193,578.8122094995047,-555.1613358524537,51.720339650269075,-110.01784150841213
11.21121121121121,579.8476517347452,-557.3638952420115,51.720339650269075,-110.21804170861233
11.23123123123123,580.8830939699858,-559.5704626435853,51.720339650269075,-110.41824190881253
11.25125125125125,581.9185362052264,-561.7810380571751,51.720339650269075,-110.61844210901273
11.27127127127127,582.9539784404669,-563.995621482781,51.720339650269075,-110.81864230921293
11.291291291291293,583.9894206757075,-566.2142129204028,51.720339650269075,-111.01884250941313
11.31131131131131,585.0248629109481,-568.4368123700407,51.720339650269075,-111.21904270961333
11.33133133133133,586.0603051461886,-570.6634198316946,51.720339650269075,-111.41924290981353
11.35135135135135,587.0957473814292,-572.8940353053645,51.720339650269075,-111.61944311001373
11.37137137137137,588.1311896166698,-575.1286587910504,51.720339650269075,-111.81964331021393
11.391391391391393,589.1666318519103,-577.3672902887523,51.720339650269075,-112.01984351041413
11.411411411411411,590.2020740871509,-579.6099297984703,51.720339650269075,-112.22004371061433
11.431431431431431,591.2375163223915,-581.8565773202043,51.720339650269075,-112.42024391081453
11.451451451451451,592.272958557632,-584.1072328539544,51.720339650269075,-112.62044411101473
11.471471471471471,593.3084007928726,-586.3618963997205,51.720339650269075,-112.82064431121493
11.491491491491493,594.3438430281132,-588.6205679575027,51.720339650269075,-113.02084451141513
11.511511511511511,595.3792852633537,-590.8832475273008,51.720339650269075,-113.22104471161533
11.531531531531531,596.4147274985943,-593.149935109115,51.720339650269075,-113.42124491181553
11.551551551551551,597.4501697338349,-595.4206307029451,51.720339650269075,-113.62144511201573
11.571571571571571,598.4856119690754,-597.6953343087913,51.720339650269075,-113.82164531221594
11.591591591591593,599.521054204316,-599.9740459266535,51.720339650269075,-114.02184551241614
11.611611611611611,600.5564964395566,-602.2567655565317,51.720339650269075,-114.22204571261634
11.631631631631631,601.5919386747971,-604.543493198426,51.720339650269075,-114.42224591281654
11.651651651651651,602.6273809100377,-606.8342288523362,51.720339650269075,-114.62244611301674
11.671671671671671,603.6628231452783,-609.1289725182625,51.720339650269075,-114.82264631321694
11.691691691691693,604.6982653805188,-611.4277241962047,51.720339650269075,-115.02284651341714
11.711711711711711,605.7337076157594,-613.730483886163,51.720339650269075,-115.22304671361734
11.731731731731731,606.769149851,-616.0372515881373,51.720339650269075,-115.42324691381754
11.751751751751751,607.8045920862405,-618.3480273021277,51.720339650269075,-115.62344711401774
11.771771771771771,608.8400343214811,-620.662811028134,51.720339650269075,-115.82364731421794
11.791791791791793,609.8754765567217,-622.9816027661564,51.720339650269075,-116.02384751441814
11.811811811811811,610.9109187919622,-625.3044025161947,51.720339650269075,-116.22404771461834
11.831831831831831,611.9463610272028,-627.6312102782491,51.720339650269075,-116.42424791481854
11.851851851851851,612.9818032624433,-629.9620260523195,51.720339650269075,-116.62444811501874
11.871871871871871,614.0172454976839,-632.2968498384059,51.720339650269075,-116.82464831521894
11.891891891891893,615.0526877329245,-634.6356816365084,51.720339650269075,-117.02484851541914
11.911911911911911,616.088129968165,-636.9785214466268,51.720339650269075,-117.22504871561934
11.931931931931931,617.1235722034056,-639.3253692687614,51.720339650269075,-117.42524891581954
11.951951951951951,618.1590144386462,-641.676225102912,51.720339650269075,-117.62544911601974
11.971971971971973,619.1944566738867,-644.0310889490786,51.720339650269075,-117.82564931621994
11.991991991991993,620.2298989091273,-646.3899608072612,51.720339650269075,-118.02584951642014
12.012012012012011,621.2653411443679,-648.7528406774599,51.720339650269075,-118.22604971662034
12.032032032032031,622.3007833796084,-651.1197285596745,51.720339650269075,-118.42624991682054
12.052052052052051,623.336225614849,-653.4906244539052,51.720339650269075,-118.62645011702074
12.072072072072073,624.3716678500896,-655.8655283601519,51.720339650269075,-118.82665031722094
12.092092092092093,625.4071100853301,-658.2444402784146,51.720339650269075,-119.02685051742114
12.112112112112111,626.4425523205707,-660.6273602086933,51.720339650269075,-119.22705071762134
12.132132132132131,627.4779945558113,-663.014288150988,51.720339650269075,-119.42725091782154
12.152152152152151,628.5134367910518,-665.4052241052988,51.720339650269075,-119.62745111802174
12.172172172172173,629.5488790262924,-667.8001680716255,51.720339650269075,-119.82765131822194
12.192192192192193,630.584321261533,-670.1991200499683,51.720339650269075,-120.02785151842214
12.212212212212211,631.6197634967735,-672.6020800403271,51.720339650269075,-120.22805171862234
12.232232232232231,632.6552057320141,-675.0090480427019,51.720339650269075,-120.42825191882254
12.252252252252251,633.6906479672547,-677.4200240570927,51.720339650269075,-120.62845211902274
12.272272272272273,634.7260902024952,-679.8350080834996,51.720339650269075,-120.82865231922294
12.292292292292293,635.7615324377358,-682.2540001219224,51.720339650269075,-121.02885251942314
12.312312312312311,636.7969746729764,-684.6770001723613,51.720339650269075,-121.22905271962334
12.332332332332332,637.8324169082169,-687.1040082348162,51.720339650269075,-121.42925291982354
12.352352352352352,638.8678591434575,-689.5350243092871,51.720339650269075,-121.62945312002374
12.372372372372373,639.9033013786981,-691.970048395774,51.720339650269075,-121.82965332022394
12.392392392392393,640.9387436139386,-694.409080494277,51.720339650269075,-122.02985352042414
12.412412412412412,641.9741858491792,-696.8521206047959,51.720339650269075,-122.23005372062434
12.432432432432432,643.0096280844198,-699.2991687273309,51.720339650269075,-122.43025392082454
12.452452452452452,644.0450703196603,-701.750224861882,51.720339650269075,-122.63045412102474
12.472472472472473,645.0805125549009,-704.2052890084491,51.720339650269075,-122.83065432122494
12.492492492492493,646.1159547901415,-706.6643611670322,51.720339650269075,-123.03085452142514
12.512512512512512,647.151397025382,-709.1274413376314,51.720339650269075,-123.23105472162534
12.532532532532532,648.1868392606226,-711.5945295202465,51.720339650269075,-123.43125492182554
12.552552552552552,649.2222814958632,-714.0656257148777,51.720339650269075,-123.63145512202574
12.572572572572573,650.2577237311037,-716.5407299215249,51.720339650269075,-123.83165532222594
12.592592592592593,651.2931659663443,-719.0198421401881,51.720339650269075,-124.03185552242614
12.612612612612612,652.3286082015849,-721.5029623708673,51.720339650269075,-124.23205572262634
12.632632632632632,653.3640504368254,-723.9900906135625,51.720339650269075,-124.43225592282654
12.652652652652652,654.399492672066,-726.4812268682738,51.720339650269075,-124.63245612302674
12.672672672672673,655.4349349073066,-728.976371135001,51.720339650269075,-124.83265632322694
12.692692692692694,656.4703771425471,-731.4755234137443,51.720339650269075,-125.03285652342714
12.712712712712712,657.5058193777877,-733.9786837045036,51.720339650269075,-125.23305672362734
12.732732732732732,658.5412616130283,-736.4858520072789,51.720339650269075,-125.43325692382754
12.752752752752752,659.5767038482688,-738.9970283220703,51.720339650269075,-125.63345712402774
12.772772772772774,660.6121460835094,-741.5122126488776,51.720339650269075,-125.83365732422794
12.792792792792794,661.64758831875,-744.031404987701,51.720339650269075,-126.03385752442814
12.812812812812812,662.6830305539905,-746.5546053385403,51.720339650269075,-126.23405772462834
12.832832832832832,663.7184727892311,-749.0818137013957,51.720339650269075,-126.43425792482854
12.852852852852852,664.7539150244717,-751.6130300762671,51.720339650269075,-126.63445812502874
12.872872872872874,665.7893572597122,-754.1482544631546,51.720339650269075,-126.83465832522894
12.892892892892894,666.8247994949528,-756.687486862058,51.720339650269075,-127.03485852542914
12.912912912912912,667.8602417301934,-759.2307272729774,51.720339650269075,-127.23505872562934
12.932932932932932,668.8956839654339,-761.7779756959129,51.720339650269075,-127.43525892582954
12.952952952952952,669.9311262006745,-764.3292321308645,51.720339650269075,-127.63545912602974
12.972972972972974,670.9665684359151,-766.8844965778321,51.720339650269075,-127.83565932622994
12.992992992992994,672.0020106711556,-769.4437690368158,51.720339650269075,-128.03585952643016
13.013013013013012,673.0374529063962,-772.0070495078154,51.720339650269075,-128.23605972663037
13.033033033033032,674.0728951416368,-774.574337990831,51.720339650269075,-128.4362599268306
13.053053053053052,675.1083373768773,-777.1456344858627,51.720339650269075,-128.6364601270308
13.073073073073074,676.1437796121179,-779.7209389929104,51.720339650269075,-128.83666032723102
13.093093093093094,677.1792218473585,-782.3002515119741,51.720339650269075,-129.03686052743123
13.113113113113112,678.214664082599,-784.8835720430538,51.720339650269075,-129.23706072763144
13.133133133133132,679.2501063178396,-787.4709005861496,51.720339650269075,-129.43726092783166
13.153153153153154,680.2855485530802,-790.0622371412613,51.720339650269075,-129.63746112803187
13.173173173173174,681.3209907883207,-792.6575817083891,51.720339650269075,-129.8376613282321
13.193193193193194,682.3564330235613,-795.2569342875329,51.720339650269075,-130.0378615284323
13.213213213213212,683.3918752588019,-797.8602948786927,51.720339650269075,-130.23806172863252
13.233233233233232,684.4273174940424,-800.4676634818685,51.720339650269075,-130.43826192883273
13.253253253253254,685.462759729283,-803.0790400970603,51.720339650269075,-130.63846212903294
13.273273273273274,686.4982019645236,-805.6944247242682,51.720339650269075,-130.83866232923316
13.293293293293294,687.5336441997641,-808.313817363492,51.720339650269075,-131.03886252943337
13.313313313313312,688.5690864350047,-810.9372180147319,51.720339650269075,-131.2390627296336
13.333333333333332,689.6045286702453,-813.5646266779878,51.720339650269075,-131.4392629298338
13.353353353353354,690.6399709054858,-816.1960433532597,51.720339650269075,-131.63946313003402
13.373373373373374,691.6754131407264,-818.8314680405476,51.720339650269075,-131.83966333023423
13.393393393393394,692.710855375967,-821.4709007398516,51.720339650269075,-132.03986353043445
13.413413413413412,693.7462976112075,-824.1143414511715,51.720339650269075,-132.24006373063466
13.433433433433432,694.7817398464481,-826.7617901745076,51.720339650269075,-132.44026393083487
13.453453453453454,695.8171820816887,-829.4132469098597,51.720339650269075,-132.6404641310351
13.473473473473474,696.8526243169292,-832.0687116572278,51.720339650269075,-132.8406643312353
13.493493493493494,697.8880665521698,-834.728184416612,51.720339650269075,-133.04086453143552
13.513513513513512,698.9235087874104,-837.3916651880121,51.720339650269075,-133.24106473163573
13.533533533533532,699.9589510226509,-840.0591539714283,51.720339650269075,-133.44126493183595
13.553553553553554,700.9943932578915,-842.7306507668604,51.720339650269075,-133.64146513203616
13.573573573573574,702.029835493132,-845.4061555743086,51.720339650269075,-133.84166533223637
13.593593593593594,703.0652777283726,-848.0856683937728,51.720339650269075,-134.0418655324366
13.613613613613612,704.1007199636132,-850.7691892252531,51.720339650269075,-134.2420657326368
13.633633633633632,705.1361621988538,-853.4567180687493,51.720339650269075,-134.44226593283702
13.653653653653654,706.1716044340943,-856.1482549242616,51.720339650269075,-134.64246613303723
13.673673673673674,707.2070466693349,-858.8437997917898,51.720339650269075,-134.84266633323745
13.693693693693694,708.2424889045755,-861.5433526713341,51.720339650269075,-135.04286653343766
13.713713713713712,709.277931139816,-864.2469135628944,51.720339650269075,-135.24306673363787
13.733733733733732,710.3133733750566,-866.9544824664707,51.720339650269075,-135.4432669338381
13.753753753753754,711.3488156102972,-869.666059382063,51.720339650269075,-135.6434671340383
13.773773773773774,712.3842578455377,-872.3816443096714,51.720339650269075,-135.84366733423852
13.793793793793794,713.4197000807783,-875.1012372492958,51.720339650269075,-136.04386753443873
13.813813813813812,714.4551423160189,-877.8248382009361,51.720339650269075,-136.24406773463895
13.833833833833832,715.4905845512594,-880.5524471645925,51.720339650269075,-136.44426793483916
13.853853853853854,716.5260267865,-883.284064140265,51.720339650269075,-136.64446813503938
13.873873873873874,717.5614690217405,-886.0196891279534,51.720339650269075,-136.8446683352396
13.893893893893894,718.5969112569811,-888.7593221276578,51.720339650269075,-137.0448685354398
13.913913913913913,719.6323534922217,-891.5029631393784,51.720339650269075,-137.24506873564002
13.933933933933933,720.6677957274622,-894.250612163115,51.720339650269075,-137.44526893584023
13.953953953953954,721.7032379627028,-897.0022691988676,51.720339650269075,-137.64546913604045
13.973973973973974,722.7386801979434,-899.7579342466362,51.720339650269075,-137.84566933624066
13.993993993993994,723.774122433184,-902.5176073064208,51.720339650269075,-138.04586953644088
14.014014014014013,724.8095646684245,-905.2812883782215,51.720339650269075,-138.2460697366411
14.034034034034033,725.8450069036651,-908.0489774620381,51.720339650269075,-138.4462699368413
14.054054054054054,726.8804491389056,-910.8206745578708,51.720339650269075,-138.64647013704152
14.074074074074074,727.9158913741462,-913.5963796657195,51.720339650269075,-138.84667033724173
14.094094094094094,728.9513336093868,-916.3760927855842,51.720339650269075,-139.04687053744195
14.114114114114113,729.9867758446273,-919.1598139174649,51.720339650269075,-139.24707073764216
14.134134134134133,731.0222180798679,-921.9475430613617,51.720339650269075,-139.44727093784238
14.154154154154154,732.0576603151085,-924.7392802172744,51.720339650269075,-139.6474711380426
14.174174174174174,733.093102550349,-927.5350253852032,51.720339650269075,-139.8476713382428
14.194194194194194,734.1285447855896,-930.334778565148,51.720339650269075,-140.04787153844302
14.214214214214213,735.1639870208302,-933.1385397571088,51.720339650269075,-140.24807173864323
14.234234234234233,736.1994292560707,-935.9463089610856,51.720339650269075,-140.44827193884345
14.254254254254255,737.2348714913113,-938.7580861770784,51.720339650269075,-140.64847213904366
14.274274274274275,738.2703137265519,-941.5738714050873,51.720339650269075,-140.84867233924388
14.294294294294295,739.3057559617924,-944.3936646451122,51.720339650269075,-141.0488725394441
14.314314314314313,740.341198197033,-947.217465897153,51.720339650269075,-141.2490727396443
14.334334334334333,741.3766404322736,-950.0452751612099,51.720339650269075,-141.44927293984452
14.354354354354355,742.4120826675141,-952.8770924372828,51.720339650269075,-141.64947314004473
14.374374374374375,743.4475249027547,-955.7129177253719,51.720339650269075,-141.84967334024495
14.394394394394395,744.4829671379953,-958.5527510254769,51.720339650269075,-142.04987354044516
14.414414414414413,745.5184093732358,-961.396592337598,51.720339650269075,-142.25007374064538
14.434434434434436,746.5538516084764,-964.2444416617351,51.720339650269075,-142.4502739408456
14.454454454454455,747.589293843717,-967.0962989978882,51.720339650269075,-142.6504741410458
14.474474474474475,748.6247360789575,-969.9521643460573,51.720339650269075,-142.85067434124602
14.494494494494495,749.6601783141981,-972.8120377062424,51.720339650269075,-143.05087454144623
14.514514514514513,750.6956205494387,-975.6759190784436,51.720339650269075,-143.25107474164645
14.534534534534536,751.7310627846792,-978.5438084626608,51.720339650269075,-143.45127494184666
14.554554554554555,752.7665050199198,-981.415705858894,51.720339650269075,-143.65147514204688
14.574574574574575,753.8019472551604,-984.2916112671431,51.720339650269075,-143.8516753422471
14.594594594594595,754.8373894904009,-987.1715246874084,51.720339650269075,-144.0518755424473
14.614614614614613,755.8728317256415,-990.0554461196896,51.720339650269075,-144.25207574264752
14.634634634634637,756.9082739608821,-992.9433755639868,51.720339650269075,-144.45227594284773
14.654654654654655,757.9437161961226,-995.8353130203001,51.720339650269075,-144.65247614304795
14.674674674674675,758.9791584313632,-998.7312584886294,51.720339650269075,-144.85267634324816
14.694694694694695,760.0146006666038,-1001.6312119689746,51.720339650269075,-145.05287654344838
14.714714714714713,761.0500429018443,-1004.535173461336,51.720339650269075,-145.2530767436486
14.734734734734737,762.0854851370849,-1007.4431429657133,51.720339650269075,-145.4532769438488
14.754754754754755,763.1209273723255,-1010.3551204821066,51.720339650269075,-145.65347714404902
14.774774774774775,764.156369607566,-1013.271106010516,51.720339650269075,-145.85367734424923
14.794794794794795,765.1918118428066,-1016.1910995509413,51.720339650269075,-146.05387754444945
14.814814814814813,766.2272540780472,-1019.1151011033827,51.720339650269075,-146.25407774464966
14.834834834834837,767.2626963132877,-1022.0431106678401,51.720339650269075,-146.45427794484988
14.854854854854855,768.2981385485283,-1024.9751282443135,51.720339650269075,-146.6544781450501
14.874874874874875,769.3335807837689,-1027.911153832803,51.720339650269075,-146.8546783452503
14.894894894894895,770.3690230190094,-1030.8511874333085,51.720339650269075,-147.05487854545052
14.914914914914913,771.40446525425,-1033.79522904583,51.720339650269075,-147.25507874565074
14.934934934934937,772.4399074894906,-1036.7432786703675,51.720339650269075,-147.45527894585095
14.954954954954955,773.4753497247311,-1039.695336306921,51.720339650269075,-147.65547914605116
14.974974974974975,774.5107919599717,-1042.6514019554907,51.720339650269075,-147.85567934625138
14.994994994994995,775.5462341952123,-1045.6114756160762,51.720339650269075,-148.0558795464516
15.015015015015013,776.5816764304528,-1048.5755572886778,51.720339650269075,-148.2560797466518
15.035035035035037,777.6171186656934,-1051.5436469732954,51.720339650269075,-148.45627994685202
15.055055055055055,778.652560900934,-1054.515744669929,51.720339650269075,-148.65648014705224
15.075075075075075,779.6880031361745,-1057.4918503785786,51.720339650269075,-148.85668034725245
15.095095095095095,780.7234453714151,-1060.4719640992444,51.720339650269075,-149.05688054745266
15.115115115115113,781.7588876066557,-1063.4560858319262,51.720339650269075,-149.25708074765288
15.135135135135137,782.7943298418962,-1066.444215576624,51.720339650269075,-149.4572809478531
15.155155155155155,783.8297720771368,-1069.4363533333378,51.720339650269075,-149.6574811480533
15.175175175175175,784.8652143123774,-1072.4324991020676,51.720339650269075,-149.85768134825352
15.195195195195195,785.9006565476179,-1075.4326528828135,51.720339650269075,-150.05788154845374
15.215215215215213,786.9360987828585,-1078.4368146755753,51.720339650269075,-150.25808174865395
15.235235235235237,787.9715410180991,-1081.4449844803532,51.720339650269075,-150.45828194885416
15.255255255255255,789.0069832533396,-1084.457162297147,51.720339650269075,-150.65848214905438
15.275275275275275,790.0424254885802,-1087.473348125957,51.720339650269075,-150.8586823492546
15.295295295295295,791.0778677238208,-1090.493541966783,51.720339650269075,-151.0588825494548
15.315315315315313,792.1133099590613,-1093.517743819625,51.720339650269075,-151.25908274965502
15.335335335335337,793.1487521943019,-1096.5459536844828,51.720339650269075,-151.45928294985524
15.355355355355355,794.1841944295425,-1099.5781715613568,51.720339650269075,-151.65948315005545
15.375375375375375,795.219636664783,-1102.6143974502468,51.720339650269075,-151.85968335025566
15.395395395395395,796.2550789000236,-1105.6546313511528,51.720339650269075,-152.05988355045588
15.415415415415413,797.2905211352642,-1108.6988732640748,51.720339650269075,-152.2600837506561
15.435435435435437,798.3259633705047,-1111.7471231890129,51.720339650269075,-152.4602839508563
15.455455455455455,799.3614056057453,-1114.7993811259669,51.720339650269075,-152.66048415105652
15.475475475475475,800.3968478409859,-1117.855647074937,51.720339650269075,-152.86068435125674
15.495495495495495,801.4322900762264,-1120.915921035923,51.720339650269075,-153.06088455145695
15.515515515515514,802.467732311467,-1123.9802030089252,51.720339650269075,-153.26108475165717
15.535535535535537,803.5031745467076,-1127.0484929939432,51.720339650269075,-153.46128495185738
15.555555555555555,804.5386167819481,-1130.1207909909774,51.720339650269075,-153.6614851520576
15.575575575575575,805.5740590171887,-1133.1970970000277,51.720339650269075,-153.8616853522578
15.595595595595595,806.6095012524293,-1136.277411021094,51.720339650269075,-154.06188555245802
15.615615615615614,807.6449434876698,-1139.3617330541763,51.720339650269075,-154.26208575265824
15.635635635635637,808.6803857229104,-1142.4500630992745,51.720339650269075,-154.46228595285845
15.655655655655655,809.715827958151,-1145.542401156389,51.720339650269075,-154.66248615305867
15.675675675675675,810.7512701933915,-1148.6387472255192,51.720339650269075,-154.86268635325888
15.695695695695695,811.7867124286321,-1151.7391013066656,51.720339650269075,-155.0628865534591
15.715715715715717,812.8221546638727,-1154.843463399828,51.720339650269075,-155.2630867536593
15.735735735735737,813.8575968991132,-1157.9518335050063,51.720339650269075,-155.46328695385952
15.755755755755755,814.8930391343538,-1161.0642116222007,51.720339650269075,-155.66348715405974
15.775775775775776,815.9284813695944,-1164.1805977514111,51.720339650269075,-155.86368735425995
15.795795795795796,816.9639236048349,-1167.3009918926375,51.720339650269075,-156.06388755446017
15.815815815815817,817.9993658400755,-1170.42539404588,51.720339650269075,-156.26408775466038
15.835835835835837,819.034808075316,-1173.5538042111384,51.720339650269075,-156.4642879548606
15.855855855855856,820.0702503105566,-1176.686222388413,51.720339650269075,-156.6644881550608
15.875875875875876,821.1056925457972,-1179.8226485777034,51.720339650269075,-156.86468835526102
15.895895895895896,822.1411347810377,-1182.96308277901,51.720339650269075,-157.06488855546124
15.915915915915917,823.1765770162783,-1186.1075249923324,51.720339650269075,-157.26508875566145
15.935935935935937,824.2120192515189,-1189.255975217671,51.720339650269075,-157.46528895586167
15.955955955955956,825.2474614867594,-1192.4084334550255,51.720339650269075,-157.66548915606188
15.975975975975976,826.282903722,-1195.564899704396,51.720339650269075,-157.8656893562621
15.995995995995996,827.3183459572406,-1198.7253739657826,51.720339650269075,-158.0658895564623
16.016016016016017,828.3537881924811,-1201.8898562391853,51.720339650269075,-158.26608975666252
16.036036036036037,829.3892304277217,-1205.0583465246038,51.720339650269075,-158.46628995686274
16.056056056056057,830.4246726629623,-1208.2308448220385,51.720339650269075,-158.66649015706295
16.076076076076077,831.4601148982028,-1211.4073511314893,51.720339650269075,-158.86669035726317
16.096096096096094,832.4955571334434,-1214.587865452956,51.720339650269075,-159.06689055746338
16.116116116116117,833.530999368684,-1217.772387786439,51.720339650269075,-159.2670907576636
16.136136136136138,834.5664416039245,-1220.9609181319377,51.720339650269075,-159.4672909578638
16.156156156156158,835.6018838391651,-1224.1534564894525,51.720339650269075,-159.66749115806402
16.176176176176178,836.6373260744057,-1227.3500028589833,51.720339650269075,-159.86769135826424
16.196196196196194,837.6727683096462,-1230.5505572405302,51.720339650269075,-160.06789155846445
16.216216216216218,838.7082105448868,-1233.755119634093,51.720339650269075,-160.26809175866467
16.236236236236238,839.7436527801274,-1236.963690039672,51.720339650269075,-160.46829195886488
16.256256256256258,840.779095015368,-1240.1762684572668,51.720339650269075,-160.6684921590651
16.276276276276278,841.8145372506085,-1243.3928548868778,51.720339650269075,-160.8686923592653
16.296296296296294,842.8499794858491,-1246.6134493285047,51.720339650269075,-161.06889255946552
16.316316316316318,843.8854217210896,-1249.8380517821477,51.720339650269075,-161.26909275966574
16.336336336336338,844.9208639563302,-1253.0666622478066,51.720339650269075,-161.46929295986595
16.356356356356358,845.9563061915708,-1256.2992807254816,51.720339650269075,-161.66949316006617
16.376376376376378,846.9917484268113,-1259.5359072151725,51.720339650269075,-161.86969336026638
16.396396396396394,848.0271906620519,-1262.7765417168796,51.720339650269075,-162.0698935604666
16.416416416416418,849.0626328972925,-1266.0211842306026,51.720339650269075,-162.2700937606668
16.436436436436438,850.098075132533,-1269.2698347563417,51.720339650269075,-162.47029396086702
16.456456456456458,851.1335173677736,-1272.5224932940966,51.720339650269075,-162.67049416106724
16.476476476476478,852.1689596030142,-1275.7791598438678,51.720339650269075,-162.87069436126745
16.496496496496494,853.2044018382547,-1279.0398344056548,51.720339650269075,-163.07089456146767
16.516516516516518,854.2398440734953,-1282.304516979458,51.720339650269075,-163.27109476166788
16.536536536536538,855.2752863087359,-1285.5732075652772,51.720339650269075,-163.4712949618681
16.556556556556558,856.3107285439764,-1288.8459061631124,51.720339650269075,-163.6714951620683
16.576576576576578,857.346170779217,-1292.1226127729637,51.720339650269075,-163.87169536226853
16.596596596596594,858.3816130144576,-1295.403327394831,51.720339650269075,-164.07189556246874
16.616616616616618,859.4170552496981,-1298.6880500287143,51.720339650269075,-164.27209576266895
16.636636636636638,860.4524974849387,-1301.9767806746136,51.720339650269075,-164.47229596286917
16.656656656656658,861.4879397201793,-1305.269519332529,51.720339650269075,-164.67249616306938
16.676676676676678,862.5233819554198,-1308.5662660024602,51.720339650269075,-164.8726963632696
16.696696696696694,863.5588241906604,-1311.8670206844076,51.720339650269075,-165.0728965634698
16.716716716716718,864.594266425901,-1315.171783378371,51.720339650269075,-165.27309676367003
16.736736736736738,865.6297086611415,-1318.4805540843504,51.720339650269075,-165.47329696387024
16.756756756756758,866.6651508963821,-1321.7933328023457,51.720339650269075,-165.67349716407045
16.776776776776778,867.7005931316227,-1325.1101195323572,51.720339650269075,-165.87369736427067
16.796796796796794,868.7360353668632,-1328.4309142743846,51.720339650269075,-166.07389756447088
16.816816816816818,869.7714776021038,-1331.755717028428,51.720339650269075,-166.2740977646711
16.836836836836838,870.8069198373444,-1335.0845277944875,51.720339650269075,-166.4742979648713
16.856856856856858,871.8423620725849,-1338.417346572563,51.720339650269075,-166.67449816507153
16.876876876876878,872.8778043078255,-1341.7541733626545,51.720339650269075,-166.87469836527174
16.896896896896898,873.9132465430661,-1345.095008164762,51.720339650269075,-167.07489856547195
16.916916916916918,874.9486887783066,-1348.4398509788855,51.720339650269075,-167.27509876567217
16.936936936936938,875.9841310135472,-1351.788701805025,51.720339650269075,-167.47529896587238
16.956956956956958,877.0195732487878,-1355.1415606431806,51.720339650269075,-167.6754991660726
16.976976976976978,878.0550154840283,-1358.4984274933522,51.720339650269075,-167.8756993662728
16.996996996996998,879.0904577192689,-1361.85930235554,51.720339650269075,-168.07589956647303
17.017017017017018,880.1258999545095,-1365.2241852297436,51.720339650269075,-168.27609976667324
17.037037037037038,881.16134218975,-1368.5930761159634,51.720339650269075,-168.47629996687346
17.057057057057058,882.1967844249906,-1371.965975014199,51.720339650269075,-168.67650016707367
17.077077077077078,883.2322266602312,-1375.342881924451,51.720339650269075,-168.87670036727388
17.097097097097098,884.2676688954717,-1378.7237968467186,51.720339650269075,-169.0769005674741
17.117117117117118,885.3031111307123,-1382.1087197810025,51.720339650269075,-169.2771007676743
17.137137137137138,886.3385533659529,-1385.4976507273022,51.720339650269075,-169.47730096787453
17.157157157157158,887.3739956011934,-1388.8905896856181,51.720339650269075,-169.67750116807474
17.177177177177178,888.409437836434,-1392.28753665595,51.720339650269075,-169.87770136827496
17.197197197197198,889.4448800716746,-1395.6884916382978,51.720339650269075,-170.07790156847517
17.217217217217218,890.4803223069151,-1399.0934546326616,51.720339650269075,-170.27810176867538
17.237237237237238,891.5157645421557,-1402.5024256390416,51.720339650269075,-170.4783019688756
17.25725725725726,892.5512067773963,-1405.9154046574374,51.720339650269075,-170.6785021690758
17.27727727727728,893.5866490126368,-1409.3323916878494,51.720339650269075,-170.87870236927603
17.2972972972973,894.6220912478774,-1412.7533867302773,51.720339650269075,-171.07890256947624
17.31731731731732,895.657533483118,-1416.1783897847213,51.720339650269075,-171.27910276967646
17.33733733733734,896.6929757183585,-1419.6074008511812,51.720339650269075,-171.47930296987667
17.35735735735736,897.7284179535991,-1423.0404199296572,51.720339650269075,-171.67950317007688
17.37737737737738,898.7638601888397,-1426.4774470201492,51.720339650269075,-171.8797033702771
17.3973973973974,899.7993024240802,-1429.9184821226572,51.720339650269075,-172.0799035704773
17.41741741741742,900.8347446593208,-1433.3635252371812,51.720339650269075,-172.28010377067753
17.43743743743744,901.8701868945614,-1436.8125763637213,51.720339650269075,-172.48030397087774
17.45745745745746,902.9056291298019,-1440.2656355022773,51.720339650269075,-172.68050417107796
17.47747747747748,903.9410713650425,-1443.7227026528494,51.720339650269075,-172.88070437127817
17.4974974974975,904.976513600283,-1447.1837778154377,51.720339650269075,-173.08090457147838
17.51751751751752,906.0119558355236,-1450.6488609900418,51.720339650269075,-173.2811047716786
17.53753753753754,907.0473980707642,-1454.1179521766621,51.720339650269075,-173.4813049718788
17.55755755755756,908.0828403060048,-1457.5910513752983,51.720339650269075,-173.68150517207903
17.57757757757758,909.1182825412453,-1461.0681585859506,51.720339650269075,-173.88170537227924
17.5975975975976,910.1537247764859,-1464.5492738086189,51.720339650269075,-174.08190557247946
17.61761761761762,911.1891670117265,-1468.0343970433032,51.720339650269075,-174.28210577267967
17.63763763763764,912.224609246967,-1471.5235282900035,51.720339650269075,-174.48230597287989
17.65765765765766,913.2600514822076,-1475.0166675487199,51.720339650269075,-174.6825061730801
17.67767767767768,914.2954937174482,-1478.5138148194521,51.720339650269075,-174.8827063732803
17.6976976976977,915.3309359526887,-1482.0149701022006,51.720339650269075,-175.08290657348053
17.71771771771772,916.3663781879293,-1485.5201333969649,51.720339650269075,-175.28310677368074
17.73773773773774,917.4018204231699,-1489.0293047037453,51.720339650269075,-175.48330697388096
17.75775775775776,918.4372626584104,-1492.5424840225417,51.720339650269075,-175.68350717408117
17.77777777777778,919.472704893651,-1496.0596713533541,51.720339650269075,-175.88370737428139
17.7977977977978,920.5081471288916,-1499.5808666961825,51.720339650269075,-176.0839075744816
17.81781781781782,921.5435893641321,-1503.106070051027,51.720339650269075,-176.28410777468181
17.83783783783784,922.5790315993727,-1506.6352814178874,51.720339650269075,-176.48430797488203
17.85785785785786,923.6144738346132,-1510.168500796764,51.720339650269075,-176.68450817508224
17.87787787787788,924.6499160698538,-1513.7057281876564,51.720339650269075,-176.88470837528246
17.8978978978979,925.6853583050944,-1517.246963590565,51.720339650269075,-177.08490857548267
17.91791791791792,926.720800540335,-1520.7922070054894,51.720339650269075,-177.2851087756829
17.93793793793794,927.7562427755755,-1524.34145843243,51.720339650269075,-177.4853089758831
17.95795795795796,928.7916850108161,-1527.8947178713868,51.720339650269075,-177.68550917608331
17.97797797797798,929.8271272460566,-1531.4519853223594,51.720339650269075,-177.88570937628353
17.997997997998,930.8625694812972,-1535.0132607853482,51.720339650269075,-178.08590957648374
18.01801801801802,931.8980117165378,-1538.5785442603528,51.720339650269075,-178.28610977668396
18.03803803803804,932.9334539517783,-1542.1478357473736,51.720339650269075,-178.48630997688417
18.05805805805806,933.9688961870189,-1545.7211352464103,51.720339650269075,-178.6865101770844
18.07807807807808,935.0043384222595,-1549.2984427574631,51.720339650269075,-178.8867103772846
18.0980980980981,936.0397806575,-1552.8797582805319,51.720339650269075,-179.08691057748482
18.11811811811812,937.0752228927406,-1556.4650818156167,51.720339650269075,-179.28711077768503
18.13813813813814,938.1106651279812,-1560.0544133627175,51.720339650269075,-179.48731097788524
18.15815815815816,939.1461073632217,-1563.6477529218344,51.720339650269075,-179.68751117808546
18.17817817817818,940.1815495984623,-1567.2451004929671,51.720339650269075,-179.88771137828567
18.1981981981982,941.2169918337029,-1570.846456076116,51.720339650269075,-180.0879115784859
18.21821821821822,942.2524340689434,-1574.4518196712809,51.720339650269075,-180.2881117786861
18.23823823823824,943.287876304184,-1578.0611912784618,51.720339650269075,-180.48831197888632
18.25825825825826,944.3233185394246,-1581.6745708976587,51.720339650269075,-180.68851217908653
18.27827827827828,945.3587607746651,-1585.2919585288716,51.720339650269075,-180.88871237928674
18.2982982982983,946.3942030099057,-1588.9133541721005,51.720339650269075,-181.08891257948696
18.31831831831832,947.4296452451463,-1592.5387578273455,51.720339650269075,-181.28911277968717
18.33833833833834,948.4650874803868,-1596.1681694946064,51.720339650269075,-181.4893129798874
18.35835835835836,949.5005297156274,-1599.8015891738835,51.720339650269075,-181.6895131800876
18.37837837837838,950.535971950868,-1603.4390168651764,51.720339650269075,-181.88971338028782
18.3983983983984,951.5714141861085,-1607.0804525684855,51.720339650269075,-182.08991358048803
18.41841841841842,952.6068564213491,-1610.7258962838105,51.720339650269075,-182.29011378068824
18.43843843843844,953.6422986565897,-1614.3753480111516,51.720339650269075,-182.49031398088846
18.45845845845846,954.6777408918302,-1618.0288077505088,51.720339650269075,-182.69051418108867
18.47847847847848,955.7131831270708,-1621.686275501882,51.720339650269075,-182.8907143812889
18.4984984984985,956.7486253623114,-1625.3477512652712,51.720339650269075,-183.0909145814891
18.51851851851852,957.7840675975519,-1629.0132350406764,51.720339650269075,-183.29111478168932
18.53853853853854,958.8195098327925,-1632.6827268280977,51.720339650269075,-183.49131498188953
18.55855855855856,959.8549520680331,-1636.3562266275349,51.720339650269075,-183.69151518208974
18.57857857857858,960.8903943032736,-1640.0337344389882,51.720339650269075,-183.89171538228996
18.5985985985986,961.9258365385142,-1643.7152502624574,51.720339650269075,-184.09191558249017
18.61861861861862,962.9612787737548,-1647.4007740979428,51.720339650269075,-184.2921157826904
18.63863863863864,963.9967210089953,-1651.090305945444,51.720339650269075,-184.4923159828906
18.65865865865866,965.0321632442359,-1654.7838458049614,51.720339650269075,-184.69251618309082
18.67867867867868,966.0676054794765,-1658.4813936764947,51.720339650269075,-184.89271638329103
18.6986986986987,967.103047714717,-1662.182949560044,51.720339650269075,-185.09291658349125
18.71871871871872,968.1384899499576,-1665.8885134556094,51.720339650269075,-185.29311678369146
18.73873873873874,969.1739321851982,-1669.5980853631909,51.720339650269075,-185.49331698389167
18.75875875875876,970.2093744204387,-1673.3116652827882,51.720339650269075,-185.6935171840919
18.77877877877878,971.2448166556793,-1677.0292532144017,51.720339650269075,-185.8937173842921
18.7987987987988,972.2802588909199,-1680.750849158031,51.720339650269075,-186.09391758449232
18.81881881881882,973.3157011261604,-1684.4764531136766,51.720339650269075,-186.29411778469253
18.83883883883884,974.351143361401,-1688.206065081338,51.720339650269075,-186.49431798489275
18.85885885885886,975.3865855966416,-1691.9396850610156,51.720339650269075,-186.69451818509296
18.87887887887888,976.4220278318821,-1695.677313052709,51.720339650269075,-186.89471838529317
18.8988988988989,977.4574700671227,-1699.4189490564186,51.720339650269075,-187.0949185854934
18.91891891891892,978.4929123023633,-1703.1645930721443,51.720339650269075,-187.2951187856936
18.93893893893894,979.5283545376038,-1706.9142450998859,51.720339650269075,-187.49531898589382
18.95895895895896,980.5637967728444,-1710.6679051396436,51.720339650269075,-187.69551918609403
18.97897897897898,981.599239008085,-1714.4255731914172,51.720339650269075,-187.89571938629425
18.998998998999,982.6346812433255,-1718.187249255207,51.720339650269075,-188.09591958649446
19.01901901901902,983.6701234785661,-1721.9529333310127,51.720339650269075,-188.29611978669467
19.03903903903904,984.7055657138067,-1725.7226254188345,51.720339650269075,-188.4963199868949
19.05905905905906,985.7410079490472,-1729.4963255186722,51.720339650269075,-188.6965201870951
19.07907907907908,986.7764501842878,-1733.274033630526,51.720339650269075,-188.89672038729532
19.0990990990991,987.8118924195284,-1737.0557497543957,51.720339650269075,-189.09692058749553
19.11911911911912,988.8473346547689,-1740.8414738902816,51.720339650269075,-189.29712078769575
19.13913913913914,989.8827768900095,-1744.6312060381833,51.720339650269075,-189.49732098789596
19.15915915915916,990.9182191252501,-1748.4249461981012,51.720339650269075,-189.69752118809618
19.17917917917918,991.9536613604906,-1752.222694370035,51.720339650269075,-189.8977213882964
19.1991991991992,992.9891035957312,-1756.024450553985,51.720339650269075,-190.0979215884966
19.21921921921922,994.0245458309718,-1759.8302147499508,51.720339650269075,-190.29812178869682
19.23923923923924,995.0599880662123,-1763.6399869579327,51.720339650269075,-190.49832198889703
19.25925925925926,996.0954303014529,-1767.4537671779306,51.720339650269075,-190.69852218909725
19.27927927927928,997.1308725366935,-1771.2715554099445,51.720339650269075,-190.89872238929746
19.2992992992993,998.166314771934,-1775.0933516539744,51.720339650269075,-191.09892258949768
19.31931931931932,999.2017570071746,-1778.9191559100204,51.720339650269075,-191.2991227896979
19.33933933933934,1000.2371992424152,-1782.7489681780824,51.720339650269075,-191.4993229898981
19.35935935935936,1001.2726414776557,-1786.5827884581604,51.720339650269075,-191.69952319009832
19.37937937937938,1002.3080837128963,-1790.4206167502546,51.720339650269075,-191.89972339029853
19.3993993993994,1003.3435259481369,-1794.2624530543646,51.720339650269075,-192.09992359049875
19.41941941941942,1004.3789681833774,-1798.1082973704908,51.720339650269075,-192.30012379069896
19.43943943943944,1005.414410418618,-1801.958149698633,51.720339650269075,-192.50032399089918
19.45945945945946,1006.4498526538586,-1805.8120100387912,51.720339650269075,-192.7005241910994
19.47947947947948,1007.4852948890991,-1809.6698783909653,51.720339650269075,-192.9007243912996
19.4994994994995,1008.5207371243397,-1813.5317547551556,51.720339650269075,-193.10092459149982
19.51951951951952,1009.5561793595803,-1817.3976391313618,51.720339650269075,-193.30112479170003
19.53953953953954,1010.5916215948208,-1821.267531519584,51.720339650269075,-193.50132499190025
19.55955955955956,1011.6270638300614,-1825.1414319198223,51.720339650269075,-193.70152519210046
19.57957957957958,1012.662506065302,-1829.0193403320766,51.720339650269075,-193.90172539230068
19.5995995995996,1013.6979483005425,-1832.9012567563468,51.720339650269075,-194.1019255925009
19.61961961961962,1014.7333905357831,-1836.7871811926332,51.720339650269075,-194.3021257927011
19.63963963963964,1015.7688327710237,-1840.6771136409354,51.720339650269075,-194.50232599290132
19.65965965965966,1016.8042750062642,-1844.5710541012538,51.720339650269075,-194.70252619310153
19.67967967967968,1017.8397172415048,-1848.469002573588,51.720339650269075,-194.90272639330175
19.6996996996997,1018.8751594767454,-1852.3709590579385,51.720339650269075,-195.10292659350196
19.71971971971972,1019.9106017119859,-1856.2769235543049,51.720339650269075,-195.30312679370218
19.73973973973974,1020.9460439472265,-1860.1868960626873,51.720339650269075,-195.5033269939024
19.75975975975976,1021.981486182467,-1864.1008765830857,51.720339650269075,-195.7035271941026
19.77977977977978,1023.0169284177076,-1868.0188651155001,51.720339650269075,-195.90372739430282
19.7997997997998,1024.0523706529482,-1871.9408616599305,51.720339650269075,-196.10392759450303
19.81981981981982,1025.0878128881889,-1875.866866216377,51.720339650269075,-196.30412779470325
19.83983983983984,1026.1232551234295,-1879.7968787848395,51.720339650269075,-196.50432799490346
19.85985985985986,1027.1586973586702,-1883.730899365318,51.720339650269075,-196.70452819510368
19.87987987987988,1028.194139593911,-1887.6689279578127,51.720339650269075,-196.9047283953039
19.8998998998999,1029.2295818291516,-1891.6109645623233,51.720339650269075,-197.1049285955041
19.91991991991992,1030.2650240643923,-1895.55700917885,51.720339650269075,-197.30512879570432
19.93993993993994,1031.300466299633,-1899.5070618073926,51.720339650269075,-197.50532899590453
19.95995995995996,1032.3359085348736,-1903.4611224479513,51.720339650269075,-197.70552919610475
19.97997997997998,1033.3713507701143,-1907.419191100526,51.720339650269075,-197.90572939630496
20.0,1034.406793005355,-1911.3812677651167,51.720339650269075,-198.10592959650518
