t,xpos,ypos,vx,vy
0.0,0.0,55.911917427630755,0.9759865727931325,1.674884581083675
0.02002002002002002,0.019539270726589238,55.94544865047527,0.9759865727931325,1.4746843808834749
0.04004004004004004,0.039078541453178475,55.97497186130377,0.9759865727931325,1.2744841806832747
0.06006006006006006,0.05861781217976771,56.00048706011625,0.9759865727931325,1.0742839804830746
0.08008008008008008,0.07815708290635695,56.021994246912705,0.9759865727931325,0.8740837802828745
0.10010010010010009,0.09769635363294618,56.039493421693145,0.9759865727931325,0.6738835800826743
0.12012012012012012,0.11723562435953541,56.05298458445756,0.9759865727931325,0.47368337988247416
0.14014014014014015,0.13677489508612464,56.062467735205956,0.9759865727931325,0.273483179682274
0.16016016016016016,0.15631416581271387,56.067942873938335,0.9759865727931325,0.0732829794820738
0.18018018018018017,0.1758534365393031,56.06941000065469,0.9759865727931325,-0.1269172207181264
0.20020020020020018,0.19539270726589233,56.06686911535503,0.9759865727931325,-0.3271174209183266
0.22022022022022023,0.21493197799248157,56.06032021803935,0.9759865727931325,-0.5273176211185268
0.24024024024024024,0.2344712487190708,56.04976330870765,0.9759865727931325,-0.727517821318727
0.2602602602602603,0.25401051944566005,56.03519838735993,0.9759865727931325,-0.9277180215189271
0.2802802802802803,0.2735497901722493,56.016625453996184,0.9759865727931325,-1.1279182217191273
0.3003003003003003,0.2930890608988385,55.99404450861642,0.9759865727931325,-1.3281184219193274
0.3203203203203203,0.31262833162542775,55.96745555122064,0.9759865727931325,-1.5283186221195275
0.3403403403403404,0.332167602352017,55.936858581808835,0.9759865727931325,-1.7285188223197276
0.36036036036036034,0.3517068730786062,55.902253600381016,0.9759865727931325,-1.9287190225199278
0.3803803803803804,0.37124614380519544,55.863640606937174,0.9759865727931325,-2.128919222720128
0.40040040040040037,0.39078541453178467,55.82101960147731,0.9759865727931325,-2.329119422920328
0.42042042042042044,0.4103246852583739,55.77439058400143,0.9759865727931325,-2.529319623120528
0.44044044044044045,0.42986395598496313,55.72375355450953,0.9759865727931325,-2.7295198233207283
0.4604604604604605,0.44940322671155236,55.6691085130016,0.9759865727931325,-2.9297200235209284
0.4804804804804805,0.4689424974381416,55.61045545947766,0.9759865727931325,-3.1299202237211285
0.5005005005005005,0.4884817681647308,55.5477943939377,0.9759865727931325,-3.3301204239213287
0.5205205205205206,0.5080210388913201,55.481125316381714,0.9759865727931325,-3.530320624121529
0.5405405405405406,0.5275603096179093,55.41044822680971,0.9759865727931325,-3.730520824321729
0.5605605605605606,0.5470995803444986,55.33576312522169,0.9759865727931325,-3.930721024521929
0.5805805805805806,0.5666388510710878,55.25707001161765,0.9759865727931325,-4.13092122472213
0.6006006006006006,0.586178121797677,55.17436888599759,0.9759865727931325,-4.33112142492233
0.6206206206206206,0.6057173925242663,55.0876597483615,0.9759865727931325,-4.53132162512253
0.6406406406406406,0.6252566632508555,54.9969425987094,0.9759865727931325,-4.73152182532273
0.6606606606606606,0.6447959339774447,54.90221743704128,0.9759865727931325,-4.93172202552293
0.6806806806806808,0.664335204704034,54.803484263357134,0.9759865727931325,-5.13192222572313
0.7007007007007007,0.6838744754306232,54.70074307765697,0.9759865727931325,-5.33212242592333
0.7207207207207207,0.7034137461572124,54.59399387994079,0.9759865727931325,-5.5323226261235305
0.7407407407407407,0.7229530168838016,54.48323667020858,0.9759865727931325,-5.732522826323731
0.7607607607607608,0.7424922876103909,54.36847144846036,0.9759865727931325,-5.932723026523931
0.7807807807807808,0.7620315583369801,54.24969821469612,0.9759865727931325,-6.132923226724131
0.8008008008008007,0.7815708290635693,54.12691696891586,0.9759865727931325,-6.333123426924331
0.8208208208208208,0.8011100997901586,54.000127711119575,0.9759865727931325,-6.533323627124531
0.8408408408408409,0.8206493705167478,53.86933044130727,0.9759865727931325,-6.733523827324731
0.8608608608608609,0.840188641243337,53.73452515947895,0.9759865727931325,-6.933724027524931
0.8808808808808809,0.8597279119699263,53.595711865634605,0.9759865727931325,-7.133924227725132
0.9009009009009008,0.8792671826965155,53.45289055977424,0.9759865727931325,-7.334124427925332
0.920920920920921,0.8988064534231047,53.30606124189786,0.9759865727931325,-7.534324628125532
0.9409409409409409,0.918345724149694,53.155223912005454,0.9759865727931325,-7.734524828325732
0.960960960960961,0.9378849948762832,53.000378570097034,0.9759865727931325,-7.934725028525932
0.980980980980981,0.9574242656028724,52.84152521617259,0.9759865727931325,-8.134925228726132
1.001001001001001,0.9769635363294616,52.67866385023213,0.9759865727931325,-8.335125428926332
1.021021021021021,0.9965028070560509,52.511794472275646,0.9759865727931325,-8.535325629126532
1.0410410410410411,1.0160420777826402,52.34091708230314,0.9759865727931325,-8.735525829326733
1.0610610610610611,1.0355813485092296,52.16603168031462,0.9759865727931325,-8.935726029526933
1.0810810810810811,1.055120619235819,51.987138266310076,0.9759865727931325,-9.135926229727133
1.1011011011011012,1.0746598899624082,51.80423684028951,0.9759865727931325,-9.336126429927333
1.1211211211211212,1.0941991606889976,51.617327402252926,0.9759865727931325,-9.536326630127533
1.1411411411411412,1.113738431415587,51.42640995220032,0.9759865727931325,-9.736526830327733
1.1611611611611612,1.1332777021421763,51.2314844901317,0.9759865727931325,-9.936727030527933
1.1811811811811812,1.1528169728687656,51.03255101604706,0.9759865727931325,-10.136927230728134
1.2012012012012012,1.172356243595355,50.829609529946396,0.9759865727931325,-10.337127430928334
1.2212212212212212,1.1918955143219443,50.62266003182971,0.9759865727931325,-10.537327631128534
1.2412412412412412,1.2114347850485336,50.41170252169701,0.9759865727931325,-10.737527831328734
1.2612612612612613,1.230974055775123,50.196736999548285,0.9759865727931325,-10.937728031528934
1.2812812812812813,1.2505133265017123,49.97776346538354,0.9759865727931325,-11.137928231729134
1.3013013013013013,1.2700525972283017,49.75478191920278,0.9759865727931325,-11.338128431929334
1.3213213213213213,1.289591867954891,49.52779236100599,0.9759865727931325,-11.538328632129534
1.3413413413413413,1.3091311386814803,49.29679479079319,0.9759865727931325,-11.738528832329735
1.3613613613613615,1.3286704094080697,49.06178920856437,0.9759865727931325,-11.938729032529935
1.3813813813813813,1.348209680134659,48.822775614319525,0.9759865727931325,-12.138929232730135
1.4014014014014013,1.3677489508612484,48.579754008058664,0.9759865727931325,-12.339129432930335
1.4214214214214214,1.3872882215878377,48.33272438978178,0.9759865727931325,-12.539329633130535
1.4414414414414414,1.406827492314427,48.081686759488875,0.9759865727931325,-12.739529833330735
1.4614614614614616,1.4263667630410164,47.82664111717995,0.9759865727931325,-12.939730033530935
1.4814814814814814,1.4459060337676057,47.56758746285501,0.9759865727931325,-13.139930233731135
1.5015015015015014,1.465445304494195,47.30452579651404,0.9759865727931325,-13.340130433931336
1.5215215215215216,1.4849845752207844,47.03745611815706,0.9759865727931325,-13.540330634131536
1.5415415415415414,1.5045238459473738,46.766378427784055,0.9759865727931325,-13.740530834331736
1.5615615615615617,1.524063116673963,46.491292725395034,0.9759865727931325,-13.940731034531936
1.5815815815815815,1.5436023874005524,46.21219901098999,0.9759865727931325,-14.140931234732136
1.6016016016016015,1.5631416581271418,45.929097284568925,0.9759865727931325,-14.341131434932336
1.6216216216216217,1.5826809288537311,45.641987546131844,0.9759865727931325,-14.541331635132536
1.6416416416416415,1.6022201995803205,45.35086979567874,0.9759865727931325,-14.741531835332736
1.6616616616616617,1.6217594703069098,45.05574403320961,0.9759865727931325,-14.941732035532937
1.6816816816816818,1.6412987410334992,44.75661025872447,0.9759865727931325,-15.141932235733137
1.7017017017017015,1.6608380117600885,44.45346847222331,0.9759865727931325,-15.342132435933337
1.7217217217217218,1.6803772824866778,44.14631867370612,0.9759865727931325,-15.542332636133537
1.7417417417417416,1.6999165532132672,43.835160863172916,0.9759865727931325,-15.742532836333737
1.7617617617617618,1.7194558239398565,43.51999504062369,0.9759865727931325,-15.942733036533937
1.7817817817817818,1.7389950946664459,43.20082120605845,0.9759865727931325,-16.142933236734137
1.8018018018018016,1.7585343653930352,42.877639359477186,0.9759865727931325,-16.343133436934338
1.8218218218218218,1.7780736361196245,42.5504495008799,0.9759865727931325,-16.543333637134538
1.841841841841842,1.7976129068462139,42.2192516302666,0.9759865727931325,-16.743533837334738
1.8618618618618619,1.8171521775728032,41.88404574763727,0.9759865727931325,-16.943734037534938
1.8818818818818819,1.8366914482993926,41.544831852991926,0.9759865727931325,-17.143934237735138
1.9019019019019017,1.856230719025982,41.201609946330564,0.9759865727931325,-17.344134437935338
1.921921921921922,1.8757699897525713,40.85438002765318,0.9759865727931325,-17.54433463813554
1.9419419419419421,1.8953092604791606,40.50314209695978,0.9759865727931325,-17.74453483833574
1.961961961961962,1.91484853120575,40.147896154250354,0.9759865727931325,-17.94473503853594
1.981981981981982,1.9343878019323393,39.78864219952491,0.9759865727931325,-18.14493523873614
2.002002002002002,1.9539270726589286,39.425380232783446,0.9759865727931325,-18.34513543893634
2.022022022022022,1.973466343385518,39.05811025402596,0.9759865727931325,-18.54533563913654
2.042042042042042,1.9930056141121073,38.686832263252455,0.9759865727931325,-18.74553583933674
2.0620620620620618,2.0125448848386966,38.31154626046293,0.9759865727931325,-18.94573603953694
2.0820820820820822,2.0320841555652858,37.93225224565739,0.9759865727931325,-19.14593623973714
2.1021021021021022,2.051623426291875,37.54895021883582,0.9759865727931325,-19.34613643993734
2.1221221221221223,2.071162697018464,37.16164017999824,0.9759865727931325,-19.54633664013754
2.1421421421421423,2.090701967745053,36.77032212914463,0.9759865727931325,-19.74653684033774
2.1621621621621623,2.1102412384716422,36.37499606627501,0.9759865727931325,-19.94673704053794
2.1821821821821823,2.1297805091982314,35.975661991389366,0.9759865727931325,-20.14693724073814
2.2022022022022023,2.1493197799248205,35.5723199044877,0.9759865727931325,-20.34713744093834
2.2222222222222223,2.1688590506514096,35.16496980557002,0.9759865727931325,-20.54733764113854
2.2422422422422423,2.1883983213779987,34.75361169463631,0.9759865727931325,-20.74753784133874
2.2622622622622623,2.207937592104588,34.338245571686585,0.9759865727931325,-20.94773804153894
2.2822822822822824,2.227476862831177,33.91887143672084,0.9759865727931325,-21.14793824173914
2.3023023023023024,2.247016133557766,33.495489289739076,0.9759865727931325,-21.34813844193934
2.3223223223223224,2.266555404284355,33.068099130741295,0.9759865727931325,-21.54833864213954
2.3423423423423424,2.2860946750109443,32.63670095972749,0.9759865727931325,-21.74853884233974
2.3623623623623624,2.3056339457375334,32.201294776697665,0.9759865727931325,-21.94873904253994
2.3823823823823824,2.3251732164641226,31.76188058165182,0.9759865727931325,-22.14893924274014
2.4024024024024024,2.3447124871907117,31.318458374589955,0.9759865727931325,-22.34913944294034
2.4224224224224224,2.364251757917301,30.87102815551207,0.9759865727931325,-22.54933964314054
2.4424424424424425,2.38379102864389,30.419589924418165,0.9759865727931325,-22.74953984334074
2.4624624624624625,2.403330299370479,29.96414368130824,0.9759865727931325,-22.94974004354094
2.4824824824824825,2.422869570097068,29.504689426182296,0.9759865727931325,-23.149940243741142
2.5025025025025025,2.4424088408236573,29.041227159040332,0.9759865727931325,-23.350140443941342
2.5225225225225225,2.4619481115502464,28.573756879882346,0.9759865727931325,-23.550340644141542
2.5425425425425425,2.4814873822768355,28.10227858870834,0.9759865727931325,-23.750540844341742
2.5625625625625625,2.5010266530034246,27.626792285518317,0.9759865727931325,-23.950741044541942
2.5825825825825826,2.5205659237300138,27.147297970312273,0.9759865727931325,-24.150941244742143
2.6026026026026026,2.540105194456603,26.663795643090207,0.9759865727931325,-24.351141444942343
2.6226226226226226,2.559644465183192,26.176285303852122,0.9759865727931325,-24.551341645142543
2.6426426426426426,2.579183735909781,25.684766952598018,0.9759865727931325,-24.751541845342743
2.6626626626626626,2.5987230066363702,25.189240589327895,0.9759865727931325,-24.951742045542943
2.6826826826826826,2.6182622773629594,24.68970621404175,0.9759865727931325,-25.151942245743143
2.7027027027027026,2.6378015480895485,24.186163826739584,0.9759865727931325,-25.352142445943343
2.722722722722723,2.6573408188161376,23.6786134274214,0.9759865727931325,-25.552342646143543
2.7427427427427427,2.6768800895427267,23.167055016087193,0.9759865727931325,-25.752542846343744
2.7627627627627627,2.696419360269316,22.651488592736968,0.9759865727931325,-25.952743046543944
2.7827827827827827,2.715958630995905,22.131914157370723,0.9759865727931325,-26.152943246744144
2.8028028028028027,2.735497901722494,21.60833170998846,0.9759865727931325,-26.353143446944344
2.822822822822823,2.755037172449083,21.080741250590172,0.9759865727931325,-26.553343647144544
2.8428428428428427,2.7745764431756723,20.549142779175867,0.9759865727931325,-26.753543847344744
2.8628628628628627,2.7941157139022614,20.013536295745542,0.9759865727931325,-26.953744047544944
2.8828828828828827,2.8136549846288506,19.4739218002992,0.9759865727931325,-27.153944247745144
2.9029029029029028,2.8331942553554397,18.930299292836832,0.9759865727931325,-27.354144447945345
2.922922922922923,2.852733526082029,18.382668773358446,0.9759865727931325,-27.554344648145545
2.942942942942943,2.872272796808618,17.831030241864042,0.9759865727931325,-27.754544848345745
2.962962962962963,2.891812067535207,17.275383698353618,0.9759865727931325,-27.954745048545945
2.982982982982983,2.911351338261796,16.715729142827172,0.9759865727931325,-28.154945248746145
3.003003003003003,2.9308906089883853,16.152066575284707,0.9759865727931325,-28.355145448946345
3.0230230230230233,2.9504298797149744,15.58439599572622,0.9759865727931325,-28.555345649146545
3.0430430430430433,2.9699691504415635,15.012717404151715,0.9759865727931325,-28.755545849346746
3.063063063063063,2.9895084211681526,14.437030800561189,0.9759865727931325,-28.955746049546946
3.083083083083083,3.0090476918947417,13.857336184954644,0.9759865727931325,-29.155946249747146
3.103103103103103,3.028586962621331,13.273633557332078,0.9759865727931325,-29.356146449947346
3.1231231231231233,3.04812623334792,12.685922917693492,0.9759865727931325,-29.556346650147546
3.1431431431431434,3.067665504074509,12.094204266038886,0.9759865727931325,-29.756546850347746
3.163163163163163,3.0872047748010982,11.498477602368261,0.9759865727931325,-29.956747050547946
3.183183183183183,3.1067440455276873,10.898742926681615,0.9759865727931325,-30.156947250748146
3.203203203203203,3.1262833162542765,10.29500023897895,0.9759865727931325,-30.357147450948347
3.2232232232232234,3.1458225869808656,9.687249539260264,0.9759865727931325,-30.557347651148547
3.2432432432432434,3.1653618577074547,9.07549082752556,0.9759865727931325,-30.757547851348747
3.263263263263263,3.184901128434044,8.459724103774834,0.9759865727931325,-30.957748051548947
3.283283283283283,3.204440399160633,7.839949368008088,0.9759865727931325,-31.157948251749147
3.303303303303303,3.223979669887222,7.216166620225322,0.9759865727931325,-31.358148451949347
3.3233233233233235,3.243518940613811,6.588375860426536,0.9759865727931325,-31.558348652149547
3.3433433433433435,3.2630582113404003,5.956577088611731,0.9759865727931325,-31.758548852349747
3.3633633633633635,3.2825974820669894,5.320770304780905,0.9759865727931325,-31.958749052549948
3.383383383383383,3.3021367527935785,4.680955508934059,0.9759865727931325,-32.15894925275015
3.403403403403403,3.3216760235201677,4.037132701071194,0.9759865727931325,-32.35914945295035
3.4234234234234235,3.341215294246757,3.389301881192308,0.9759865727931325,-32.55934965315055
3.4434434434434436,3.360754564973346,2.737463049297402,0.9759865727931325,-32.75954985335075
3.4634634634634636,3.380293835699935,2.081616205386476,0.9759865727931325,-32.95975005355095
3.483483483483483,3.399833106426524,1.4217613494595303,0.9759865727931325,-33.15995025375115
3.503503503503503,3.4193723771531133,0.7578984815165644,0.9759865727931325,-33.36015045395135
3.5235235235235236,3.4389116478797024,0.09002760155757839,0.9759865727931325,-33.56035065415155
3.5435435435435436,3.4584509186062915,-0.5818512904174276,0.9759865727931325,-33.76055085435175
3.5635635635635636,3.4779901893328806,-1.2577381944084536,0.9759865727931325,-33.96075105455195
3.583583583583583,3.4975294600594697,-1.9376331104154996,0.9759865727931325,-34.16095125475215
3.603603603603603,3.517068730786059,-2.6215360384385655,0.9759865727931325,-34.36115145495235
3.6236236236236237,3.536608001512648,-3.3094469784776517,0.9759865727931325,-34.56135165515255
3.6436436436436437,3.556147272239237,-4.001365930532758,0.9759865727931325,-34.76155185535275
3.6636636636636637,3.575686542965826,-4.697292894603884,0.9759865727931325,-34.96175205555295
3.683683683683684,3.5952258136924153,-5.39722787069103,0.9759865727931325,-35.16195225575315
3.7037037037037033,3.6147650844190045,-6.101170858794196,0.9759865727931325,-35.36215245595335
3.7237237237237237,3.6343043551455936,-6.809121858913382,0.9759865727931325,-35.56235265615355
3.7437437437437437,3.6538436258721827,-7.521080871048588,0.9759865727931325,-35.76255285635375
3.7637637637637638,3.673382896598772,-8.237047895199815,0.9759865727931325,-35.96275305655395
3.783783783783784,3.692922167325361,-8.957022931367062,0.9759865727931325,-36.16295325675415
3.8038038038038033,3.71246143805195,-9.681005979550328,0.9759865727931325,-36.36315345695435
3.823823823823824,3.732000708778539,-10.408997039749615,0.9759865727931325,-36.56335365715455
3.843843843843844,3.7515399795051283,-11.14099611196492,0.9759865727931325,-36.76355385735475
3.863863863863864,3.7710792502317174,-11.877003196196247,0.9759865727931325,-36.96375405755495
3.8838838838838843,3.7906185209583065,-12.617018292443593,0.9759865727931325,-37.16395425775515
3.9039039039039034,3.8101577916848957,-13.36104140070696,0.9759865727931325,-37.36415445795535
3.923923923923924,3.8296970624114848,-14.109072520986345,0.9759865727931325,-37.56435465815555
3.943943943943944,3.849236333138074,-14.861111653281752,0.9759865727931325,-37.76455485835575
3.963963963963964,3.868775603864663,-15.617158797593177,0.9759865727931325,-37.96475505855595
3.9839839839839843,3.888314874591252,-16.377213953920624,0.9759865727931325,-38.16495525875615
4.004004004004004,3.9078541453178413,-17.14127712226409,0.9759865727931325,-38.36515545895635
4.0240240240240235,3.9273934160444304,-17.909348302623577,0.9759865727931325,-38.56535565915655
4.044044044044044,3.9469326867710195,-18.681427494999085,0.9759865727931325,-38.76555585935675
4.064064064064064,3.9664719574976086,-19.45751469939061,0.9759865727931325,-38.96575605955695
4.084084084084084,3.9860112282241977,-20.237609915798156,0.9759865727931325,-39.16595625975715
4.104104104104104,4.005550498950787,-21.021713144221724,0.9759865727931325,-39.36615645995735
4.1241241241241235,4.025089769677376,-21.80982438466131,0.9759865727931325,-39.56635666015755
4.1441441441441444,4.044629040403966,-22.601943637116918,0.9759865727931325,-39.76655686035775
4.1641641641641645,4.0641683111305555,-23.398070901588543,0.9759865727931325,-39.96675706055795
4.1841841841841845,4.083707581857145,-24.19820617807619,0.9759865727931325,-40.16695726075815
4.2042042042042045,4.103246852583735,-25.002349466579858,0.9759865727931325,-40.36715746095835
4.2242242242242245,4.122786123310324,-25.810500767099544,0.9759865727931325,-40.56735766115855
4.2442442442442445,4.142325394036914,-26.62266007963525,0.9759865727931325,-40.76755786135875
4.2642642642642645,4.161864664763503,-27.438827404186977,0.9759865727931325,-40.96775806155895
4.2842842842842845,4.181403935490093,-28.259002740754724,0.9759865727931325,-41.16795826175915
4.3043043043043046,4.2009432062166825,-29.08318608933849,0.9759865727931325,-41.368158461959354
4.324324324324325,4.220482476943272,-29.91137744993828,0.9759865727931325,-41.568358662159554
4.344344344344345,4.240021747669862,-30.743576822554086,0.9759865727931325,-41.768558862359754
4.364364364364365,4.259561018396451,-31.579784207185913,0.9759865727931325,-41.968759062559954
4.384384384384385,4.279100289123041,-32.41999960383376,0.9759865727931325,-42.168959262760154
4.404404404404405,4.29863955984963,-33.264223012497624,0.9759865727931325,-42.369159462960354
4.424424424424425,4.31817883057622,-34.11245443317751,0.9759865727931325,-42.569359663160554
4.444444444444445,4.337718101302809,-34.96469386587342,0.9759865727931325,-42.769559863360755
4.464464464464465,4.357257372029399,-35.82094131058535,0.9759865727931325,-42.969760063560955
4.484484484484485,4.376796642755989,-36.681196767313295,0.9759865727931325,-43.169960263761155
4.504504504504505,4.396335913482578,-37.54546023605726,0.9759865727931325,-43.370160463961355
4.524524524524525,4.415875184209168,-38.413731716817246,0.9759865727931325,-43.570360664161555
4.544544544544545,4.435414454935757,-39.286011209593255,0.9759865727931325,-43.770560864361755
4.564564564564565,4.454953725662347,-40.16229871438528,0.9759865727931325,-43.970761064561955
4.584584584584585,4.474492996388936,-41.04259423119333,0.9759865727931325,-44.170961264762155
4.604604604604605,4.494032267115526,-41.9268977600174,0.9759865727931325,-44.371161464962356
4.624624624624625,4.5135715378421155,-42.81520930085748,0.9759865727931325,-44.571361665162556
4.644644644644645,4.533110808568705,-43.70752885371359,0.9759865727931325,-44.771561865362756
4.664664664664665,4.552650079295295,-44.60385641858572,0.9759865727931325,-44.971762065562956
4.684684684684685,4.572189350021884,-45.50419199547387,0.9759865727931325,-45.171962265763156
4.704704704704705,4.591728620748474,-46.408535584378036,0.9759865727931325,-45.372162465963356
4.724724724724725,4.611267891475063,-47.31688718529822,0.9759865727931325,-45.572362666163556
4.744744744744745,4.630807162201653,-48.22924679823443,0.9759865727931325,-45.77256286636376
4.764764764764765,4.6503464329282425,-49.14561442318666,0.9759865727931325,-45.97276306656396
4.784784784784785,4.669885703654832,-50.0659900601549,0.9759865727931325,-46.17296326676416
4.804804804804805,4.689424974381422,-50.99037370913917,0.9759865727931325,-46.37316346696436
4.824824824824825,4.708964245108011,-51.91876537013946,0.9759865727931325,-46.57336366716456
4.844844844844845,4.728503515834601,-52.85116504315577,0.9759865727931325,-46.77356386736476
4.864864864864865,4.74804278656119,-53.787572728188096,0.9759865727931325,-46.97376406756496
4.884884884884885,4.76758205728778,-54.72798842523644,0.9759865727931325,-47.17396426776516
4.904904904904905,4.787121328014369,-55.67241213430081,0.9759865727931325,-47.37416446796536
4.924924924924925,4.806660598740959,-56.620843855381196,0.9759865727931325,-47.57436466816556
4.944944944944945,4.8261998694675485,-57.5732835884776,0.9759865727931325,-47.77456486836576
4.964964964964965,4.845739140194138,-58.52973133359003,0.9759865727931325,-47.97476506856596
4.984984984984985,4.865278410920728,-59.49018709071848,0.9759865727931325,-48.17496526876616
5.005005005005005,4.884817681647317,-60.454650859862944,0.9759865727931325,-48.37516546896636
5.025025025025025,4.904356952373907,-61.42312264102343,0.9759865727931325,-48.57536566916656
5.045045045045045,4.923896223100496,-62.395602434199944,0.9759865727931325,-48.77556586936676
5.065065065065065,4.943435493827086,-63.37209023939247,0.9759865727931325,-48.97576606956696
5.085085085085085,4.9629747645536755,-64.35258605660101,0.9759865727931325,-49.17596626976716
5.105105105105105,4.982514035280265,-65.33708988582558,0.9759865727931325,-49.37616646996736
5.125125125125125,5.002053306006855,-66.32560172706617,0.9759865727931325,-49.57636667016756
5.145145145145145,5.021592576733444,-67.31812158032278,0.9759865727931325,-49.77656687036776
5.165165165165165,5.041131847460034,-68.3146494455954,0.9759865727931325,-49.97676707056796
5.185185185185185,5.060671118186623,-69.31518532288405,0.9759865727931325,-50.17696727076816
5.205205205205205,5.080210388913213,-70.31972921218872,0.9759865727931325,-50.37716747096836
5.225225225225225,5.099749659639802,-71.3282811135094,0.9759865727931325,-50.57736767116856
5.245245245245245,5.119288930366392,-72.3408410268461,0.9759865727931325,-50.77756787136876
5.265265265265265,5.1388282010929816,-73.35740895219884,0.9759865727931325,-50.97776807156896
5.285285285285285,5.158367471819571,-74.37798488956759,0.9759865727931325,-51.17796827176916
5.305305305305305,5.177906742546161,-75.40256883895235,0.9759865727931325,-51.37816847196936
5.325325325325325,5.19744601327275,-76.43116080035314,0.9759865727931325,-51.57836867216956
5.345345345345346,5.21698528399934,-77.46376077376995,0.9759865727931325,-51.77856887236976
5.365365365365365,5.236524554725929,-78.50036875920277,0.9759865727931325,-51.97876907256996
5.385385385385385,5.256063825452519,-79.54098475665162,0.9759865727931325,-52.17896927277016
5.405405405405405,5.2756030961791085,-80.5856087661165,0.9759865727931325,-52.37916947297036
5.425425425425425,5.295142366905698,-81.63424078759738,0.9759865727931325,-52.57936967317056
5.445445445445446,5.314681637632288,-82.68688082109429,0.9759865727931325,-52.77956987337076
5.465465465465465,5.334220908358877,-83.74352886660722,0.9759865727931325,-52.97977007357096
5.485485485485485,5.353760179085467,-84.80418492413617,0.9759865727931325,-53.17997027377116
5.505505505505505,5.373299449812056,-85.86884899368114,0.9759865727931325,-53.38017047397136
5.525525525525525,5.392838720538646,-86.93752107524213,0.9759865727931325,-53.58037067417156
5.545545545545546,5.412377991265235,-88.01020116881914,0.9759865727931325,-53.78057087437176
5.565565565565565,5.431917261991825,-89.08688927441216,0.9759865727931325,-53.98077107457196
5.585585585585585,5.451456532718415,-90.16758539202121,0.9759865727931325,-54.18097127477216
5.605605605605605,5.470995803445004,-91.25228952164628,0.9759865727931325,-54.38117147497236
5.625625625625625,5.490535074171594,-92.34100166328736,0.9759865727931325,-54.58137167517256
5.645645645645646,5.510074344898183,-93.43372181694447,0.9759865727931325,-54.78157187537276
5.665665665665665,5.529613615624773,-94.5304499826176,0.9759865727931325,-54.98177207557296
5.685685685685685,5.549152886351362,-95.63118616030674,0.9759865727931325,-55.18197227577316
5.7057057057057055,5.568692157077952,-96.73593035001191,0.9759865727931325,-55.38217247597336
5.7257257257257255,5.5882314278045415,-97.8446825517331,0.9759865727931325,-55.58237267617356
5.745745745745746,5.607770698531131,-98.9574427654703,0.9759865727931325,-55.78257287637376
5.7657657657657655,5.627309969257721,-100.07421099122354,0.9759865727931325,-55.98277307657396
5.7857857857857855,5.64684923998431,-101.19498722899279,0.9759865727931325,-56.18297327677416
5.8058058058058055,5.6663885107109,-102.31977147877805,0.9759865727931325,-56.38317347697436
5.8258258258258255,5.685927781437489,-103.44856374057935,0.9759865727931325,-56.58337367717456
5.845845845845846,5.705467052164079,-104.58136401439666,0.9759865727931325,-56.783573877374764
5.865865865865866,5.7250063228906685,-105.71817230022998,0.9759865727931325,-56.983774077574964
5.885885885885886,5.744545593617258,-106.85898859807934,0.9759865727931325,-57.183974277775164
5.905905905905906,5.764084864343848,-108.0038129079447,0.9759865727931325,-57.384174477975364
5.925925925925926,5.783624135070437,-109.15264522982609,0.9759865727931325,-57.584374678175564
5.9459459459459465,5.803163405797027,-110.3054855637235,0.9759865727931325,-57.784574878375764
5.965965965965966,5.822702676523616,-111.46233390963693,0.9759865727931325,-57.984775078575964
5.9859859859859865,5.842241947250206,-112.62319026756637,0.9759865727931325,-58.184975278776164
6.006006006006006,5.861781217976795,-113.78805463751183,0.9759865727931325,-58.385175478976365
6.026026026026026,5.881320488703385,-114.95692701947333,0.9759865727931325,-58.585375679176565
6.046046046046047,5.9008597594299745,-116.12980741345083,0.9759865727931325,-58.785575879376765
6.066066066066066,5.920399030156564,-117.30669581944436,0.9759865727931325,-58.985776079576965
6.086086086086087,5.939938300883154,-118.48759223745391,0.9759865727931325,-59.185976279777165
6.106106106106106,5.959477571609743,-119.67249666747948,0.9759865727931325,-59.386176479977365
6.126126126126126,5.979016842336333,-120.86140910952106,0.9759865727931325,-59.586376680177565
6.146146146146147,5.998556113062922,-122.05432956357868,0.9759865727931325,-59.786576880377766
6.166166166166166,6.018095383789512,-123.2512580296523,0.9759865727931325,-59.986777080577966
6.186186186186187,6.0376346545161015,-124.45219450774195,0.9759865727931325,-60.186977280778166
6.206206206206206,6.057173925242691,-125.65713899784762,0.9759865727931325,-60.387177480978366
6.226226226226226,6.076713195969281,-126.86609149996931,0.9759865727931325,-60.587377681178566
6.246246246246247,6.09625246669587,-128.07905201410702,0.9759865727931325,-60.787577881378766
6.266266266266266,6.11579173742246,-129.29602054026074,0.9759865727931325,-60.987778081578966
6.286286286286287,6.135331008149049,-130.51699707843048,0.9759865727931325,-61.187978281779166
6.306306306306306,6.154870278875639,-131.74198162861626,0.9759865727931325,-61.38817848197937
6.326326326326326,6.174409549602228,-132.97097419081805,0.9759865727931325,-61.58837868217957
6.346346346346347,6.193948820328818,-134.20397476503587,0.9759865727931325,-61.78857888237977
6.366366366366366,6.213488091055408,-135.4409833512697,0.9759865727931325,-61.98877908257997
6.386386386386387,6.233027361781997,-136.68199994951954,0.9759865727931325,-62.18897928278017
6.406406406406406,6.252566632508587,-137.9270245597854,0.9759865727931325,-62.38917948298037
6.426426426426426,6.272105903235176,-139.1760571820673,0.9759865727931325,-62.58937968318057
6.446446446446447,6.291645173961766,-140.4290978163652,0.9759865727931325,-62.78957988338077
6.466466466466466,6.311184444688355,-141.68614646267915,0.9759865727931325,-62.98978008358097
6.486486486486487,6.330723715414945,-142.9472031210091,0.9759865727931325,-63.18998028378117
6.506506506506506,6.3502629861415345,-144.21226779135506,0.9759865727931325,-63.39018048398137
6.526526526526526,6.369802256868124,-145.48134047371704,0.9759865727931325,-63.59038068418157
6.546546546546547,6.389341527594714,-146.75442116809504,0.9759865727931325,-63.79058088438177
6.566566566566566,6.408880798321303,-148.03150987448907,0.9759865727931325,-63.99078108458197
6.586586586586587,6.428420069047893,-149.31260659289913,0.9759865727931325,-64.19098128478217
6.606606606606606,6.447959339774482,-150.5977113233252,0.9759865727931325,-64.39118148498237
6.626626626626627,6.467498610501072,-151.88682406576729,0.9759865727931325,-64.59138168518257
6.646646646646647,6.4870378812276615,-153.1799448202254,0.9759865727931325,-64.79158188538277
6.666666666666666,6.506577151954251,-154.4770735866995,0.9759865727931325,-64.99178208558297
6.686686686686687,6.526116422680841,-155.77821036518966,0.9759865727931325,-65.19198228578317
6.706706706706706,6.54565569340743,-157.08335515569584,0.9759865727931325,-65.39218248598337
6.726726726726727,6.56519496413402,-158.39250795821803,0.9759865727931325,-65.59238268618357
6.746746746746747,6.584734234860609,-159.70566877275624,0.9759865727931325,-65.79258288638377
6.766766766766766,6.604273505587199,-161.02283759931046,0.9759865727931325,-65.99278308658397
6.786786786786787,6.623812776313788,-162.3440144378807,0.9759865727931325,-66.19298328678417
6.806806806806806,6.643352047040378,-163.66919928846698,0.9759865727931325,-66.39318348698437
6.826826826826827,6.6628913177669675,-164.99839215106928,0.9759865727931325,-66.59338368718457
6.846846846846847,6.682430588493557,-166.3315930256876,0.9759865727931325,-66.79358388738477
6.866866866866866,6.701969859220147,-167.66880191232192,0.9759865727931325,-66.99378408758497
6.886886886886887,6.721509129946736,-169.01001881097227,0.9759865727931325,-67.19398428778517
6.906906906906906,6.741048400673326,-170.35524372163863,0.9759865727931325,-67.39418448798537
6.926926926926927,6.760587671399915,-171.704476644321,0.9759865727931325,-67.59438468818557
6.946946946946947,6.780126942126505,-173.05771757901942,0.9759865727931325,-67.79458488838577
6.966966966966966,6.7996662128530945,-174.41496652573386,0.9759865727931325,-67.99478508858597
6.986986986986987,6.819205483579684,-175.7762234844643,0.9759865727931325,-68.19498528878617
7.007007007007006,6.838744754306274,-177.14148845521078,0.9759865727931325,-68.39518548898637
7.027027027027027,6.858284025032863,-178.51076143797326,0.9759865727931325,-68.59538568918657
7.047047047047047,6.877823295759453,-179.88404243275176,0.9759865727931325,-68.79558588938677
7.067067067067066,6.897362566486042,-181.2613314395463,0.9759865727931325,-68.99578608958697
7.087087087087087,6.916901837212632,-182.64262845835685,0.9759865727931325,-69.19598628978717
7.107107107107106,6.936441107939221,-184.02793348918343,0.9759865727931325,-69.39618648998737
7.127127127127127,6.955980378665811,-185.417246532026,0.9759865727931325,-69.59638669018757
7.147147147147147,6.9755196493924005,-186.81056758688462,0.9759865727931325,-69.79658689038777
7.167167167167166,6.99505892011899,-188.20789665375924,0.9759865727931325,-69.99678709058797
7.187187187187187,7.01459819084558,-189.6092337326499,0.9759865727931325,-70.19698729078817
7.207207207207206,7.034137461572169,-191.01457882355658,0.9759865727931325,-70.39718749098837
7.227227227227227,7.053676732298759,-192.42393192647927,0.9759865727931325,-70.59738769118857
7.247247247247247,7.073216003025348,-193.83729304141798,0.9759865727931325,-70.79758789138877
7.267267267267268,7.092755273751938,-195.2546621683727,0.9759865727931325,-70.99778809158897
7.287287287287287,7.1122945444785275,-196.67603930734344,0.9759865727931325,-71.19798829178917
7.3073073073073065,7.131833815205117,-198.10142445833023,0.9759865727931325,-71.39818849198937
7.327327327327327,7.151373085931707,-199.53081762133303,0.9759865727931325,-71.59838869218957
7.347347347347347,7.170912356658296,-200.96421879635184,0.9759865727931325,-71.79858889238977
7.367367367367368,7.190451627384886,-202.40162798338667,0.9759865727931325,-71.99878909258997
7.387387387387387,7.209990898111475,-203.84304518243752,0.9759865727931325,-72.19898929279017
7.4074074074074066,7.229530168838065,-205.28847039350438,0.9759865727931325,-72.39918949299037
7.4274274274274275,7.249069439564654,-206.73790361658726,0.9759865727931325,-72.59938969319057
7.4474474474474475,7.268608710291244,-208.19134485168618,0.9759865727931325,-72.79958989339077
7.467467467467468,7.288147981017834,-209.64879409880112,0.9759865727931325,-72.99979009359097
7.4874874874874875,7.307687251744423,-211.11025135793207,0.9759865727931325,-73.19999029379117
7.507507507507507,7.327226522471013,-212.57571662907904,0.9759865727931325,-73.40019049399137
7.5275275275275275,7.346765793197602,-214.04518991224202,0.9759865727931325,-73.60039069419157
7.5475475475475475,7.366305063924192,-215.51867120742102,0.9759865727931325,-73.80059089439177
7.567567567567568,7.385844334650781,-216.99616051461607,0.9759865727931325,-74.00079109459197
7.587587587587588,7.405383605377371,-218.47765783382712,0.9759865727931325,-74.20099129479217
7.607607607607607,7.4249228761039605,-219.9631631650542,0.9759865727931325,-74.40119149499237
7.627627627627628,7.44446214683055,-221.4526765082973,0.9759865727931325,-74.60139169519258
7.647647647647648,7.46400141755714,-222.9461978635564,0.9759865727931325,-74.80159189539278
7.6676676676676685,7.483540688283729,-224.4437272308315,0.9759865727931325,-75.00179209559298
7.687687687687688,7.503079959010319,-225.94526461012268,0.9759865727931325,-75.20199229579318
7.707707707707707,7.522619229736908,-227.45081000142986,0.9759865727931325,-75.40219249599338
7.727727727727728,7.542158500463498,-228.96036340475305,0.9759865727931325,-75.60239269619358
7.747747747747748,7.5616977711900875,-230.47392482009226,0.9759865727931325,-75.80259289639378
7.767767767767769,7.581237041916677,-231.9914942474475,0.9759865727931325,-76.00279309659398
7.787787787787788,7.600776312643267,-233.51307168681873,0.9759865727931325,-76.20299329679418
7.807807807807807,7.620315583369856,-235.038657138206,0.9759865727931325,-76.40319349699438
7.827827827827828,7.639854854096446,-236.5682506016093,0.9759865727931325,-76.60339369719458
7.847847847847848,7.659394124823035,-238.1018520770286,0.9759865727931325,-76.80359389739478
7.867867867867869,7.678933395549625,-239.63946156446394,0.9759865727931325,-77.00379409759498
7.887887887887888,7.698472666276214,-241.1810790639153,0.9759865727931325,-77.20399429779518
7.907907907907909,7.718011937002804,-242.72670457538266,0.9759865727931325,-77.40419449799538
7.927927927927928,7.7375512077293935,-244.27633809886603,0.9759865727931325,-77.60439469819558
7.947947947947948,7.757090478455983,-245.82997963436546,0.9759865727931325,-77.80459489839578
7.967967967967969,7.776629749182573,-247.3876291818809,0.9759865727931325,-78.00479509859598
7.987987987987988,7.796169019909162,-248.94928674141235,0.9759865727931325,-78.20499529879618
8.008008008008009,7.815708290635752,-250.51495231295982,0.9759865727931325,-78.40519549899638
8.028028028028029,7.835247561362341,-252.0846258965233,0.9759865727931325,-78.60539569919658
8.048048048048047,7.854786832088931,-253.6583074921028,0.9759865727931325,-78.80559589939678
8.068068068068069,7.8743261028155205,-255.23599709969835,0.9759865727931325,-79.00579609959698
8.088088088088089,7.89386537354211,-256.8176947193099,0.9759865727931325,-79.20599629979718
8.108108108108109,7.9134046442687,-258.40340035093743,0.9759865727931325,-79.40619649999738
8.128128128128129,7.932943914995289,-259.993113994581,0.9759865727931325,-79.60639670019758
8.148148148148147,7.952483185721879,-261.58683565024063,0.9759865727931325,-79.80659690039778
8.168168168168169,7.972022456448468,-263.1845653179163,0.9759865727931325,-80.00679710059798
8.188188188188189,7.991561727175058,-264.78630299760795,0.9759865727931325,-80.20699730079818
8.208208208208209,8.011100997901647,-266.39204868931563,0.9759865727931325,-80.40719750099838
8.228228228228229,8.030640268628236,-268.0018023930393,0.9759865727931325,-80.60739770119858
8.248248248248247,8.050179539354826,-269.61556410877904,0.9759865727931325,-80.80759790139878
8.268268268268269,8.069718810081415,-271.23333383653477,0.9759865727931325,-81.00779810159898
8.288288288288289,8.089258080808005,-272.8551115763065,0.9759865727931325,-81.20799830179918
8.308308308308309,8.108797351534594,-274.4808973280943,0.9759865727931325,-81.40819850199938
8.328328328328329,8.128336622261184,-276.11069109189805,0.9759865727931325,-81.60839870219958
8.348348348348347,8.147875892987773,-277.74449286771784,0.9759865727931325,-81.80859890239978
8.368368368368369,8.167415163714363,-279.38230265555364,0.9759865727931325,-82.00879910259998
8.388388388388389,8.186954434440953,-281.0241204554055,0.9759865727931325,-82.20899930280018
8.408408408408409,8.206493705167542,-282.6699462672734,0.9759865727931325,-82.40919950300038
8.428428428428429,8.226032975894132,-284.3197800911573,0.9759865727931325,-82.60939970320058
8.448448448448449,8.245572246620721,-285.97362192705725,0.9759865727931325,-82.80959990340078
8.468468468468469,8.26511151734731,-287.6314717749732,0.9759865727931325,-83.00980010360098
8.488488488488489,8.2846507880739,-289.29332963490515,0.9759865727931325,-83.21000030380118
8.508508508508509,8.30419005880049,-290.9591955068531,0.9759865727931325,-83.41020050400138
8.528528528528529,8.32372932952708,-292.6290693908171,0.9759865727931325,-83.61040070420158
8.548548548548549,8.34326860025367,-294.3029512867971,0.9759865727931325,-83.81060090440178
8.568568568568569,8.362807870980259,-295.98084119479313,0.9759865727931325,-84.01080110460198
8.588588588588589,8.382347141706848,-297.66273911480516,0.9759865727931325,-84.21100130480218
8.608608608608609,8.401886412433438,-299.3486450468332,0.9759865727931325,-84.41120150500238
8.62862862862863,8.421425683160027,-301.0385589908773,0.9759865727931325,-84.61140170520258
8.64864864864865,8.440964953886617,-302.7324809469374,0.9759865727931325,-84.81160190540278
8.66866866866867,8.460504224613207,-304.43041091501357,0.9759865727931325,-85.01180210560298
8.68868868868869,8.480043495339796,-306.13234889510574,0.9759865727931325,-85.21200230580318
8.70870870870871,8.499582766066386,-307.8382948872139,0.9759865727931325,-85.41220250600338
8.72872872872873,8.519122036792975,-309.5482488913381,0.9759865727931325,-85.61240270620358
8.74874874874875,8.538661307519565,-311.26221090747833,0.9759865727931325,-85.81260290640378
8.76876876876877,8.558200578246154,-312.98018093563456,0.9759865727931325,-86.01280310660398
8.78878878878879,8.577739848972744,-314.7021589758068,0.9759865727931325,-86.21300330680418
8.80880880880881,8.597279119699333,-316.4281450279951,0.9759865727931325,-86.41320350700438
8.82882882882883,8.616818390425923,-318.15813909219935,0.9759865727931325,-86.61340370720458
8.84884884884885,8.636357661152513,-319.89214116841964,0.9759865727931325,-86.81360390740478
8.86886886886887,8.655896931879102,-321.63015125665595,0.9759865727931325,-87.01380410760498
8.88888888888889,8.675436202605692,-323.37216935690833,0.9759865727931325,-87.21400430780518
8.90890890890891,8.694975473332281,-325.1181954691767,0.9759865727931325,-87.41420450800538
8.92892892892893,8.71451474405887,-326.86822959346114,0.9759865727931325,-87.61440470820558
8.94894894894895,8.73405401478546,-328.62227172976156,0.9759865727931325,-87.81460490840578
8.96896896896897,8.75359328551205,-330.380321878078,0.9759865727931325,-88.01480510860598
8.98898898898899,8.77313255623864,-332.14238003841047,0.9759865727931325,-88.21500530880618
9.00900900900901,8.792671826965229,-333.90844621075894,0.9759865727931325,-88.41520550900638
9.02902902902903,8.812211097691819,-335.6785203951234,0.9759865727931325,-88.61540570920658
9.04904904904905,8.831750368418408,-337.45260259150393,0.9759865727931325,-88.81560590940678
9.06906906906907,8.851289639144998,-339.23069279990045,0.9759865727931325,-89.01580610960698
9.08908908908909,8.870828909871587,-341.012791020313,0.9759865727931325,-89.21600630980718
9.10910910910911,8.890368180598177,-342.79889725274154,0.9759865727931325,-89.41620651000738
9.12912912912913,8.909907451324766,-344.5890114971861,0.9759865727931325,-89.61640671020758
9.14914914914915,8.929446722051356,-346.38313375364675,0.9759865727931325,-89.81660691040778
9.16916916916917,8.948985992777946,-348.1812640221234,0.9759865727931325,-90.01680711060799
9.18918918918919,8.968525263504535,-349.98340230261607,0.9759865727931325,-90.21700731080819
9.20920920920921,8.988064534231125,-351.78954859512476,0.9759865727931325,-90.41720751100839
9.22922922922923,9.007603804957714,-353.59970289964946,0.9759865727931325,-90.61740771120859
9.24924924924925,9.027143075684304,-355.4138652161902,0.9759865727931325,-90.81760791140879
9.26926926926927,9.046682346410893,-357.2320355447469,0.9759865727931325,-91.01780811160899
9.28928928928929,9.066221617137483,-359.05421388531965,0.9759865727931325,-91.21800831180919
9.30930930930931,9.085760887864073,-360.8804002379084,0.9759865727931325,-91.41820851200939
9.32932932932933,9.105300158590662,-362.7105946025132,0.9759865727931325,-91.61840871220959
9.34934934934935,9.124839429317252,-364.544796979134,0.9759865727931325,-91.81860891240979
9.36936936936937,9.144378700043841,-366.3830073677708,0.9759865727931325,-92.01880911260999
9.38938938938939,9.16391797077043,-368.2252257684236,0.9759865727931325,-92.21900931281019
9.40940940940941,9.18345724149702,-370.0714521810925,0.9759865727931325,-92.41920951301039
9.42942942942943,9.20299651222361,-371.92168660577744,0.9759865727931325,-92.61940971321059
9.44944944944945,9.2225357829502,-373.77592904247837,0.9759865727931325,-92.81960991341079
9.46946946946947,9.242075053676789,-375.6341794911953,0.9759865727931325,-93.01981011361099
9.48948948948949,9.261614324403379,-377.49643795192827,0.9759865727931325,-93.22001031381119
9.50950950950951,9.281153595129968,-379.36270442467725,0.9759865727931325,-93.42021051401139
9.52952952952953,9.300692865856558,-381.23297890944224,0.9759865727931325,-93.62041071421159
9.54954954954955,9.320232136583147,-383.10726140622324,0.9759865727931325,-93.82061091441179
9.56956956956957,9.339771407309737,-384.98555191502027,0.9759865727931325,-94.02081111461199
9.58958958958959,9.359310678036326,-386.8678504358333,0.9759865727931325,-94.22101131481219
9.60960960960961,9.378849948762916,-388.75415696866236,0.9759865727931325,-94.42121151501239
9.62962962962963,9.398389219489506,-390.6444715135074,0.9759865727931325,-94.62141171521259
9.64964964964965,9.417928490216095,-392.53879407036857,0.9759865727931325,-94.82161191541279
9.66966966966967,9.437467760942685,-394.4371246392457,0.9759865727931325,-95.02181211561299
9.68968968968969,9.457007031669274,-396.3394632201389,0.9759865727931325,-95.22201231581319
9.70970970970971,9.476546302395864,-398.2458098130481,0.9759865727931325,-95.42221251601339
9.72972972972973,9.496085573122453,-400.1561644179733,0.9759865727931325,-95.62241271621359
9.74974974974975,9.515624843849043,-402.0705270349145,0.9759865727931325,-95.82261291641379
9.76976976976977,9.535164114575633,-403.98889766387174,0.9759865727931325,-96.02281311661399
9.78978978978979,9.554703385302222,-405.911276304845,0.9759865727931325,-96.22301331681419
9.80980980980981,9.574242656028812,-407.83766295783425,0.9759865727931325,-96.42321351701439
9.82982982982983,9.593781926755401,-409.76805762283954,0.9759865727931325,-96.62341371721459
9.84984984984985,9.61332119748199,-411.70246029986083,0.9759865727931325,-96.82361391741479
9.86986986986987,9.63286046820858,-413.64087098889814,0.9759865727931325,-97.02381411761499
9.88988988988989,9.65239973893517,-415.58328968995147,0.9759865727931325,-97.22401431781519
9.90990990990991,9.67193900966176,-417.52971640302087,0.9759865727931325,-97.42421451801539
9.92992992992993,9.691478280388349,-419.4801511281063,0.9759865727931325,-97.62441471821559
9.94994994994995,9.711017551114939,-421.4345938652077,0.9759865727931325,-97.82461491841579
9.96996996996997,9.730556821841528,-423.39304461432516,0.9759865727931325,-98.02481511861599
9.98998998998999,9.750096092568118,-425.3555033754586,0.9759865727931325,-98.22501531881619
10.01001001001001,9.769635363294707,-427.3219701486081,0.9759865727931325,-98.42521551901639
10.03003003003003,9.789174634021297,-429.2924449337736,0.9759865727931325,-98.62541571921659
10.05005005005005,9.808713904747886,-431.2669277309551,0.9759865727931325,-98.82561591941679
10.07007007007007,9.828253175474476,-433.2454185401526,0.9759865727931325,-99.02581611961699
10.09009009009009,9.847792446201066,-435.22791736136617,0.9759865727931325,-99.22601631981719
10.11011011011011,9.867331716927655,-437.2144241945957,0.9759865727931325,-99.42621652001739
10.13013013013013,9.886870987654245,-439.2049390398413,0.9759865727931325,-99.62641672021759
10.15015015015015,9.906410258380834,-441.1994618971029,0.9759865727931325,-99.82661692041779
10.17017017017017,9.925949529107424,-443.19799276638054,0.9759865727931325,-100.02681712061799
10.19019019019019,9.945488799834013,-445.2005316476742,0.9759865727931325,-100.22701732081819
10.21021021021021,9.965028070560603,-447.2070785409839,0.9759865727931325,-100.42721752101839
10.23023023023023,9.984567341287192,-449.2176334463096,0.9759865727931325,-100.62741772121859
10.25025025025025,10.004106612013782,-451.2321963636513,0.9759865727931325,-100.82761792141879
10.27027027027027,10.023645882740372,-453.25076729300906,0.9759865727931325,-101.02781812161899
10.29029029029029,10.043185153466961,-455.2733462343828,0.9759865727931325,-101.22801832181919
10.31031031031031,10.06272442419355,-457.2999331877726,0.9759865727931325,-101.42821852201939
10.33033033033033,10.08226369492014,-459.33052815317836,0.9759865727931325,-101.62841872221959
10.35035035035035,10.10180296564673,-461.36513113060016,0.9759865727931325,-101.82861892241979
10.37037037037037,10.12134223637332,-463.403742120038,0.9759865727931325,-102.02881912261999
10.39039039039039,10.140881507099909,-465.4463611214918,0.9759865727931325,-102.22901932282019
10.41041041041041,10.160420777826499,-467.4929881349617,0.9759865727931325,-102.4292195230204
10.43043043043043,10.179960048553088,-469.5436231604476,0.9759865727931325,-102.6294197232206
10.45045045045045,10.199499319279678,-471.59826619794956,0.9759865727931325,-102.8296199234208
10.47047047047047,10.219038590006267,-473.6569172474675,0.9759865727931325,-103.029820123621
10.49049049049049,10.238577860732857,-475.71957630900147,0.9759865727931325,-103.2300203238212
10.51051051051051,10.258117131459446,-477.78624338255145,0.9759865727931325,-103.4302205240214
10.53053053053053,10.277656402186036,-479.85691846811744,0.9759865727931325,-103.6304207242216
10.55055055055055,10.297195672912625,-481.93160156569945,0.9759865727931325,-103.8306209244218
10.57057057057057,10.316734943639215,-484.0102926752975,0.9759865727931325,-104.030821124622
10.59059059059059,10.336274214365805,-486.0929917969115,0.9759865727931325,-104.2310213248222
10.61061061061061,10.355813485092394,-488.1796989305416,0.9759865727931325,-104.4312215250224
10.63063063063063,10.375352755818984,-490.27041407618765,0.9759865727931325,-104.6314217252226
10.65065065065065,10.394892026545573,-492.36513723384974,0.9759865727931325,-104.8316219254228
10.67067067067067,10.414431297272163,-494.4638684035279,0.9759865727931325,-105.031822125623
10.690690690690692,10.433970567998752,-496.5666075852221,0.9759865727931325,-105.2320223258232
10.71071071071071,10.453509838725342,-498.67335477893226,0.9759865727931325,-105.4322225260234
10.73073073073073,10.473049109451932,-500.78410998465847,0.9759865727931325,-105.6324227262236
10.75075075075075,10.492588380178521,-502.8988732024007,0.9759865727931325,-105.8326229264238
10.77077077077077,10.51212765090511,-505.01764443215893,0.9759865727931325,-106.032823126624
10.790790790790792,10.5316669216317,-507.1404236739332,0.9759865727931325,-106.2330233268242
10.81081081081081,10.55120619235829,-509.26721092772345,0.9759865727931325,-106.4332235270244
10.83083083083083,10.57074546308488,-511.39800619352974,0.9759865727931325,-106.6334237272246
10.85085085085085,10.590284733811469,-513.532809471352,0.9759865727931325,-106.8336239274248
10.87087087087087,10.609824004538059,-515.6716207611904,0.9759865727931325,-107.033824127625
10.890890890890892,10.629363275264648,-517.8144400630448,0.9759865727931325,-107.2340243278252
10.91091091091091,10.648902545991238,-519.9612673769152,0.9759865727931325,-107.4342245280254
10.93093093093093,10.668441816717827,-522.1121027028016,0.9759865727931325,-107.6344247282256
10.95095095095095,10.687981087444417,-524.266946040704,0.9759865727931325,-107.8346249284258
10.97097097097097,10.707520358171006,-526.4257973906225,0.9759865727931325,-108.034825128626
10.990990990990992,10.727059628897596,-528.588656752557,0.9759865727931325,-108.2350253288262
11.01101101101101,10.746598899624185,-530.7555241265075,0.9759865727931325,-108.4352255290264
11.03103103103103,10.766138170350775,-532.926399512474,0.9759865727931325,-108.6354257292266
11.05105105105105,10.785677441077365,-535.1012829104565,0.9759865727931325,-108.8356259294268
11.07107107107107,10.805216711803954,-537.280174320455,0.9759865727931325,-109.035826129627
11.091091091091092,10.824755982530544,-539.4630737424695,0.9759865727931325,-109.2360263298272
11.11111111111111,10.844295253257133,-541.6499811765001,0.9759865727931325,-109.4362265300274
11.13113113113113,10.863834523983723,-543.8408966225467,0.9759865727931325,-109.6364267302276
11.15115115115115,10.883373794710312,-546.0358200806093,0.9759865727931325,-109.8366269304278
11.17117117117117,10.902913065436902,-548.2347515506879,0.9759865727931325,-110.036827130628
11.191191191191193,10.922452336163492,-550.4376910327825,0.9759865727931325,-110.2370273308282
11.21121121121121,10.941991606890081,-552.6446385268931,0.9759865727931325,-110.4372275310284
11.23123123123123,10.96153087761667,-554.8555940330198,0.9759865727931325,-110.6374277312286
11.25125125125125,10.98107014834326,-557.0705575511624,0.9759865727931325,-110.8376279314288
11.27127127127127,11.00060941906985,-559.2895290813211,0.9759865727931325,-111.037828131629
11.291291291291293,11.02014868979644,-561.5125086234958,0.9759865727931325,-111.2380283318292
11.31131131131131,11.039687960523029,-563.7394961776866,0.9759865727931325,-111.4382285320294
11.33133133133133,11.059227231249618,-565.9704917438935,0.9759865727931325,-111.6384287322296
11.35135135135135,11.078766501976208,-568.2054953221163,0.9759865727931325,-111.8386289324298
11.37137137137137,11.098305772702798,-570.4445069123552,0.9759865727931325,-112.03882913263
11.391391391391393,11.117845043429387,-572.6875265146101,0.9759865727931325,-112.2390293328302
11.411411411411411,11.137384314155977,-574.934554128881,0.9759865727931325,-112.4392295330304
11.431431431431431,11.156923584882566,-577.1855897551679,0.9759865727931325,-112.6394297332306
11.451451451451451,11.176462855609156,-579.4406333934709,0.9759865727931325,-112.8396299334308
11.471471471471471,11.196002126335745,-581.6996850437898,0.9759865727931325,-113.039830133631
11.491491491491493,11.215541397062335,-583.9627447061248,0.9759865727931325,-113.2400303338312
11.511511511511511,11.235080667788925,-586.2298123804758,0.9759865727931325,-113.4402305340314
11.531531531531531,11.254619938515514,-588.5008880668428,0.9759865727931325,-113.6404307342316
11.551551551551551,11.274159209242104,-590.7759717652258,0.9759865727931325,-113.8406309344318
11.571571571571571,11.293698479968693,-593.0550634756248,0.9759865727931325,-114.040831134632
11.591591591591593,11.313237750695283,-595.3381631980399,0.9759865727931325,-114.2410313348322
11.611611611611611,11.332777021421872,-597.6252709324709,0.9759865727931325,-114.4412315350324
11.631631631631631,11.352316292148462,-599.916386678918,0.9759865727931325,-114.6414317352326
11.651651651651651,11.371855562875052,-602.2115104373811,0.9759865727931325,-114.8416319354328
11.671671671671671,11.391394833601641,-604.5106422078602,0.9759865727931325,-115.041832135633
11.691691691691693,11.41093410432823,-606.8137819903553,0.9759865727931325,-115.2420323358332
11.711711711711711,11.43047337505482,-609.1209297848665,0.9759865727931325,-115.4422325360334
11.731731731731731,11.45001264578141,-611.4320855913936,0.9759865727931325,-115.6424327362336
11.751751751751751,11.469551916508,-613.7472494099368,0.9759865727931325,-115.8426329364338
11.771771771771771,11.489091187234589,-616.066421240496,0.9759865727931325,-116.042833136634
11.791791791791793,11.508630457961178,-618.3896010830712,0.9759865727931325,-116.2430333368342
11.811811811811811,11.528169728687768,-620.7167889376625,0.9759865727931325,-116.4432335370344
11.831831831831831,11.547708999414358,-623.0479848042698,0.9759865727931325,-116.6434337372346
11.851851851851851,11.567248270140947,-625.3831886828932,0.9759865727931325,-116.8436339374348
11.871871871871871,11.586787540867537,-627.7224005735326,0.9759865727931325,-117.043834137635
11.891891891891893,11.606326811594126,-630.065620476188,0.9759865727931325,-117.2440343378352
11.911911911911911,11.625866082320716,-632.4128483908594,0.9759865727931325,-117.4442345380354
11.931931931931931,11.645405353047305,-634.7640843175468,0.9759865727931325,-117.6444347382356
11.951951951951951,11.664944623773895,-637.1193282562502,0.9759865727931325,-117.8446349384358
11.971971971971973,11.684483894500485,-639.4785802069697,0.9759865727931325,-118.044835138636
11.991991991991993,11.704023165227074,-641.8418401697052,0.9759865727931325,-118.2450353388362
12.012012012012011,11.723562435953664,-644.2091081444566,0.9759865727931325,-118.4452355390364
12.032032032032031,11.743101706680253,-646.5803841312242,0.9759865727931325,-118.6454357392366
12.052052052052051,11.762640977406843,-648.9556681300077,0.9759865727931325,-118.8456359394368
12.072072072072073,11.782180248133432,-651.3349601408072,0.9759865727931325,-119.045836139637
12.092092092092093,11.801719518860022,-653.7182601636227,0.9759865727931325,-119.2460363398372
12.112112112112111,11.821258789586611,-656.1055681984543,0.9759865727931325,-119.4462365400374
12.132132132132131,11.840798060313201,-658.4968842453019,0.9759865727931325,-119.6464367402376
12.152152152152151,11.86033733103979,-660.8922083041655,0.9759865727931325,-119.8466369404378
12.172172172172173,11.87987660176638,-663.2915403750451,0.9759865727931325,-120.046837140638
12.192192192192193,11.89941587249297,-665.6948804579407,0.9759865727931325,-120.2470373408382
12.212212212212211,11.91895514321956,-668.1022285528524,0.9759865727931325,-120.4472375410384
12.232232232232231,11.938494413946149,-670.51358465978,0.9759865727931325,-120.6474377412386
12.252252252252251,11.958033684672738,-672.9289487787237,0.9759865727931325,-120.8476379414388
12.272272272272273,11.977572955399328,-675.3483209096834,0.9759865727931325,-121.047838141639
12.292292292292293,11.997112226125918,-677.7717010526591,0.9759865727931325,-121.2480383418392
12.312312312312311,12.016651496852507,-680.1990892076509,0.9759865727931325,-121.4482385420394
12.332332332332332,12.036190767579097,-682.6304853746587,0.9759865727931325,-121.6484387422396
12.352352352352352,12.055730038305686,-685.0658895536826,0.9759865727931325,-121.8486389424398
12.372372372372373,12.075269309032276,-687.5053017447225,0.9759865727931325,-122.04883914264
12.392392392392393,12.094808579758865,-689.9487219477784,0.9759865727931325,-122.2490393428402
12.412412412412412,12.114347850485455,-692.3961501628503,0.9759865727931325,-122.4492395430404
12.432432432432432,12.133887121212044,-694.8475863899382,0.9759865727931325,-122.6494397432406
12.452452452452452,12.153426391938634,-697.3030306290422,0.9759865727931325,-122.8496399434408
12.472472472472473,12.172965662665224,-699.7624828801621,0.9759865727931325,-123.049840143641
12.492492492492493,12.192504933391813,-702.2259431432981,0.9759865727931325,-123.2500403438412
12.512512512512512,12.212044204118403,-704.6934114184501,0.9759865727931325,-123.4502405440414
12.532532532532532,12.231583474844992,-707.1648877056181,0.9759865727931325,-123.6504407442416
12.552552552552552,12.251122745571582,-709.6403720048021,0.9759865727931325,-123.8506409444418
12.572572572572573,12.270662016298171,-712.1198643160021,0.9759865727931325,-124.050841144642
12.592592592592593,12.290201287024761,-714.6033646392182,0.9759865727931325,-124.2510413448422
12.612612612612612,12.30974055775135,-717.0908729744502,0.9759865727931325,-124.45124154504241
12.632632632632632,12.32927982847794,-719.5823893216983,0.9759865727931325,-124.65144174524261
12.652652652652652,12.34881909920453,-722.0779136809624,0.9759865727931325,-124.85164194544281
12.672672672672673,12.36835836993112,-724.5774460522425,0.9759865727931325,-125.05184214564301
12.692692692692694,12.387897640657709,-727.0809864355386,0.9759865727931325,-125.25204234584321
12.712712712712712,12.407436911384298,-729.5885348308508,0.9759865727931325,-125.45224254604341
12.732732732732732,12.426976182110888,-732.100091238179,0.9759865727931325,-125.65244274624361
12.752752752752752,12.446515452837478,-734.6156556575231,0.9759865727931325,-125.85264294644381
12.772772772772774,12.466054723564067,-737.1352280888833,0.9759865727931325,-126.05284314664401
12.792792792792794,12.485593994290657,-739.6588085322595,0.9759865727931325,-126.25304334684421
12.812812812812812,12.505133265017246,-742.1863969876517,0.9759865727931325,-126.45324354704441
12.832832832832832,12.524672535743836,-744.7179934550601,0.9759865727931325,-126.65344374724461
12.852852852852852,12.544211806470425,-747.2535979344844,0.9759865727931325,-126.85364394744481
12.872872872872874,12.563751077197015,-749.7932104259248,0.9759865727931325,-127.05384414764501
12.892892892892894,12.583290347923604,-752.3368309293812,0.9759865727931325,-127.25404434784521
12.912912912912912,12.602829618650194,-754.8844594448536,0.9759865727931325,-127.45424454804541
12.932932932932932,12.622368889376784,-757.4360959723421,0.9759865727931325,-127.65444474824561
12.952952952952952,12.641908160103373,-759.9917405118465,0.9759865727931325,-127.85464494844581
12.972972972972974,12.661447430829963,-762.551393063367,0.9759865727931325,-128.05484514864602
12.992992992992994,12.680986701556552,-765.1150536269034,0.9759865727931325,-128.25504534884624
13.013013013013012,12.700525972283142,-767.6827222024559,0.9759865727931325,-128.45524554904645
13.033033033033032,12.720065243009731,-770.2543987900244,0.9759865727931325,-128.65544574924667
13.053053053053052,12.739604513736321,-772.830083389609,0.9759865727931325,-128.85564594944688
13.073073073073074,12.75914378446291,-775.4097760012095,0.9759865727931325,-129.0558461496471
13.093093093093094,12.7786830551895,-777.993476624826,0.9759865727931325,-129.2560463498473
13.113113113113112,12.79822232591609,-780.5811852604586,0.9759865727931325,-129.45624655004752
13.133133133133132,12.81776159664268,-783.1729019081072,0.9759865727931325,-129.65644675024774
13.153153153153154,12.837300867369269,-785.7686265677718,0.9759865727931325,-129.85664695044795
13.173173173173174,12.856840138095858,-788.3683592394524,0.9759865727931325,-130.05684715064817
13.193193193193194,12.876379408822448,-790.972099923149,0.9759865727931325,-130.25704735084838
13.213213213213212,12.895918679549037,-793.5798486188617,0.9759865727931325,-130.4572475510486
13.233233233233232,12.915457950275627,-796.1916053265903,0.9759865727931325,-130.6574477512488
13.253253253253254,12.934997221002217,-798.807370046335,0.9759865727931325,-130.85764795144902
13.273273273273274,12.954536491728806,-801.4271427780957,0.9759865727931325,-131.05784815164924
13.293293293293294,12.974075762455396,-804.0509235218724,0.9759865727931325,-131.25804835184945
13.313313313313312,12.993615033181985,-806.6787122776652,0.9759865727931325,-131.45824855204967
13.333333333333332,13.013154303908575,-809.3105090454741,0.9759865727931325,-131.65844875224988
13.353353353353354,13.032693574635164,-811.946313825299,0.9759865727931325,-131.8586489524501
13.373373373373374,13.052232845361754,-814.5861266171398,0.9759865727931325,-132.0588491526503
13.393393393393394,13.071772116088344,-817.2299474209967,0.9759865727931325,-132.25904935285052
13.413413413413412,13.091311386814933,-819.8777762368696,0.9759865727931325,-132.45924955305074
13.433433433433432,13.110850657541523,-822.5296130647586,0.9759865727931325,-132.65944975325095
13.453453453453454,13.130389928268112,-825.1854579046635,0.9759865727931325,-132.85964995345117
13.473473473473474,13.149929198994702,-827.8453107565845,0.9759865727931325,-133.05985015365138
13.493493493493494,13.169468469721291,-830.5091716205214,0.9759865727931325,-133.2600503538516
13.513513513513512,13.189007740447881,-833.1770404964744,0.9759865727931325,-133.4602505540518
13.533533533533532,13.20854701117447,-835.8489173844434,0.9759865727931325,-133.66045075425203
13.553553553553554,13.22808628190106,-838.5248022844285,0.9759865727931325,-133.86065095445224
13.573573573573574,13.24762555262765,-841.2046951964295,0.9759865727931325,-134.06085115465245
13.593593593593594,13.26716482335424,-843.8885961204466,0.9759865727931325,-134.26105135485267
13.613613613613612,13.286704094080829,-846.5765050564796,0.9759865727931325,-134.46125155505288
13.633633633633632,13.306243364807418,-849.2684220045287,0.9759865727931325,-134.6614517552531
13.653653653653654,13.325782635534008,-851.9643469645938,0.9759865727931325,-134.8616519554533
13.673673673673674,13.345321906260597,-854.6642799366749,0.9759865727931325,-135.06185215565353
13.693693693693694,13.364861176987187,-857.368220920772,0.9759865727931325,-135.26205235585374
13.713713713713712,13.384400447713777,-860.0761699168852,0.9759865727931325,-135.46225255605395
13.733733733733732,13.403939718440366,-862.7881269250144,0.9759865727931325,-135.66245275625417
13.753753753753754,13.423478989166956,-865.5040919451595,0.9759865727931325,-135.86265295645438
13.773773773773774,13.443018259893545,-868.2240649773207,0.9759865727931325,-136.0628531566546
13.793793793793794,13.462557530620135,-870.948046021498,0.9759865727931325,-136.2630533568548
13.813813813813812,13.482096801346724,-873.6760350776914,0.9759865727931325,-136.46325355705503
13.833833833833832,13.501636072073314,-876.4080321459007,0.9759865727931325,-136.66345375725524
13.853853853853854,13.521175342799904,-879.1440372261261,0.9759865727931325,-136.86365395745545
13.873873873873874,13.540714613526493,-881.8840503183675,0.9759865727931325,-137.06385415765567
13.893893893893894,13.560253884253083,-884.6280714226249,0.9759865727931325,-137.26405435785588
13.913913913913913,13.579793154979672,-887.3761005388983,0.9759865727931325,-137.4642545580561
13.933933933933933,13.599332425706262,-890.1281376671877,0.9759865727931325,-137.6644547582563
13.953953953953954,13.618871696432851,-892.8841828074932,0.9759865727931325,-137.86465495845653
13.973973973973974,13.638410967159441,-895.6442359598146,0.9759865727931325,-138.06485515865674
13.993993993993994,13.65795023788603,-898.4082971241521,0.9759865727931325,-138.26505535885696
14.014014014014013,13.67748950861262,-901.1763663005056,0.9759865727931325,-138.46525555905717
14.034034034034033,13.69702877933921,-903.9484434888751,0.9759865727931325,-138.66545575925738
14.054054054054054,13.7165680500658,-906.7245286892606,0.9759865727931325,-138.8656559594576
14.074074074074074,13.736107320792389,-909.5046219016622,0.9759865727931325,-139.0658561596578
14.094094094094094,13.755646591518978,-912.2887231260797,0.9759865727931325,-139.26605635985803
14.114114114114113,13.775185862245568,-915.0768323625133,0.9759865727931325,-139.46625656005824
14.134134134134133,13.794725132972157,-917.8689496109629,0.9759865727931325,-139.66645676025846
14.154154154154154,13.814264403698747,-920.6650748714285,0.9759865727931325,-139.86665696045867
14.174174174174174,13.833803674425337,-923.4652081439101,0.9759865727931325,-140.06685716065888
14.194194194194194,13.853342945151926,-926.2693494284077,0.9759865727931325,-140.2670573608591
14.214214214214213,13.872882215878516,-929.0774987249214,0.9759865727931325,-140.4672575610593
14.234234234234233,13.892421486605105,-931.889656033451,0.9759865727931325,-140.66745776125953
14.254254254254255,13.911960757331695,-934.7058213539968,0.9759865727931325,-140.86765796145974
14.274274274274275,13.931500028058284,-937.5259946865586,0.9759865727931325,-141.06785816165996
14.294294294294295,13.951039298784874,-940.3501760311365,0.9759865727931325,-141.26805836186017
14.314314314314313,13.970578569511463,-943.1783653877303,0.9759865727931325,-141.46825856206038
14.334334334334333,13.990117840238053,-946.0105627563402,0.9759865727931325,-141.6684587622606
14.354354354354355,14.009657110964643,-948.846768136966,0.9759865727931325,-141.8686589624608
14.374374374374375,14.029196381691232,-951.6869815296079,0.9759865727931325,-142.06885916266103
14.394394394394395,14.048735652417822,-954.5312029342658,0.9759865727931325,-142.26905936286124
14.414414414414413,14.068274923144411,-957.3794323509397,0.9759865727931325,-142.46925956306146
14.434434434434436,14.087814193871,-960.2316697796297,0.9759865727931325,-142.66945976326167
14.454454454454455,14.10735346459759,-963.0879152203356,0.9759865727931325,-142.86965996346188
14.474474474474475,14.12689273532418,-965.9481686730576,0.9759865727931325,-143.0698601636621
14.494494494494495,14.14643200605077,-968.8124301377956,0.9759865727931325,-143.2700603638623
14.514514514514513,14.16597127677736,-971.6806996145496,0.9759865727931325,-143.47026056406253
14.534534534534536,14.185510547503949,-974.5529771033196,0.9759865727931325,-143.67046076426274
14.554554554554555,14.205049818230538,-977.4292626041056,0.9759865727931325,-143.87066096446296
14.574574574574575,14.224589088957128,-980.3095561169076,0.9759865727931325,-144.07086116466317
14.594594594594595,14.244128359683717,-983.1938576417257,0.9759865727931325,-144.27106136486339
14.614614614614613,14.263667630410307,-986.0821671785598,0.9759865727931325,-144.4712615650636
14.634634634634637,14.283206901136897,-988.9744847274098,0.9759865727931325,-144.6714617652638
14.654654654654655,14.302746171863486,-991.870810288276,0.9759865727931325,-144.87166196546403
14.674674674674675,14.322285442590076,-994.7711438611581,0.9759865727931325,-145.07186216566424
14.694694694694695,14.341824713316665,-997.6754854460562,0.9759865727931325,-145.27206236586446
14.714714714714713,14.361363984043255,-1000.5838350429703,0.9759865727931325,-145.47226256606467
14.734734734734737,14.380903254769844,-1003.4961926519006,0.9759865727931325,-145.67246276626489
14.754754754754755,14.400442525496434,-1006.4125582728469,0.9759865727931325,-145.8726629664651
14.774774774774775,14.419981796223023,-1009.3329319058092,0.9759865727931325,-146.07286316666531
14.794794794794795,14.439521066949613,-1012.2573135507876,0.9759865727931325,-146.27306336686553
14.814814814814813,14.459060337676203,-1015.1857032077819,0.9759865727931325,-146.47326356706574
14.834834834834837,14.478599608402792,-1018.1181008767923,0.9759865727931325,-146.67346376726596
14.854854854854855,14.498138879129382,-1021.0545065578186,0.9759865727931325,-146.87366396746617
14.874874874874875,14.517678149855971,-1023.994920250861,0.9759865727931325,-147.0738641676664
14.894894894894895,14.53721742058256,-1026.9393419559194,0.9759865727931325,-147.2740643678666
14.914914914914913,14.55675669130915,-1029.8877716729937,0.9759865727931325,-147.47426456806681
14.934934934934937,14.57629596203574,-1032.8402094020842,0.9759865727931325,-147.67446476826703
14.954954954954955,14.59583523276233,-1035.7966551431905,0.9759865727931325,-147.87466496846724
14.974974974974975,14.615374503488919,-1038.757108896313,0.9759865727931325,-148.07486516866746
14.994994994994995,14.634913774215509,-1041.7215706614516,0.9759865727931325,-148.27506536886767
15.015015015015013,14.654453044942098,-1044.690040438606,0.9759865727931325,-148.4752655690679
15.035035035035037,14.673992315668688,-1047.6625182277767,0.9759865727931325,-148.6754657692681
15.055055055055055,14.693531586395277,-1050.6390040289632,0.9759865727931325,-148.87566596946832
15.075075075075075,14.713070857121867,-1053.6194978421659,0.9759865727931325,-149.07586616966853
15.095095095095095,14.732610127848456,-1056.6039996673844,0.9759865727931325,-149.27606636986874
15.115115115115113,14.752149398575046,-1059.592509504619,0.9759865727931325,-149.47626657006896
15.135135135135137,14.771688669301636,-1062.5850273538697,0.9759865727931325,-149.67646677026917
15.155155155155155,14.791227940028225,-1065.5815532151364,0.9759865727931325,-149.8766669704694
15.175175175175175,14.810767210754815,-1068.582087088419,0.9759865727931325,-150.0768671706696
15.195195195195195,14.830306481481404,-1071.5866289737178,0.9759865727931325,-150.27706737086982
15.215215215215213,14.849845752207994,-1074.5951788710324,0.9759865727931325,-150.47726757107003
15.235235235235237,14.869385022934583,-1077.6077367803632,0.9759865727931325,-150.67746777127024
15.255255255255255,14.888924293661173,-1080.62430270171,0.9759865727931325,-150.87766797147046
15.275275275275275,14.908463564387763,-1083.6448766350727,0.9759865727931325,-151.07786817167067
15.295295295295295,14.928002835114352,-1086.6694585804514,0.9759865727931325,-151.2780683718709
15.315315315315313,14.947542105840942,-1089.6980485378463,0.9759865727931325,-151.4782685720711
15.335335335335337,14.967081376567531,-1092.730646507257,0.9759865727931325,-151.67846877227132
15.355355355355355,14.98662064729412,-1095.7672524886839,0.9759865727931325,-151.87866897247153
15.375375375375375,15.00615991802071,-1098.8078664821267,0.9759865727931325,-152.07886917267174
15.395395395395395,15.0256991887473,-1101.8524884875856,0.9759865727931325,-152.27906937287196
15.415415415415413,15.04523845947389,-1104.9011185050604,0.9759865727931325,-152.47926957307217
15.435435435435437,15.064777730200479,-1107.9537565345513,0.9759865727931325,-152.6794697732724
15.455455455455455,15.084317000927069,-1111.0104025760584,0.9759865727931325,-152.8796699734726
15.475475475475475,15.103856271653658,-1114.0710566295813,0.9759865727931325,-153.07987017367282
15.495495495495495,15.123395542380248,-1117.1357186951204,0.9759865727931325,-153.28007037387303
15.515515515515514,15.142934813106837,-1120.2043887726754,0.9759865727931325,-153.48027057407324
15.535535535535537,15.162474083833427,-1123.2770668622466,0.9759865727931325,-153.68047077427346
15.555555555555555,15.182013354560016,-1126.3537529638336,0.9759865727931325,-153.88067097447367
15.575575575575575,15.201552625286606,-1129.4344470774367,0.9759865727931325,-154.0808711746739
15.595595595595595,15.221091896013196,-1132.5191492030558,0.9759865727931325,-154.2810713748741
15.615615615615614,15.240631166739785,-1135.607859340691,0.9759865727931325,-154.48127157507432
15.635635635635637,15.260170437466375,-1138.700577490342,0.9759865727931325,-154.68147177527453
15.655655655655655,15.279709708192964,-1141.7973036520093,0.9759865727931325,-154.88167197547475
15.675675675675675,15.299248978919554,-1144.8980378256924,0.9759865727931325,-155.08187217567496
15.695695695695695,15.318788249646143,-1148.0027800113917,0.9759865727931325,-155.28207237587517
15.715715715715717,15.338327520372733,-1151.1115302091068,0.9759865727931325,-155.4822725760754
15.735735735735737,15.357866791099323,-1154.2242884188381,0.9759865727931325,-155.6824727762756
15.755755755755755,15.377406061825912,-1157.3410546405853,0.9759865727931325,-155.88267297647582
15.775775775775776,15.396945332552502,-1160.4618288743486,0.9759865727931325,-156.08287317667603
15.795795795795796,15.416484603279091,-1163.5866111201278,0.9759865727931325,-156.28307337687625
15.815815815815817,15.43602387400568,-1166.7154013779232,0.9759865727931325,-156.48327357707646
15.835835835835837,15.45556314473227,-1169.8481996477344,0.9759865727931325,-156.68347377727667
15.855855855855856,15.47510241545886,-1172.9850059295618,0.9759865727931325,-156.8836739774769
15.875875875875876,15.49464168618545,-1176.125820223405,0.9759865727931325,-157.0838741776771
15.895895895895896,15.514180956912039,-1179.2706425292645,0.9759865727931325,-157.28407437787732
15.915915915915917,15.533720227638629,-1182.4194728471398,0.9759865727931325,-157.48427457807753
15.935935935935937,15.553259498365218,-1185.5723111770312,0.9759865727931325,-157.68447477827775
15.955955955955956,15.572798769091808,-1188.7291575189388,0.9759865727931325,-157.88467497847796
15.975975975975976,15.592338039818397,-1191.8900118728623,0.9759865727931325,-158.08487517867817
15.995995995995996,15.611877310544987,-1195.0548742388019,0.9759865727931325,-158.2850753788784
16.016016016016017,15.631416581271576,-1198.2237446167574,0.9759865727931325,-158.4852755790786
16.036036036036037,15.650955851998166,-1201.396623006729,0.9759865727931325,-158.68547577927882
16.056056056056057,15.670495122724756,-1204.5735094087165,0.9759865727931325,-158.88567597947903
16.076076076076077,15.690034393451345,-1207.7544038227202,0.9759865727931325,-159.08587617967925
16.096096096096094,15.709573664177935,-1210.9393062487397,0.9759865727931325,-159.28607637987946
16.116116116116117,15.729112934904524,-1214.1282166867754,0.9759865727931325,-159.48627658007968
16.136136136136138,15.748652205631114,-1217.321135136827,0.9759865727931325,-159.6864767802799
16.156156156156158,15.768191476357703,-1220.5180615988947,0.9759865727931325,-159.8866769804801
16.176176176176178,15.787730747084293,-1223.7189960729784,0.9759865727931325,-160.08687718068032
16.196196196196194,15.807270017810882,-1226.9239385590781,0.9759865727931325,-160.28707738088053
16.216216216216218,15.826809288537472,-1230.1328890571938,0.9759865727931325,-160.48727758108075
16.236236236236238,15.846348559264062,-1233.3458475673256,0.9759865727931325,-160.68747778128096
16.256256256256258,15.865887829990651,-1236.5628140894732,0.9759865727931325,-160.88767798148118
16.276276276276278,15.88542710071724,-1239.783788623637,0.9759865727931325,-161.0878781816814
16.296296296296294,15.90496637144383,-1243.0087711698168,0.9759865727931325,-161.2880783818816
16.316316316316318,15.92450564217042,-1246.2377617280126,0.9759865727931325,-161.48827858208182
16.336336336336338,15.94404491289701,-1249.4707602982244,0.9759865727931325,-161.68847878228203
16.356356356356358,15.963584183623599,-1252.7077668804523,0.9759865727931325,-161.88867898248225
16.376376376376378,15.983123454350189,-1255.948781474696,0.9759865727931325,-162.08887918268246
16.396396396396394,16.002662725076778,-1259.193804080956,0.9759865727931325,-162.28907938288268
16.416416416416418,16.022201995803368,-1262.442834699232,0.9759865727931325,-162.4892795830829
16.436436436436438,16.041741266529957,-1265.695873329524,0.9759865727931325,-162.6894797832831
16.456456456456458,16.061280537256547,-1268.952919971832,0.9759865727931325,-162.88967998348332
16.476476476476478,16.080819807983136,-1272.213974626156,0.9759865727931325,-163.08988018368353
16.496496496496494,16.100359078709726,-1275.479037292496,0.9759865727931325,-163.29008038388375
16.516516516516518,16.119898349436315,-1278.748107970852,0.9759865727931325,-163.49028058408396
16.536536536536538,16.139437620162905,-1282.0211866612242,0.9759865727931325,-163.69048078428418
16.556556556556558,16.158976890889495,-1285.2982733636122,0.9759865727931325,-163.8906809844844
16.576576576576578,16.178516161616084,-1288.5793680780164,0.9759865727931325,-164.0908811846846
16.596596596596594,16.198055432342674,-1291.8644708044365,0.9759865727931325,-164.29108138488482
16.616616616616618,16.217594703069263,-1295.1535815428726,0.9759865727931325,-164.49128158508503
16.636636636636638,16.237133973795853,-1298.4467002933247,0.9759865727931325,-164.69148178528525
16.656656656656658,16.256673244522442,-1301.743827055793,0.9759865727931325,-164.89168198548546
16.676676676676678,16.276212515249032,-1305.044961830277,0.9759865727931325,-165.09188218568568
16.696696696696694,16.29575178597562,-1308.3501046167773,0.9759865727931325,-165.2920823858859
16.716716716716718,16.31529105670221,-1311.6592554152935,0.9759865727931325,-165.4922825860861
16.736736736736738,16.3348303274288,-1314.9724142258258,0.9759865727931325,-165.69248278628632
16.756756756756758,16.35436959815539,-1318.289581048374,0.9759865727931325,-165.89268298648653
16.776776776776778,16.37390886888198,-1321.6107558829383,0.9759865727931325,-166.09288318668675
16.796796796796794,16.39344813960857,-1324.9359387295185,0.9759865727931325,-166.29308338688696
16.816816816816818,16.41298741033516,-1328.2651295881149,0.9759865727931325,-166.49328358708718
16.836836836836838,16.43252668106175,-1331.598328458727,0.9759865727931325,-166.6934837872874
16.856856856856858,16.452065951788338,-1334.9355353413555,0.9759865727931325,-166.8936839874876
16.876876876876878,16.471605222514928,-1338.276750236,0.9759865727931325,-167.09388418768782
16.896896896896898,16.491144493241517,-1341.6219731426604,0.9759865727931325,-167.29408438788803
16.916916916916918,16.510683763968107,-1344.971204061337,0.9759865727931325,-167.49428458808825
16.936936936936938,16.530223034694696,-1348.3244429920294,0.9759865727931325,-167.69448478828846
16.956956956956958,16.549762305421286,-1351.681689934738,0.9759865727931325,-167.89468498848868
16.976976976976978,16.569301576147875,-1355.0429448894624,0.9759865727931325,-168.0948851886889
16.996996996996998,16.588840846874465,-1358.408207856203,0.9759865727931325,-168.2950853888891
17.017017017017018,16.608380117601055,-1361.7774788349595,0.9759865727931325,-168.49528558908932
17.037037037037038,16.627919388327644,-1365.1507578257322,0.9759865727931325,-168.69548578928953
17.057057057057058,16.647458659054234,-1368.5280448285207,0.9759865727931325,-168.89568598948975
17.077077077077078,16.666997929780823,-1371.9093398433254,0.9759865727931325,-169.09588618968996
17.097097097097098,16.686537200507413,-1375.294642870146,0.9759865727931325,-169.29608638989018
17.117117117117118,16.706076471234002,-1378.6839539089826,0.9759865727931325,-169.4962865900904
17.137137137137138,16.725615741960592,-1382.0772729598352,0.9759865727931325,-169.6964867902906
17.157157157157158,16.74515501268718,-1385.474600022704,0.9759865727931325,-169.89668699049082
17.177177177177178,16.76469428341377,-1388.8759350975886,0.9759865727931325,-170.09688719069104
17.197197197197198,16.78423355414036,-1392.2812781844893,0.9759865727931325,-170.29708739089125
17.217217217217218,16.80377282486695,-1395.690629283406,0.9759865727931325,-170.49728759109146
17.237237237237238,16.82331209559354,-1399.1039883943388,0.9759865727931325,-170.69748779129168
17.25725725725726,16.84285136632013,-1402.5213555172875,0.9759865727931325,-170.8976879914919
17.27727727727728,16.86239063704672,-1405.9427306522523,0.9759865727931325,-171.0978881916921
17.2972972972973,16.88192990777331,-1409.368113799233,0.9759865727931325,-171.29808839189232
17.31731731731732,16.901469178499898,-1412.7975049582299,0.9759865727931325,-171.49828859209254
17.33733733733734,16.921008449226488,-1416.2309041292426,0.9759865727931325,-171.69848879229275
17.35735735735736,16.940547719953077,-1419.6683113122715,0.9759865727931325,-171.89868899249296
17.37737737737738,16.960086990679667,-1423.1097265073165,0.9759865727931325,-172.09888919269318
17.3973973973974,16.979626261406256,-1426.5551497143774,0.9759865727931325,-172.2990893928934
17.41741741741742,16.999165532132846,-1430.0045809334545,0.9759865727931325,-172.4992895930936
17.43743743743744,17.018704802859435,-1433.4580201645474,0.9759865727931325,-172.69948979329382
17.45745745745746,17.038244073586025,-1436.9154674076565,0.9759865727931325,-172.89968999349404
17.47747747747748,17.057783344312615,-1440.3769226627815,0.9759865727931325,-173.09989019369425
17.4974974974975,17.077322615039204,-1443.8423859299226,0.9759865727931325,-173.30009039389446
17.51751751751752,17.096861885765794,-1447.3118572090796,0.9759865727931325,-173.50029059409468
17.53753753753754,17.116401156492383,-1450.7853365002527,0.9759865727931325,-173.7004907942949
17.55755755755756,17.135940427218973,-1454.2628238034417,0.9759865727931325,-173.9006909944951
17.57757757757758,17.155479697945562,-1457.744319118647,0.9759865727931325,-174.10089119469532
17.5975975975976,17.175018968672152,-1461.229822445868,0.9759865727931325,-174.30109139489554
17.61761761761762,17.19455823939874,-1464.7193337851052,0.9759865727931325,-174.50129159509575
17.63763763763764,17.21409751012533,-1468.2128531363583,0.9759865727931325,-174.70149179529596
17.65765765765766,17.23363678085192,-1471.7103804996275,0.9759865727931325,-174.90169199549618
17.67767767767768,17.25317605157851,-1475.2119158749126,0.9759865727931325,-175.1018921956964
17.6976976976977,17.2727153223051,-1478.7174592622139,0.9759865727931325,-175.3020923958966
17.71771771771772,17.29225459303169,-1482.227010661531,0.9759865727931325,-175.50229259609682
17.73773773773774,17.31179386375828,-1485.7405700728643,0.9759865727931325,-175.70249279629704
17.75775775775776,17.33133313448487,-1489.2581374962135,0.9759865727931325,-175.90269299649725
17.77777777777778,17.350872405211458,-1492.7797129315788,0.9759865727931325,-176.10289319669747
17.7977977977978,17.370411675938048,-1496.30529637896,0.9759865727931325,-176.30309339689768
17.81781781781782,17.389950946664637,-1499.8348878383574,0.9759865727931325,-176.5032935970979
17.83783783783784,17.409490217391227,-1503.368487309771,0.9759865727931325,-176.7034937972981
17.85785785785786,17.429029488117816,-1506.9060947932003,0.9759865727931325,-176.90369399749832
17.87787787787788,17.448568758844406,-1510.4477102886458,0.9759865727931325,-177.10389419769854
17.8978978978979,17.468108029570995,-1513.9933337961072,0.9759865727931325,-177.30409439789875
17.91791791791792,17.487647300297585,-1517.5429653155848,0.9759865727931325,-177.50429459809897
17.93793793793794,17.507186571024175,-1521.0966048470782,0.9759865727931325,-177.70449479829918
17.95795795795796,17.526725841750764,-1524.6542523905878,0.9759865727931325,-177.9046949984994
17.97797797797798,17.546265112477354,-1528.2159079461132,0.9759865727931325,-178.1048951986996
17.997997997998,17.565804383203943,-1531.7815715136549,0.9759865727931325,-178.30509539889982
18.01801801801802,17.585343653930533,-1535.3512430932124,0.9759865727931325,-178.50529559910004
18.03803803803804,17.604882924657122,-1538.924922684786,0.9759865727931325,-178.70549579930025
18.05805805805806,17.624422195383712,-1542.5026102883755,0.9759865727931325,-178.90569599950047
18.07807807807808,17.6439614661103,-1546.0843059039812,0.9759865727931325,-179.10589619970068
18.0980980980981,17.66350073683689,-1549.6700095316028,0.9759865727931325,-179.3060963999009
18.11811811811812,17.68304000756348,-1553.2597211712405,0.9759865727931325,-179.5062966001011
18.13813813813814,17.70257927829007,-1556.853440822894,0.9759865727931325,-179.70649680030132
18.15815815815816,17.72211854901666,-1560.4511684865638,0.9759865727931325,-179.90669700050154
18.17817817817818,17.74165781974325,-1564.0529041622494,0.9759865727931325,-180.10689720070175
18.1981981981982,17.76119709046984,-1567.6586478499512,0.9759865727931325,-180.30709740090197
18.21821821821822,17.78073636119643,-1571.2683995496689,0.9759865727931325,-180.50729760110218
18.23823823823824,17.800275631923018,-1574.8821592614026,0.9759865727931325,-180.7074978013024
18.25825825825826,17.819814902649608,-1578.4999269851523,0.9759865727931325,-180.9076980015026
18.27827827827828,17.839354173376197,-1582.1217027209182,0.9759865727931325,-181.10789820170282
18.2982982982983,17.858893444102787,-1585.7474864687001,0.9759865727931325,-181.30809840190304
18.31831831831832,17.878432714829376,-1589.377278228498,0.9759865727931325,-181.50829860210325
18.33833833833834,17.897971985555966,-1593.011078000312,0.9759865727931325,-181.70849880230347
18.35835835835836,17.917511256282555,-1596.6488857841418,0.9759865727931325,-181.90869900250368
18.37837837837838,17.937050527009145,-1600.2907015799879,0.9759865727931325,-182.1088992027039
18.3983983983984,17.956589797735734,-1603.9365253878498,0.9759865727931325,-182.3090994029041
18.41841841841842,17.976129068462324,-1607.5863572077278,0.9759865727931325,-182.50929960310432
18.43843843843844,17.995668339188914,-1611.2401970396218,0.9759865727931325,-182.70949980330454
18.45845845845846,18.015207609915503,-1614.8980448835318,0.9759865727931325,-182.90970000350475
18.47847847847848,18.034746880642093,-1618.5599007394578,0.9759865727931325,-183.10990020370497
18.4984984984985,18.054286151368682,-1622.2257646074,0.9759865727931325,-183.31010040390518
18.51851851851852,18.073825422095272,-1625.895636487358,0.9759865727931325,-183.5103006041054
18.53853853853854,18.09336469282186,-1629.569516379332,0.9759865727931325,-183.7105008043056
18.55855855855856,18.11290396354845,-1633.247404283322,0.9759865727931325,-183.91070100450582
18.57857857857858,18.13244323427504,-1636.9293001993283,0.9759865727931325,-184.11090120470604
18.5985985985986,18.15198250500163,-1640.6152041273504,0.9759865727931325,-184.31110140490625
18.61861861861862,18.17152177572822,-1644.3051160673886,0.9759865727931325,-184.51130160510647
18.63863863863864,18.19106104645481,-1647.9990360194427,0.9759865727931325,-184.71150180530668
18.65865865865866,18.2106003171814,-1651.696963983513,0.9759865727931325,-184.9117020055069
18.67867867867868,18.23013958790799,-1655.398899959599,0.9759865727931325,-185.1119022057071
18.6986986986987,18.249678858634578,-1659.1048439477013,0.9759865727931325,-185.31210240590732
18.71871871871872,18.269218129361168,-1662.8147959478194,0.9759865727931325,-185.51230260610754
18.73873873873874,18.288757400087757,-1666.5287559599537,0.9759865727931325,-185.71250280630775
18.75875875875876,18.308296670814347,-1670.246723984104,0.9759865727931325,-185.91270300650797
18.77877877877878,18.327835941540936,-1673.9687000202703,0.9759865727931325,-186.11290320670818
18.7987987987988,18.347375212267526,-1677.6946840684527,0.9759865727931325,-186.3131034069084
18.81881881881882,18.366914482994115,-1681.424676128651,0.9759865727931325,-186.5133036071086
18.83883883883884,18.386453753720705,-1685.1586762008656,0.9759865727931325,-186.71350380730883
18.85885885885886,18.405993024447294,-1688.896684285096,0.9759865727931325,-186.91370400750904
18.87887887887888,18.425532295173884,-1692.6387003813425,0.9759865727931325,-187.11390420770925
18.8988988988989,18.445071565900474,-1696.3847244896049,0.9759865727931325,-187.31410440790947
18.91891891891892,18.464610836627063,-1700.1347566098834,0.9759865727931325,-187.51430460810968
18.93893893893894,18.484150107353653,-1703.8887967421779,0.9759865727931325,-187.7145048083099
18.95895895895896,18.503689378080242,-1707.6468448864885,0.9759865727931325,-187.9147050085101
18.97897897897898,18.523228648806832,-1711.408901042815,0.9759865727931325,-188.11490520871033
18.998998998999,18.54276791953342,-1715.1749652111575,0.9759865727931325,-188.31510540891054
19.01901901901902,18.56230719026001,-1718.945037391516,0.9759865727931325,-188.51530560911075
19.03903903903904,18.5818464609866,-1722.7191175838907,0.9759865727931325,-188.71550580931097
19.05905905905906,18.60138573171319,-1726.4972057882812,0.9759865727931325,-188.91570600951118
19.07907907907908,18.62092500243978,-1730.279302004688,0.9759865727931325,-189.1159062097114
19.0990990990991,18.64046427316637,-1734.0654062331105,0.9759865727931325,-189.3161064099116
19.11911911911912,18.66000354389296,-1737.8555184735492,0.9759865727931325,-189.51630661011183
19.13913913913914,18.67954281461955,-1741.6496387260038,0.9759865727931325,-189.71650681031204
19.15915915915916,18.699082085346138,-1745.4477669904745,0.9759865727931325,-189.91670701051225
19.17917917917918,18.718621356072727,-1749.2499032669612,0.9759865727931325,-190.11690721071247
19.1991991991992,18.738160626799317,-1753.056047555464,0.9759865727931325,-190.31710741091268
19.21921921921922,18.757699897525907,-1756.8661998559826,0.9759865727931325,-190.5173076111129
19.23923923923924,18.777239168252496,-1760.6803601685174,0.9759865727931325,-190.7175078113131
19.25925925925926,18.796778438979086,-1764.4985284930683,0.9759865727931325,-190.91770801151333
19.27927927927928,18.816317709705675,-1768.3207048296351,0.9759865727931325,-191.11790821171354
19.2992992992993,18.835856980432265,-1772.146889178218,0.9759865727931325,-191.31810841191376
19.31931931931932,18.855396251158854,-1775.977081538817,0.9759865727931325,-191.51830861211397
19.33933933933934,18.874935521885444,-1779.811281911432,0.9759865727931325,-191.71850881231418
19.35935935935936,18.894474792612034,-1783.6494902960628,0.9759865727931325,-191.9187090125144
19.37937937937938,18.914014063338623,-1787.4917066927098,0.9759865727931325,-192.1189092127146
19.3993993993994,18.933553334065213,-1791.3379311013728,0.9759865727931325,-192.31910941291483
19.41941941941942,18.953092604791802,-1795.1881635220518,0.9759865727931325,-192.51930961311504
19.43943943943944,18.972631875518392,-1799.0424039547468,0.9759865727931325,-192.71950981331526
19.45945945945946,18.99217114624498,-1802.9006523994578,0.9759865727931325,-192.91971001351547
19.47947947947948,19.01171041697157,-1806.7629088561848,0.9759865727931325,-193.11991021371568
19.4994994994995,19.03124968769816,-1810.629173324928,0.9759865727931325,-193.3201104139159
19.51951951951952,19.05078895842475,-1814.499445805687,0.9759865727931325,-193.5203106141161
19.53953953953954,19.07032822915134,-1818.373726298462,0.9759865727931325,-193.72051081431633
19.55955955955956,19.08986749987793,-1822.2520148032531,0.9759865727931325,-193.92071101451654
19.57957957957958,19.10940677060452,-1826.1343113200603,0.9759865727931325,-194.12091121471676
19.5995995995996,19.12894604133111,-1830.0206158488834,0.9759865727931325,-194.32111141491697
19.61961961961962,19.148485312057698,-1833.9109283897226,0.9759865727931325,-194.52131161511718
19.63963963963964,19.168024582784287,-1837.8052489425777,0.9759865727931325,-194.7215118153174
19.65965965965966,19.187563853510877,-1841.703577507449,0.9759865727931325,-194.9217120155176
19.67967967967968,19.207103124237467,-1845.605914084336,0.9759865727931325,-195.12191221571783
19.6996996996997,19.226642394964056,-1849.5122586732393,0.9759865727931325,-195.32211241591804
19.71971971971972,19.246181665690646,-1853.4226112741585,0.9759865727931325,-195.52231261611826
19.73973973973974,19.265720936417235,-1857.3369718870938,0.9759865727931325,-195.72251281631847
19.75975975975976,19.285260207143825,-1861.2553405120452,0.9759865727931325,-195.92271301651868
19.77977977977978,19.304799477870414,-1865.1777171490126,0.9759865727931325,-196.1229132167189
19.7997997997998,19.324338748597004,-1869.104101797996,0.9759865727931325,-196.3231134169191
19.81981981981982,19.343878019323594,-1873.0344944589954,0.9759865727931325,-196.52331361711933
19.83983983983984,19.363417290050183,-1876.9688951320109,0.9759865727931325,-196.72351381731954
19.85985985985986,19.382956560776773,-1880.9073038170422,0.9759865727931325,-196.92371401751976
19.87987987987988,19.402495831503362,-1884.8497205140898,0.9759865727931325,-197.12391421771997
19.8998998998999,19.42203510222995,-1888.7961452231532,0.9759865727931325,-197.32411441792019
19.91991991991992,19.44157437295654,-1892.7465779442327,0.9759865727931325,-197.5243146181204
19.93993993993994,19.46111364368313,-1896.7010186773282,0.9759865727931325,-197.7245148183206
19.95995995995996,19.48065291440972,-1900.6594674224398,0.9759865727931325,-197.92471501852083
19.97997997997998,19.50019218513631,-1904.6219241795673,0.9759865727931325,-198.12491521872104
20.0,19.5197314558629,-1908.5883889487109,0.9759865727931325,-198.32511541892126
