t,xpos,ypos,vx,vy
0.0,0.0,6.891202585359835,59.61852022629324,34.430981580280644
0.02002002002002002,1.193563968494359,7.580511525905994,59.61852022629324,34.230781380080444
0.04004004004004004,2.387127936988718,8.265812454436134,59.61852022629324,34.030581179880244
0.06006006006006006,3.5806919054830773,8.947105370950252,59.61852022629324,33.830380979680044
0.08008008008008008,4.774255873977436,9.624390275448352,59.61852022629324,33.63018077947984
0.10010010010010009,5.967819842471796,10.297667167930431,59.61852022629324,33.42998057927964
0.12012012012012012,7.161383810966155,10.96693604839649,59.61852022629324,33.22978037907944
0.14014014014014015,8.354947779460515,11.63219691684653,59.61852022629324,33.02958017887924
0.16016016016016016,9.548511747954874,12.293449773280548,59.61852022629324,32.82937997867904
0.18018018018018017,10.742075716449234,12.950694617698547,59.61852022629324,32.62917977847884
0.20020020020020018,11.935639684943594,13.603931450100525,59.61852022629324,32.42897957827864
0.22022022022022023,13.129203653437953,14.253160270486484,59.61852022629324,32.22877937807844
0.24024024024024024,14.322767621932313,14.898381078856422,59.61852022629324,32.02857917787824
0.2602602602602603,15.516331590426672,15.539593875210342,59.61852022629324,31.828378977678042
0.2802802802802803,16.70989555892103,16.17679865954824,59.61852022629324,31.628178777477842
0.3003003003003003,17.90345952741539,16.809995431870117,59.61852022629324,31.427978577277642
0.3203203203203203,19.09702349590975,17.439184192175976,59.61852022629324,31.227778377077442
0.3403403403403404,20.29058746440411,18.064364940465815,59.61852022629324,31.027578176877242
0.36036036036036034,21.484151432898468,18.685537676739635,59.61852022629324,30.82737797667704
0.3803803803803804,22.677715401392827,19.302702400997433,59.61852022629324,30.62717777647684
0.40040040040040037,23.871279369887187,19.91585911323921,59.61852022629324,30.42697757627664
0.42042042042042044,25.064843338381547,20.52500781346497,59.61852022629324,30.22677737607644
0.44044044044044045,26.258407306875906,21.13014850167471,59.61852022629324,30.02657717587624
0.4604604604604605,27.451971275370266,21.73128117786843,59.61852022629324,29.82637697567604
0.4804804804804805,28.645535243864625,22.328405842046127,59.61852022629324,29.62617677547584
0.5005005005005005,29.839099212358985,22.921522494207807,59.61852022629324,29.42597657527564
0.5205205205205206,31.032663180853344,23.510631134353464,59.61852022629324,29.22577637507544
0.5405405405405406,32.2262271493477,24.0957317624831,59.61852022629324,29.02557617487524
0.5605605605605606,33.41979111784206,24.67682437859672,59.61852022629324,28.82537597467504
0.5805805805805806,34.61335508633642,25.25390898269432,59.61852022629324,28.62517577447484
0.6006006006006006,35.80691905483078,25.826985574775897,59.61852022629324,28.42497557427464
0.6206206206206206,37.00048302332514,26.396054154841455,59.61852022629324,28.22477537407444
0.6406406406406406,38.1940469918195,26.961114722890994,59.61852022629324,28.02457517387424
0.6606606606606606,39.38761096031386,27.522167278924513,59.61852022629324,27.82437497367404
0.6806806806806808,40.58117492880822,28.07921182294201,59.61852022629324,27.62417477347384
0.7007007007007007,41.774738897302576,28.63224835494349,59.61852022629324,27.42397457327364
0.7207207207207207,42.968302865796936,29.181276874928948,59.61852022629324,27.22377437307344
0.7407407407407407,44.161866834291295,29.726297382898387,59.61852022629324,27.02357417287324
0.7607607607607608,45.355430802785655,30.267309878851805,59.61852022629324,26.82337397267304
0.7807807807807808,46.548994771280015,30.804314362789203,59.61852022629324,26.62317377247284
0.8008008008008007,47.742558739774374,31.337310834710582,59.61852022629324,26.42297357227264
0.8208208208208208,48.936122708268734,31.86629929461594,59.61852022629324,26.22277337207244
0.8408408408408409,50.12968667676309,32.391279742505276,59.61852022629324,26.02257317187224
0.8608608608608609,51.32325064525745,32.912252178378594,59.61852022629324,25.82237297167204
0.8808808808808809,52.51681461375181,33.42921660223589,59.61852022629324,25.62217277147184
0.9009009009009008,53.71037858224617,33.94217301407717,59.61852022629324,25.42197257127164
0.920920920920921,54.90394255074053,34.45112141390243,59.61852022629324,25.221772371071438
0.9409409409409409,56.09750651923489,34.95606180171166,59.61852022629324,25.021572170871238
0.960960960960961,57.29107048772925,35.45699417750488,59.61852022629324,24.821371970671038
0.980980980980981,58.48463445622361,35.95391854128208,59.61852022629324,24.621171770470838
1.001001001001001,59.67819842471797,36.44683489304326,59.61852022629324,24.420971570270638
1.021021021021021,60.87176239321233,36.93574323278842,59.61852022629324,24.220771370070437
1.0410410410410411,62.06532636170669,37.420643560517554,59.61852022629324,24.020571169870237
1.0610610610610611,63.25889033020105,37.901535876230675,59.61852022629324,23.820370969670037
1.0810810810810811,64.4524542986954,38.37842017992777,59.61852022629324,23.620170769469837
1.1011011011011012,65.64601826718976,38.85129647160885,59.61852022629324,23.419970569269637
1.1211211211211212,66.83958223568412,39.32016475127391,59.61852022629324,23.219770369069437
1.1411411411411412,68.03314620417848,39.785025018922944,59.61852022629324,23.019570168869237
1.1611611611611612,69.22671017267284,40.24587727455596,59.61852022629324,22.819369968669037
1.1811811811811812,70.4202741411672,40.70272151817296,59.61852022629324,22.619169768468836
1.2012012012012012,71.61383810966156,41.15555774977393,59.61852022629324,22.418969568268636
1.2212212212212212,72.80740207815592,41.604385969358894,59.61852022629324,22.218769368068436
1.2412412412412412,74.00096604665028,42.04920617692783,59.61852022629324,22.018569167868236
1.2612612612612613,75.19453001514464,42.49001837248075,59.61852022629324,21.818368967668036
1.2812812812812813,76.388093983639,42.92682255601765,59.61852022629324,21.618168767467836
1.3013013013013013,77.58165795213336,43.359618727538525,59.61852022629324,21.417968567267636
1.3213213213213213,78.77522192062771,43.78840688704338,59.61852022629324,21.217768367067436
1.3413413413413413,79.96878588912207,44.21318703453222,59.61852022629324,21.017568166867235
1.3613613613613615,81.16234985761643,44.633959170005035,59.61852022629324,20.817367966667035
1.3813813813813813,82.3559138261108,45.050723293461836,59.61852022629324,20.617167766466835
1.4014014014014013,83.54947779460515,45.463479404902614,59.61852022629324,20.416967566266635
1.4214214214214214,84.74304176309951,45.87222750432737,59.61852022629324,20.216767366066435
1.4414414414414414,85.93660573159387,46.27696759173611,59.61852022629324,20.016567165866235
1.4614614614614616,87.13016970008823,46.67769966712883,59.61852022629324,19.816366965666035
1.4814814814814814,88.32373366858259,47.07442373050552,59.61852022629324,19.616166765465834
1.5015015015015014,89.51729763707695,47.4671397818662,59.61852022629324,19.415966565265634
1.5215215215215216,90.71086160557131,47.85584782121086,59.61852022629324,19.215766365065434
1.5415415415415414,91.90442557406567,48.24054784853949,59.61852022629324,19.015566164865234
1.5615615615615617,93.09798954256003,48.62123986385211,59.61852022629324,18.815365964665034
1.5815815815815815,94.29155351105439,48.99792386714871,59.61852022629324,18.615165764464834
1.6016016016016015,95.48511747954875,49.37059985842929,59.61852022629324,18.414965564264634
1.6216216216216217,96.67868144804311,49.739267837693845,59.61852022629324,18.214765364064434
1.6416416416416415,97.87224541653747,50.10392780494238,59.61852022629324,18.014565163864233
1.6616616616616617,99.06580938503183,50.4645797601749,59.61852022629324,17.814364963664033
1.6816816816816818,100.25937335352619,50.8212237033914,59.61852022629324,17.614164763463833
1.7017017017017015,101.45293732202055,51.17385963459187,59.61852022629324,17.413964563263633
1.7217217217217218,102.6465012905149,51.52248755377633,59.61852022629324,17.213764363063433
1.7417417417417416,103.84006525900926,51.867107460944766,59.61852022629324,17.013564162863233
1.7617617617617618,105.03362922750362,52.207719356097186,59.61852022629324,16.813363962663033
1.7817817817817818,106.22719319599798,52.544323239233584,59.61852022629324,16.613163762462833
1.8018018018018016,107.42075716449234,52.87691911035396,59.61852022629324,16.412963562262632
1.8218218218218218,108.6143211329867,53.20550696945832,59.61852022629324,16.212763362062432
1.841841841841842,109.80788510148106,53.53008681654666,59.61852022629324,16.012563161862232
1.8618618618618619,111.00144906997542,53.85065865161897,59.61852022629324,15.812362961662032
1.8818818818818819,112.19501303846978,54.16722247467527,59.61852022629324,15.612162761461832
1.9019019019019017,113.38857700696414,54.47977828571555,59.61852022629324,15.411962561261632
1.921921921921922,114.5821409754585,54.7883260847398,59.61852022629324,15.211762361061432
1.9419419419419421,115.77570494395286,55.09286587174804,59.61852022629324,15.011562160861232
1.961961961961962,116.96926891244722,55.393397646740254,59.61852022629324,14.811361960661031
1.981981981981982,118.16283288094158,55.689921409716455,59.61852022629324,14.611161760460831
2.002002002002002,119.35639684943594,55.98243716067663,59.61852022629324,14.410961560260631
2.022022022022022,120.5499608179303,56.27094489962079,59.61852022629324,14.210761360060431
2.042042042042042,121.74352478642466,56.555444626548926,59.61852022629324,14.01056115986023
2.0620620620620618,122.93708875491902,56.83593634146104,59.61852022629324,13.81036095966003
2.0820820820820822,124.13065272341338,57.11242004435714,59.61852022629324,13.61016075945983
2.1021021021021022,125.32421669190774,57.384895735237215,59.61852022629324,13.40996055925963
2.1221221221221223,126.5177806604021,57.65336341410127,59.61852022629324,13.20976035905943
2.1421421421421423,127.71134462889646,57.917823080949304,59.61852022629324,13.00956015885923
2.1621621621621623,128.9049085973908,58.17827473578132,59.61852022629324,12.80935995865903
2.1821821821821823,130.09847256588515,58.43471837859732,59.61852022629324,12.60915975845883
2.2022022022022023,131.2920365343795,58.6871540093973,59.61852022629324,12.40895955825863
2.2222222222222223,132.48560050287384,58.935581628181254,59.61852022629324,12.20875935805843
2.2422422422422423,133.67916447136818,59.18000123494919,59.61852022629324,12.00855915785823
2.2622622622622623,134.87272843986253,59.42041282970111,59.61852022629324,11.80835895765803
2.2822822822822824,136.06629240835687,59.656816412437,59.61852022629324,11.60815875745783
2.3023023023023024,137.25985637685122,59.889211983156876,59.61852022629324,11.40795855725763
2.3223223223223224,138.45342034534556,60.117599541860734,59.61852022629324,11.207758357057429
2.3423423423423424,139.6469843138399,60.34197908854857,59.61852022629324,11.007558156857229
2.3623623623623624,140.84054828233425,60.56235062322039,59.61852022629324,10.807357956657029
2.3823823823823824,142.0341122508286,60.77871414587619,59.61852022629324,10.607157756456829
2.4024024024024024,143.22767621932294,60.99106965651596,59.61852022629324,10.406957556256629
2.4224224224224224,144.4212401878173,61.19941715513972,59.61852022629324,10.206757356056428
2.4424424424424425,145.61480415631164,61.40375664174746,59.61852022629324,10.006557155856228
2.4624624624624625,146.80836812480598,61.60408811633917,59.61852022629324,9.806356955656028
2.4824824824824825,148.00193209330033,61.80041157891487,59.61852022629324,9.606156755455828
2.5025025025025025,149.19549606179467,61.992727029474544,59.61852022629324,9.405956555255628
2.5225225225225225,150.38906003028902,62.1810344680182,59.61852022629324,9.205756355055428
2.5425425425425425,151.58262399878336,62.365333894545834,59.61852022629324,9.005556154855228
2.5625625625625625,152.7761879672777,62.54562530905745,59.61852022629324,8.805355954655028
2.5825825825825826,153.96975193577205,62.72190871155305,59.61852022629324,8.605155754454827
2.6026026026026026,155.1633159042664,62.894184102032625,59.61852022629324,8.404955554254627
2.6226226226226226,156.35687987276074,63.06245148049618,59.61852022629324,8.204755354054427
2.6426426426426426,157.5504438412551,63.22671084694372,59.61852022629324,8.004555153854227
2.6626626626626626,158.74400780974943,63.38696220137523,59.61852022629324,7.804354953654027
2.6826826826826826,159.93757177824378,63.54320554379073,59.61852022629324,7.604154753453827
2.7027027027027026,161.13113574673812,63.695440874190204,59.61852022629324,7.403954553253627
2.722722722722723,162.32469971523247,63.84366819257366,59.61852022629324,7.2037543530534265
2.7427427427427427,163.51826368372681,63.98788749894109,59.61852022629324,7.003554152853226
2.7627627627627627,164.71182765222116,64.12809879329251,59.61852022629324,6.803353952653026
2.7827827827827827,165.9053916207155,64.26430207562791,59.61852022629324,6.603153752452826
2.8028028028028027,167.09895558920985,64.39649734594728,59.61852022629324,6.402953552252626
2.822822822822823,168.2925195577042,64.52468460425064,59.61852022629324,6.202753352052426
2.8428428428428427,169.48608352619854,64.64886385053798,59.61852022629324,6.002553151852226
2.8628628628628627,170.6796474946929,64.76903508480929,59.61852022629324,5.802352951652026
2.8828828828828827,171.87321146318723,64.88519830706458,59.61852022629324,5.6021527514518255
2.9029029029029028,173.06677543168158,64.99735351730386,59.61852022629324,5.401952551251625
2.922922922922923,174.26033940017592,65.10550071552711,59.61852022629324,5.201752351051425
2.942942942942943,175.45390336867027,65.20963990173435,59.61852022629324,5.001552150851225
2.962962962962963,176.6474673371646,65.30977107592557,59.61852022629324,4.801351950651025
2.982982982982983,177.84103130565896,65.40589423810076,59.61852022629324,4.601151750450825
3.003003003003003,179.0345952741533,65.49800938825993,59.61852022629324,4.400951550250625
3.0230230230230233,180.22815924264765,65.58611652640309,59.61852022629324,4.2007513500504245
3.0430430430430433,181.421723211142,65.67021565253023,59.61852022629324,4.000551149850224
3.063063063063063,182.61528717963634,65.75030676664134,59.61852022629324,3.8003509496500243
3.083083083083083,183.80885114813069,65.82638986873644,59.61852022629324,3.600150749449824
3.103103103103103,185.00241511662503,65.89846495881552,59.61852022629324,3.399950549249624
3.1231231231231233,186.19597908511938,65.96653203687858,59.61852022629324,3.199750349049424
3.1431431431431434,187.38954305361372,66.03059110292561,59.61852022629324,2.9995501488492238
3.163163163163163,188.58310702210807,66.09064215695663,59.61852022629324,2.7993499486490236
3.183183183183183,189.7766709906024,66.14668519897162,59.61852022629324,2.5991497484488235
3.203203203203203,190.97023495909676,66.1987202289706,59.61852022629324,2.3989495482486234
3.2232232232232234,192.1637989275911,66.24674724695356,59.61852022629324,2.1987493480484233
3.2432432432432434,193.35736289608545,66.29076625292049,59.61852022629324,1.9985491478482231
3.263263263263263,194.5509268645798,66.3307772468714,59.61852022629324,1.798348947648023
3.283283283283283,195.74449083307414,66.3667802288063,59.61852022629324,1.5981487474478229
3.303303303303303,196.93805480156848,66.39877519872518,59.61852022629324,1.3979485472476227
3.3233233233233235,198.13161877006283,66.42676215662803,59.61852022629324,1.1977483470474226
3.3433433433433435,199.32518273855717,66.45074110251487,59.61852022629324,0.9975481468472225
3.3633633633633635,200.51874670705152,66.47071203638568,59.61852022629324,0.7973479466470224
3.383383383383383,201.71231067554587,66.48667495824047,59.61852022629324,0.5971477464468222
3.403403403403403,202.9058746440402,66.49862986807925,59.61852022629324,0.39694754624662204
3.4234234234234235,204.09943861253456,66.506576765902,59.61852022629324,0.19674734604642186
3.4434434434434436,205.2930025810289,66.51051565170873,59.61852022629324,-0.0034528541537783286
3.4634634634634636,206.48656654952325,66.51044652549945,59.61852022629324,-0.2036530543539785
3.483483483483483,207.6801305180176,66.50636938727415,59.61852022629324,-0.4038532545541787
3.503503503503503,208.87369448651194,66.49828423703282,59.61852022629324,-0.6040534547543789
3.5235235235235236,210.06725845500628,66.48619107477548,59.61852022629324,-0.8042536549545791
3.5435435435435436,211.26082242350063,66.47008990050212,59.61852022629324,-1.0044538551547793
3.5635635635635636,212.45438639199497,66.44998071421273,59.61852022629324,-1.2046540553549794
3.583583583583583,213.64795036048932,66.42586351590732,59.61852022629324,-1.4048542555551795
3.603603603603603,214.84151432898366,66.3977383055859,59.61852022629324,-1.6050544557553796
3.6236236236236237,216.035078297478,66.36560508324845,59.61852022629324,-1.8052546559555798
3.6436436436436437,217.22864226597235,66.32946384889499,59.61852022629324,-2.00545485615578
3.6636636636636637,218.4222062344667,66.28931460252551,59.61852022629324,-2.20565505635598
3.683683683683684,219.61577020296104,66.24515734414,59.61852022629324,-2.40585525655618
3.7037037037037033,220.8093341714554,66.19699207373847,59.61852022629324,-2.6060554567563803
3.7237237237237237,222.00289813994974,66.14481879132093,59.61852022629324,-2.8062556569565804
3.7437437437437437,223.19646210844408,66.08863749688736,59.61852022629324,-3.0064558571567805
3.7637637637637638,224.39002607693843,66.02844819043777,59.61852022629324,-3.2066560573569807
3.783783783783784,225.58359004543277,65.96425087197217,59.61852022629324,-3.406856257557181
3.8038038038038033,226.77715401392712,65.89604554149054,59.61852022629324,-3.607056457757381
3.823823823823824,227.97071798242146,65.82383219899289,59.61852022629324,-3.807256657957581
3.843843843843844,229.1642819509158,65.74761084447923,59.61852022629324,-4.007456858157782
3.863863863863864,230.35784591941015,65.66738147794955,59.61852022629324,-4.207657058357982
3.8838838838838843,231.5514098879045,65.58314409940384,59.61852022629324,-4.407857258558182
3.9039039039039034,232.74497385639884,65.49489870884211,59.61852022629324,-4.608057458758382
3.923923923923924,233.9385378248932,65.40264530626438,59.61852022629324,-4.808257658958582
3.943943943943944,235.13210179338753,65.3063838916706,59.61852022629324,-5.008457859158782
3.963963963963964,236.32566576188188,65.20611446506082,59.61852022629324,-5.208658059358982
3.9839839839839843,237.51922973037622,65.10183702643502,59.61852022629324,-5.4088582595591825
4.004004004004004,238.71279369887057,64.99355157579319,59.61852022629324,-5.609058459759383
4.0240240240240235,239.90635766736492,64.88125811313535,59.61852022629324,-5.809258659959583
4.044044044044044,241.09992163585926,64.76495663846148,59.61852022629324,-6.009458860159783
4.064064064064064,242.2934856043536,64.6446471517716,59.61852022629324,-6.209659060359983
4.084084084084084,243.48704957284795,64.52032965306569,59.61852022629324,-6.409859260560183
4.104104104104104,244.6806135413423,64.39200414234377,59.61852022629324,-6.610059460760383
4.1241241241241235,245.87417750983664,64.25967061960581,59.61852022629324,-6.810259660960583
4.1441441441441444,247.067741478331,64.12332908485185,59.61852022629324,-7.010459861160784
4.1641641641641645,248.26130544682533,63.982979538081864,59.61852022629324,-7.210660061360984
4.1841841841841845,249.45486941531968,63.83862197929586,59.61852022629324,-7.410860261561184
4.2042042042042045,250.64843338381402,63.69025640849383,59.61852022629324,-7.611060461761384
4.2242242242242245,251.84199735230837,63.53788282567579,59.61852022629324,-7.811260661961584
4.2442442442442445,253.0355613208027,63.38150123084172,59.61852022629324,-8.011460862161785
4.2642642642642645,254.22912528929706,63.22111162399163,59.61852022629324,-8.211661062361985
4.2842842842842845,255.4226892577914,63.05671400512553,59.61852022629324,-8.411861262562185
4.3043043043043046,256.6162532262858,62.8883083742434,59.61852022629324,-8.612061462762385
4.324324324324325,257.8098171947801,62.71589473134526,59.61852022629324,-8.812261662962586
4.344344344344345,259.00338116327447,62.53947307643109,59.61852022629324,-9.012461863162786
4.364364364364365,260.1969451317688,62.359043409500906,59.61852022629324,-9.212662063362986
4.384384384384385,261.39050910026316,62.1746057305547,59.61852022629324,-9.412862263563186
4.404404404404405,262.5840730687575,61.98616003959248,59.61852022629324,-9.613062463763386
4.424424424424425,263.77763703725185,61.79370633661423,59.61852022629324,-9.813262663963586
4.444444444444445,264.9712010057462,61.597244621619964,59.61852022629324,-10.013462864163786
4.464464464464465,266.16476497424054,61.39677489460968,59.61852022629324,-10.213663064363987
4.484484484484485,267.3583289427349,61.19229715558337,59.61852022629324,-10.413863264564187
4.504504504504505,268.55189291122923,60.98381140454104,59.61852022629324,-10.614063464764387
4.524524524524525,269.7454568797236,60.771317641482696,59.61852022629324,-10.814263664964587
4.544544544544545,270.9390208482179,60.55481586640833,59.61852022629324,-11.014463865164787
4.564564564564565,272.13258481671227,60.33430607931795,59.61852022629324,-11.214664065364987
4.584584584584585,273.3261487852066,60.10978828021154,59.61852022629324,-11.414864265565187
4.604604604604605,274.51971275370096,59.881262469089116,59.61852022629324,-11.615064465765387
4.624624624624625,275.7132767221953,59.64872864595067,59.61852022629324,-11.815264665965588
4.644644644644645,276.90684069068965,59.4121868107962,59.61852022629324,-12.015464866165788
4.664664664664665,278.100404659184,59.171636963625716,59.61852022629324,-12.215665066365988
4.684684684684685,279.29396862767834,58.92707910443921,59.61852022629324,-12.415865266566188
4.704704704704705,280.4875325961727,58.67851323323668,59.61852022629324,-12.616065466766388
4.724724724724725,281.68109656466703,58.42593935001813,59.61852022629324,-12.816265666966588
4.744744744744745,282.8746605331614,58.169357454783565,59.61852022629324,-13.016465867166788
4.764764764764765,284.0682245016557,57.90876754753298,59.61852022629324,-13.216666067366988
4.784784784784785,285.26178847015007,57.644169628266376,59.61852022629324,-13.416866267567189
4.804804804804805,286.4553524386444,57.37556369698375,59.61852022629324,-13.617066467767389
4.824824824824825,287.64891640713876,57.1029497536851,59.61852022629324,-13.817266667967589
4.844844844844845,288.8424803756331,56.826327798370436,59.61852022629324,-14.017466868167789
4.864864864864865,290.03604434412745,56.545697831039746,59.61852022629324,-14.217667068367989
4.884884884884885,291.2296083126218,56.26105985169304,59.61852022629324,-14.41786726856819
4.904904904904905,292.42317228111614,55.97241386033031,59.61852022629324,-14.61806746876839
4.924924924924925,293.6167362496105,55.67975985695157,59.61852022629324,-14.81826766896859
4.944944944944945,294.8103002181048,55.383097841556804,59.61852022629324,-15.01846786916879
4.964964964964965,296.0038641865992,55.082427814146016,59.61852022629324,-15.21866806936899
4.984984984984985,297.1974281550935,54.77774977471921,59.61852022629324,-15.41886826956919
5.005005005005005,298.39099212358786,54.469063723276385,59.61852022629324,-15.61906846976939
5.025025025025025,299.5845560920822,54.156369659817535,59.61852022629324,-15.81926866996959
5.045045045045045,300.77812006057655,53.83966758434267,59.61852022629324,-16.019468870169792
5.065065065065065,301.9716840290709,53.51895749685178,59.61852022629324,-16.219669070369992
5.085085085085085,303.16524799756525,53.19423939734487,59.61852022629324,-16.419869270570192
5.105105105105105,304.3588119660596,52.86551328582195,59.61852022629324,-16.620069470770392
5.125125125125125,305.55237593455394,52.532779162283,59.61852022629324,-16.820269670970593
5.145145145145145,306.7459399030483,52.196037026728035,59.61852022629324,-17.020469871170793
5.165165165165165,307.9395038715426,51.85528687915705,59.61852022629324,-17.220670071370993
5.185185185185185,309.133067840037,51.51052871957004,59.61852022629324,-17.420870271571193
5.205205205205205,310.3266318085313,51.161762547967015,59.61852022629324,-17.621070471771393
5.225225225225225,311.52019577702566,50.80898836434797,59.61852022629324,-17.821270671971593
5.245245245245245,312.71375974552,50.4522061687129,59.61852022629324,-18.021470872171793
5.265265265265265,313.90732371401435,50.09141596106181,59.61852022629324,-18.221671072371993
5.285285285285285,315.1008876825087,49.726617741394705,59.61852022629324,-18.421871272572194
5.305305305305305,316.29445165100304,49.35781150971158,59.61852022629324,-18.622071472772394
5.325325325325325,317.4880156194974,48.984997266012435,59.61852022629324,-18.822271672972594
5.345345345345346,318.68157958799173,48.608175010297266,59.61852022629324,-19.022471873172794
5.365365365365365,319.8751435564861,48.22734474256608,59.61852022629324,-19.222672073372994
5.385385385385385,321.0687075249804,47.842506462818875,59.61852022629324,-19.422872273573194
5.405405405405405,322.26227149347477,47.453660171055645,59.61852022629324,-19.623072473773394
5.425425425425425,323.4558354619691,47.0608058672764,59.61852022629324,-19.823272673973594
5.445445445445446,324.64939943046346,46.66394355148113,59.61852022629324,-20.023472874173795
5.465465465465465,325.8429633989578,46.26307322366984,59.61852022629324,-20.223673074373995
5.485485485485485,327.03652736745215,45.858194883842536,59.61852022629324,-20.423873274574195
5.505505505505505,328.2300913359465,45.44930853199921,59.61852022629324,-20.624073474774395
5.525525525525525,329.42365530444084,45.03641416813986,59.61852022629324,-20.824273674974595
5.545545545545546,330.6172192729352,44.6195117922645,59.61852022629324,-21.024473875174795
5.565565565565565,331.81078324142953,44.19860140437311,59.61852022629324,-21.224674075374995
5.585585585585585,333.0043472099239,43.7736830044657,59.61852022629324,-21.424874275575196
5.605605605605605,334.1979111784182,43.344756592542275,59.61852022629324,-21.625074475775396
5.625625625625625,335.39147514691257,42.911822168602825,59.61852022629324,-21.825274675975596
5.645645645645646,336.5850391154069,42.47487973264736,59.61852022629324,-22.025474876175796
5.665665665665665,337.77860308390126,42.03392928467587,59.61852022629324,-22.225675076375996
5.685685685685685,338.9721670523956,41.58897082468836,59.61852022629324,-22.425875276576196
5.7057057057057055,340.16573102088995,41.140004352684834,59.61852022629324,-22.626075476776396
5.7257257257257255,341.3592949893843,40.687029868665284,59.61852022629324,-22.826275676976596
5.745745745745746,342.55285895787864,40.23004737262972,59.61852022629324,-23.026475877176797
5.7657657657657655,343.746422926373,39.76905686457813,59.61852022629324,-23.226676077376997
5.7857857857857855,344.93998689486733,39.30405834451052,59.61852022629324,-23.426876277577197
5.8058058058058055,346.1335508633617,38.8350518124269,59.61852022629324,-23.627076477777397
5.8258258258258255,347.327114831856,38.36203726832725,59.61852022629324,-23.827276677977597
5.845845845845846,348.52067880035037,37.88501471221158,59.61852022629324,-24.027476878177797
5.865865865865866,349.7142427688447,37.40398414407989,59.61852022629324,-24.227677078377997
5.885885885885886,350.90780673733906,36.91894556393218,59.61852022629324,-24.427877278578197
5.905905905905906,352.1013707058334,36.42989897176846,59.61852022629324,-24.628077478778398
5.925925925925926,353.29493467432775,35.93684436758871,59.61852022629324,-24.828277678978598
5.9459459459459465,354.4884986428221,35.43978175139294,59.61852022629324,-25.028477879178798
5.965965965965966,355.68206261131644,34.93871112318116,59.61852022629324,-25.228678079378998
5.9859859859859865,356.8756265798108,34.43363248295335,59.61852022629324,-25.428878279579198
6.006006006006006,358.06919054830513,33.92454583070952,59.61852022629324,-25.6290784797794
6.026026026026026,359.2627545167995,33.41145116644967,59.61852022629324,-25.8292786799796
6.046046046046047,360.4563184852938,32.894348490173805,59.61852022629324,-26.0294788801798
6.066066066066066,361.64988245378817,32.37323780188191,59.61852022629324,-26.22967908038
6.086086086086087,362.8434464222825,31.848119101574007,59.61852022629324,-26.4298792805802
6.106106106106106,364.03701039077686,31.318992389250077,59.61852022629324,-26.6300794807804
6.126126126126126,365.2305743592712,30.78585766491013,59.61852022629324,-26.8302796809806
6.146146146146147,366.42413832776555,30.24871492855416,59.61852022629324,-27.0304798811808
6.166166166166166,367.6177022962599,29.707564180182175,59.61852022629324,-27.230680081381
6.186186186186187,368.81126626475424,29.162405419794165,59.61852022629324,-27.4308802815812
6.206206206206206,370.0048302332486,28.613238647390137,59.61852022629324,-27.6310804817814
6.226226226226226,371.19839420174293,28.06006386297009,59.61852022629324,-27.8312806819816
6.246246246246247,372.3919581702373,27.502881066534023,59.61852022629324,-28.0314808821818
6.266266266266266,373.5855221387316,26.941690258081934,59.61852022629324,-28.231681082382
6.286286286286287,374.77908610722596,26.376491437613826,59.61852022629324,-28.4318812825822
6.306306306306306,375.9726500757203,25.8072846051297,59.61852022629324,-28.6320814827824
6.326326326326326,377.16621404421466,25.234069760629552,59.61852022629324,-28.8322816829826
6.346346346346347,378.359778012709,24.656846904113383,59.61852022629324,-29.0324818831828
6.366366366366366,379.55334198120335,24.075616035581195,59.61852022629324,-29.232682083383
6.386386386386387,380.7469059496977,23.490377155032988,59.61852022629324,-29.4328822835832
6.406406406406406,381.94046991819204,22.901130262468758,59.61852022629324,-29.6330824837834
6.426426426426426,383.1340338866864,22.30787535788851,59.61852022629324,-29.8332826839836
6.446446446446447,384.3275978551807,21.71061244129224,59.61852022629324,-30.0334828841838
6.466466466466466,385.5211618236751,21.109341512679954,59.61852022629324,-30.233683084384
6.486486486486487,386.7147257921694,20.504062572051645,59.61852022629324,-30.4338832845842
6.506506506506506,387.90828976066376,19.894775619407316,59.61852022629324,-30.6340834847844
6.526526526526526,389.1018537291581,19.281480654746968,59.61852022629324,-30.8342836849846
6.546546546546547,390.29541769765245,18.6641776780706,59.61852022629324,-31.0344838851848
6.566566566566566,391.4889816661468,18.04286668937821,59.61852022629324,-31.234684085385002
6.586586586586587,392.68254563464114,17.417547688669803,59.61852022629324,-31.434884285585202
6.606606606606606,393.8761096031355,16.788220675945375,59.61852022629324,-31.635084485785402
6.626626626626627,395.06967357162983,16.15488565120493,59.61852022629324,-31.835284685985602
6.646646646646647,396.2632375401242,15.517542614448459,59.61852022629324,-32.035484886185806
6.666666666666666,397.4568015086185,14.87619156567597,59.61852022629324,-32.235685086386006
6.686686686686687,398.65036547711287,14.230832504887461,59.61852022629324,-32.435885286586206
6.706706706706706,399.8439294456072,13.581465432082933,59.61852022629324,-32.636085486786406
6.726726726726727,401.03749341410156,12.928090347262383,59.61852022629324,-32.836285686986606
6.746746746746747,402.2310573825959,12.270707250425815,59.61852022629324,-33.03648588718681
6.766766766766766,403.42462135109025,11.609316141573226,59.61852022629324,-33.23668608738701
6.786786786786787,404.6181853195846,10.943917020704617,59.61852022629324,-33.43688628758721
6.806806806806806,405.81174928807894,10.274509887819988,59.61852022629324,-33.63708648778741
6.826826826826827,407.0053132565733,9.60109474291934,59.61852022629324,-33.83728668798761
6.846846846846847,408.19887722506763,8.923671586002671,59.61852022629324,-34.03748688818781
6.866866866866866,409.392441193562,8.242240417069983,59.61852022629324,-34.23768708838801
6.886886886886887,410.5860051620563,7.556801236121274,59.61852022629324,-34.43788728858821
6.906906906906906,411.77956913055067,6.867354043156545,59.61852022629324,-34.63808748878841
6.926926926926927,412.973133099045,6.173898838175796,59.61852022629324,-34.83828768898861
6.946946946946947,414.16669706753936,5.476435621179027,59.61852022629324,-35.03848788918881
6.966966966966966,415.3602610360337,4.774964392166238,59.61852022629324,-35.23868808938901
6.986986986986987,416.55382500452805,4.069485151137429,59.61852022629324,-35.43888828958921
7.007007007007006,417.7473889730224,3.3599978980926,59.61852022629324,-35.63908848978941
7.027027027027027,418.94095294151674,2.6465026330317514,59.61852022629324,-35.83928868998961
7.047047047047047,420.1345169100111,1.9289993559548824,59.61852022629324,-36.03948889018981
7.067067067067066,421.32808087850543,1.2074880668619934,59.61852022629324,-36.23968909039001
7.087087087087087,422.5216448469998,0.48196876575308434,59.61852022629324,-36.43988929059021
7.107107107107106,423.7152088154941,-0.2475585473718448,59.61852022629324,-36.64008949079041
7.127127127127127,424.90877278398847,-0.9810938725127939,59.61852022629324,-36.84028969099061
7.147147147147147,426.1023367524828,-1.718637209669763,59.61852022629324,-37.04048989119081
7.167167167167166,427.29590072097716,-2.460188558842752,59.61852022629324,-37.24069009139101
7.187187187187187,428.4894646894715,-3.2057479200317616,59.61852022629324,-37.44089029159121
7.207207207207206,429.68302865796585,-3.955315293236791,59.61852022629324,-37.64109049179141
7.227227227227227,430.8765926264602,-4.70889067845784,59.61852022629324,-37.84129069199161
7.247247247247247,432.07015659495454,-5.46647407569491,59.61852022629324,-38.04149089219181
7.267267267267268,433.2637205634489,-6.228065484947999,59.61852022629324,-38.24169109239201
7.287287287287287,434.45728453194323,-6.993664906217108,59.61852022629324,-38.44189129259221
7.3073073073073065,435.6508485004376,-7.763272339502238,59.61852022629324,-38.64209149279241
7.327327327327327,436.8444124689319,-8.536887784803387,59.61852022629324,-38.84229169299261
7.347347347347347,438.03797643742627,-9.314511242120556,59.61852022629324,-39.04249189319281
7.367367367367368,439.2315404059206,-10.096142711453746,59.61852022629324,-39.24269209339301
7.387387387387387,440.42510437441496,-10.881782192802955,59.61852022629324,-39.44289229359321
7.4074074074074066,441.6186683429093,-11.671429686168185,59.61852022629324,-39.64309249379341
7.4274274274274275,442.81223231140365,-12.465085191549434,59.61852022629324,-39.84329269399361
7.4474474474474475,444.005796279898,-13.262748708946704,59.61852022629324,-40.04349289419381
7.467467467467468,445.19936024839234,-14.064420238359993,59.61852022629324,-40.24369309439401
7.4874874874874875,446.3929242168867,-14.870099779789303,59.61852022629324,-40.44389329459421
7.507507507507507,447.58648818538103,-15.679787333234632,59.61852022629324,-40.64409349479441
7.5275275275275275,448.7800521538754,-16.49348289869598,59.61852022629324,-40.84429369499461
7.5475475475475475,449.9736161223697,-17.31118647617335,59.61852022629324,-41.04449389519481
7.567567567567568,451.16718009086406,-18.13289806566674,59.61852022629324,-41.24469409539501
7.587587587587588,452.3607440593584,-18.95861766717615,59.61852022629324,-41.44489429559521
7.607607607607607,453.55430802785276,-19.788345280701577,59.61852022629324,-41.64509449579541
7.627627627627628,454.7478719963471,-20.622080906243028,59.61852022629324,-41.84529469599561
7.647647647647648,455.94143596484145,-21.459824543800497,59.61852022629324,-42.04549489619581
7.6676676676676685,457.1349999333358,-22.301576193373986,59.61852022629324,-42.24569509639601
7.687687687687688,458.32856390183014,-23.147335854963497,59.61852022629324,-42.44589529659621
7.707707707707707,459.5221278703245,-23.997103528569028,59.61852022629324,-42.64609549679641
7.727727727727728,460.7156918388188,-24.850879214190577,59.61852022629324,-42.84629569699661
7.747747747747748,461.9092558073132,-25.708662911828146,59.61852022629324,-43.04649589719681
7.767767767767769,463.1028197758075,-26.570454621481737,59.61852022629324,-43.24669609739701
7.787787787787788,464.29638374430186,-27.436254343151347,59.61852022629324,-43.44689629759721
7.807807807807807,465.4899477127962,-28.306062076836977,59.61852022629324,-43.64709649779741
7.827827827827828,466.68351168129055,-29.179877822538625,59.61852022629324,-43.84729669799761
7.847847847847848,467.8770756497849,-30.057701580256296,59.61852022629324,-44.047496898197814
7.867867867867869,469.07063961827924,-30.939533349989986,59.61852022629324,-44.247697098398014
7.887887887887888,470.2642035867736,-31.825373131739696,59.61852022629324,-44.447897298598214
7.907907907907909,471.45776755526794,-32.71522092550543,59.61852022629324,-44.648097498798414
7.927927927927928,472.6513315237623,-33.609076731287175,59.61852022629324,-44.848297698998614
7.947947947947948,473.8448954922566,-34.506940549084945,59.61852022629324,-45.048497899198814
7.967967967967969,475.03845946075097,-35.40881237889874,59.61852022629324,-45.248698099399014
7.987987987987988,476.2320234292453,-36.314692220728546,59.61852022629324,-45.448898299599215
8.008008008008009,477.42558739773966,-37.22458007457438,59.61852022629324,-45.649098499799415
8.028028028028029,478.619151366234,-38.13847594043623,59.61852022629324,-45.849298699999615
8.048048048048047,479.81271533472835,-39.0563798183141,59.61852022629324,-46.049498900199815
8.068068068068069,481.0062793032227,-39.97829170820799,59.61852022629324,-46.249699100400015
8.088088088088089,482.19984327171704,-40.9042116101179,59.61852022629324,-46.449899300600215
8.108108108108109,483.3934072402114,-41.83413952404383,59.61852022629324,-46.650099500800415
8.128128128128129,484.58697120870573,-42.76807544998578,59.61852022629324,-46.850299701000615
8.148148148148147,485.7805351772001,-43.70601938794375,59.61852022629324,-47.050499901200816
8.168168168168169,486.9740991456944,-44.64797133791774,59.61852022629324,-47.250700101401016
8.188188188188189,488.16766311418877,-45.59393129990775,59.61852022629324,-47.450900301601216
8.208208208208209,489.3612270826831,-46.54389927391378,59.61852022629324,-47.651100501801416
8.228228228228229,490.55479105117746,-47.49787525993583,59.61852022629324,-47.851300702001616
8.248248248248247,491.7483550196718,-48.4558592579739,59.61852022629324,-48.051500902201816
8.268268268268269,492.94191898816615,-49.41785126802799,59.61852022629324,-48.251701102402016
8.288288288288289,494.1354829566605,-50.3838512900981,59.61852022629324,-48.45190130260222
8.308308308308309,495.32904692515484,-51.35385932418423,59.61852022629324,-48.65210150280242
8.328328328328329,496.5226108936492,-52.32787537028638,59.61852022629324,-48.85230170300262
8.348348348348347,497.71617486214353,-53.30589942840455,59.61852022629324,-49.05250190320282
8.368368368368369,498.9097388306379,-54.28793149853874,59.61852022629324,-49.25270210340302
8.388388388388389,500.1033027991322,-55.27397158068895,59.61852022629324,-49.45290230360322
8.408408408408409,501.29686676762657,-56.264019674855184,59.61852022629324,-49.65310250380342
8.428428428428429,502.4904307361209,-57.258075781037434,59.61852022629324,-49.85330270400362
8.448448448448449,503.68399470461526,-58.256139899235706,59.61852022629324,-50.05350290420382
8.468468468468469,504.8775586731096,-59.25821202944999,59.61852022629324,-50.25370310440402
8.488488488488489,506.07112264160395,-60.2642921716803,59.61852022629324,-50.45390330460422
8.508508508508509,507.2646866100983,-61.274380325926636,59.61852022629324,-50.65410350480442
8.528528528528529,508.45825057859264,-62.288476492188984,59.61852022629324,-50.85430370500462
8.548548548548549,509.651814547087,-63.306580670467355,59.61852022629324,-51.05450390520482
8.568568568568569,510.84537851558133,-64.32869286076175,59.61852022629324,-51.25470410540502
8.588588588588589,512.0389424840757,-65.35481306307216,59.61852022629324,-51.45490430560522
8.608608608608609,513.2325064525701,-66.38494127739858,59.61852022629324,-51.65510450580542
8.62862862862863,514.4260704210644,-67.41907750374104,59.61852022629324,-51.85530470600562
8.64864864864865,515.6196343895588,-68.4572217420995,59.61852022629324,-52.05550490620582
8.66866866866867,516.8131983580531,-69.49937399247399,59.61852022629324,-52.25570510640602
8.68868868868869,518.0067623265475,-70.5455342548645,59.61852022629324,-52.45590530660622
8.70870870870871,519.2003262950418,-71.59570252927104,59.61852022629324,-52.65610550680642
8.72872872872873,520.3938902635362,-72.64987881569358,59.61852022629324,-52.85630570700662
8.74874874874875,521.5874542320305,-73.70806311413216,59.61852022629324,-53.05650590720682
8.76876876876877,522.7810182005248,-74.77025542458675,59.61852022629324,-53.25670610740702
8.78878878878879,523.9745821690192,-75.83645574705736,59.61852022629324,-53.45690630760722
8.80880880880881,525.1681461375135,-76.906664081544,59.61852022629324,-53.65710650780742
8.82882882882883,526.3617101060079,-77.98088042804665,59.61852022629324,-53.85730670800762
8.84884884884885,527.5552740745022,-79.05910478656531,59.61852022629324,-54.05750690820782
8.86886886886887,528.7488380429966,-80.14133715710001,59.61852022629324,-54.25770710840802
8.88888888888889,529.9424020114909,-81.22757753965072,59.61852022629324,-54.45790730860822
8.90890890890891,531.1359659799853,-82.31782593421745,59.61852022629324,-54.65810750880842
8.92892892892893,532.3295299484796,-83.4120823408002,59.61852022629324,-54.85830770900862
8.94894894894895,533.523093916974,-84.51034675939897,59.61852022629324,-55.05850790920882
8.96896896896897,534.7166578854683,-85.61261919001376,59.61852022629324,-55.25870810940902
8.98898898898899,535.9102218539626,-86.71889963264456,59.61852022629324,-55.45890830960922
9.00900900900901,537.103785822457,-87.8291880872914,59.61852022629324,-55.65910850980942
9.02902902902903,538.2973497909513,-88.94348455395425,59.61852022629324,-55.85930871000962
9.04904904904905,539.4909137594457,-90.06178903263311,59.61852022629324,-56.05950891020982
9.06906906906907,540.68447772794,-91.18410152332801,59.61852022629324,-56.25970911041002
9.08908908908909,541.8780416964344,-92.31042202603892,59.61852022629324,-56.45990931061022
9.10910910910911,543.0716056649287,-93.44075054076585,59.61852022629324,-56.66010951081042
9.12912912912913,544.265169633423,-94.5750870675088,59.61852022629324,-56.86030971101062
9.14914914914915,545.4587336019174,-95.71343160626778,59.61852022629324,-57.06050991121082
9.16916916916917,546.6522975704117,-96.85578415704276,59.61852022629324,-57.26071011141102
9.18918918918919,547.8458615389061,-98.00214471983378,59.61852022629324,-57.46091031161122
9.20920920920921,549.0394255074004,-99.15251329464081,59.61852022629324,-57.66111051181142
9.22922922922923,550.2329894758948,-100.30688988146386,59.61852022629324,-57.86131071201162
9.24924924924925,551.4265534443891,-101.46527448030294,59.61852022629324,-58.06151091221182
9.26926926926927,552.6201174128835,-102.62766709115803,59.61852022629324,-58.26171111241202
9.28928928928929,553.8136813813778,-103.79406771402914,59.61852022629324,-58.46191131261222
9.30930930930931,555.0072453498722,-104.96447634891628,59.61852022629324,-58.66211151281242
9.32932932932933,556.2008093183665,-106.13889299581943,59.61852022629324,-58.86231171301262
9.34934934934935,557.3943732868609,-107.3173176547386,59.61852022629324,-59.06251191321282
9.36936936936937,558.5879372553552,-108.49975032567379,59.61852022629324,-59.26271211341302
9.38938938938939,559.7815012238495,-109.686191008625,59.61852022629324,-59.462912313613224
9.40940940940941,560.9750651923439,-110.87663970359223,59.61852022629324,-59.663112513813424
9.42942942942943,562.1686291608382,-112.07109641057548,59.61852022629324,-59.863312714013624
9.44944944944945,563.3621931293326,-113.26956112957475,59.61852022629324,-60.063512914213824
9.46946946946947,564.5557570978269,-114.47203386059005,59.61852022629324,-60.263713114414024
9.48948948948949,565.7493210663213,-115.67851460362135,59.61852022629324,-60.463913314614224
9.50950950950951,566.9428850348156,-116.88900335866869,59.61852022629324,-60.664113514814424
9.52952952952953,568.13644900331,-118.10350012573204,59.61852022629324,-60.864313715014625
9.54954954954955,569.3300129718043,-119.32200490481141,59.61852022629324,-61.064513915214825
9.56956956956957,570.5235769402987,-120.5445176959068,59.61852022629324,-61.264714115415025
9.58958958958959,571.717140908793,-121.77103849901822,59.61852022629324,-61.464914315615225
9.60960960960961,572.9107048772873,-123.00156731414565,59.61852022629324,-61.665114515815425
9.62962962962963,574.1042688457817,-124.2361041412891,59.61852022629324,-61.865314716015625
9.64964964964965,575.297832814276,-125.47464898044858,59.61852022629324,-62.065514916215825
9.66966966966967,576.4913967827704,-126.71720183162407,59.61852022629324,-62.265715116416025
9.68968968968969,577.6849607512647,-127.96376269481559,59.61852022629324,-62.465915316616226
9.70970970970971,578.8785247197591,-129.21433157002312,59.61852022629324,-62.666115516816426
9.72972972972973,580.0720886882534,-130.46890845724667,59.61852022629324,-62.866315717016626
9.74974974974975,581.2656526567478,-131.72749335648624,59.61852022629324,-63.066515917216826
9.76976976976977,582.4592166252421,-132.99008626774182,59.61852022629324,-63.266716117417026
9.78978978978979,583.6527805937365,-134.25668719101344,59.61852022629324,-63.466916317617226
9.80980980980981,584.8463445622308,-135.52729612630108,59.61852022629324,-63.667116517817426
9.82982982982983,586.0399085307251,-136.80191307360474,59.61852022629324,-63.867316718017626
9.84984984984985,587.2334724992195,-138.0805380329244,59.61852022629324,-64.06751691821783
9.86986986986987,588.4270364677138,-139.3631710042601,59.61852022629324,-64.26771711841803
9.88988988988989,589.6206004362082,-140.6498119876118,59.61852022629324,-64.46791731861823
9.90990990990991,590.8141644047025,-141.94046098297954,59.61852022629324,-64.66811751881843
9.92992992992993,592.0077283731969,-143.2351179903633,59.61852022629324,-64.86831771901863
9.94994994994995,593.2012923416912,-144.53378300976308,59.61852022629324,-65.06851791921883
9.96996996996997,594.3948563101856,-145.83645604117888,59.61852022629324,-65.26871811941903
9.98998998998999,595.5884202786799,-147.1431370846107,59.61852022629324,-65.46891831961923
10.01001001001001,596.7819842471743,-148.4538261400585,59.61852022629324,-65.66911851981943
10.03003003003003,597.9755482156686,-149.76852320752235,59.61852022629324,-65.86931872001963
10.05005005005005,599.1691121841629,-151.08722828700223,59.61852022629324,-66.06951892021983
10.07007007007007,600.3626761526573,-152.40994137849813,59.61852022629324,-66.26971912042004
10.09009009009009,601.5562401211516,-153.73666248201005,59.61852022629324,-66.46991932062024
10.11011011011011,602.749804089646,-155.06739159753798,59.61852022629324,-66.67011952082044
10.13013013013013,603.9433680581403,-156.40212872508192,59.61852022629324,-66.87031972102064
10.15015015015015,605.1369320266347,-157.74087386464188,59.61852022629324,-67.07051992122084
10.17017017017017,606.330495995129,-159.0836270162179,59.61852022629324,-67.27072012142104
10.19019019019019,607.5240599636234,-160.4303881798099,59.61852022629324,-67.47092032162124
10.21021021021021,608.7176239321177,-161.78115735541795,59.61852022629324,-67.67112052182144
10.23023023023023,609.911187900612,-163.135934543042,59.61852022629324,-67.87132072202164
10.25025025025025,611.1047518691064,-164.49471974268207,59.61852022629324,-68.07152092222184
10.27027027027027,612.2983158376007,-165.85751295433815,59.61852022629324,-68.27172112242204
10.29029029029029,613.4918798060951,-167.22431417801027,59.61852022629324,-68.47192132262224
10.31031031031031,614.6854437745894,-168.59512341369842,59.61852022629324,-68.67212152282244
10.33033033033033,615.8790077430838,-169.96994066140257,59.61852022629324,-68.87232172302264
10.35035035035035,617.0725717115781,-171.34876592112275,59.61852022629324,-69.07252192322284
10.37037037037037,618.2661356800725,-172.73159919285894,59.61852022629324,-69.27272212342304
10.39039039039039,619.4596996485668,-174.11844047661114,59.61852022629324,-69.47292232362324
10.41041041041041,620.6532636170612,-175.50928977237936,59.61852022629324,-69.67312252382344
10.43043043043043,621.8468275855555,-176.90414708016363,59.61852022629324,-69.87332272402364
10.45045045045045,623.0403915540498,-178.3030123999639,59.61852022629324,-70.07352292422384
10.47047047047047,624.2339555225442,-179.7058857317802,59.61852022629324,-70.27372312442404
10.49049049049049,625.4275194910385,-181.1127670756125,59.61852022629324,-70.47392332462424
10.51051051051051,626.6210834595329,-182.52365643146084,59.61852022629324,-70.67412352482444
10.53053053053053,627.8146474280272,-183.93855379932518,59.61852022629324,-70.87432372502464
10.55055055055055,629.0082113965216,-185.35745917920556,59.61852022629324,-71.07452392522484
10.57057057057057,630.2017753650159,-186.78037257110196,59.61852022629324,-71.27472412542504
10.59059059059059,631.3953393335103,-188.20729397501438,59.61852022629324,-71.47492432562524
10.61061061061061,632.5889033020046,-189.6382233909428,59.61852022629324,-71.67512452582544
10.63063063063063,633.782467270499,-191.07316081888726,59.61852022629324,-71.87532472602564
10.65065065065065,634.9760312389933,-192.51210625884772,59.61852022629324,-72.07552492622584
10.67067067067067,636.1695952074876,-193.95505971082423,59.61852022629324,-72.27572512642604
10.690690690690692,637.363159175982,-195.40202117481675,59.61852022629324,-72.47592532662624
10.71071071071071,638.5567231444763,-196.8529906508253,59.61852022629324,-72.67612552682644
10.73073073073073,639.7502871129707,-198.30796813884984,59.61852022629324,-72.87632572702664
10.75075075075075,640.943851081465,-199.7669536388904,59.61852022629324,-73.07652592722684
10.77077077077077,642.1374150499594,-201.229947150947,59.61852022629324,-73.27672612742704
10.790790790790792,643.3309790184537,-202.6969486750196,59.61852022629324,-73.47692632762724
10.81081081081081,644.5245429869481,-204.16795821110824,59.61852022629324,-73.67712652782744
10.83083083083083,645.7181069554424,-205.6429757592129,59.61852022629324,-73.87732672802764
10.85085085085085,646.9116709239368,-207.12200131933358,59.61852022629324,-74.07752692822784
10.87087087087087,648.1052348924311,-208.60503489147027,59.61852022629324,-74.27772712842804
10.890890890890892,649.2987988609254,-210.09207647562297,59.61852022629324,-74.47792732862824
10.91091091091091,650.4923628294198,-211.5831260717917,59.61852022629324,-74.67812752882844
10.93093093093093,651.6859267979141,-213.07818367997646,59.61852022629324,-74.87832772902864
10.95095095095095,652.8794907664085,-214.57724930017724,59.61852022629324,-75.07852792922884
10.97097097097097,654.0730547349028,-216.08032293239404,59.61852022629324,-75.27872812942904
10.990990990990992,655.2666187033972,-217.58740457662685,59.61852022629324,-75.47892832962924
11.01101101101101,656.4601826718915,-219.09849423287568,59.61852022629324,-75.67912852982944
11.03103103103103,657.6537466403859,-220.61359190114052,59.61852022629324,-75.87932873002964
11.05105105105105,658.8473106088802,-222.1326975814214,59.61852022629324,-76.07952893022984
11.07107107107107,660.0408745773746,-223.6558112737183,59.61852022629324,-76.27972913043004
11.091091091091092,661.2344385458689,-225.18293297803123,59.61852022629324,-76.47992933063024
11.11111111111111,662.4280025143632,-226.71406269436017,59.61852022629324,-76.68012953083044
11.13113113113113,663.6215664828576,-228.24920042270512,59.61852022629324,-76.88032973103064
11.15115115115115,664.8151304513519,-229.78834616306608,59.61852022629324,-77.08052993123084
11.17117117117117,666.0086944198463,-231.33149991544306,59.61852022629324,-77.28073013143104
11.191191191191193,667.2022583883406,-232.87866167983609,59.61852022629324,-77.48093033163124
11.21121121121121,668.395822356835,-234.42983145624513,59.61852022629324,-77.68113053183144
11.23123123123123,669.5893863253293,-235.98500924467018,59.61852022629324,-77.88133073203164
11.25125125125125,670.7829502938237,-237.54419504511125,59.61852022629324,-78.08153093223184
11.27127127127127,671.976514262318,-239.10738885756834,59.61852022629324,-78.28173113243204
11.291291291291293,673.1700782308124,-240.67459068204144,59.61852022629324,-78.48193133263224
11.31131131131131,674.3636421993067,-242.2458005185306,59.61852022629324,-78.68213153283244
11.33133133133133,675.557206167801,-243.82101836703575,59.61852022629324,-78.88233173303264
11.35135135135135,676.7507701362954,-245.40024422755693,59.61852022629324,-79.08253193323284
11.37137137137137,677.9443341047897,-246.98347810009412,59.61852022629324,-79.28273213343304
11.391391391391393,679.1378980732841,-248.57071998464733,59.61852022629324,-79.48293233363324
11.411411411411411,680.3314620417784,-250.16196988121655,59.61852022629324,-79.68313253383344
11.431431431431431,681.5250260102728,-251.75722778980182,59.61852022629324,-79.88333273403364
11.451451451451451,682.7185899787671,-253.3564937104031,59.61852022629324,-80.08353293423384
11.471471471471471,683.9121539472615,-254.9597676430204,59.61852022629324,-80.28373313443404
11.491491491491493,685.1057179157558,-256.56704958765374,59.61852022629324,-80.48393333463424
11.511511511511511,686.2992818842501,-258.17833954430307,59.61852022629324,-80.68413353483444
11.531531531531531,687.4928458527445,-259.7936375129684,59.61852022629324,-80.88433373503464
11.551551551551551,688.6864098212388,-261.4129434936498,59.61852022629324,-81.08453393523484
11.571571571571571,689.8799737897332,-263.03625748634715,59.61852022629324,-81.28473413543504
11.591591591591593,691.0735377582275,-264.66357949106055,59.61852022629324,-81.48493433563524
11.611611611611611,692.2671017267219,-266.29490950778995,59.61852022629324,-81.68513453583545
11.631631631631631,693.4606656952162,-267.93024753653543,59.61852022629324,-81.88533473603565
11.651651651651651,694.6542296637106,-269.5695935772969,59.61852022629324,-82.08553493623585
11.671671671671671,695.8477936322049,-271.21294763007444,59.61852022629324,-82.28573513643605
11.691691691691693,697.0413576006993,-272.86030969486796,59.61852022629324,-82.48593533663625
11.711711711711711,698.2349215691936,-274.5116797716775,59.61852022629324,-82.68613553683645
11.731731731731731,699.428485537688,-276.16705786050306,59.61852022629324,-82.88633573703665
11.751751751751751,700.6220495061823,-277.82644396134464,59.61852022629324,-83.08653593723685
11.771771771771771,701.8156134746766,-279.4898380742022,59.61852022629324,-83.28673613743705
11.791791791791793,703.009177443171,-281.15724019907583,59.61852022629324,-83.48693633763725
11.811811811811811,704.2027414116653,-282.82865033596545,59.61852022629324,-83.68713653783745
11.831831831831831,705.3963053801597,-284.5040684848711,59.61852022629324,-83.88733673803765
11.851851851851851,706.589869348654,-286.18349464579273,59.61852022629324,-84.08753693823785
11.871871871871871,707.7834333171484,-287.86692881873046,59.61852022629324,-84.28773713843805
11.891891891891893,708.9769972856427,-289.5543710036842,59.61852022629324,-84.48793733863825
11.911911911911911,710.170561254137,-291.24582120065395,59.61852022629324,-84.68813753883845
11.931931931931931,711.3641252226314,-292.9412794096397,59.61852022629324,-84.88833773903865
11.951951951951951,712.5576891911257,-294.6407456306415,59.61852022629324,-85.08853793923885
11.971971971971973,713.7512531596201,-296.3442198636593,59.61852022629324,-85.28873813943905
11.991991991991993,714.9448171281144,-298.0517021086931,59.61852022629324,-85.48893833963925
12.012012012012011,716.1383810966088,-299.76319236574295,59.61852022629324,-85.68913853983945
12.032032032032031,717.3319450651031,-301.4786906348088,59.61852022629324,-85.88933874003965
12.052052052052051,718.5255090335975,-303.19819691589066,59.61852022629324,-86.08953894023985
12.072072072072073,719.7190730020918,-304.92171120898854,59.61852022629324,-86.28973914044005
12.092092092092093,720.9126369705862,-306.64923351410243,59.61852022629324,-86.48993934064025
12.112112112112111,722.1062009390805,-308.38076383123234,59.61852022629324,-86.69013954084045
12.132132132132131,723.2997649075749,-310.1163021603783,59.61852022629324,-86.89033974104065
12.152152152152151,724.4933288760692,-311.8558485015403,59.61852022629324,-87.09053994124085
12.172172172172173,725.6868928445635,-313.59940285471833,59.61852022629324,-87.29074014144105
12.192192192192193,726.8804568130579,-315.34696521991236,59.61852022629324,-87.49094034164125
12.212212212212211,728.0740207815522,-317.0985355971224,59.61852022629324,-87.69114054184145
12.232232232232231,729.2675847500466,-318.85411398634847,59.61852022629324,-87.89134074204165
12.252252252252251,730.4611487185409,-320.61370038759054,59.61852022629324,-88.09154094224185
12.272272272272273,731.6547126870353,-322.37729480084863,59.61852022629324,-88.29174114244205
12.292292292292293,732.8482766555296,-324.14489722612274,59.61852022629324,-88.49194134264225
12.312312312312311,734.041840624024,-325.91650766341286,59.61852022629324,-88.69214154284245
12.332332332332332,735.2354045925183,-327.692126112719,59.61852022629324,-88.89234174304265
12.352352352352352,736.4289685610127,-329.47175257404115,59.61852022629324,-89.09254194324285
12.372372372372373,737.622532529507,-331.2553870473793,59.61852022629324,-89.29274214344305
12.392392392392393,738.8160964980013,-333.04302953273356,59.61852022629324,-89.49294234364325
12.412412412412412,740.0096604664957,-334.8346800301038,59.61852022629324,-89.69314254384345
12.432432432432432,741.20322443499,-336.6303385394901,59.61852022629324,-89.89334274404365
12.452452452452452,742.3967884034844,-338.43000506089237,59.61852022629324,-90.09354294424385
12.472472472472473,743.5903523719787,-340.2336795943107,59.61852022629324,-90.29374314444405
12.492492492492493,744.7839163404731,-342.041362139745,59.61852022629324,-90.49394334464425
12.512512512512512,745.9774803089674,-343.8530526971953,59.61852022629324,-90.69414354484445
12.532532532532532,747.1710442774618,-345.6687512666617,59.61852022629324,-90.89434374504465
12.552552552552552,748.3646082459561,-347.48845784814404,59.61852022629324,-91.09454394524485
12.572572572572573,749.5581722144505,-349.3121724416424,59.61852022629324,-91.29474414544505
12.592592592592593,750.7517361829448,-351.1398950471568,59.61852022629324,-91.49494434564525
12.612612612612612,751.9453001514391,-352.9716256646872,59.61852022629324,-91.69514454584545
12.632632632632632,753.1388641199335,-354.8073642942337,59.61852022629324,-91.89534474604565
12.652652652652652,754.3324280884278,-356.6471109357962,59.61852022629324,-92.09554494624585
12.672672672672673,755.5259920569222,-358.4908655893747,59.61852022629324,-92.29574514644605
12.692692692692694,756.7195560254165,-360.33862825496925,59.61852022629324,-92.49594534664625
12.712712712712712,757.9131199939109,-362.1903989325798,59.61852022629324,-92.69614554684645
12.732732732732732,759.1066839624052,-364.04617762220636,59.61852022629324,-92.89634574704665
12.752752752752752,760.3002479308996,-365.90596432384893,59.61852022629324,-93.09654594724685
12.772772772772774,761.4938118993939,-367.7697590375075,59.61852022629324,-93.29674614744705
12.792792792792794,762.6873758678882,-369.63756176318213,59.61852022629324,-93.49694634764725
12.812812812812812,763.8809398363826,-371.50937250087276,59.61852022629324,-93.69714654784745
12.832832832832832,765.0745038048769,-373.3851912505794,59.61852022629324,-93.89734674804765
12.852852852852852,766.2680677733713,-375.26501801230205,59.61852022629324,-94.09754694824785
12.872872872872874,767.4616317418656,-377.1488527860407,59.61852022629324,-94.29774714844805
12.892892892892894,768.65519571036,-379.03669557179546,59.61852022629324,-94.49794734864825
12.912912912912912,769.8487596788543,-380.9285463695662,59.61852022629324,-94.69814754884845
12.932932932932932,771.0423236473487,-382.824405179353,59.61852022629324,-94.89834774904865
12.952952952952952,772.235887615843,-384.7242720011558,59.61852022629324,-95.09854794924885
12.972972972972974,773.4294515843374,-386.6281468349746,59.61852022629324,-95.29874814944905
12.992992992992994,774.6230155528317,-388.5360296808094,59.61852022629324,-95.49894834964925
13.013013013013012,775.816579521326,-390.44792053866024,59.61852022629324,-95.69914854984945
13.033033033033032,777.0101434898204,-392.3638194085271,59.61852022629324,-95.89934875004965
13.053053053053052,778.2037074583147,-394.28372629040996,59.61852022629324,-96.09954895024985
13.073073073073074,779.3972714268091,-396.20764118430884,59.61852022629324,-96.29974915045005
13.093093093093094,780.5908353953034,-398.13556409022374,59.61852022629324,-96.49994935065025
13.113113113113112,781.7843993637978,-400.06749500815465,59.61852022629324,-96.70014955085045
13.133133133133132,782.9779633322921,-402.0034339381016,59.61852022629324,-96.90034975105065
13.153153153153154,784.1715273007865,-403.9433808800646,59.61852022629324,-97.10054995125085
13.173173173173174,785.3650912692808,-405.8873358340436,59.61852022629324,-97.30075015145106
13.193193193193194,786.5586552377752,-407.83529880003863,59.61852022629324,-97.50095035165126
13.213213213213212,787.7522192062695,-409.7872697780497,59.61852022629324,-97.70115055185146
13.233233233233232,788.9457831747638,-411.74324876807674,59.61852022629324,-97.90135075205166
13.253253253253254,790.1393471432582,-413.7032357701198,59.61852022629324,-98.10155095225186
13.273273273273274,791.3329111117525,-415.6672307841789,59.61852022629324,-98.30175115245206
13.293293293293294,792.5264750802469,-417.635233810254,59.61852022629324,-98.50195135265226
13.313313313313312,793.7200390487412,-419.60724484834515,59.61852022629324,-98.70215155285246
13.333333333333332,794.9136030172356,-421.5832638984523,59.61852022629324,-98.90235175305266
13.353353353353354,796.1071669857299,-423.56329096057544,59.61852022629324,-99.10255195325286
13.373373373373374,797.3007309542243,-425.5473260347146,59.61852022629324,-99.30275215345306
13.393393393393394,798.4942949227186,-427.53536912086986,59.61852022629324,-99.50295235365326
13.413413413413412,799.687858891213,-429.5274202190411,59.61852022629324,-99.70315255385346
13.433433433433432,800.8814228597073,-431.5234793292284,59.61852022629324,-99.90335275405366
13.453453453453454,802.0749868282016,-433.5235464514317,59.61852022629324,-100.10355295425386
13.473473473473474,803.268550796696,-435.527621585651,59.61852022629324,-100.30375315445406
13.493493493493494,804.4621147651903,-437.5357047318863,59.61852022629324,-100.50395335465426
13.513513513513512,805.6556787336847,-439.54779589013765,59.61852022629324,-100.70415355485446
13.533533533533532,806.849242702179,-441.563895060405,59.61852022629324,-100.90435375505466
13.553553553553554,808.0428066706734,-443.58400224268837,59.61852022629324,-101.10455395525486
13.573573573573574,809.2363706391677,-445.60811743698775,59.61852022629324,-101.30475415545506
13.593593593593594,810.4299346076621,-447.63624064330315,59.61852022629324,-101.50495435565526
13.613613613613612,811.6234985761564,-449.66837186163457,59.61852022629324,-101.70515455585546
13.633633633633632,812.8170625446508,-451.704511091982,59.61852022629324,-101.90535475605566
13.653653653653654,814.0106265131451,-453.7446583343455,59.61852022629324,-102.10555495625586
13.673673673673674,815.2041904816394,-455.788813588725,59.61852022629324,-102.30575515645606
13.693693693693694,816.3977544501338,-457.83697685512055,59.61852022629324,-102.50595535665626
13.713713713713712,817.5913184186281,-459.8891481335321,59.61852022629324,-102.70615555685646
13.733733733733732,818.7848823871225,-461.94532742395967,59.61852022629324,-102.90635575705666
13.753753753753754,819.9784463556168,-464.00551472640325,59.61852022629324,-103.10655595725686
13.773773773773774,821.1720103241112,-466.06971004086284,59.61852022629324,-103.30675615745706
13.793793793793794,822.3655742926055,-468.13791336733846,59.61852022629324,-103.50695635765726
13.813813813813812,823.5591382610999,-470.2101247058301,59.61852022629324,-103.70715655785746
13.833833833833832,824.7527022295942,-472.2863440563377,59.61852022629324,-103.90735675805766
13.853853853853854,825.9462661980886,-474.3665714188614,59.61852022629324,-104.10755695825786
13.873873873873874,827.1398301665829,-476.45080679340106,59.61852022629324,-104.30775715845806
13.893893893893894,828.3333941350772,-478.53905017995675,59.61852022629324,-104.50795735865826
13.913913913913913,829.5269581035716,-480.6313015785285,59.61852022629324,-104.70815755885846
13.933933933933933,830.7205220720659,-482.7275609891163,59.61852022629324,-104.90835775905866
13.953953953953954,831.9140860405603,-484.8278284117201,59.61852022629324,-105.10855795925886
13.973973973973974,833.1076500090546,-486.9321038463399,59.61852022629324,-105.30875815945906
13.993993993993994,834.301213977549,-489.0403872929757,59.61852022629324,-105.50895835965926
14.014014014014013,835.4947779460433,-491.15267875162755,59.61852022629324,-105.70915855985946
14.034034034034033,836.6883419145377,-493.2689782222954,59.61852022629324,-105.90935876005966
14.054054054054054,837.881905883032,-495.3892857049793,59.61852022629324,-106.10955896025986
14.074074074074074,839.0754698515263,-497.51360119967916,59.61852022629324,-106.30975916046006
14.094094094094094,840.2690338200207,-499.64192470639506,59.61852022629324,-106.50995936066026
14.114114114114113,841.462597788515,-501.774256225127,59.61852022629324,-106.71015956086046
14.134134134134133,842.6561617570094,-503.9105957558749,59.61852022629324,-106.91035976106066
14.154154154154154,843.8497257255037,-506.0509432986389,59.61852022629324,-107.11055996126086
14.174174174174174,845.0432896939981,-508.19529885341893,59.61852022629324,-107.31076016146106
14.194194194194194,846.2368536624924,-510.34366242021497,59.61852022629324,-107.51096036166126
14.214214214214213,847.4304176309868,-512.496033999027,59.61852022629324,-107.71116056186146
14.234234234234233,848.6239815994811,-514.652413589855,59.61852022629324,-107.91136076206166
14.254254254254255,849.8175455679755,-516.812801192699,59.61852022629324,-108.11156096226186
14.274274274274275,851.0111095364698,-518.977196807559,59.61852022629324,-108.31176116246206
14.294294294294295,852.2046735049641,-521.1456004344352,59.61852022629324,-108.51196136266226
14.314314314314313,853.3982374734585,-523.3180120733274,59.61852022629324,-108.71216156286246
14.334334334334333,854.5918014419528,-525.4944317242356,59.61852022629324,-108.91236176306266
14.354354354354355,855.7853654104472,-527.6748593871598,59.61852022629324,-109.11256196326286
14.374374374374375,856.9789293789415,-529.8592950621,59.61852022629324,-109.31276216346306
14.394394394394395,858.1724933474359,-532.0477387490563,59.61852022629324,-109.51296236366326
14.414414414414413,859.3660573159302,-534.2401904480286,59.61852022629324,-109.71316256386346
14.434434434434436,860.5596212844246,-536.4366501590168,59.61852022629324,-109.91336276406366
14.454454454454455,861.7531852529189,-538.6371178820211,59.61852022629324,-110.11356296426386
14.474474474474475,862.9467492214133,-540.8415936170414,59.61852022629324,-110.31376316446406
14.494494494494495,864.1403131899076,-543.0500773640778,59.61852022629324,-110.51396336466426
14.514514514514513,865.333877158402,-545.2625691231301,59.61852022629324,-110.71416356486446
14.534534534534536,866.5274411268963,-547.4790688941985,59.61852022629324,-110.91436376506466
14.554554554554555,867.7210050953906,-549.6995766772828,59.61852022629324,-111.11456396526486
14.574574574574575,868.914569063885,-551.9240924723832,59.61852022629324,-111.31476416546506
14.594594594594595,870.1081330323793,-554.1526162794996,59.61852022629324,-111.51496436566526
14.614614614614613,871.3016970008737,-556.385148098632,59.61852022629324,-111.71516456586546
14.634634634634637,872.495260969368,-558.6216879297805,59.61852022629324,-111.91536476606566
14.654654654654655,873.6888249378624,-560.8622357729449,59.61852022629324,-112.11556496626586
14.674674674674675,874.8823889063567,-563.1067916281254,59.61852022629324,-112.31576516646606
14.694694694694695,876.075952874851,-565.3553554953219,59.61852022629324,-112.51596536666626
14.714714714714713,877.2695168433454,-567.6079273745344,59.61852022629324,-112.71616556686647
14.734734734734737,878.4630808118397,-569.8645072657629,59.61852022629324,-112.91636576706667
14.754754754754755,879.6566447803341,-572.1250951690074,59.61852022629324,-113.11656596726687
14.774774774774775,880.8502087488284,-574.389691084268,59.61852022629324,-113.31676616746707
14.794794794794795,882.0437727173228,-576.6582950115446,59.61852022629324,-113.51696636766727
14.814814814814813,883.2373366858171,-578.9309069508373,59.61852022629324,-113.71716656786747
14.834834834834837,884.4309006543115,-581.207526902146,59.61852022629324,-113.91736676806767
14.854854854854855,885.6244646228058,-583.4881548654707,59.61852022629324,-114.11756696826787
14.874874874874875,886.8180285913002,-585.7727908408115,59.61852022629324,-114.31776716846807
14.894894894894895,888.0115925597945,-588.0614348281682,59.61852022629324,-114.51796736866827
14.914914914914913,889.2051565282889,-590.354086827541,59.61852022629324,-114.71816756886847
14.934934934934937,890.3987204967832,-592.6507468389298,59.61852022629324,-114.91836776906867
14.954954954954955,891.5922844652775,-594.9514148623346,59.61852022629324,-115.11856796926887
14.974974974974975,892.7858484337719,-597.2560908977554,59.61852022629324,-115.31876816946907
14.994994994994995,893.9794124022662,-599.5647749451922,59.61852022629324,-115.51896836966927
15.015015015015013,895.1729763707606,-601.877467004645,59.61852022629324,-115.71916856986947
15.035035035035037,896.3665403392549,-604.1941670761139,59.61852022629324,-115.91936877006967
15.055055055055055,897.5601043077493,-606.5148751595988,59.61852022629324,-116.11956897026987
15.075075075075075,898.7536682762436,-608.8395912550997,59.61852022629324,-116.31976917047007
15.095095095095095,899.947232244738,-611.1683153626166,59.61852022629324,-116.51996937067027
15.115115115115113,901.1407962132323,-613.5010474821495,59.61852022629324,-116.72016957087047
15.135135135135137,902.3343601817267,-615.8377876136984,59.61852022629324,-116.92036977107067
15.155155155155155,903.527924150221,-618.1785357572634,59.61852022629324,-117.12056997127087
15.175175175175175,904.7214881187153,-620.5232919128443,59.61852022629324,-117.32077017147107
15.195195195195195,905.9150520872097,-622.8720560804413,59.61852022629324,-117.52097037167127
15.215215215215213,907.108616055704,-625.2248282600543,59.61852022629324,-117.72117057187147
15.235235235235237,908.3021800241984,-627.5816084516833,59.61852022629324,-117.92137077207167
15.255255255255255,909.4957439926927,-629.9423966553284,59.61852022629324,-118.12157097227187
15.275275275275275,910.6893079611871,-632.3071928709894,59.61852022629324,-118.32177117247207
15.295295295295295,911.8828719296814,-634.6759970986666,59.61852022629324,-118.52197137267227
15.315315315315313,913.0764358981758,-637.0488093383598,59.61852022629324,-118.72217157287247
15.335335335335337,914.2699998666701,-639.425629590069,59.61852022629324,-118.92237177307267
15.355355355355355,915.4635638351645,-641.8064578537942,59.61852022629324,-119.12257197327287
15.375375375375375,916.6571278036588,-644.1912941295354,59.61852022629324,-119.32277217347307
15.395395395395395,917.8506917721531,-646.5801384172927,59.61852022629324,-119.52297237367327
15.415415415415413,919.0442557406475,-648.972990717066,59.61852022629324,-119.72317257387347
15.435435435435437,920.2378197091418,-651.3698510288552,59.61852022629324,-119.92337277407367
15.455455455455455,921.4313836776362,-653.7707193526605,59.61852022629324,-120.12357297427387
15.475475475475475,922.6249476461305,-656.1755956884818,59.61852022629324,-120.32377317447407
15.495495495495495,923.8185116146249,-658.5844800363192,59.61852022629324,-120.52397337467427
15.515515515515514,925.0120755831192,-660.9973723961725,59.61852022629324,-120.72417357487447
15.535535535535537,926.2056395516136,-663.4142727680419,59.61852022629324,-120.92437377507467
15.555555555555555,927.3992035201079,-665.8351811519273,59.61852022629324,-121.12457397527487
15.575575575575575,928.5927674886022,-668.2600975478287,59.61852022629324,-121.32477417547507
15.595595595595595,929.7863314570966,-670.6890219557461,59.61852022629324,-121.52497437567527
15.615615615615614,930.9798954255909,-673.1219543756795,59.61852022629324,-121.72517457587547
15.635635635635637,932.1734593940853,-675.5588948076289,59.61852022629324,-121.92537477607567
15.655655655655655,933.3670233625796,-677.9998432515944,59.61852022629324,-122.12557497627587
15.675675675675675,934.560587331074,-680.4447997075758,59.61852022629324,-122.32577517647607
15.695695695695695,935.7541512995683,-682.8937641755733,59.61852022629324,-122.52597537667627
15.715715715715717,936.9477152680627,-685.3467366555868,59.61852022629324,-122.72617557687647
15.735735735735737,938.141279236557,-687.8037171476163,59.61852022629324,-122.92637577707667
15.755755755755755,939.3348432050514,-690.2647056516619,59.61852022629324,-123.12657597727687
15.775775775775776,940.5284071735457,-692.7297021677234,59.61852022629324,-123.32677617747707
15.795795795795796,941.72197114204,-695.1987066958011,59.61852022629324,-123.52697637767727
15.815815815815817,942.9155351105344,-697.6717192358948,59.61852022629324,-123.72717657787747
15.835835835835837,944.1090990790287,-700.1487397880045,59.61852022629324,-123.92737677807767
15.855855855855856,945.3026630475231,-702.6297683521302,59.61852022629324,-124.12757697827787
15.875875875875876,946.4962270160174,-705.114804928272,59.61852022629324,-124.32777717847807
15.895895895895896,947.6897909845118,-707.6038495164297,59.61852022629324,-124.52797737867827
15.915915915915917,948.8833549530061,-710.0969021166035,59.61852022629324,-124.72817757887847
15.935935935935937,950.0769189215005,-712.5939627287933,59.61852022629324,-124.92837777907867
15.955955955955956,951.2704828899948,-715.0950313529991,59.61852022629324,-125.12857797927887
15.975975975975976,952.4640468584892,-717.6001079892209,59.61852022629324,-125.32877817947907
15.995995995995996,953.6576108269835,-720.1091926374587,59.61852022629324,-125.52897837967927
16.016016016016017,954.8511747954778,-722.6222852977126,59.61852022629324,-125.72917857987947
16.036036036036037,956.0447387639722,-725.1393859699824,59.61852022629324,-125.92937878007967
16.056056056056057,957.2383027324665,-727.6604946542683,59.61852022629324,-126.12957898027987
16.076076076076077,958.4318667009609,-730.1856113505702,59.61852022629324,-126.32977918048007
16.096096096096094,959.6254306694552,-732.7147360588881,59.61852022629324,-126.52997938068027
16.116116116116117,960.8189946379496,-735.247868779222,59.61852022629324,-126.73017958088047
16.136136136136138,962.0125586064439,-737.785009511572,59.61852022629324,-126.93037978108067
16.156156156156158,963.2061225749383,-740.3261582559379,59.61852022629324,-127.13057998128087
16.176176176176178,964.3996865434326,-742.8713150123199,59.61852022629324,-127.33078018148107
16.196196196196194,965.593250511927,-745.4204797807179,59.61852022629324,-127.53098038168127
16.216216216216218,966.7868144804213,-747.9736525611319,59.61852022629324,-127.73118058188147
16.236236236236238,967.9803784489156,-750.5308333535619,59.61852022629324,-127.93138078208167
16.256256256256258,969.17394241741,-753.0920221580079,59.61852022629324,-128.1315809822819
16.276276276276278,970.3675063859043,-755.65721897447,59.61852022629324,-128.3317811824821
16.296296296296294,971.5610703543987,-758.226423802948,59.61852022629324,-128.53198138268232
16.316316316316318,972.754634322893,-760.7996366434422,59.61852022629324,-128.73218158288253
16.336336336336338,973.9481982913874,-763.3768574959524,59.61852022629324,-128.93238178308275
16.356356356356358,975.1417622598817,-765.9580863604787,59.61852022629324,-129.13258198328296
16.376376376376378,976.3353262283761,-768.5433232370209,59.61852022629324,-129.33278218348318
16.396396396396394,977.5288901968704,-771.1325681255792,59.61852022629324,-129.5329823836834
16.416416416416418,978.7224541653648,-773.7258210261534,59.61852022629324,-129.7331825838836
16.436436436436438,979.9160181338591,-776.3230819387437,59.61852022629324,-129.93338278408382
16.456456456456458,981.1095821023534,-778.92435086335,59.61852022629324,-130.13358298428403
16.476476476476478,982.3031460708478,-781.5296277999723,59.61852022629324,-130.33378318448425
16.496496496496494,983.4967100393421,-784.1389127486107,59.61852022629324,-130.53398338468446
16.516516516516518,984.6902740078365,-786.752205709265,59.61852022629324,-130.73418358488468
16.536536536536538,985.8838379763308,-789.3695066819354,59.61852022629324,-130.9343837850849
16.556556556556558,987.0774019448252,-791.9908156666218,59.61852022629324,-131.1345839852851
16.576576576576578,988.2709659133195,-794.6161326633242,59.61852022629324,-131.33478418548532
16.596596596596594,989.4645298818139,-797.2454576720426,59.61852022629324,-131.53498438568553
16.616616616616618,990.6580938503082,-799.878790692777,59.61852022629324,-131.73518458588575
16.636636636636638,991.8516578188026,-802.5161317255274,59.61852022629324,-131.93538478608596
16.656656656656658,993.0452217872969,-805.1574807702939,59.61852022629324,-132.13558498628618
16.676676676676678,994.2387857557912,-807.8028378270764,59.61852022629324,-132.3357851864864
16.696696696696694,995.4323497242856,-810.4522028958748,59.61852022629324,-132.5359853866866
16.716716716716718,996.6259136927799,-813.1055759766894,59.61852022629324,-132.73618558688682
16.736736736736738,997.8194776612743,-815.7629570695199,59.61852022629324,-132.93638578708703
16.756756756756758,999.0130416297686,-818.4243461743664,59.61852022629324,-133.13658598728725
16.776776776776778,1000.206605598263,-821.0897432912291,59.61852022629324,-133.33678618748746
16.796796796796794,1001.4001695667573,-823.7591484201077,59.61852022629324,-133.53698638768768
16.816816816816818,1002.5937335352517,-826.4325615610024,59.61852022629324,-133.7371865878879
16.836836836836838,1003.787297503746,-829.1099827139132,59.61852022629324,-133.9373867880881
16.856856856856858,1004.9808614722403,-831.7914118788399,59.61852022629324,-134.13758698828832
16.876876876876878,1006.1744254407347,-834.4768490557826,59.61852022629324,-134.33778718848853
16.896896896896898,1007.367989409229,-837.1662942447414,59.61852022629324,-134.53798738868875
16.916916916916918,1008.5615533777234,-839.8597474457162,59.61852022629324,-134.73818758888896
16.936936936936938,1009.7551173462177,-842.5572086587069,59.61852022629324,-134.93838778908918
16.956956956956958,1010.9486813147121,-845.2586778837137,59.61852022629324,-135.1385879892894
16.976976976976978,1012.1422452832064,-847.9641551207366,59.61852022629324,-135.3387881894896
16.996996996996998,1013.3358092517008,-850.6736403697754,59.61852022629324,-135.53898838968982
17.017017017017018,1014.5293732201951,-853.3871336308302,59.61852022629324,-135.73918858989003
17.037037037037038,1015.7229371886895,-856.1046349039011,59.61852022629324,-135.93938879009025
17.057057057057058,1016.9165011571838,-858.826144188988,59.61852022629324,-136.13958899029046
17.077077077077078,1018.1100651256781,-861.5516614860909,59.61852022629324,-136.33978919049068
17.097097097097098,1019.3036290941725,-864.2811867952098,59.61852022629324,-136.5399893906909
17.117117117117118,1020.4971930626668,-867.0147201163447,59.61852022629324,-136.7401895908911
17.137137137137138,1021.6907570311612,-869.7522614494957,59.61852022629324,-136.94038979109132
17.157157157157158,1022.8843209996555,-872.4938107946626,59.61852022629324,-137.14058999129153
17.177177177177178,1024.0778849681499,-875.2393681518456,59.61852022629324,-137.34079019149175
17.197197197197198,1025.2714489366442,-877.9889335210446,59.61852022629324,-137.54099039169196
17.217217217217218,1026.4650129051386,-880.7425069022596,59.61852022629324,-137.74119059189218
17.237237237237238,1027.658576873633,-883.5000882954906,59.61852022629324,-137.9413907920924
17.25725725725726,1028.8521408421273,-886.2616777007378,59.61852022629324,-138.1415909922926
17.27727727727728,1030.0457048106216,-889.027275118001,59.61852022629324,-138.34179119249282
17.2972972972973,1031.239268779116,-891.7968805472801,59.61852022629324,-138.54199139269303
17.31731731731732,1032.4328327476103,-894.5704939885753,59.61852022629324,-138.74219159289325
17.33733733733734,1033.6263967161046,-897.3481154418865,59.61852022629324,-138.94239179309346
17.35735735735736,1034.819960684599,-900.1297449072138,59.61852022629324,-139.14259199329368
17.37737737737738,1036.0135246530933,-902.915382384557,59.61852022629324,-139.3427921934939
17.3973973973974,1037.2070886215877,-905.7050278739163,59.61852022629324,-139.5429923936941
17.41741741741742,1038.400652590082,-908.4986813752915,59.61852022629324,-139.74319259389432
17.43743743743744,1039.5942165585764,-911.2963428886828,59.61852022629324,-139.94339279409454
17.45745745745746,1040.7877805270707,-914.0980124140901,59.61852022629324,-140.14359299429475
17.47747747747748,1041.981344495565,-916.9036899515135,59.61852022629324,-140.34379319449496
17.4974974974975,1043.1749084640594,-919.7133755009528,59.61852022629324,-140.54399339469518
17.51751751751752,1044.3684724325537,-922.5270690624081,59.61852022629324,-140.7441935948954
17.53753753753754,1045.562036401048,-925.3447706358795,59.61852022629324,-140.9443937950956
17.55755755755756,1046.7556003695424,-928.1664802213669,59.61852022629324,-141.14459399529582
17.57757757757758,1047.9491643380368,-930.9921978188703,59.61852022629324,-141.34479419549604
17.5975975975976,1049.1427283065311,-933.8219234283897,59.61852022629324,-141.54499439569625
17.61761761761762,1050.3362922750255,-936.6556570499251,59.61852022629324,-141.74519459589646
17.63763763763764,1051.5298562435198,-939.4933986834766,59.61852022629324,-141.94539479609668
17.65765765765766,1052.7234202120142,-942.335148329044,59.61852022629324,-142.1455949962969
17.67767767767768,1053.9169841805085,-945.1809059866275,59.61852022629324,-142.3457951964971
17.6976976976977,1055.1105481490029,-948.030671656227,59.61852022629324,-142.54599539669732
17.71771771771772,1056.3041121174972,-950.8844453378425,59.61852022629324,-142.74619559689754
17.73773773773774,1057.4976760859915,-953.7422270314742,59.61852022629324,-142.94639579709775
17.75775775775776,1058.691240054486,-956.6040167371218,59.61852022629324,-143.14659599729796
17.77777777777778,1059.8848040229802,-959.4698144547855,59.61852022629324,-143.34679619749818
17.7977977977978,1061.0783679914746,-962.3396201844652,59.61852022629324,-143.5469963976984
17.81781781781782,1062.271931959969,-965.2134339261609,59.61852022629324,-143.7471965978986
17.83783783783784,1063.4654959284633,-968.0912556798726,59.61852022629324,-143.94739679809882
17.85785785785786,1064.6590598969576,-970.9730854456003,59.61852022629324,-144.14759699829904
17.87787787787788,1065.852623865452,-973.858923223344,59.61852022629324,-144.34779719849925
17.8978978978979,1067.0461878339463,-976.7487690131038,59.61852022629324,-144.54799739869947
17.91791791791792,1068.2397518024407,-979.6426228148796,59.61852022629324,-144.74819759889968
17.93793793793794,1069.433315770935,-982.5404846286714,59.61852022629324,-144.9483977990999
17.95795795795796,1070.6268797394293,-985.4423544544792,59.61852022629324,-145.1485979993001
17.97797797797798,1071.8204437079237,-988.348232292303,59.61852022629324,-145.34879819950032
17.997997997998,1073.014007676418,-991.2581181421428,59.61852022629324,-145.54899839970054
18.01801801801802,1074.2075716449124,-994.1720120039987,59.61852022629324,-145.74919859990075
18.03803803803804,1075.4011356134067,-997.0899138778706,59.61852022629324,-145.94939880010097
18.05805805805806,1076.594699581901,-1000.0118237637585,59.61852022629324,-146.14959900030118
18.07807807807808,1077.7882635503954,-1002.9377416616624,59.61852022629324,-146.3497992005014
18.0980980980981,1078.9818275188898,-1005.8676675715823,59.61852022629324,-146.5499994007016
18.11811811811812,1080.175391487384,-1008.8016014935182,59.61852022629324,-146.75019960090182
18.13813813813814,1081.3689554558784,-1011.7395434274702,59.61852022629324,-146.95039980110204
18.15815815815816,1082.5625194243728,-1014.6814933734381,59.61852022629324,-147.15060000130225
18.17817817817818,1083.7560833928671,-1017.6274513314221,59.61852022629324,-147.35080020150247
18.1981981981982,1084.9496473613615,-1020.5774173014221,59.61852022629324,-147.55100040170268
18.21821821821822,1086.1432113298558,-1023.5313912834382,59.61852022629324,-147.7512006019029
18.23823823823824,1087.3367752983502,-1026.4893732774703,59.61852022629324,-147.9514008021031
18.25825825825826,1088.5303392668445,-1029.4513632835185,59.61852022629324,-148.15160100230332
18.27827827827828,1089.7239032353389,-1032.4173613015826,59.61852022629324,-148.35180120250354
18.2982982982983,1090.9174672038332,-1035.3873673316627,59.61852022629324,-148.55200140270375
18.31831831831832,1092.1110311723276,-1038.3613813737588,59.61852022629324,-148.75220160290397
18.33833833833834,1093.304595140822,-1041.339403427871,59.61852022629324,-148.95240180310418
18.35835835835836,1094.4981591093162,-1044.3214334939992,59.61852022629324,-149.1526020033044
18.37837837837838,1095.6917230778106,-1047.3074715721434,59.61852022629324,-149.3528022035046
18.3983983983984,1096.885287046305,-1050.2975176623036,59.61852022629324,-149.55300240370482
18.41841841841842,1098.0788510147993,-1053.2915717644798,59.61852022629324,-149.75320260390504
18.43843843843844,1099.2724149832936,-1056.289633878672,59.61852022629324,-149.95340280410525
18.45845845845846,1100.465978951788,-1059.2917040048803,59.61852022629324,-150.15360300430547
18.47847847847848,1101.6595429202823,-1062.2977821431048,59.61852022629324,-150.35380320450568
18.4984984984985,1102.8531068887767,-1065.307868293345,59.61852022629324,-150.5540034047059
18.51851851851852,1104.046670857271,-1068.3219624556016,59.61852022629324,-150.7542036049061
18.53853853853854,1105.2402348257654,-1071.340064629874,59.61852022629324,-150.95440380510632
18.55855855855856,1106.4337987942597,-1074.3621748161625,59.61852022629324,-151.15460400530654
18.57857857857858,1107.627362762754,-1077.3882930144669,59.61852022629324,-151.35480420550675
18.5985985985986,1108.8209267312484,-1080.4184192247874,59.61852022629324,-151.55500440570697
18.61861861861862,1110.0144906997427,-1083.4525534471238,59.61852022629324,-151.75520460590718
18.63863863863864,1111.208054668237,-1086.4906956814764,59.61852022629324,-151.9554048061074
18.65865865865866,1112.4016186367314,-1089.5328459278448,59.61852022629324,-152.1556050063076
18.67867867867868,1113.5951826052258,-1092.5790041862294,59.61852022629324,-152.35580520650782
18.6986986986987,1114.7887465737201,-1095.62917045663,59.61852022629324,-152.55600540670804
18.71871871871872,1115.9823105422145,-1098.6833447390466,59.61852022629324,-152.75620560690825
18.73873873873874,1117.1758745107088,-1101.741527033479,59.61852022629324,-152.95640580710847
18.75875875875876,1118.3694384792032,-1104.8037173399277,59.61852022629324,-153.15660600730868
18.77877877877878,1119.5630024476975,-1107.8699156583923,59.61852022629324,-153.3568062075089
18.7987987987988,1120.7565664161918,-1110.940121988873,59.61852022629324,-153.5570064077091
18.81881881881882,1121.9501303846862,-1114.0143363313696,59.61852022629324,-153.75720660790932
18.83883883883884,1123.1436943531805,-1117.0925586858823,59.61852022629324,-153.95740680810954
18.85885885885886,1124.3372583216749,-1120.174789052411,59.61852022629324,-154.15760700830975
18.87887887887888,1125.5308222901692,-1123.2610274309557,59.61852022629324,-154.35780720850997
18.8988988988989,1126.7243862586636,-1126.3512738215163,59.61852022629324,-154.55800740871018
18.91891891891892,1127.917950227158,-1129.445528224093,59.61852022629324,-154.7582076089104
18.93893893893894,1129.1115141956523,-1132.543790638686,59.61852022629324,-154.9584078091106
18.95895895895896,1130.3050781641466,-1135.6460610652948,59.61852022629324,-155.15860800931083
18.97897897897898,1131.498642132641,-1138.7523395039198,59.61852022629324,-155.35880820951104
18.998998998999,1132.6922061011353,-1141.8626259545606,59.61852022629324,-155.55900840971125
19.01901901901902,1133.8857700696296,-1144.9769204172176,59.61852022629324,-155.75920860991147
19.03903903903904,1135.079334038124,-1148.0952228918904,59.61852022629324,-155.95940881011168
19.05905905905906,1136.2728980066183,-1151.2175333785794,59.61852022629324,-156.1596090103119
19.07907907907908,1137.4664619751127,-1154.3438518772844,59.61852022629324,-156.3598092105121
19.0990990990991,1138.660025943607,-1157.4741783880054,59.61852022629324,-156.56000941071233
19.11911911911912,1139.8535899121014,-1160.6085129107423,59.61852022629324,-156.76020961091254
19.13913913913914,1141.0471538805957,-1163.7468554454954,59.61852022629324,-156.96040981111275
19.15915915915916,1142.24071784909,-1166.8892059922644,59.61852022629324,-157.16061001131297
19.17917917917918,1143.4342818175844,-1170.0355645510494,59.61852022629324,-157.36081021151318
19.1991991991992,1144.6278457860788,-1173.1859311218504,59.61852022629324,-157.5610104117134
19.21921921921922,1145.821409754573,-1176.3403057046676,59.61852022629324,-157.7612106119136
19.23923923923924,1147.0149737230674,-1179.4986882995006,59.61852022629324,-157.96141081211383
19.25925925925926,1148.2085376915618,-1182.6610789063498,59.61852022629324,-158.16161101231404
19.27927927927928,1149.4021016600561,-1185.8274775252148,59.61852022629324,-158.36181121251425
19.2992992992993,1150.5956656285505,-1188.997884156096,59.61852022629324,-158.56201141271447
19.31931931931932,1151.7892295970448,-1192.172298798993,59.61852022629324,-158.76221161291468
19.33933933933934,1152.9827935655392,-1195.3507214539063,59.61852022629324,-158.9624118131149
19.35935935935936,1154.1763575340335,-1198.5331521208354,59.61852022629324,-159.1626120133151
19.37937937937938,1155.3699215025279,-1201.7195907997807,59.61852022629324,-159.36281221351533
19.3993993993994,1156.5634854710222,-1204.910037490742,59.61852022629324,-159.56301241371554
19.41941941941942,1157.7570494395165,-1208.1044921937194,59.61852022629324,-159.76321261391575
19.43943943943944,1158.950613408011,-1211.3029549087128,59.61852022629324,-159.96341281411597
19.45945945945946,1160.1441773765052,-1214.505425635722,59.61852022629324,-160.16361301431618
19.47947947947948,1161.3377413449996,-1217.7119043747475,59.61852022629324,-160.3638132145164
19.4994994994995,1162.531305313494,-1220.9223911257889,59.61852022629324,-160.5640134147166
19.51951951951952,1163.7248692819883,-1224.1368858888463,59.61852022629324,-160.76421361491683
19.53953953953954,1164.9184332504826,-1227.3553886639197,59.61852022629324,-160.96441381511704
19.55955955955956,1166.111997218977,-1230.5778994510092,59.61852022629324,-161.16461401531726
19.57957957957958,1167.3055611874713,-1233.8044182501146,59.61852022629324,-161.36481421551747
19.5995995995996,1168.4991251559657,-1237.0349450612362,59.61852022629324,-161.56501441571768
19.61961961961962,1169.69268912446,-1240.2694798843736,59.61852022629324,-161.7652146159179
19.63963963963964,1170.8862530929543,-1243.5080227195272,59.61852022629324,-161.9654148161181
19.65965965965966,1172.0798170614487,-1246.7505735666966,59.61852022629324,-162.16561501631833
19.67967967967968,1173.273381029943,-1249.9971324258822,59.61852022629324,-162.36581521651854
19.6996996996997,1174.4669449984374,-1253.2476992970837,59.61852022629324,-162.56601541671876
19.71971971971972,1175.6605089669317,-1256.5022741803014,59.61852022629324,-162.76621561691897
19.73973973973974,1176.854072935426,-1259.760857075535,59.61852022629324,-162.96641581711918
19.75975975975976,1178.0476369039204,-1263.0234479827845,59.61852022629324,-163.1666160173194
19.77977977977978,1179.2412008724148,-1266.29004690205,59.61852022629324,-163.3668162175196
19.7997997997998,1180.434764840909,-1269.5606538333318,59.61852022629324,-163.56701641771983
19.81981981981982,1181.6283288094035,-1272.8352687766294,59.61852022629324,-163.76721661792004
19.83983983983984,1182.8218927778978,-1276.113891731943,59.61852022629324,-163.96741681812026
19.85985985985986,1184.0154567463921,-1279.3965226992727,59.61852022629324,-164.16761701832047
19.87987987987988,1185.2090207148865,-1282.6831616786185,59.61852022629324,-164.36781721852068
19.8998998998999,1186.4025846833808,-1285.9738086699804,59.61852022629324,-164.5680174187209
19.91991991991992,1187.5961486518752,-1289.2684636733582,59.61852022629324,-164.7682176189211
19.93993993993994,1188.7897126203695,-1292.567126688752,59.61852022629324,-164.96841781912133
19.95995995995996,1189.9832765888639,-1295.8697977161619,59.61852022629324,-165.16861801932154
19.97997997997998,1191.1768405573582,-1299.1764767555878,59.61852022629324,-165.36881821952176
20.0,1192.3704045258526,-1302.4871638070297,59.61852022629324,-165.56901841972197
