t,xpos,ypos,vx,vy
0.0,0.0,64.5636036823473,85.45004185625973,18.727425714416942
0.02002002002002002,1.7107115486738684,64.93852712007337,85.45004185625973,18.52722551421674
0.04004004004004004,3.421423097347737,65.30944254578341,85.45004185625973,18.32702531401654
0.06006006006006006,5.132134646021605,65.67634995947743,85.45004185625973,18.12682511381634
0.08008008008008008,6.842846194695474,66.03924936115544,85.45004185625973,17.92662491361614
0.10010010010010009,8.553557743369343,66.39814075081743,85.45004185625973,17.72642471341594
0.12012012012012012,10.264269292043211,66.7530241284634,85.45004185625973,17.52622451321574
0.14014014014014015,11.97498084071708,67.10389949409334,85.45004185625973,17.32602431301554
0.16016016016016016,13.68569238939095,67.45076684770727,85.45004185625973,17.12582411281534
0.18018018018018017,15.396403938064818,67.79362618930517,85.45004185625973,16.92562391261514
0.20020020020020018,17.107115486738685,68.13247751888706,85.45004185625973,16.72542371241494
0.22022022022022023,18.817827035412552,68.46732083645293,85.45004185625973,16.52522351221474
0.24024024024024024,20.52853858408642,68.79815614200277,85.45004185625973,16.32502331201454
0.2602602602602603,22.239250132760287,69.12498343553659,85.45004185625973,16.12482311181434
0.2802802802802803,23.949961681434154,69.4478027170544,85.45004185625973,15.92462291161414
0.3003003003003003,25.66067323010802,69.76661398655618,85.45004185625973,15.72442271141394
0.3203203203203203,27.371384778781888,70.08141724404194,85.45004185625973,15.52422251121374
0.3403403403403404,29.082096327455755,70.39221248951169,85.45004185625973,15.32402231101354
0.36036036036036034,30.792807876129622,70.69899972296541,85.45004185625973,15.12382211081334
0.3803803803803804,32.50351942480349,71.00177894440311,85.45004185625973,14.92362191061314
0.40040040040040037,34.21423097347736,71.3005501538248,85.45004185625973,14.72342171041294
0.42042042042042044,35.924942522151234,71.59531335123046,85.45004185625973,14.523221510212739
0.44044044044044045,37.635654070825105,71.8860685366201,85.45004185625973,14.323021310012539
0.4604604604604605,39.346365619498975,72.17281570999373,85.45004185625973,14.122821109812339
0.4804804804804805,41.057077168172846,72.45555487135134,85.45004185625973,13.922620909612139
0.5005005005005005,42.76778871684672,72.73428602069292,85.45004185625973,13.722420709411939
0.5205205205205206,44.47850026552059,73.00900915801849,85.45004185625973,13.522220509211738
0.5405405405405406,46.18921181419446,73.27972428332804,85.45004185625973,13.322020309011538
0.5605605605605606,47.89992336286833,73.54643139662156,85.45004185625973,13.121820108811338
0.5805805805805806,49.6106349115422,73.80913049789906,85.45004185625973,12.921619908611138
0.6006006006006006,51.32134646021607,74.06782158716055,85.45004185625973,12.721419708410938
0.6206206206206206,53.03205800888994,74.32250466440601,85.45004185625973,12.521219508210738
0.6406406406406406,54.74276955756381,74.57317972963546,85.45004185625973,12.321019308010538
0.6606606606606606,56.45348110623768,74.81984678284888,85.45004185625973,12.120819107810338
0.6806806806806808,58.16419265491155,75.06250582404628,85.45004185625973,11.920618907610137
0.7007007007007007,59.87490420358542,75.30115685322767,85.45004185625973,11.720418707409937
0.7207207207207207,61.585615752259294,75.53579987039303,85.45004185625973,11.520218507209737
0.7407407407407407,63.296327300933164,75.76643487554237,85.45004185625973,11.320018307009537
0.7607607607607608,65.00703884960703,75.9930618686757,85.45004185625973,11.119818106809337
0.7807807807807808,66.7177503982809,76.215680849793,85.45004185625973,10.919617906609137
0.8008008008008007,68.42846194695477,76.43429181889428,85.45004185625973,10.719417706408937
0.8208208208208208,70.13917349562864,76.64889477597954,85.45004185625973,10.519217506208737
0.8408408408408409,71.84988504430251,76.85948972104879,85.45004185625973,10.319017306008536
0.8608608608608609,73.56059659297638,77.06607665410202,85.45004185625973,10.118817105808336
0.8808808808808809,75.27130814165025,77.26865557513922,85.45004185625973,9.918616905608136
0.9009009009009008,76.98201969032412,77.4672264841604,85.45004185625973,9.718416705407936
0.920920920920921,78.692731238998,77.66178938116558,85.45004185625973,9.518216505207736
0.9409409409409409,80.40344278767186,77.85234426615472,85.45004185625973,9.318016305007536
0.960960960960961,82.11415433634573,78.03889113912784,85.45004185625973,9.117816104807336
0.980980980980981,83.8248658850196,78.22143000008495,85.45004185625973,8.917615904607135
1.001001001001001,85.53557743369348,78.39996084902603,85.45004185625973,8.717415704406935
1.021021021021021,87.24628898236735,78.5744836859511,85.45004185625973,8.517215504206735
1.0410410410410411,88.95700053104122,78.74499851086014,85.45004185625973,8.317015304006535
1.0610610610610611,90.66771207971509,78.91150532375316,85.45004185625973,8.116815103806335
1.0810810810810811,92.37842362838896,79.07400412463016,85.45004185625973,7.916614903606135
1.1011011011011012,94.08913517706283,79.23249491349115,85.45004185625973,7.716414703405935
1.1211211211211212,95.7998467257367,79.38697769033611,85.45004185625973,7.516214503205735
1.1411411411411412,97.51055827441057,79.53745245516505,85.45004185625973,7.3160143030055345
1.1611611611611612,99.22126982308444,79.68391920797798,85.45004185625973,7.115814102805334
1.1811811811811812,100.93198137175831,79.82637794877488,85.45004185625973,6.915613902605134
1.2012012012012012,102.64269292043218,79.96482867755576,85.45004185625973,6.715413702404934
1.2212212212212212,104.35340446910605,80.09927139432062,85.45004185625973,6.515213502204734
1.2412412412412412,106.06411601777992,80.22970609906947,85.45004185625973,6.315013302004534
1.2612612612612613,107.7748275664538,80.3561327918023,85.45004185625973,6.114813101804334
1.2812812812812813,109.48553911512766,80.4785514725191,85.45004185625973,5.9146129016041336
1.3013013013013013,111.19625066380154,80.59696214121989,85.45004185625973,5.714412701403933
1.3213213213213213,112.9069622124754,80.71136479790465,85.45004185625973,5.514212501203733
1.3413413413413413,114.61767376114928,80.8217594425734,85.45004185625973,5.314012301003533
1.3613613613613615,116.32838530982315,80.92814607522612,85.45004185625973,5.113812100803333
1.3813813813813813,118.03909685849702,81.03052469586282,85.45004185625973,4.913611900603133
1.4014014014014013,119.74980840717089,81.1288953044835,85.45004185625973,4.713411700402933
1.4214214214214214,121.46051995584476,81.22325790108818,85.45004185625973,4.513211500202733
1.4414414414414414,123.17123150451863,81.31361248567681,85.45004185625973,4.3130113000025325
1.4614614614614616,124.8819430531925,81.39995905824944,85.45004185625973,4.112811099802332
1.4814814814814814,126.59265460186637,81.48229761880604,85.45004185625973,3.9126108996021323
1.5015015015015014,128.30336615054023,81.56062816734662,85.45004185625973,3.712410699401932
1.5215215215215216,130.01407769921408,81.63495070387118,85.45004185625973,3.512210499201732
1.5415415415415414,131.72478924788794,81.70526522837973,85.45004185625973,3.312010299001532
1.5615615615615617,133.4355007965618,81.77157174087225,85.45004185625973,3.1118100988013317
1.5815815815815815,135.14621234523565,81.83387024134875,85.45004185625973,2.9116098986011316
1.6016016016016015,136.8569238939095,81.89216072980923,85.45004185625973,2.7114096984009315
1.6216216216216217,138.56763544258337,81.94644320625369,85.45004185625973,2.5112094982007314
1.6416416416416415,140.27834699125722,81.99671767068213,85.45004185625973,2.3110092980005312
1.6616616616616617,141.98905853993108,82.04298412309456,85.45004185625973,2.110809097800331
1.6816816816816818,143.69977008860494,82.08524256349097,85.45004185625973,1.910608897600131
1.7017017017017015,145.4104816372788,82.12349299187134,85.45004185625973,1.7104086973999308
1.7217217217217218,147.12119318595265,82.15773540823571,85.45004185625973,1.5102084971997307
1.7417417417417416,148.8319047346265,82.18796981258406,85.45004185625973,1.3100082969995306
1.7617617617617618,150.54261628330036,82.21419620491638,85.45004185625973,1.1098080967993305
1.7817817817817818,152.25332783197422,82.23641458523268,85.45004185625973,0.9096078965991303
1.8018018018018016,153.96403938064807,82.25462495353297,85.45004185625973,0.7094076963989302
1.8218218218218218,155.67475092932193,82.26882730981723,85.45004185625973,0.5092074961987301
1.841841841841842,157.3854624779958,82.27902165408547,85.45004185625973,0.3090072959985299
1.8618618618618619,159.09617402666964,82.2852079863377,85.45004185625973,0.1088070957983297
1.8818818818818819,160.8068855753435,82.2873863065739,85.45004185625973,-0.09139310440187048
1.9019019019019017,162.51759712401736,82.28555661479407,85.45004185625973,-0.29159330460207067
1.921921921921922,164.2283086726912,82.27971891099824,85.45004185625973,-0.49179350480227085
1.9419419419419421,165.93902022136507,82.26987319518638,85.45004185625973,-0.691993705002471
1.961961961961962,167.64973177003893,82.2560194673585,85.45004185625973,-0.8921939052026713
1.981981981981982,169.36044331871278,82.2381577275146,85.45004185625973,-1.0923941054028714
2.002002002002002,171.07115486738664,82.21628797565468,85.45004185625973,-1.2925943056030715
2.022022022022022,172.7818664160605,82.19041021177874,85.45004185625973,-1.4927945058032717
2.042042042042042,174.49257796473435,82.16052443588678,85.45004185625973,-1.6929947060034718
2.0620620620620618,176.2032895134082,82.12663064797881,85.45004185625973,-1.893194906203672
2.0820820820820822,177.91400106208206,82.08872884805481,85.45004185625973,-2.093395106403872
2.1021021021021022,179.62471261075592,82.0468190361148,85.45004185625973,-2.293595306604072
2.1221221221221223,181.33542415942978,82.00090121215877,85.45004185625973,-2.4937955068042723
2.1421421421421423,183.04613570810363,81.9509753761867,85.45004185625973,-2.6939957070044724
2.1621621621621623,184.7568472567775,81.89704152819863,85.45004185625973,-2.8941959072046726
2.1821821821821823,186.46755880545135,81.83909966819454,85.45004185625973,-3.0943961074048727
2.2022022022022023,188.1782703541252,81.77714979617441,85.45004185625973,-3.294596307605073
2.2222222222222223,189.88898190279906,81.71119191213828,85.45004185625973,-3.494796507805273
2.2422422422422423,191.59969345147292,81.64122601608612,85.45004185625973,-3.694996708005473
2.2622622622622623,193.31040500014677,81.56725210801794,85.45004185625973,-3.895196908205673
2.2822822822822824,195.02111654882063,81.48927018793374,85.45004185625973,-4.095397108405874
2.3023023023023024,196.73182809749449,81.40728025583353,85.45004185625973,-4.295597308606074
2.3223223223223224,198.44253964616834,81.32128231171728,85.45004185625973,-4.495797508806274
2.3423423423423424,200.1532511948422,81.23127635558502,85.45004185625973,-4.695997709006474
2.3623623623623624,201.86396274351605,81.13726238743675,85.45004185625973,-4.896197909206674
2.3823823823823824,203.5746742921899,81.03924040727244,85.45004185625973,-5.096398109406874
2.4024024024024024,205.28538584086377,80.93721041509212,85.45004185625973,-5.296598309607075
2.4224224224224224,206.99609738953762,80.83117241089579,85.45004185625973,-5.496798509807275
2.4424424424424425,208.70680893821148,80.72112639468344,85.45004185625973,-5.696998710007475
2.4624624624624625,210.41752048688534,80.60707236645506,85.45004185625973,-5.897198910207675
2.4824824824824825,212.1282320355592,80.48901032621066,85.45004185625973,-6.097399110407875
2.5025025025025025,213.83894358423305,80.36694027395025,85.45004185625973,-6.297599310608075
2.5225225225225225,215.5496551329069,80.24086220967381,85.45004185625973,-6.497799510808275
2.5425425425425425,217.26036668158076,80.11077613338135,85.45004185625973,-6.6979997110084755
2.5625625625625625,218.97107823025462,79.97668204507288,85.45004185625973,-6.898199911208676
2.5825825825825826,220.68178977892848,79.83857994474837,85.45004185625973,-7.098400111408876
2.6026026026026026,222.39250132760233,79.69646983240786,85.45004185625973,-7.298600311609076
2.6226226226226226,224.1032128762762,79.55035170805132,85.45004185625973,-7.498800511809276
2.6426426426426426,225.81392442495005,79.40022557167876,85.45004185625973,-7.699000712009476
2.6626626626626626,227.5246359736239,79.24609142329018,85.45004185625973,-7.899200912209676
2.6826826826826826,229.23534752229776,79.08794926288559,85.45004185625973,-8.099401112409877
2.7027027027027026,230.94605907097161,78.92579909046496,85.45004185625973,-8.299601312610077
2.722722722722723,232.65677061964547,78.75964090602832,85.45004185625973,-8.499801512810278
2.7427427427427427,234.36748216831933,78.58947470957567,85.45004185625973,-8.700001713010478
2.7627627627627627,236.07819371699318,78.41530050110698,85.45004185625973,-8.900201913210678
2.7827827827827827,237.78890526566704,78.23711828062228,85.45004185625973,-9.100402113410878
2.8028028028028027,239.4996168143409,78.05492804812157,85.45004185625973,-9.300602313611078
2.822822822822823,241.21032836301475,77.86872980360484,85.45004185625973,-9.500802513811278
2.8428428428428427,242.9210399116886,77.67852354707207,85.45004185625973,-9.701002714011478
2.8628628628628627,244.63175146036247,77.4843092785233,85.45004185625973,-9.901202914211678
2.8828828828828827,246.34246300903632,77.2860869979585,85.45004185625973,-10.101403114411879
2.9029029029029028,248.05317455771018,77.08385670537768,85.45004185625973,-10.301603314612079
2.922922922922923,249.76388610638404,76.87761840078085,85.45004185625973,-10.501803514812279
2.942942942942943,251.4745976550579,76.667372084168,85.45004185625973,-10.702003715012479
2.962962962962963,253.18530920373175,76.45311775553911,85.45004185625973,-10.902203915212679
2.982982982982983,254.8960207524056,76.23485541489421,85.45004185625973,-11.10240411541288
3.003003003003003,256.6067323010795,76.0125850622333,85.45004185625973,-11.30260431561308
3.0230230230230233,258.3174438497534,75.78630669755636,85.45004185625973,-11.50280451581328
3.0430430430430433,260.02815539842726,75.5560203208634,85.45004185625973,-11.70300471601348
3.063063063063063,261.73886694710114,75.32172593215442,85.45004185625973,-11.90320491621368
3.083083083083083,263.44957849577503,75.08342353142942,85.45004185625973,-12.10340511641388
3.103103103103103,265.1602900444489,74.8411131186884,85.45004185625973,-12.30360531661408
3.1231231231231233,266.8710015931228,74.59479469393136,85.45004185625973,-12.50380551681428
3.1431431431431434,268.5817131417967,74.3444682571583,85.45004185625973,-12.70400571701448
3.163163163163163,270.29242469047057,74.09013380836922,85.45004185625973,-12.90420591721468
3.183183183183183,272.00313623914445,73.83179134756412,85.45004185625973,-13.10440611741488
3.203203203203203,273.71384778781834,73.56944087474301,85.45004185625973,-13.30460631761508
3.2232232232232234,275.4245593364922,73.30308238990587,85.45004185625973,-13.50480651781528
3.2432432432432434,277.1352708851661,73.03271589305271,85.45004185625973,-13.70500671801548
3.263263263263263,278.84598243384,72.75834138418354,85.45004185625973,-13.905206918215681
3.283283283283283,280.5566939825139,72.47995886329834,85.45004185625973,-14.105407118415881
3.303303303303303,282.26740553118776,72.19756833039712,85.45004185625973,-14.305607318616081
3.3233233233233235,283.97811707986165,71.91116978547988,85.45004185625973,-14.505807518816281
3.3433433433433435,285.68882862853553,71.62076322854662,85.45004185625973,-14.706007719016482
3.3633633633633635,287.3995401772094,71.32634865959734,85.45004185625973,-14.906207919216682
3.383383383383383,289.1102517258833,71.02792607863205,85.45004185625973,-15.106408119416882
3.403403403403403,290.8209632745572,70.72549548565073,85.45004185625973,-15.306608319617082
3.4234234234234235,292.53167482323107,70.41905688065339,85.45004185625973,-15.506808519817282
3.4434434434434436,294.24238637190496,70.10861026364003,85.45004185625973,-15.707008720017482
3.4634634634634636,295.95309792057884,69.79415563461065,85.45004185625973,-15.907208920217682
3.483483483483483,297.6638094692527,69.47569299356525,85.45004185625973,-16.107409120417884
3.503503503503503,299.3745210179266,69.15322234050383,85.45004185625973,-16.307609320618084
3.5235235235235236,301.0852325666005,68.82674367542639,85.45004185625973,-16.507809520818284
3.5435435435435436,302.7959441152744,68.49625699833292,85.45004185625973,-16.708009721018485
3.5635635635635636,304.50665566394827,68.16176230922345,85.45004185625973,-16.908209921218685
3.583583583583583,306.21736721262215,67.82325960809794,85.45004185625973,-17.108410121418885
3.603603603603603,307.92807876129604,67.48074889495642,85.45004185625973,-17.308610321619085
3.6236236236236237,309.6387903099699,67.13423016979888,85.45004185625973,-17.508810521819285
3.6436436436436437,311.3495018586438,66.78370343262533,85.45004185625973,-17.709010722019485
3.6636636636636637,313.0602134073177,66.42916868343575,85.45004185625973,-17.909210922219685
3.683683683683684,314.7709249559916,66.07062592223015,85.45004185625973,-18.109411122419885
3.7037037037037033,316.48163650466546,65.70807514900854,85.45004185625973,-18.309611322620086
3.7237237237237237,318.19234805333934,65.34151636377089,85.45004185625973,-18.509811522820286
3.7437437437437437,319.90305960201323,64.97094956651723,85.45004185625973,-18.710011723020486
3.7637637637637638,321.6137711506871,64.59637475724756,85.45004185625973,-18.910211923220686
3.783783783783784,323.324482699361,64.21779193596186,85.45004185625973,-19.110412123420886
3.8038038038038033,325.0351942480349,63.835201102660136,85.45004185625973,-19.310612323621086
3.823823823823824,326.74590579670877,63.448602257342394,85.45004185625973,-19.510812523821286
3.843843843843844,328.45661734538265,63.057995400008636,85.45004185625973,-19.711012724021487
3.863863863863864,330.16732889405654,62.663380530658856,85.45004185625973,-19.911212924221687
3.8838838838838843,331.8780404427304,62.26475764929305,85.45004185625973,-20.111413124421887
3.9039039039039034,333.5887519914043,61.862126755911234,85.45004185625973,-20.311613324622087
3.923923923923924,335.2994635400782,61.45548785051339,85.45004185625973,-20.511813524822287
3.943943943943944,337.0101750887521,61.044840933099536,85.45004185625973,-20.712013725022487
3.963963963963964,338.72088663742596,60.63018600366966,85.45004185625973,-20.912213925222687
3.9839839839839843,340.43159818609985,60.211523062223755,85.45004185625973,-21.112414125422887
4.004004004004004,342.14230973477373,59.78885210876184,85.45004185625973,-21.312614325623088
4.0240240240240235,343.8530212834476,59.3621731432839,85.45004185625973,-21.512814525823288
4.044044044044044,345.5637328321215,58.931486165789934,85.45004185625973,-21.713014726023488
4.064064064064064,347.2744443807954,58.496791176279956,85.45004185625973,-21.913214926223688
4.084084084084084,348.9851559294693,58.058088174753955,85.45004185625973,-22.113415126423888
4.104104104104104,350.69586747814316,57.61537716121194,85.45004185625973,-22.313615326624088
4.1241241241241235,352.40657902681704,57.1686581356539,85.45004185625973,-22.51381552682429
4.1441441441441444,354.1172905754909,56.71793109807984,85.45004185625973,-22.71401572702449
4.1641641641641645,355.8280021241648,56.26319604848976,85.45004185625973,-22.91421592722469
4.1841841841841845,357.5387136728387,55.80445298688366,85.45004185625973,-23.11441612742489
4.2042042042042045,359.2494252215126,55.34170191326154,85.45004185625973,-23.31461632762509
4.2242242242242245,360.96013677018647,54.8749428276234,85.45004185625973,-23.51481652782529
4.2442442442442445,362.67084831886035,54.40417572996924,85.45004185625973,-23.71501672802549
4.2642642642642645,364.38155986753424,53.929400620299056,85.45004185625973,-23.91521692822569
4.2842842842842845,366.0922714162081,53.45061749861286,85.45004185625973,-24.11541712842589
4.3043043043043046,367.802982964882,52.967826364910636,85.45004185625973,-24.31561732862609
4.324324324324325,369.5136945135559,52.4810272191924,85.45004185625973,-24.51581752882629
4.344344344344345,371.2244060622298,51.99022006145814,85.45004185625973,-24.71601772902649
4.364364364364365,372.93511761090366,51.49540489170786,85.45004185625973,-24.91621792922669
4.384384384384385,374.64582915957754,50.99658170994156,85.45004185625973,-25.11641812942689
4.404404404404405,376.35654070825143,50.49375051615924,85.45004185625973,-25.31661832962709
4.424424424424425,378.0672522569253,49.986911310360895,85.45004185625973,-25.51681852982729
4.444444444444445,379.7779638055992,49.47606409254654,85.45004185625973,-25.71701873002749
4.464464464464465,381.4886753542731,48.961208862716155,85.45004185625973,-25.91721893022769
4.484484484484485,383.19938690294697,48.44234562086976,85.45004185625973,-26.11741913042789
4.504504504504505,384.91009845162085,47.91947436700734,85.45004185625973,-26.31761933062809
4.524524524524525,386.62081000029474,47.3925951011289,85.45004185625973,-26.51781953082829
4.544544544544545,388.3315215489686,46.86170782323444,85.45004185625973,-26.71801973102849
4.564564564564565,390.0422330976425,46.32681253332396,85.45004185625973,-26.91821993122869
4.584584584584585,391.7529446463164,45.78790923139746,85.45004185625973,-27.11842013142889
4.604604604604605,393.4636561949903,45.24499791745494,85.45004185625973,-27.31862033162909
4.624624624624625,395.17436774366416,44.6980785914964,85.45004185625973,-27.51882053182929
4.644644644644645,396.88507929233805,44.147151253521834,85.45004185625973,-27.71902073202949
4.664664664664665,398.59579084101193,43.592215903531255,85.45004185625973,-27.919220932229692
4.684684684684685,400.3065023896858,43.03327254152465,85.45004185625973,-28.119421132429892
4.704704704704705,402.0172139383597,42.470321167502036,85.45004185625973,-28.319621332630092
4.724724724724725,403.7279254870336,41.903361781463396,85.45004185625973,-28.519821532830292
4.744744744744745,405.4386370357075,41.33239438340873,85.45004185625973,-28.720021733030492
4.764764764764765,407.14934858438136,40.757418973338055,85.45004185625973,-28.920221933230692
4.784784784784785,408.86006013305524,40.178435551251354,85.45004185625973,-29.120422133430893
4.804804804804805,410.5707716817291,39.59544411714863,85.45004185625973,-29.320622333631093
4.824824824824825,412.281483230403,39.00844467102989,85.45004185625973,-29.520822533831293
4.844844844844845,413.9921947790769,38.41743721289513,85.45004185625973,-29.721022734031493
4.864864864864865,415.7029063277508,37.82242174274435,85.45004185625973,-29.921222934231693
4.884884884884885,417.41361787642467,37.223398260577554,85.45004185625973,-30.121423134431893
4.904904904904905,419.12432942509855,36.62036676639473,85.45004185625973,-30.321623334632093
4.924924924924925,420.83504097377244,36.013327260195894,85.45004185625973,-30.521823534832293
4.944944944944945,422.5457525224463,35.40227974198103,85.45004185625973,-30.722023735032494
4.964964964964965,424.2564640711202,34.78722421175015,85.45004185625973,-30.922223935232694
4.984984984984985,425.9671756197941,34.16816066950325,85.45004185625973,-31.122424135432894
5.005005005005005,427.677887168468,33.54508911524033,85.45004185625973,-31.322624335633094
5.025025025025025,429.38859871714186,32.918009548961386,85.45004185625973,-31.522824535833294
5.045045045045045,431.09931026581575,32.28692197066643,85.45004185625973,-31.723024736033494
5.065065065065065,432.81002181448963,31.651826380355445,85.45004185625973,-31.923224936233694
5.085085085085085,434.5207333631635,31.012722778028444,85.45004185625973,-32.123425136433895
5.105105105105105,436.2314449118374,30.369611163685423,85.45004185625973,-32.323625336634095
5.125125125125125,437.9421564605113,29.722491537326384,85.45004185625973,-32.523825536834295
5.145145145145145,439.65286800918517,29.071363898951322,85.45004185625973,-32.724025737034495
5.165165165165165,441.36357955785905,28.41622824856024,85.45004185625973,-32.924225937234695
5.185185185185185,443.07429110653294,27.75708458615314,85.45004185625973,-33.124426137434895
5.205205205205205,444.7850026552068,27.09393291173002,85.45004185625973,-33.324626337635095
5.225225225225225,446.4957142038807,26.426773225290876,85.45004185625973,-33.524826537835295
5.245245245245245,448.2064257525546,25.755605526835716,85.45004185625973,-33.725026738035496
5.265265265265265,449.9171373012285,25.080429816364536,85.45004185625973,-33.925226938235696
5.285285285285285,451.62784884990236,24.401246093877333,85.45004185625973,-34.125427138435896
5.305305305305305,453.33856039857625,23.71805435937411,85.45004185625973,-34.325627338636096
5.325325325325325,455.04927194725013,23.03085461285487,85.45004185625973,-34.525827538836296
5.345345345345346,456.759983495924,22.33964685431961,85.45004185625973,-34.726027739036496
5.365365365365365,458.4706950445979,21.64443108376833,85.45004185625973,-34.926227939236696
5.385385385385385,460.1814065932718,20.945207301201027,85.45004185625973,-35.1264281394369
5.405405405405405,461.8921181419457,20.241975506617706,85.45004185625973,-35.3266283396371
5.425425425425425,463.60282969061956,19.534735700018366,85.45004185625973,-35.5268285398373
5.445445445445446,465.31354123929344,18.823487881403004,85.45004185625973,-35.7270287400375
5.465465465465465,467.0242527879673,18.108232050771623,85.45004185625973,-35.9272289402377
5.485485485485485,468.7349643366412,17.388968208124222,85.45004185625973,-36.1274291404379
5.505505505505505,470.4456758853151,16.665696353460802,85.45004185625973,-36.3276293406381
5.525525525525525,472.156387433989,15.93841648678136,85.45004185625973,-36.5278295408383
5.545545545545546,473.86709898266287,15.207128608085899,85.45004185625973,-36.7280297410385
5.565565565565565,475.57781053133675,14.471832717374417,85.45004185625973,-36.9282299412387
5.585585585585585,477.28852208001064,13.732528814646916,85.45004185625973,-37.1284301414389
5.605605605605605,478.9992336286845,12.989216899903393,85.45004185625973,-37.3286303416391
5.625625625625625,480.7099451773584,12.241896973143852,85.45004185625973,-37.5288305418393
5.645645645645646,482.4206567260323,11.49056903436829,85.45004185625973,-37.7290307420395
5.665665665665665,484.1313682747062,10.73523308357671,85.45004185625973,-37.9292309422397
5.685685685685685,485.84207982338006,9.975889120769107,85.45004185625973,-38.1294311424399
5.7057057057057055,487.55279137205395,9.212537145945486,85.45004185625973,-38.3296313426401
5.7257257257257255,489.26350292072783,8.445177159105844,85.45004185625973,-38.5298315428403
5.745745745745746,490.9742144694017,7.673809160250182,85.45004185625973,-38.7300317430405
5.7657657657657655,492.6849260180756,6.8984331493785005,85.45004185625973,-38.9302319432407
5.7857857857857855,494.3956375667495,6.119049126490799,85.45004185625973,-39.1304321434409
5.8058058058058055,496.10634911542337,5.335657091587077,85.45004185625973,-39.3306323436411
5.8258258258258255,497.81706066409726,4.548257044667335,85.45004185625973,-39.5308325438413
5.845845845845846,499.52777221277114,3.7568489857315734,85.45004185625973,-39.7310327440415
5.865865865865866,501.238483761445,2.9614329147797918,85.45004185625973,-39.9312329442417
5.885885885885886,502.9491953101189,2.16200883181199,85.45004185625973,-40.1314331444419
5.905905905905906,504.6599068587928,1.3585767368281683,85.45004185625973,-40.3316333446421
5.925925925925926,506.3706184074667,0.5511366298283265,85.45004185625973,-40.5318335448423
5.9459459459459465,508.08132995614056,-0.26031148918753544,85.45004185625973,-40.7320337450425
5.965965965965966,509.79204150481445,-1.0757676202194173,85.45004185625973,-40.9322339452427
5.9859859859859865,511.50275305348833,-1.8952317632673192,85.45004185625973,-41.1324341454429
6.006006006006006,513.2134646021622,-2.718703918331241,85.45004185625973,-41.3326343456431
6.026026026026026,514.924176150836,-3.546184085411183,85.45004185625973,-41.5328345458433
6.046046046046047,516.6348876995099,-4.377672264507145,85.45004185625973,-41.7330347460435
6.066066066066066,518.3455992481838,-5.213168455619127,85.45004185625973,-41.9332349462437
6.086086086086087,520.0563107968577,-6.052672658747129,85.45004185625973,-42.1334351464439
6.106106106106106,521.7670223455316,-6.896184873891151,85.45004185625973,-42.3336353466441
6.126126126126126,523.4777338942055,-7.7437051010511935,85.45004185625973,-42.5338355468443
6.146146146146147,525.1884454428794,-8.595233340227256,85.45004185625973,-42.7340357470445
6.166166166166166,526.8991569915532,-9.450769591419338,85.45004185625973,-42.9342359472447
6.186186186186187,528.6098685402271,-10.31031385462744,85.45004185625973,-43.1344361474449
6.206206206206206,530.320580088901,-11.173866129851563,85.45004185625973,-43.3346363476451
6.226226226226226,532.0312916375749,-12.041426417091705,85.45004185625973,-43.5348365478453
6.246246246246247,533.7420031862488,-12.912994716347868,85.45004185625973,-43.7350367480455
6.266266266266266,535.4527147349227,-13.78857102762005,85.45004185625973,-43.9352369482457
6.286286286286287,537.1634262835966,-14.668155350908252,85.45004185625973,-44.1354371484459
6.306306306306306,538.8741378322704,-15.551747686212474,85.45004185625973,-44.3356373486461
6.326326326326326,540.5848493809443,-16.439348033532717,85.45004185625973,-44.5358375488463
6.346346346346347,542.2955609296182,-17.33095639286898,85.45004185625973,-44.7360377490465
6.366366366366366,544.0062724782921,-18.226572764221263,85.45004185625973,-44.9362379492467
6.386386386386387,545.716984026966,-19.126197147589565,85.45004185625973,-45.1364381494469
6.406406406406406,547.4276955756399,-20.029829542973886,85.45004185625973,-45.3366383496471
6.426426426426426,549.1384071243137,-20.93746995037423,85.45004185625973,-45.5368385498473
6.446446446446447,550.8491186729876,-21.84911836979059,85.45004185625973,-45.7370387500475
6.466466466466466,552.5598302216615,-22.764774801222973,85.45004185625973,-45.9372389502477
6.486486486486487,554.2705417703354,-23.684439244671374,85.45004185625973,-46.137439150447904
6.506506506506506,555.9812533190093,-24.608111700135797,85.45004185625973,-46.337639350648104
6.526526526526526,557.6919648676832,-25.53579216761624,85.45004185625973,-46.537839550848304
6.546546546546547,559.402676416357,-26.4674806471127,85.45004185625973,-46.738039751048504
6.566566566566566,561.1133879650309,-27.403177138625185,85.45004185625973,-46.938239951248704
6.586586586586587,562.8240995137048,-28.34288164215369,85.45004185625973,-47.138440151448904
6.606606606606606,564.5348110623787,-29.28659415769821,85.45004185625973,-47.338640351649104
6.626626626626627,566.2455226110526,-30.234314685258752,85.45004185625973,-47.538840551849304
6.646646646646647,567.9562341597265,-31.186043224835316,85.45004185625973,-47.739040752049505
6.666666666666666,569.6669457084004,-32.141779776427896,85.45004185625973,-47.939240952249705
6.686686686686687,571.3776572570742,-33.1015243400365,85.45004185625973,-48.139441152449905
6.706706706706706,573.0883688057481,-34.06527691566112,85.45004185625973,-48.339641352650105
6.726726726726727,574.799080354422,-35.03303750330176,85.45004185625973,-48.539841552850305
6.746746746746747,576.5097919030959,-36.004806102958426,85.45004185625973,-48.740041753050505
6.766766766766766,578.2205034517698,-36.98058271463111,85.45004185625973,-48.940241953250705
6.786786786786787,579.9312150004437,-37.96036733831981,85.45004185625973,-49.140442153450905
6.806806806806806,581.6419265491176,-38.94415997402454,85.45004185625973,-49.340642353651106
6.826826826826827,583.3526380977914,-39.931960621745276,85.45004185625973,-49.540842553851306
6.846846846846847,585.0633496464653,-40.92376928148204,85.45004185625973,-49.741042754051506
6.866866866866866,586.7740611951392,-41.91958595323482,85.45004185625973,-49.941242954251706
6.886886886886887,588.4847727438131,-42.91941063700362,85.45004185625973,-50.141443154451906
6.906906906906906,590.195484292487,-43.923243332788445,85.45004185625973,-50.341643354652106
6.926926926926927,591.9061958411609,-44.93108404058929,85.45004185625973,-50.541843554852306
6.946946946946947,593.6169073898348,-45.94293276040615,85.45004185625973,-50.74204375505251
6.966966966966966,595.3276189385086,-46.958789492239035,85.45004185625973,-50.94224395525271
6.986986986986987,597.0383304871825,-47.97865423608794,85.45004185625973,-51.14244415545291
7.007007007007006,598.7490420358564,-49.00252699195286,85.45004185625973,-51.34264435565311
7.027027027027027,600.4597535845303,-50.03040775983381,85.45004185625973,-51.54284455585331
7.047047047047047,602.1704651332042,-51.06229653973077,85.45004185625973,-51.74304475605351
7.067067067067066,603.8811766818781,-52.09819333164375,85.45004185625973,-51.94324495625371
7.087087087087087,605.591888230552,-53.138098135572754,85.45004185625973,-52.14344515645391
7.107107107107106,607.3025997792258,-54.182010951517775,85.45004185625973,-52.34364535665411
7.127127127127127,609.0133113278997,-55.22993177947882,85.45004185625973,-52.54384555685431
7.147147147147147,610.7240228765736,-56.281860619455884,85.45004185625973,-52.74404575705451
7.167167167167166,612.4347344252475,-57.337797471448965,85.45004185625973,-52.94424595725471
7.187187187187187,614.1454459739214,-58.39774233545807,85.45004185625973,-53.14444615745491
7.207207207207206,615.8561575225953,-59.461695211483196,85.45004185625973,-53.34464635765511
7.227227227227227,617.5668690712691,-60.52965609952434,85.45004185625973,-53.54484655785531
7.247247247247247,619.277580619943,-61.6016249995815,85.45004185625973,-53.74504675805551
7.267267267267268,620.9882921686169,-62.67760191165468,85.45004185625973,-53.94524695825571
7.287287287287287,622.6990037172908,-63.757586835743886,85.45004185625973,-54.14544715845591
7.3073073073073065,624.4097152659647,-64.84157977184911,85.45004185625973,-54.34564735865611
7.327327327327327,626.1204268146386,-65.92958071997036,85.45004185625973,-54.54584755885631
7.347347347347347,627.8311383633124,-67.02158968010762,85.45004185625973,-54.74604775905651
7.367367367367368,629.5418499119863,-68.1176066522609,85.45004185625973,-54.94624795925671
7.387387387387387,631.2525614606602,-69.21763163643021,85.45004185625973,-55.14644815945691
7.4074074074074066,632.9632730093341,-70.32166463261554,85.45004185625973,-55.34664835965711
7.4274274274274275,634.673984558008,-71.42970564081688,85.45004185625973,-55.54684855985731
7.4474474474474475,636.3846961066819,-72.54175466103425,85.45004185625973,-55.74704876005751
7.467467467467468,638.0954076553558,-73.65781169326763,85.45004185625973,-55.94724896025771
7.4874874874874875,639.8061192040296,-74.77787673751703,85.45004185625973,-56.14744916045791
7.507507507507507,641.5168307527035,-75.90194979378245,85.45004185625973,-56.34764936065811
7.5275275275275275,643.2275423013774,-77.0300308620639,85.45004185625973,-56.54784956085831
7.5475475475475475,644.9382538500513,-78.16211994236136,85.45004185625973,-56.74804976105851
7.567567567567568,646.6489653987252,-79.29821703467483,85.45004185625973,-56.94824996125871
7.587587587587588,648.3596769473991,-80.43832213900434,85.45004185625973,-57.14845016145891
7.607607607607607,650.070388496073,-81.58243525534986,85.45004185625973,-57.34865036165911
7.627627627627628,651.7811000447468,-82.7305563837114,85.45004185625973,-57.54885056185931
7.647647647647648,653.4918115934207,-83.88268552408897,85.45004185625973,-57.74905076205951
7.6676676676676685,655.2025231420946,-85.03882267648255,85.45004185625973,-57.94925096225971
7.687687687687688,656.9132346907685,-86.19896784089215,85.45004185625973,-58.14945116245991
7.707707707707707,658.6239462394424,-87.36312101731778,85.45004185625973,-58.34965136266011
7.727727727727728,660.3346577881163,-88.53128220575942,85.45004185625973,-58.54985156286031
7.747747747747748,662.0453693367901,-89.70345140621708,85.45004185625973,-58.75005176306051
7.767767767767769,663.756080885464,-90.87962861869077,85.45004185625973,-58.95025196326071
7.787787787787788,665.4667924341379,-92.05981384318048,85.45004185625973,-59.15045216346091
7.807807807807807,667.1775039828118,-93.2440070796862,85.45004185625973,-59.35065236366111
7.827827827827828,668.8882155314857,-94.43220832820795,85.45004185625973,-59.55085256386131
7.847847847847848,670.5989270801596,-95.62441758874571,85.45004185625973,-59.75105276406151
7.867867867867869,672.3096386288335,-96.8206348612995,85.45004185625973,-59.95125296426171
7.887887887887888,674.0203501775073,-98.0208601458693,85.45004185625973,-60.15145316446191
7.907907907907909,675.7310617261812,-99.22509344245513,85.45004185625973,-60.35165336466211
7.927927927927928,677.4417732748551,-100.43333475105698,85.45004185625973,-60.55185356486231
7.947947947947948,679.152484823529,-101.64558407167483,85.45004185625973,-60.75205376506251
7.967967967967969,680.8631963722029,-102.86184140430872,85.45004185625973,-60.95225396526271
7.987987987987988,682.5739079208768,-104.08210674895862,85.45004185625973,-61.15245416546291
8.008008008008009,684.2846194695506,-105.30638010562454,85.45004185625973,-61.35265436566311
8.028028028028029,685.9953310182245,-106.53466147430649,85.45004185625973,-61.55285456586331
8.048048048048047,687.7060425668984,-107.76695085500445,85.45004185625973,-61.753054766063514
8.068068068068069,689.4167541155723,-109.00324824771843,85.45004185625973,-61.953254966263714
8.088088088088089,691.1274656642462,-110.24355365244844,85.45004185625973,-62.153455166463914
8.108108108108109,692.8381772129201,-111.48786706919446,85.45004185625973,-62.353655366664114
8.128128128128129,694.548888761594,-112.7361884979565,85.45004185625973,-62.553855566864314
8.148148148148147,696.2596003102678,-113.98851793873457,85.45004185625973,-62.754055767064514
8.168168168168169,697.9703118589417,-115.24485539152866,85.45004185625973,-62.954255967264714
8.188188188188189,699.6810234076156,-116.50520085633876,85.45004185625973,-63.154456167464915
8.208208208208209,701.3917349562895,-117.76955433316489,85.45004185625973,-63.354656367665115
8.228228228228229,703.1024465049634,-119.03791582200704,85.45004185625973,-63.554856567865315
8.248248248248247,704.8131580536373,-120.3102853228652,85.45004185625973,-63.755056768065515
8.268268268268269,706.5238696023112,-121.58666283573939,85.45004185625973,-63.955256968265715
8.288288288288289,708.234581150985,-122.8670483606296,85.45004185625973,-64.15545716846592
8.308308308308309,709.9452926996589,-124.15144189753582,85.45004185625973,-64.35565736866612
8.328328328328329,711.6560042483328,-125.43984344645806,85.45004185625973,-64.55585756886632
8.348348348348347,713.3667157970067,-126.73225300739632,85.45004185625973,-64.75605776906652
8.368368368368369,715.0774273456806,-128.02867058035062,85.45004185625973,-64.95625796926672
8.388388388388389,716.7881388943545,-129.32909616532092,85.45004185625973,-65.15645816946692
8.408408408408409,718.4988504430283,-130.63352976230723,85.45004185625973,-65.35665836966712
8.428428428428429,720.2095619917022,-131.9419713713096,85.45004185625973,-65.55685856986732
8.448448448448449,721.9202735403761,-133.25442099232797,85.45004185625973,-65.75705877006752
8.468468468468469,723.63098508905,-134.57087862536235,85.45004185625973,-65.95725897026772
8.488488488488489,725.3416966377239,-135.89134427041276,85.45004185625973,-66.15745917046792
8.508508508508509,727.0524081863978,-137.21581792747918,85.45004185625973,-66.35765937066812
8.528528528528529,728.7631197350717,-138.54429959656161,85.45004185625973,-66.55785957086832
8.548548548548549,730.4738312837455,-139.87678927766007,85.45004185625973,-66.75805977106852
8.568568568568569,732.1845428324194,-141.21328697077456,85.45004185625973,-66.95825997126872
8.588588588588589,733.8952543810933,-142.55379267590507,85.45004185625973,-67.15846017146892
8.608608608608609,735.6059659297672,-143.8983063930516,85.45004185625973,-67.35866037166912
8.62862862862863,737.3166774784411,-145.24682812221414,85.45004185625973,-67.55886057186932
8.64864864864865,739.027389027115,-146.5993578633927,85.45004185625973,-67.75906077206952
8.66866866866867,740.7381005757888,-147.95589561658727,85.45004185625973,-67.95926097226972
8.68868868868869,742.4488121244627,-149.3164413817979,85.45004185625973,-68.15946117246992
8.70870870870871,744.1595236731366,-150.68099515902452,85.45004185625973,-68.35966137267012
8.72872872872873,745.8702352218105,-152.04955694826717,85.45004185625973,-68.55986157287032
8.74874874874875,747.5809467704844,-153.42212674952583,85.45004185625973,-68.76006177307052
8.76876876876877,749.2916583191583,-154.7987045628005,85.45004185625973,-68.96026197327072
8.78878878878879,751.0023698678322,-156.1792903880912,85.45004185625973,-69.16046217347092
8.80880880880881,752.713081416506,-157.56388422539794,85.45004185625973,-69.36066237367112
8.82882882882883,754.4237929651799,-158.9524860747207,85.45004185625973,-69.56086257387132
8.84884884884885,756.1345045138538,-160.34509593605947,85.45004185625973,-69.76106277407152
8.86886886886887,757.8452160625277,-161.74171380941425,85.45004185625973,-69.96126297427172
8.88888888888889,759.5559276112016,-163.14233969478505,85.45004185625973,-70.16146317447192
8.90890890890891,761.2666391598755,-164.54697359217187,85.45004185625973,-70.36166337467212
8.92892892892893,762.9773507085494,-165.9556155015747,85.45004185625973,-70.56186357487232
8.94894894894895,764.6880622572232,-167.36826542299357,85.45004185625973,-70.76206377507252
8.96896896896897,766.3987738058971,-168.78492335642846,85.45004185625973,-70.96226397527272
8.98898898898899,768.109485354571,-170.20558930187937,85.45004185625973,-71.16246417547292
9.00900900900901,769.8201969032449,-171.6302632593463,85.45004185625973,-71.36266437567312
9.02902902902903,771.5309084519188,-173.05894522882923,85.45004185625973,-71.56286457587332
9.04904904904905,773.2416200005927,-174.49163521032818,85.45004185625973,-71.76306477607352
9.06906906906907,774.9523315492665,-175.92833320384318,85.45004185625973,-71.96326497627372
9.08908908908909,776.6630430979404,-177.3690392093742,85.45004185625973,-72.16346517647392
9.10910910910911,778.3737546466143,-178.81375322692122,85.45004185625973,-72.36366537667412
9.12912912912913,780.0844661952882,-180.26247525648427,85.45004185625973,-72.56386557687432
9.14914914914915,781.7951777439621,-181.71520529806332,85.45004185625973,-72.76406577707452
9.16916916916917,783.505889292636,-183.1719433516584,85.45004185625973,-72.96426597727472
9.18918918918919,785.2166008413099,-184.63268941726952,85.45004185625973,-73.16446617747492
9.20920920920921,786.9273123899837,-186.09744349489665,85.45004185625973,-73.36466637767512
9.22922922922923,788.6380239386576,-187.5662055845398,85.45004185625973,-73.56486657787532
9.24924924924925,790.3487354873315,-189.03897568619897,85.45004185625973,-73.76506677807552
9.26926926926927,792.0594470360054,-190.51575379987415,85.45004185625973,-73.96526697827572
9.28928928928929,793.7701585846793,-191.99653992556534,85.45004185625973,-74.16546717847592
9.30930930930931,795.4808701333532,-193.48133406327256,85.45004185625973,-74.36566737867612
9.32932932932933,797.191581682027,-194.9701362129958,85.45004185625973,-74.56586757887632
9.34934934934935,798.9022932307009,-196.46294637473508,85.45004185625973,-74.76606777907652
9.36936936936937,800.6130047793748,-197.95976454849037,85.45004185625973,-74.96626797927672
9.38938938938939,802.3237163280487,-199.46059073426167,85.45004185625973,-75.16646817947692
9.40940940940941,804.0344278767226,-200.965424932049,85.45004185625973,-75.36666837967712
9.42942942942943,805.7451394253965,-202.47426714185232,85.45004185625973,-75.56686857987732
9.44944944944945,807.4558509740704,-203.9871173636717,85.45004185625973,-75.76706878007752
9.46946946946947,809.1665625227442,-205.5039755975071,85.45004185625973,-75.96726898027772
9.48948948948949,810.8772740714181,-207.0248418433585,85.45004185625973,-76.16746918047792
9.50950950950951,812.587985620092,-208.54971610122593,85.45004185625973,-76.36766938067812
9.52952952952953,814.2986971687659,-210.07859837110936,85.45004185625973,-76.56786958087832
9.54954954954955,816.0094087174398,-211.61148865300882,85.45004185625973,-76.76806978107852
9.56956956956957,817.7201202661137,-213.14838694692432,85.45004185625973,-76.96826998127872
9.58958958958959,819.4308318147876,-214.68929325285583,85.45004185625973,-77.16847018147892
9.60960960960961,821.1415433634614,-216.23420757080336,85.45004185625973,-77.36867038167912
9.62962962962963,822.8522549121353,-217.7831299007669,85.45004185625973,-77.56887058187932
9.64964964964965,824.5629664608092,-219.33606024274647,85.45004185625973,-77.76907078207952
9.66966966966967,826.2736780094831,-220.89299859674205,85.45004185625973,-77.96927098227972
9.68968968968969,827.984389558157,-222.45394496275364,85.45004185625973,-78.16947118247992
9.70970970970971,829.6951011068309,-224.01889934078127,85.45004185625973,-78.36967138268012
9.72972972972973,831.4058126555047,-225.58786173082493,85.45004185625973,-78.56987158288032
9.74974974974975,833.1165242041786,-227.1608321328846,85.45004185625973,-78.77007178308052
9.76976976976977,834.8272357528525,-228.73781054696028,85.45004185625973,-78.97027198328072
9.78978978978979,836.5379473015264,-230.31879697305197,85.45004185625973,-79.17047218348092
9.80980980980981,838.2486588502003,-231.9037914111597,85.45004185625973,-79.37067238368112
9.82982982982983,839.9593703988742,-233.49279386128345,85.45004185625973,-79.57087258388133
9.84984984984985,841.670081947548,-235.08580432342322,85.45004185625973,-79.77107278408153
9.86986986986987,843.3807934962219,-236.682822797579,85.45004185625973,-79.97127298428173
9.88988988988989,845.0915050448958,-238.2838492837508,85.45004185625973,-80.17147318448193
9.90990990990991,846.8022165935697,-239.88888378193863,85.45004185625973,-80.37167338468213
9.92992992992993,848.5129281422436,-241.49792629214247,85.45004185625973,-80.57187358488233
9.94994994994995,850.2236396909175,-243.11097681436235,85.45004185625973,-80.77207378508253
9.96996996996997,851.9343512395914,-244.72803534859824,85.45004185625973,-80.97227398528273
9.98998998998999,853.6450627882652,-246.34910189485015,85.45004185625973,-81.17247418548293
10.01001001001001,855.3557743369391,-247.97417645311808,85.45004185625973,-81.37267438568313
10.03003003003003,857.066485885613,-249.60325902340202,85.45004185625973,-81.57287458588333
10.05005005005005,858.7771974342869,-251.23634960570197,85.45004185625973,-81.77307478608353
10.07007007007007,860.4879089829608,-252.87344820001795,85.45004185625973,-81.97327498628373
10.09009009009009,862.1986205316347,-254.51455480634996,85.45004185625973,-82.17347518648393
10.11011011011011,863.9093320803086,-256.159669424698,85.45004185625973,-82.37367538668413
10.13013013013013,865.6200436289824,-257.80879205506204,85.45004185625973,-82.57387558688433
10.15015015015015,867.3307551776563,-259.4619226974421,85.45004185625973,-82.77407578708453
10.17017017017017,869.0414667263302,-261.1190613518382,85.45004185625973,-82.97427598728473
10.19019019019019,870.7521782750041,-262.7802080182503,85.45004185625973,-83.17447618748493
10.21021021021021,872.462889823678,-264.4453626966784,85.45004185625973,-83.37467638768513
10.23023023023023,874.1736013723519,-266.1145253871225,85.45004185625973,-83.57487658788533
10.25025025025025,875.8843129210258,-267.78769608958265,85.45004185625973,-83.77507678808553
10.27027027027027,877.5950244696996,-269.46487480405887,85.45004185625973,-83.97527698828573
10.29029029029029,879.3057360183735,-271.1460615305511,85.45004185625973,-84.17547718848593
10.31031031031031,881.0164475670474,-272.83125626905934,85.45004185625973,-84.37567738868613
10.33033033033033,882.7271591157213,-274.5204590195836,85.45004185625973,-84.57587758888633
10.35035035035035,884.4378706643952,-276.2136697821239,85.45004185625973,-84.77607778908653
10.37037037037037,886.1485822130691,-277.91088855668016,85.45004185625973,-84.97627798928673
10.39039039039039,887.859293761743,-279.61211534325247,85.45004185625973,-85.17647818948693
10.41041041041041,889.5700053104168,-281.3173501418408,85.45004185625973,-85.37667838968713
10.43043043043043,891.2807168590907,-283.0265929524451,85.45004185625973,-85.57687858988733
10.45045045045045,892.9914284077646,-284.7398437750655,85.45004185625973,-85.77707879008753
10.47047047047047,894.7021399564385,-286.45710260970185,85.45004185625973,-85.97727899028773
10.49049049049049,896.4128515051124,-288.17836945635423,85.45004185625973,-86.17747919048793
10.51051051051051,898.1235630537863,-289.90364431502263,85.45004185625973,-86.37767939068813
10.53053053053053,899.8342746024601,-291.6329271857071,85.45004185625973,-86.57787959088833
10.55055055055055,901.544986151134,-293.3662180684076,85.45004185625973,-86.77807979108853
10.57057057057057,903.2556976998079,-295.1035169631241,85.45004185625973,-86.97827999128873
10.59059059059059,904.9664092484818,-296.8448238698566,85.45004185625973,-87.17848019148893
10.61061061061061,906.6771207971557,-298.59013878860515,85.45004185625973,-87.37868039168913
10.63063063063063,908.3878323458296,-300.3394617193697,85.45004185625973,-87.57888059188933
10.65065065065065,910.0985438945035,-302.09279266215026,85.45004185625973,-87.77908079208953
10.67067067067067,911.8092554431773,-303.85013161694684,85.45004185625973,-87.97928099228973
10.690690690690692,913.5199669918512,-305.61147858375944,85.45004185625973,-88.17948119248993
10.71071071071071,915.2306785405251,-307.37683356258805,85.45004185625973,-88.37968139269013
10.73073073073073,916.941390089199,-309.1461965534327,85.45004185625973,-88.57988159289033
10.75075075075075,918.6521016378729,-310.9195675562933,85.45004185625973,-88.78008179309053
10.77077077077077,920.3628131865468,-312.69694657117003,85.45004185625973,-88.98028199329073
10.790790790790792,922.0735247352206,-314.47833359806276,85.45004185625973,-89.18048219349093
10.81081081081081,923.7842362838945,-316.2637286369715,85.45004185625973,-89.38068239369113
10.83083083083083,925.4949478325684,-318.05313168789627,85.45004185625973,-89.58088259389133
10.85085085085085,927.2056593812423,-319.84654275083705,85.45004185625973,-89.78108279409153
10.87087087087087,928.9163709299162,-321.64396182579384,85.45004185625973,-89.98128299429173
10.890890890890892,930.6270824785901,-323.44538891276665,85.45004185625973,-90.18148319449193
10.91091091091091,932.337794027264,-325.25082401175547,85.45004185625973,-90.38168339469213
10.93093093093093,934.0485055759378,-327.0602671227603,85.45004185625973,-90.58188359489233
10.95095095095095,935.7592171246117,-328.87371824578116,85.45004185625973,-90.78208379509253
10.97097097097097,937.4699286732856,-330.69117738081803,85.45004185625973,-90.98228399529273
10.990990990990992,939.1806402219595,-332.5126445278709,85.45004185625973,-91.18248419549293
11.01101101101101,940.8913517706334,-334.3381196869398,85.45004185625973,-91.38268439569313
11.03103103103103,942.6020633193073,-336.1676028580248,85.45004185625973,-91.58288459589333
11.05105105105105,944.3127748679811,-338.0010940411258,85.45004185625973,-91.78308479609353
11.07107107107107,946.023486416655,-339.8385932362428,85.45004185625973,-91.98328499629373
11.091091091091092,947.7341979653289,-341.6801004433758,85.45004185625973,-92.18348519649393
11.11111111111111,949.4449095140028,-343.52561566252484,85.45004185625973,-92.38368539669413
11.13113113113113,951.1556210626767,-345.3751388936899,85.45004185625973,-92.58388559689433
11.15115115115115,952.8663326113506,-347.22867013687096,85.45004185625973,-92.78408579709453
11.17117117117117,954.5770441600245,-349.08620939206804,85.45004185625973,-92.98428599729473
11.191191191191193,956.2877557086983,-350.94775665928114,85.45004185625973,-93.18448619749493
11.21121121121121,957.9984672573722,-352.81331193851025,85.45004185625973,-93.38468639769513
11.23123123123123,959.7091788060461,-354.6828752297554,85.45004185625973,-93.58488659789533
11.25125125125125,961.41989035472,-356.5564465330165,85.45004185625973,-93.78508679809553
11.27127127127127,963.1306019033939,-358.4340258482937,85.45004185625973,-93.98528699829573
11.291291291291293,964.8413134520678,-360.3156131755869,85.45004185625973,-94.18548719849593
11.31131131131131,966.5520250007417,-362.20120851489617,85.45004185625973,-94.38568739869613
11.33133133133133,968.2627365494155,-364.09081186622143,85.45004185625973,-94.58588759889633
11.35135135135135,969.9734480980894,-365.9844232295627,85.45004185625973,-94.78608779909653
11.37137137137137,971.6841596467633,-367.88204260492,85.45004185625973,-94.98628799929674
11.391391391391393,973.3948711954372,-369.7836699922933,85.45004185625973,-95.18648819949694
11.411411411411411,975.1055827441111,-371.68930539168264,85.45004185625973,-95.38668839969714
11.431431431431431,976.816294292785,-373.598948803088,85.45004185625973,-95.58688859989734
11.451451451451451,978.5270058414588,-375.51260022650933,85.45004185625973,-95.78708880009754
11.471471471471471,980.2377173901327,-377.4302596619467,85.45004185625973,-95.98728900029774
11.491491491491493,981.9484289388066,-379.3519271094001,85.45004185625973,-96.18748920049794
11.511511511511511,983.6591404874805,-381.2776025688695,85.45004185625973,-96.38768940069814
11.531531531531531,985.3698520361544,-383.207286040355,85.45004185625973,-96.58788960089834
11.551551551551551,987.0805635848283,-385.14097752385646,85.45004185625973,-96.78808980109854
11.571571571571571,988.7912751335022,-387.07867701937397,85.45004185625973,-96.98829000129874
11.591591591591593,990.501986682176,-389.0203845269075,85.45004185625973,-97.18849020149894
11.611611611611611,992.2126982308499,-390.96610004645703,85.45004185625973,-97.38869040169914
11.631631631631631,993.9234097795238,-392.9158235780226,85.45004185625973,-97.58889060189934
11.651651651651651,995.6341213281977,-394.86955512160415,85.45004185625973,-97.78909080209954
11.671671671671671,997.3448328768716,-396.82729467720173,85.45004185625973,-97.98929100229974
11.691691691691693,999.0555444255455,-398.78904224481533,85.45004185625973,-98.18949120249994
11.711711711711711,1000.7662559742193,-400.75479782444495,85.45004185625973,-98.38969140270014
11.731731731731731,1002.4769675228932,-402.7245614160906,85.45004185625973,-98.58989160290034
11.751751751751751,1004.1876790715671,-404.6983330197522,85.45004185625973,-98.79009180310054
11.771771771771771,1005.898390620241,-406.6761126354299,85.45004185625973,-98.99029200330074
11.791791791791793,1007.6091021689149,-408.6579002631236,85.45004185625973,-99.19049220350094
11.811811811811811,1009.3198137175888,-410.6436959028334,85.45004185625973,-99.39069240370114
11.831831831831831,1011.0305252662627,-412.63349955455914,85.45004185625973,-99.59089260390134
11.851851851851851,1012.7412368149365,-414.6273112183009,85.45004185625973,-99.79109280410154
11.871871871871871,1014.4519483636104,-416.6251308940587,85.45004185625973,-99.99129300430174
11.891891891891893,1016.1626599122843,-418.6269585818325,85.45004185625973,-100.19149320450194
11.911911911911911,1017.8733714609582,-420.63279428162235,85.45004185625973,-100.39169340470214
11.931931931931931,1019.5840830096321,-422.6426379934282,85.45004185625973,-100.59189360490234
11.951951951951951,1021.294794558306,-424.65648971725005,85.45004185625973,-100.79209380510254
11.971971971971973,1023.0055061069799,-426.6743494530879,85.45004185625973,-100.99229400530274
11.991991991991993,1024.7162176556537,-428.6962172009418,85.45004185625973,-101.19249420550294
12.012012012012011,1026.4269292043275,-430.7220929608117,85.45004185625973,-101.39269440570314
12.032032032032031,1028.1376407530013,-432.7519767326977,85.45004185625973,-101.59289460590334
12.052052052052051,1029.848352301675,-434.7858685165997,85.45004185625973,-101.79309480610354
12.072072072072073,1031.5590638503488,-436.8237683125177,85.45004185625973,-101.99329500630374
12.092092092092093,1033.2697753990226,-438.8656761204517,85.45004185625973,-102.19349520650394
12.112112112112111,1034.9804869476964,-440.91159194040176,85.45004185625973,-102.39369540670414
12.132132132132131,1036.6911984963701,-442.9615157723678,85.45004185625973,-102.59389560690434
12.152152152152151,1038.401910045044,-445.0154476163499,85.45004185625973,-102.79409580710454
12.172172172172173,1040.1126215937177,-447.073387472348,85.45004185625973,-102.99429600730474
12.192192192192193,1041.8233331423914,-449.1353353403621,85.45004185625973,-103.19449620750494
12.212212212212211,1043.5340446910652,-451.2012912203922,85.45004185625973,-103.39469640770514
12.232232232232231,1045.244756239739,-453.2712551124383,85.45004185625973,-103.59489660790534
12.252252252252251,1046.9554677884128,-455.3452270165005,85.45004185625973,-103.79509680810554
12.272272272272273,1048.6661793370865,-457.42320693257864,85.45004185625973,-103.99529700830574
12.292292292292293,1050.3768908857603,-459.5051948606729,85.45004185625973,-104.19549720850594
12.312312312312311,1052.087602434434,-461.5911908007831,85.45004185625973,-104.39569740870614
12.332332332332332,1053.7983139831078,-463.6811947529094,85.45004185625973,-104.59589760890634
12.352352352352352,1055.5090255317816,-465.7752067170517,85.45004185625973,-104.79609780910654
12.372372372372373,1057.2197370804554,-467.87322669321,85.45004185625973,-104.99629800930674
12.392392392392393,1058.9304486291292,-469.9752546813843,85.45004185625973,-105.19649820950694
12.412412412412412,1060.641160177803,-472.0812906815746,85.45004185625973,-105.39669840970714
12.432432432432432,1062.3518717264767,-474.19133469378096,85.45004185625973,-105.59689860990734
12.452452452452452,1064.0625832751505,-476.3053867180033,85.45004185625973,-105.79709881010754
12.472472472472473,1065.7732948238242,-478.4234467542417,85.45004185625973,-105.99729901030774
12.492492492492493,1067.484006372498,-480.5455148024961,85.45004185625973,-106.19749921050794
12.512512512512512,1069.1947179211718,-482.6715908627665,85.45004185625973,-106.39769941070814
12.532532532532532,1070.9054294698456,-484.8016749350529,85.45004185625973,-106.59789961090834
12.552552552552552,1072.6161410185193,-486.9357670193554,85.45004185625973,-106.79809981110854
12.572572572572573,1074.326852567193,-489.0738671156739,85.45004185625973,-106.99830001130874
12.592592592592593,1076.0375641158669,-491.21597522400845,85.45004185625973,-107.19850021150894
12.612612612612612,1077.7482756645406,-493.362091344359,85.45004185625973,-107.39870041170914
12.632632632632632,1079.4589872132144,-495.51221547672554,85.45004185625973,-107.59890061190934
12.652652652652652,1081.1696987618882,-497.6663476211081,85.45004185625973,-107.79910081210954
12.672672672672673,1082.880410310562,-499.8244877775067,85.45004185625973,-107.99930101230974
12.692692692692694,1084.5911218592357,-501.9866359459213,85.45004185625973,-108.19950121250994
12.712712712712712,1086.3018334079095,-504.1527921263519,85.45004185625973,-108.39970141271014
12.732732732732732,1088.0125449565833,-506.32295631879856,85.45004185625973,-108.59990161291034
12.752752752752752,1089.723256505257,-508.4971285232612,85.45004185625973,-108.80010181311054
12.772772772772774,1091.4339680539308,-510.6753087397399,85.45004185625973,-109.00030201331074
12.792792792792794,1093.1446796026046,-512.8574969682346,85.45004185625973,-109.20050221351094
12.812812812812812,1094.8553911512784,-515.0436932087454,85.45004185625973,-109.40070241371114
12.832832832832832,1096.5661026999521,-517.2338974612721,85.45004185625973,-109.60090261391134
12.852852852852852,1098.276814248626,-519.4281097258149,85.45004185625973,-109.80110281411154
12.872872872872874,1099.9875257972997,-521.6263300023737,85.45004185625973,-110.00130301431174
12.892892892892894,1101.6982373459734,-523.8285582909485,85.45004185625973,-110.20150321451194
12.912912912912912,1103.4089488946472,-526.0347945915394,85.45004185625973,-110.40170341471214
12.932932932932932,1105.119660443321,-528.2450389041462,85.45004185625973,-110.60190361491235
12.952952952952952,1106.8303719919948,-530.4592912287691,85.45004185625973,-110.80210381511255
12.972972972972974,1108.5410835406685,-532.677551565408,85.45004185625973,-111.00230401531275
12.992992992992994,1110.2517950893423,-534.8998199140628,85.45004185625973,-111.20250421551295
13.013013013013012,1111.962506638016,-537.1260962747338,85.45004185625973,-111.40270441571315
13.033033033033032,1113.6732181866898,-539.3563806474207,85.45004185625973,-111.60290461591335
13.053053053053052,1115.3839297353636,-541.5906730321236,85.45004185625973,-111.80310481611355
13.073073073073074,1117.0946412840374,-543.8289734288426,85.45004185625973,-112.00330501631375
13.093093093093094,1118.8053528327112,-546.0712818375775,85.45004185625973,-112.20350521651395
13.113113113113112,1120.516064381385,-548.3175982583285,85.45004185625973,-112.40370541671415
13.133133133133132,1122.2267759300587,-550.5679226910955,85.45004185625973,-112.60390561691435
13.153153153153154,1123.9374874787325,-552.8222551358785,85.45004185625973,-112.80410581711455
13.173173173173174,1125.6481990274062,-555.0805955926777,85.45004185625973,-113.00430601731475
13.193193193193194,1127.35891057608,-557.3429440614929,85.45004185625973,-113.20450621751495
13.213213213213212,1129.0696221247538,-559.609300542324,85.45004185625973,-113.40470641771515
13.233233233233232,1130.7803336734275,-561.8796650351712,85.45004185625973,-113.60490661791535
13.253253253253254,1132.4910452221013,-564.1540375400344,85.45004185625973,-113.80510681811555
13.273273273273274,1134.201756770775,-566.4324180569137,85.45004185625973,-114.00530701831575
13.293293293293294,1135.9124683194489,-568.7148065858089,85.45004185625973,-114.20550721851595
13.313313313313312,1137.6231798681226,-571.0012031267202,85.45004185625973,-114.40570741871615
13.333333333333332,1139.3338914167964,-573.2916076796474,85.45004185625973,-114.60590761891635
13.353353353353354,1141.0446029654702,-575.5860202445907,85.45004185625973,-114.80610781911655
13.373373373373374,1142.755314514144,-577.88444082155,85.45004185625973,-115.00630801931675
13.393393393393394,1144.4660260628177,-580.1868694105253,85.45004185625973,-115.20650821951695
13.413413413413412,1146.1767376114915,-582.4933060115167,85.45004185625973,-115.40670841971715
13.433433433433432,1147.8874491601653,-584.803750624524,85.45004185625973,-115.60690861991735
13.453453453453454,1149.598160708839,-587.1182032495474,85.45004185625973,-115.80710882011755
13.473473473473474,1151.3088722575128,-589.4366638865868,85.45004185625973,-116.00730902031775
13.493493493493494,1153.0195838061866,-591.7591325356422,85.45004185625973,-116.20750922051795
13.513513513513512,1154.7302953548603,-594.0856091967136,85.45004185625973,-116.40770942071815
13.533533533533532,1156.4410069035341,-596.416093869801,85.45004185625973,-116.60790962091835
13.553553553553554,1158.151718452208,-598.7505865549044,85.45004185625973,-116.80810982111855
13.573573573573574,1159.8624300008817,-601.0890872520239,85.45004185625973,-117.00831002131875
13.593593593593594,1161.5731415495554,-603.4315959611594,85.45004185625973,-117.20851022151895
13.613613613613612,1163.2838530982292,-605.7781126823108,85.45004185625973,-117.40871042171915
13.633633633633632,1164.994564646903,-608.1286374154784,85.45004185625973,-117.60891062191935
13.653653653653654,1166.7052761955767,-610.4831701606619,85.45004185625973,-117.80911082211955
13.673673673673674,1168.4159877442505,-612.8417109178614,85.45004185625973,-118.00931102231975
13.693693693693694,1170.1266992929243,-615.2042596870771,85.45004185625973,-118.20951122251995
13.713713713713712,1171.837410841598,-617.5708164683087,85.45004185625973,-118.40971142272015
13.733733733733732,1173.5481223902718,-619.9413812615564,85.45004185625973,-118.60991162292035
13.753753753753754,1175.2588339389456,-622.3159540668202,85.45004185625973,-118.81011182312055
13.773773773773774,1176.9695454876194,-624.6945348840999,85.45004185625973,-119.01031202332075
13.793793793793794,1178.6802570362931,-627.0771237133956,85.45004185625973,-119.21051222352095
13.813813813813812,1180.390968584967,-629.4637205547074,85.45004185625973,-119.41071242372115
13.833833833833832,1182.1016801336407,-631.8543254080352,85.45004185625973,-119.61091262392135
13.853853853853854,1183.8123916823145,-634.2489382733789,85.45004185625973,-119.81111282412155
13.873873873873874,1185.5231032309882,-636.6475591507387,85.45004185625973,-120.01131302432175
13.893893893893894,1187.233814779662,-639.0501880401146,85.45004185625973,-120.21151322452195
13.913913913913913,1188.9445263283358,-641.4568249415064,85.45004185625973,-120.41171342472215
13.933933933933933,1190.6552378770095,-643.8674698549142,85.45004185625973,-120.61191362492235
13.953953953953954,1192.3659494256833,-646.2821227803381,85.45004185625973,-120.81211382512255
13.973973973973974,1194.076660974357,-648.700783717778,85.45004185625973,-121.01231402532275
13.993993993993994,1195.7873725230309,-651.1234526672339,85.45004185625973,-121.21251422552295
14.014014014014013,1197.4980840717046,-653.5501296287058,85.45004185625973,-121.41271442572315
14.034034034034033,1199.2087956203784,-655.9808146021937,85.45004185625973,-121.61291462592335
14.054054054054054,1200.9195071690522,-658.4155075876977,85.45004185625973,-121.81311482612355
14.074074074074074,1202.630218717726,-660.8542085852176,85.45004185625973,-122.01331502632375
14.094094094094094,1204.3409302663997,-663.2969175947536,85.45004185625973,-122.21351522652395
14.114114114114113,1206.0516418150735,-665.7436346163056,85.45004185625973,-122.41371542672415
14.134134134134133,1207.7623533637473,-668.1943596498736,85.45004185625973,-122.61391562692435
14.154154154154154,1209.473064912421,-670.6490926954576,85.45004185625973,-122.81411582712455
14.174174174174174,1211.1837764610948,-673.1078337530577,85.45004185625973,-123.01431602732475
14.194194194194194,1212.8944880097686,-675.5705828226738,85.45004185625973,-123.21451622752495
14.214214214214213,1214.6051995584423,-678.037339904306,85.45004185625973,-123.41471642772515
14.234234234234233,1216.315911107116,-680.5081049979542,85.45004185625973,-123.61491662792535
14.254254254254255,1218.0266226557899,-682.9828781036184,85.45004185625973,-123.81511682812555
14.274274274274275,1219.7373342044637,-685.4616592212986,85.45004185625973,-124.01531702832575
14.294294294294295,1221.4480457531374,-687.9444483509949,85.45004185625973,-124.21551722852595
14.314314314314313,1223.1587573018112,-690.4312454927071,85.45004185625973,-124.41571742872615
14.334334334334333,1224.869468850485,-692.9220506464354,85.45004185625973,-124.61591762892635
14.354354354354355,1226.5801803991587,-695.4168638121797,85.45004185625973,-124.81611782912655
14.374374374374375,1228.2908919478325,-697.91568498994,85.45004185625973,-125.01631802932675
14.394394394394395,1230.0016034965063,-700.4185141797163,85.45004185625973,-125.21651822952695
14.414414414414413,1231.71231504518,-702.9253513815087,85.45004185625973,-125.41671842972715
14.434434434434436,1233.4230265938538,-705.436196595317,85.45004185625973,-125.61691862992735
14.454454454454455,1235.1337381425276,-707.9510498211414,85.45004185625973,-125.81711883012755
14.474474474474475,1236.8444496912014,-710.4699110589818,85.45004185625973,-126.01731903032776
14.494494494494495,1238.5551612398751,-712.9927803088382,85.45004185625973,-126.21751923052796
14.514514514514513,1240.265872788549,-715.5196575707106,85.45004185625973,-126.41771943072816
14.534534534534536,1241.9765843372227,-718.050542844599,85.45004185625973,-126.61791963092836
14.554554554554555,1243.6872958858964,-720.5854361305035,85.45004185625973,-126.81811983112856
14.574574574574575,1245.3980074345702,-723.1243374284239,85.45004185625973,-127.01832003132876
14.594594594594595,1247.108718983244,-725.6672467383604,85.45004185625973,-127.21852023152896
14.614614614614613,1248.8194305319178,-728.2141640603129,85.45004185625973,-127.41872043172916
14.634634634634637,1250.5301420805915,-730.7650893942814,85.45004185625973,-127.61892063192936
14.654654654654655,1252.2408536292653,-733.3200227402659,85.45004185625973,-127.81912083212956
14.674674674674675,1253.951565177939,-735.8789640982665,85.45004185625973,-128.01932103232977
14.694694694694695,1255.6622767266128,-738.4419134682831,85.45004185625973,-128.21952123252998
14.714714714714713,1257.3729882752866,-741.0088708503158,85.45004185625973,-128.4197214327302
14.734734734734737,1259.0836998239604,-743.5798362443645,85.45004185625973,-128.6199216329304
14.754754754754755,1260.7944113726342,-746.1548096504292,85.45004185625973,-128.82012183313063
14.774774774774775,1262.505122921308,-748.73379106851,85.45004185625973,-129.02032203333084
14.794794794794795,1264.2158344699817,-751.3167804986067,85.45004185625973,-129.22052223353106
14.814814814814813,1265.9265460186555,-753.9037779407195,85.45004185625973,-129.42072243373127
14.834834834834837,1267.6372575673292,-756.4947833948482,85.45004185625973,-129.62092263393149
14.854854854854855,1269.347969116003,-759.089796860993,85.45004185625973,-129.8211228341317
14.874874874874875,1271.0586806646768,-761.6888183391538,85.45004185625973,-130.0213230343319
14.894894894894895,1272.7693922133506,-764.2918478293307,85.45004185625973,-130.22152323453213
14.914914914914913,1274.4801037620243,-766.8988853315235,85.45004185625973,-130.42172343473234
14.934934934934937,1276.190815310698,-769.5099308457324,85.45004185625973,-130.62192363493256
14.954954954954955,1277.9015268593719,-772.1249843719572,85.45004185625973,-130.82212383513277
14.974974974974975,1279.6122384080456,-774.7440459101981,85.45004185625973,-131.02232403533299
14.994994994994995,1281.3229499567194,-777.367115460455,85.45004185625973,-131.2225242355332
15.015015015015013,1283.0336615053932,-779.9941930227279,85.45004185625973,-131.42272443573341
15.035035035035037,1284.744373054067,-782.6252785970169,85.45004185625973,-131.62292463593363
15.055055055055055,1286.4550846027407,-785.2603721833218,85.45004185625973,-131.82312483613384
15.075075075075075,1288.1657961514145,-787.8994737816428,85.45004185625973,-132.02332503633406
15.095095095095095,1289.8765077000883,-790.5425833919797,85.45004185625973,-132.22352523653427
15.115115115115113,1291.587219248762,-793.1897010143327,85.45004185625973,-132.4237254367345
15.135135135135137,1293.2979307974358,-795.8408266487017,85.45004185625973,-132.6239256369347
15.155155155155155,1295.0086423461096,-798.4959602950868,85.45004185625973,-132.82412583713491
15.175175175175175,1296.7193538947834,-801.1551019534879,85.45004185625973,-133.02432603733513
15.195195195195195,1298.4300654434571,-803.8182516239051,85.45004185625973,-133.22452623753534
15.215215215215213,1300.140776992131,-806.4854093063383,85.45004185625973,-133.42472643773556
15.235235235235237,1301.8514885408047,-809.1565750007875,85.45004185625973,-133.62492663793577
15.255255255255255,1303.5622000894784,-811.8317487072527,85.45004185625973,-133.825126838136
15.275275275275275,1305.2729116381522,-814.5109304257339,85.45004185625973,-134.0253270383362
15.295295295295295,1306.983623186826,-817.1941201562312,85.45004185625973,-134.22552723853642
15.315315315315313,1308.6943347354998,-819.8813178987444,85.45004185625973,-134.42572743873663
15.335335335335337,1310.4050462841735,-822.5725236532737,85.45004185625973,-134.62592763893684
15.355355355355355,1312.1157578328473,-825.267737419819,85.45004185625973,-134.82612783913706
15.375375375375375,1313.826469381521,-827.9669591983803,85.45004185625973,-135.02632803933727
15.395395395395395,1315.5371809301948,-830.6701889889576,85.45004185625973,-135.2265282395375
15.415415415415413,1317.2478924788686,-833.377426791551,85.45004185625973,-135.4267284397377
15.435435435435437,1318.9586040275424,-836.0886726061603,85.45004185625973,-135.62692863993792
15.455455455455455,1320.6693155762161,-838.8039264327857,85.45004185625973,-135.82712884013813
15.475475475475475,1322.38002712489,-841.5231882714271,85.45004185625973,-136.02732904033834
15.495495495495495,1324.0907386735637,-844.2464581220845,85.45004185625973,-136.22752924053856
15.515515515515514,1325.8014502222375,-846.9737359847579,85.45004185625973,-136.42772944073877
15.535535535535537,1327.5121617709112,-849.7050218594474,85.45004185625973,-136.627929640939
15.555555555555555,1329.222873319585,-852.4403157461528,85.45004185625973,-136.8281298411392
15.575575575575575,1330.9335848682588,-855.1796176448743,85.45004185625973,-137.02833004133942
15.595595595595595,1332.6442964169325,-857.9229275556117,85.45004185625973,-137.22853024153963
15.615615615615614,1334.3550079656063,-860.6702454783652,85.45004185625973,-137.42873044173984
15.635635635635637,1336.06571951428,-863.4215714131348,85.45004185625973,-137.62893064194006
15.655655655655655,1337.7764310629539,-866.1769053599204,85.45004185625973,-137.82913084214027
15.675675675675675,1339.4871426116276,-868.936247318722,85.45004185625973,-138.0293310423405
15.695695695695695,1341.1978541603014,-871.6995972895397,85.45004185625973,-138.2295312425407
15.715715715715717,1342.9085657089752,-874.4669552723734,85.45004185625973,-138.42973144274092
15.735735735735737,1344.619277257649,-877.2383212672231,85.45004185625973,-138.62993164294113
15.755755755755755,1346.3299888063227,-880.0136952740888,85.45004185625973,-138.83013184314134
15.775775775775776,1348.0407003549965,-882.7930772929706,85.45004185625973,-139.03033204334156
15.795795795795796,1349.7514119036703,-885.5764673238683,85.45004185625973,-139.23053224354177
15.815815815815817,1351.462123452344,-888.3638653667821,85.45004185625973,-139.430732443742
15.835835835835837,1353.1728350010178,-891.1552714217119,85.45004185625973,-139.6309326439422
15.855855855855856,1354.8835465496916,-893.9506854886577,85.45004185625973,-139.83113284414242
15.875875875875876,1356.5942580983653,-896.7501075676195,85.45004185625973,-140.03133304434263
15.895895895895896,1358.3049696470391,-899.5535376585973,85.45004185625973,-140.23153324454285
15.915915915915917,1360.015681195713,-902.3609757615911,85.45004185625973,-140.43173344474306
15.935935935935937,1361.7263927443867,-905.172421876601,85.45004185625973,-140.63193364494327
15.955955955955956,1363.4371042930604,-907.9878760036269,85.45004185625973,-140.8321338451435
15.975975975975976,1365.1478158417342,-910.8073381426688,85.45004185625973,-141.0323340453437
15.995995995995996,1366.858527390408,-913.6308082937267,85.45004185625973,-141.23253424554392
16.016016016016017,1368.5692389390817,-916.4582864568006,85.45004185625973,-141.43273444574413
16.036036036036037,1370.2799504877555,-919.2897726318905,85.45004185625973,-141.63293464594435
16.056056056056057,1371.9906620364293,-922.1252668189965,85.45004185625973,-141.83313484614456
16.076076076076077,1373.701373585103,-924.9647690181184,85.45004185625973,-142.03333504634477
16.096096096096094,1375.4120851337768,-927.8082792292564,85.45004185625973,-142.233535246545
16.116116116116117,1377.1227966824506,-930.6557974524104,85.45004185625973,-142.4337354467452
16.136136136136138,1378.8335082311244,-933.5073236875805,85.45004185625973,-142.63393564694542
16.156156156156158,1380.5442197797981,-936.3628579347667,85.45004185625973,-142.83413584714563
16.176176176176178,1382.254931328472,-939.2224001939688,85.45004185625973,-143.03433604734585
16.196196196196194,1383.9656428771457,-942.085950465187,85.45004185625973,-143.23453624754606
16.216216216216218,1385.6763544258195,-944.9535087484212,85.45004185625973,-143.43473644774627
16.236236236236238,1387.3870659744932,-947.8250750436714,85.45004185625973,-143.6349366479465
16.256256256256258,1389.097777523167,-950.7006493509376,85.45004185625973,-143.8351368481467
16.276276276276278,1390.8084890718408,-953.5802316702199,85.45004185625973,-144.03533704834692
16.296296296296294,1392.5192006205145,-956.4638220015181,85.45004185625973,-144.23553724854713
16.316316316316318,1394.2299121691883,-959.3514203448324,85.45004185625973,-144.43573744874735
16.336336336336338,1395.940623717862,-962.2430267001627,85.45004185625973,-144.63593764894756
16.356356356356358,1397.6513352665359,-965.138641067509,85.45004185625973,-144.83613784914778
16.376376376376378,1399.3620468152096,-968.0382634468713,85.45004185625973,-145.036338049348
16.396396396396394,1401.0727583638834,-970.9418938382496,85.45004185625973,-145.2365382495482
16.416416416416418,1402.7834699125572,-973.8495322416439,85.45004185625973,-145.43673844974842
16.436436436436438,1404.494181461231,-976.7611786570543,85.45004185625973,-145.63693864994863
16.456456456456458,1406.2048930099047,-979.6768330844807,85.45004185625973,-145.83713885014885
16.476476476476478,1407.9156045585785,-982.5964955239231,85.45004185625973,-146.03733905034906
16.496496496496494,1409.6263161072523,-985.5201659753815,85.45004185625973,-146.23753925054928
16.516516516516518,1411.337027655926,-988.4478444388559,85.45004185625973,-146.4377394507495
16.536536536536538,1413.0477392045998,-991.3795309143463,85.45004185625973,-146.6379396509497
16.556556556556558,1414.7584507532736,-994.3152254018528,85.45004185625973,-146.83813985114992
16.576576576576578,1416.4691623019473,-997.2549279013753,85.45004185625973,-147.03834005135013
16.596596596596594,1418.179873850621,-1000.1986384129139,85.45004185625973,-147.23854025155035
16.616616616616618,1419.8905853992949,-1003.1463569364685,85.45004185625973,-147.43874045175056
16.636636636636638,1421.6012969479686,-1006.0980834720391,85.45004185625973,-147.63894065195078
16.656656656656658,1423.3120084966424,-1009.0538180196257,85.45004185625973,-147.839140852151
16.676676676676678,1425.0227200453162,-1012.0135605792284,85.45004185625973,-148.0393410523512
16.696696696696694,1426.73343159399,-1014.9773111508471,85.45004185625973,-148.23954125255142
16.716716716716718,1428.4441431426637,-1017.9450697344818,85.45004185625973,-148.43974145275163
16.736736736736738,1430.1548546913375,-1020.9168363301325,85.45004185625973,-148.63994165295185
16.756756756756758,1431.8655662400113,-1023.8926109377992,85.45004185625973,-148.84014185315206
16.776776776776778,1433.576277788685,-1026.872393557482,85.45004185625973,-149.04034205335228
16.796796796796794,1435.2869893373588,-1029.8561841891806,85.45004185625973,-149.2405422535525
16.816816816816818,1436.9977008860326,-1032.8439828328953,85.45004185625973,-149.4407424537527
16.836836836836838,1438.7084124347064,-1035.8357894886262,85.45004185625973,-149.64094265395292
16.856856856856858,1440.4191239833801,-1038.831604156373,85.45004185625973,-149.84114285415313
16.876876876876878,1442.129835532054,-1041.831426836136,85.45004185625973,-150.04134305435335
16.896896896896898,1443.8405470807277,-1044.8352575279148,85.45004185625973,-150.24154325455356
16.916916916916918,1445.5512586294014,-1047.8430962317098,85.45004185625973,-150.44174345475378
16.936936936936938,1447.2619701780752,-1050.8549429475206,85.45004185625973,-150.641943654954
16.956956956956958,1448.972681726749,-1053.8707976753476,85.45004185625973,-150.8421438551542
16.976976976976978,1450.6833932754228,-1056.8906604151905,85.45004185625973,-151.04234405535442
16.996996996996998,1452.3941048240965,-1059.9145311670495,85.45004185625973,-151.24254425555463
17.017017017017018,1454.1048163727703,-1062.9424099309244,85.45004185625973,-151.44274445575485
17.037037037037038,1455.815527921444,-1065.9742967068155,85.45004185625973,-151.64294465595506
17.057057057057058,1457.5262394701178,-1069.0101914947224,85.45004185625973,-151.84314485615528
17.077077077077078,1459.2369510187916,-1072.0500942946455,85.45004185625973,-152.0433450563555
17.097097097097098,1460.9476625674654,-1075.0940051065845,85.45004185625973,-152.2435452565557
17.117117117117118,1462.6583741161392,-1078.1419239305396,85.45004185625973,-152.44374545675592
17.137137137137138,1464.369085664813,-1081.1938507665106,85.45004185625973,-152.64394565695613
17.157157157157158,1466.0797972134867,-1084.2497856144978,85.45004185625973,-152.84414585715635
17.177177177177178,1467.7905087621605,-1087.3097284745008,85.45004185625973,-153.04434605735656
17.197197197197198,1469.5012203108342,-1090.37367934652,85.45004185625973,-153.24454625755678
17.217217217217218,1471.211931859508,-1093.441638230555,85.45004185625973,-153.444746457757
17.237237237237238,1472.9226434081818,-1096.5136051266063,85.45004185625973,-153.6449466579572
17.25725725725726,1474.6333549568556,-1099.5895800346734,85.45004185625973,-153.84514685815742
17.27727727727728,1476.3440665055293,-1102.6695629547567,85.45004185625973,-154.04534705835763
17.2972972972973,1478.054778054203,-1105.7535538868558,85.45004185625973,-154.24554725855785
17.31731731731732,1479.7654896028769,-1108.841552830971,85.45004185625973,-154.44574745875806
17.33733733733734,1481.4762011515506,-1111.9335597871025,85.45004185625973,-154.64594765895828
17.35735735735736,1483.1869127002244,-1115.0295747552498,85.45004185625973,-154.8461478591585
17.37737737737738,1484.8976242488982,-1118.1295977354132,85.45004185625973,-155.0463480593587
17.3973973973974,1486.608335797572,-1121.2336287275925,85.45004185625973,-155.24654825955892
17.41741741741742,1488.3190473462457,-1124.341667731788,85.45004185625973,-155.44674845975914
17.43743743743744,1490.0297588949195,-1127.4537147479994,85.45004185625973,-155.64694865995935
17.45745745745746,1491.7404704435933,-1130.5697697762268,85.45004185625973,-155.84714886015956
17.47747747747748,1493.451181992267,-1133.6898328164702,85.45004185625973,-156.04734906035978
17.4974974974975,1495.1618935409408,-1136.8139038687298,85.45004185625973,-156.24754926056
17.51751751751752,1496.8726050896146,-1139.9419829330052,85.45004185625973,-156.4477494607602
17.53753753753754,1498.5833166382884,-1143.0740700092967,85.45004185625973,-156.64794966096042
17.55755755755756,1500.2940281869621,-1146.2101650976042,85.45004185625973,-156.84814986116064
17.57757757757758,1502.004739735636,-1149.3502681979278,85.45004185625973,-157.04835006136085
17.5975975975976,1503.7154512843097,-1152.4943793102673,85.45004185625973,-157.24855026156106
17.61761761761762,1505.4261628329834,-1155.642498434623,85.45004185625973,-157.44875046176128
17.63763763763764,1507.1368743816572,-1158.7946255709944,85.45004185625973,-157.6489506619615
17.65765765765766,1508.847585930331,-1161.950760719382,85.45004185625973,-157.8491508621617
17.67767767767768,1510.5582974790048,-1165.1109038797856,85.45004185625973,-158.04935106236192
17.6976976976977,1512.2690090276785,-1168.2750550522053,85.45004185625973,-158.24955126256214
17.71771771771772,1513.9797205763523,-1171.4432142366409,85.45004185625973,-158.44975146276235
17.73773773773774,1515.690432125026,-1174.6153814330926,85.45004185625973,-158.64995166296256
17.75775775775776,1517.4011436736998,-1177.7915566415602,85.45004185625973,-158.85015186316278
17.77777777777778,1519.1118552223736,-1180.971739862044,85.45004185625973,-159.050352063363
17.7977977977978,1520.8225667710474,-1184.1559310945438,85.45004185625973,-159.2505522635632
17.81781781781782,1522.5332783197211,-1187.3441303390596,85.45004185625973,-159.45075246376342
17.83783783783784,1524.243989868395,-1190.5363375955915,85.45004185625973,-159.65095266396364
17.85785785785786,1525.9547014170687,-1193.7325528641393,85.45004185625973,-159.85115286416385
17.87787787787788,1527.6654129657425,-1196.9327761447032,85.45004185625973,-160.05135306436406
17.8978978978979,1529.3761245144162,-1200.137007437283,85.45004185625973,-160.25155326456428
17.91791791791792,1531.08683606309,-1203.345246741879,85.45004185625973,-160.4517534647645
17.93793793793794,1532.7975476117638,-1206.5574940584909,85.45004185625973,-160.6519536649647
17.95795795795796,1534.5082591604375,-1209.7737493871189,85.45004185625973,-160.85215386516492
17.97797797797798,1536.2189707091113,-1212.9940127277628,85.45004185625973,-161.05235406536514
17.997997997998,1537.929682257785,-1216.2182840804228,85.45004185625973,-161.25255426556535
18.01801801801802,1539.6403938064589,-1219.4465634450987,85.45004185625973,-161.45275446576557
18.03803803803804,1541.3511053551326,-1222.6788508217908,85.45004185625973,-161.65295466596578
18.05805805805806,1543.0618169038064,-1225.9151462104987,85.45004185625973,-161.853154866166
18.07807807807808,1544.7725284524802,-1229.1554496112228,85.45004185625973,-162.0533550663662
18.0980980980981,1546.483240001154,-1232.3997610239628,85.45004185625973,-162.25355526656642
18.11811811811812,1548.1939515498277,-1235.648080448719,85.45004185625973,-162.45375546676664
18.13813813813814,1549.9046630985015,-1238.900407885491,85.45004185625973,-162.65395566696685
18.15815815815816,1551.6153746471753,-1242.156743334279,85.45004185625973,-162.85415586716707
18.17817817817818,1553.326086195849,-1245.4170867950832,85.45004185625973,-163.05435606736728
18.1981981981982,1555.0367977445228,-1248.6814382679033,85.45004185625973,-163.2545562675675
18.21821821821822,1556.7475092931966,-1251.9497977527394,85.45004185625973,-163.4547564677677
18.23823823823824,1558.4582208418703,-1255.2221652495916,85.45004185625973,-163.65495666796792
18.25825825825826,1560.1689323905441,-1258.4985407584597,85.45004185625973,-163.85515686816814
18.27827827827828,1561.8796439392179,-1261.778924279344,85.45004185625973,-164.05535706836835
18.2982982982983,1563.5903554878917,-1265.0633158122444,85.45004185625973,-164.25555726856857
18.31831831831832,1565.3010670365654,-1268.3517153571606,85.45004185625973,-164.45575746876878
18.33833833833834,1567.0117785852392,-1271.644122914093,85.45004185625973,-164.655957668969
18.35835835835836,1568.722490133913,-1274.9405384830413,85.45004185625973,-164.8561578691692
18.37837837837838,1570.4332016825867,-1278.2409620640058,85.45004185625973,-165.05635806936942
18.3983983983984,1572.1439132312605,-1281.545393656986,85.45004185625973,-165.25655826956964
18.41841841841842,1573.8546247799343,-1284.8538332619826,85.45004185625973,-165.45675846976985
18.43843843843844,1575.565336328608,-1288.166280878995,85.45004185625973,-165.65695866997007
18.45845845845846,1577.2760478772818,-1291.4827365080234,85.45004185625973,-165.85715887017028
18.47847847847848,1578.9867594259556,-1294.8032001490678,85.45004185625973,-166.0573590703705
18.4984984984985,1580.6974709746294,-1298.1276718021284,85.45004185625973,-166.2575592705707
18.51851851851852,1582.4081825233031,-1301.4561514672048,85.45004185625973,-166.45775947077092
18.53853853853854,1584.118894071977,-1304.7886391442973,85.45004185625973,-166.65795967097114
18.55855855855856,1585.8296056206507,-1308.1251348334058,85.45004185625973,-166.85815987117135
18.57857857857858,1587.5403171693245,-1311.4656385345304,85.45004185625973,-167.05836007137157
18.5985985985986,1589.2510287179982,-1314.810150247671,85.45004185625973,-167.25856027157178
18.61861861861862,1590.961740266672,-1318.1586699728275,85.45004185625973,-167.458760471772
18.63863863863864,1592.6724518153458,-1321.51119771,85.45004185625973,-167.6589606719722
18.65865865865866,1594.3831633640195,-1324.8677334591887,85.45004185625973,-167.85916087217242
18.67867867867868,1596.0938749126933,-1328.2282772203932,85.45004185625973,-168.05936107237264
18.6986986986987,1597.804586461367,-1331.592828993614,85.45004185625973,-168.25956127257285
18.71871871871872,1599.5152980100409,-1334.9613887788505,85.45004185625973,-168.45976147277307
18.73873873873874,1601.2260095587146,-1338.3339565761032,85.45004185625973,-168.65996167297328
18.75875875875876,1602.9367211073884,-1341.710532385372,85.45004185625973,-168.8601618731735
18.77877877877878,1604.6474326560622,-1345.0911162066568,85.45004185625973,-169.0603620733737
18.7987987987988,1606.358144204736,-1348.4757080399577,85.45004185625973,-169.26056227357392
18.81881881881882,1608.0688557534097,-1351.8643078852745,85.45004185625973,-169.46076247377414
18.83883883883884,1609.7795673020835,-1355.2569157426074,85.45004185625973,-169.66096267397435
18.85885885885886,1611.4902788507572,-1358.6535316119562,85.45004185625973,-169.86116287417457
18.87887887887888,1613.200990399431,-1362.054155493321,85.45004185625973,-170.06136307437478
18.8988988988989,1614.9117019481048,-1365.458787386702,85.45004185625973,-170.261563274575
18.91891891891892,1616.6224134967786,-1368.867427292099,85.45004185625973,-170.4617634747752
18.93893893893894,1618.3331250454523,-1372.2800752095118,85.45004185625973,-170.66196367497542
18.95895895895896,1620.043836594126,-1375.6967311389408,85.45004185625973,-170.86216387517564
18.97897897897898,1621.7545481427999,-1379.1173950803857,85.45004185625973,-171.06236407537585
18.998998998999,1623.4652596914736,-1382.5420670338467,85.45004185625973,-171.26256427557607
19.01901901901902,1625.1759712401474,-1385.9707469993236,85.45004185625973,-171.46276447577628
19.03903903903904,1626.8866827888212,-1389.4034349768167,85.45004185625973,-171.6629646759765
19.05905905905906,1628.597394337495,-1392.8401309663257,85.45004185625973,-171.8631648761767
19.07907907907908,1630.3081058861687,-1396.2808349678508,85.45004185625973,-172.06336507637693
19.0990990990991,1632.0188174348425,-1399.7255469813917,85.45004185625973,-172.26356527657714
19.11911911911912,1633.7295289835163,-1403.1742670069489,85.45004185625973,-172.46376547677735
19.13913913913914,1635.44024053219,-1406.626995044522,85.45004185625973,-172.66396567697757
19.15915915915916,1637.1509520808638,-1410.083731094111,85.45004185625973,-172.86416587717778
19.17917917917918,1638.8616636295376,-1413.544475155716,85.45004185625973,-173.064366077378
19.1991991991992,1640.5723751782114,-1417.0092272293373,85.45004185625973,-173.2645662775782
19.21921921921922,1642.2830867268851,-1420.4779873149746,85.45004185625973,-173.46476647777843
19.23923923923924,1643.993798275559,-1423.9507554126278,85.45004185625973,-173.66496667797864
19.25925925925926,1645.7045098242327,-1427.4275315222972,85.45004185625973,-173.86516687817885
19.27927927927928,1647.4152213729064,-1430.9083156439824,85.45004185625973,-174.06536707837907
19.2992992992993,1649.1259329215802,-1434.3931077776838,85.45004185625973,-174.26556727857928
19.31931931931932,1650.836644470254,-1437.881907923401,85.45004185625973,-174.4657674787795
19.33933933933934,1652.5473560189278,-1441.3747160811345,85.45004185625973,-174.6659676789797
19.35935935935936,1654.2580675676015,-1444.8715322508838,85.45004185625973,-174.86616787917993
19.37937937937938,1655.9687791162753,-1448.3723564326492,85.45004185625973,-175.06636807938014
19.3993993993994,1657.679490664949,-1451.8771886264306,85.45004185625973,-175.26656827958035
19.41941941941942,1659.3902022136228,-1455.386028832228,85.45004185625973,-175.46676847978057
19.43943943943944,1661.1009137622966,-1458.8988770500414,85.45004185625973,-175.66696867998078
19.45945945945946,1662.8116253109704,-1462.415733279871,85.45004185625973,-175.867168880181
19.47947947947948,1664.5223368596442,-1465.9365975217163,85.45004185625973,-176.0673690803812
19.4994994994995,1666.233048408318,-1469.4614697755778,85.45004185625973,-176.26756928058143
19.51951951951952,1667.9437599569917,-1472.9903500414553,85.45004185625973,-176.46776948078164
19.53953953953954,1669.6544715056655,-1476.5232383193488,85.45004185625973,-176.66796968098186
19.55955955955956,1671.3651830543392,-1480.0601346092583,85.45004185625973,-176.86816988118207
19.57957957957958,1673.075894603013,-1483.6010389111839,85.45004185625973,-177.06837008138228
19.5995995995996,1674.7866061516868,-1487.1459512251254,85.45004185625973,-177.2685702815825
19.61961961961962,1676.4973177003606,-1490.694871551083,85.45004185625973,-177.4687704817827
19.63963963963964,1678.2080292490343,-1494.2477998890565,85.45004185625973,-177.66897068198293
19.65965965965966,1679.918740797708,-1497.8047362390462,85.45004185625973,-177.86917088218314
19.67967967967968,1681.6294523463819,-1501.3656806010517,85.45004185625973,-178.06937108238336
19.6996996996997,1683.3401638950556,-1504.9306329750734,85.45004185625973,-178.26957128258357
19.71971971971972,1685.0508754437294,-1508.4995933611112,85.45004185625973,-178.46977148278378
19.73973973973974,1686.7615869924032,-1512.072561759165,85.45004185625973,-178.669971682984
19.75975975975976,1688.472298541077,-1515.6495381692348,85.45004185625973,-178.8701718831842
19.77977977977978,1690.1830100897507,-1519.2305225913206,85.45004185625973,-179.07037208338443
19.7997997997998,1691.8937216384245,-1522.8155150254224,85.45004185625973,-179.27057228358464
19.81981981981982,1693.6044331870983,-1526.4045154715402,85.45004185625973,-179.47077248378486
19.83983983983984,1695.315144735772,-1529.9975239296741,85.45004185625973,-179.67097268398507
19.85985985985986,1697.0258562844458,-1533.594540399824,85.45004185625973,-179.87117288418528
19.87987987987988,1698.7365678331196,-1537.1955648819899,85.45004185625973,-180.0713730843855
19.8998998998999,1700.4472793817934,-1540.8005973761717,85.45004185625973,-180.2715732845857
19.91991991991992,1702.1579909304671,-1544.4096378823697,85.45004185625973,-180.47177348478593
19.93993993993994,1703.868702479141,-1548.0226864005836,85.45004185625973,-180.67197368498614
19.95995995995996,1705.5794140278147,-1551.6397429308136,85.45004185625973,-180.87217388518636
19.97997997997998,1707.2901255764884,-1555.2608074730595,85.45004185625973,-181.07237408538657
20.0,1709.0008371251622,-1558.8858800273215,85.45004185625973,-181.27257428558678
