t,xpos,ypos,vx,vy
0.0,0.0,65.40235282939545,3.362175431778401,0.4990315410858729
0.02002002002002002,0.06731081945502304,65.41234345083862,3.362175431778401,0.2988313408856727
0.04004004004004004,0.13462163891004608,65.41832606026576,3.362175431778401,0.09863114068547252
0.06006006006006006,0.20193245836506912,65.42030065767688,3.362175431778401,-0.10156905951472767
0.08008008008008008,0.26924327782009216,65.41826724307198,3.362175431778401,-0.30176925971492785
0.10010010010010009,0.3365540972751152,65.41222581645106,3.362175431778401,-0.5019694599151281
0.12012012012012012,0.40386491673013825,65.40217637781411,3.362175431778401,-0.7021696601153282
0.14014014014014015,0.4711757361851613,65.38811892716116,3.362175431778401,-0.9023698603155283
0.16016016016016016,0.5384865556401843,65.37005346449217,3.362175431778401,-1.1025700605157285
0.18018018018018017,0.6057973750952074,65.34797998980717,3.362175431778401,-1.3027702607159286
0.20020020020020018,0.6731081945502304,65.32189850310615,3.362175431778401,-1.5029704609161287
0.22022022022022023,0.7404190140052535,65.29180900438911,3.362175431778401,-1.7031706611163289
0.24024024024024024,0.8077298334602765,65.25771149365605,3.362175431778401,-1.903370861316529
0.2602602602602603,0.8750406529152995,65.21960597090697,3.362175431778401,-2.103571061516729
0.2802802802802803,0.9423514723703226,65.17749243614188,3.362175431778401,-2.3037712617169293
0.3003003003003003,1.0096622918253457,65.13137088936075,3.362175431778401,-2.5039714619171294
0.3203203203203203,1.0769731112803687,65.08124133056361,3.362175431778401,-2.7041716621173295
0.3403403403403404,1.1442839307353916,65.02710375975046,3.362175431778401,-2.9043718623175296
0.36036036036036034,1.2115947501904145,64.96895817692128,3.362175431778401,-3.1045720625177298
0.3803803803803804,1.2789055696454374,64.90680458207608,3.362175431778401,-3.30477226271793
0.40040040040040037,1.3462163891004604,64.84064297521486,3.362175431778401,-3.50497246291813
0.42042042042042044,1.4135272085554833,64.77047335633762,3.362175431778401,-3.70517266311833
0.44044044044044045,1.4808380280105062,64.69629572544436,3.362175431778401,-3.9053728633185303
0.4604604604604605,1.5481488474655292,64.61811008253508,3.362175431778401,-4.10557306351873
0.4804804804804805,1.615459666920552,64.53591642760978,3.362175431778401,-4.3057732637189305
0.5005005005005005,1.682770486375575,64.44971476066846,3.362175431778401,-4.505973463919131
0.5205205205205206,1.750081305830598,64.35950508171112,3.362175431778401,-4.706173664119331
0.5405405405405406,1.8173921252856209,64.26528739073775,3.362175431778401,-4.906373864319531
0.5605605605605606,1.8847029447406438,64.16706168774837,3.362175431778401,-5.106574064519731
0.5805805805805806,1.9520137641956667,64.06482797274298,3.362175431778401,-5.306774264719931
0.6006006006006006,2.0193245836506897,63.958586245721555,3.362175431778401,-5.506974464920131
0.6206206206206206,2.0866354031057126,63.84833650668411,3.362175431778401,-5.7071746651203314
0.6406406406406406,2.1539462225607355,63.734078755630655,3.362175431778401,-5.907374865320532
0.6606606606606606,2.2212570420157585,63.615812992561175,3.362175431778401,-6.107575065520732
0.6806806806806808,2.2885678614707814,63.49353921747567,3.362175431778401,-6.307775265720932
0.7007007007007007,2.3558786809258043,63.36725743037415,3.362175431778401,-6.507975465921132
0.7207207207207207,2.4231895003808273,63.23696763125661,3.362175431778401,-6.708175666121332
0.7407407407407407,2.49050031983585,63.102669820123054,3.362175431778401,-6.908375866321532
0.7607607607607608,2.557811139290873,62.964363996973475,3.362175431778401,-7.108576066521732
0.7807807807807808,2.625121958745896,62.82205016180787,3.362175431778401,-7.3087762667219325
0.8008008008008007,2.692432778200919,62.675728314626255,3.362175431778401,-7.508976466922133
0.8208208208208208,2.759743597655942,62.525398455428615,3.362175431778401,-7.709176667122333
0.8408408408408409,2.827054417110965,62.37106058421495,3.362175431778401,-7.909376867322533
0.8608608608608609,2.8943652365659878,62.21271470098527,3.362175431778401,-8.109577067522734
0.8808808808808809,2.9616760560210107,62.05036080573957,3.362175431778401,-8.309777267722934
0.9009009009009008,3.0289868754760336,61.88399889847785,3.362175431778401,-8.509977467923134
0.920920920920921,3.0962976949310566,61.71362897920011,3.362175431778401,-8.710177668123334
0.9409409409409409,3.1636085143860795,61.53925104790635,3.362175431778401,-8.910377868323534
0.960960960960961,3.2309193338411024,61.36086510459657,3.362175431778401,-9.110578068523735
0.980980980980981,3.2982301532961253,61.17847114927077,3.362175431778401,-9.310778268723935
1.001001001001001,3.3655409727511483,60.99206918192895,3.362175431778401,-9.510978468924135
1.021021021021021,3.432851792206171,60.80165920257111,3.362175431778401,-9.711178669124335
1.0410410410410411,3.500162611661194,60.60724121119725,3.362175431778401,-9.911378869324535
1.0610610610610611,3.567473431116217,60.408815207807365,3.362175431778401,-10.111579069524735
1.0810810810810811,3.63478425057124,60.206381192401466,3.362175431778401,-10.311779269724935
1.1011011011011012,3.702095070026263,59.999939164979544,3.362175431778401,-10.511979469925135
1.1211211211211212,3.769405889481286,59.78948912554161,3.362175431778401,-10.712179670125336
1.1411411411411412,3.836716708936309,59.57503107408765,3.362175431778401,-10.912379870325536
1.1611611611611612,3.9040275283913317,59.356565010617665,3.362175431778401,-11.112580070525736
1.1811811811811812,3.9713383478463546,59.13409093513167,3.362175431778401,-11.312780270725936
1.2012012012012012,4.038649167301378,58.907608847629646,3.362175431778401,-11.512980470926136
1.2212212212212212,4.1059599867564005,58.6771187481116,3.362175431778401,-11.713180671126336
1.2412412412412412,4.173270806211423,58.442620636577544,3.362175431778401,-11.913380871326536
1.2612612612612613,4.240581625666446,58.20411451302746,3.362175431778401,-12.113581071526736
1.2812812812812813,4.307892445121469,57.96160037746136,3.362175431778401,-12.313781271726937
1.3013013013013013,4.375203264576492,57.71507822987924,3.362175431778401,-12.513981471927137
1.3213213213213213,4.442514084031515,57.4645480702811,3.362175431778401,-12.714181672127337
1.3413413413413413,4.509824903486538,57.21000989866694,3.362175431778401,-12.914381872327537
1.3613613613613615,4.577135722941561,56.95146371503676,3.362175431778401,-13.114582072527737
1.3813813813813813,4.644446542396584,56.688909519390556,3.362175431778401,-13.314782272727937
1.4014014014014013,4.711757361851607,56.42234731172834,3.362175431778401,-13.514982472928137
1.4214214214214214,4.77906818130663,56.1517770920501,3.362175431778401,-13.715182673128337
1.4414414414414414,4.846379000761653,55.87719886035583,3.362175431778401,-13.915382873328538
1.4614614614614616,4.913689820216676,55.59861261664555,3.362175431778401,-14.115583073528738
1.4814814814814814,4.981000639671699,55.31601836091925,3.362175431778401,-14.315783273728938
1.5015015015015014,5.0483114591267215,55.02941609317693,3.362175431778401,-14.515983473929138
1.5215215215215216,5.1156222785817445,54.73880581341859,3.362175431778401,-14.716183674129338
1.5415415415415414,5.182933098036767,54.444187521644224,3.362175431778401,-14.916383874329538
1.5615615615615617,5.25024391749179,54.145561217853846,3.362175431778401,-15.116584074529738
1.5815815815815815,5.317554736946813,53.842926902047445,3.362175431778401,-15.316784274729939
1.6016016016016015,5.384865556401836,53.53628457422502,3.362175431778401,-15.516984474930139
1.6216216216216217,5.452176375856859,53.22563423438658,3.362175431778401,-15.717184675130339
1.6416416416416415,5.519487195311882,52.91097588253212,3.362175431778401,-15.917384875330539
1.6616616616616617,5.586798014766905,52.59230951866164,3.362175431778401,-16.11758507553074
1.6816816816816818,5.654108834221928,52.26963514277514,3.362175431778401,-16.31778527573094
1.7017017017017015,5.721419653676951,51.942952754872614,3.362175431778401,-16.51798547593114
1.7217217217217218,5.788730473131974,51.612262354954076,3.362175431778401,-16.71818567613134
1.7417417417417416,5.856041292586997,51.277563943019516,3.362175431778401,-16.91838587633154
1.7617617617617618,5.92335211204202,50.93885751906893,3.362175431778401,-17.11858607653174
1.7817817817817818,5.9906629314970425,50.59614308310233,3.362175431778401,-17.31878627673194
1.8018018018018016,6.0579737509520655,50.24942063511971,3.362175431778401,-17.51898647693214
1.8218218218218218,6.125284570407088,49.89869017512107,3.362175431778401,-17.719186677132342
1.841841841841842,6.192595389862111,49.54395170310641,3.362175431778401,-17.919386877332542
1.8618618618618619,6.259906209317134,49.185205219075726,3.362175431778401,-18.119587077532742
1.8818818818818819,6.327217028772157,48.82245072302902,3.362175431778401,-18.319787277732942
1.9019019019019017,6.39452784822718,48.4556882149663,3.362175431778401,-18.519987477933142
1.921921921921922,6.461838667682203,48.08491769488756,3.362175431778401,-18.720187678133343
1.9419419419419421,6.529149487137226,47.7101391627928,3.362175431778401,-18.920387878333543
1.961961961961962,6.596460306592249,47.33135261868202,3.362175431778401,-19.120588078533743
1.981981981981982,6.663771126047272,46.948558062555215,3.362175431778401,-19.320788278733943
2.002002002002002,6.731081945502295,46.561755494412395,3.362175431778401,-19.520988478934143
2.022022022022022,6.798392764957318,46.17094491425355,3.362175431778401,-19.721188679134343
2.042042042042042,6.865703584412341,45.77612632207869,3.362175431778401,-19.921388879334543
2.0620620620620618,6.933014403867364,45.37729971788781,3.362175431778401,-20.121589079534743
2.0820820820820822,7.0003252233223865,44.974465101680906,3.362175431778401,-20.321789279734944
2.1021021021021022,7.067636042777409,44.56762247345799,3.362175431778401,-20.521989479935144
2.1221221221221223,7.134946862232432,44.15677183321905,3.362175431778401,-20.722189680135344
2.1421421421421423,7.202257681687455,43.74191318096408,3.362175431778401,-20.922389880335544
2.1621621621621623,7.269568501142478,43.323046516693104,3.362175431778401,-21.122590080535744
2.1821821821821823,7.336879320597501,42.9001718404061,3.362175431778401,-21.322790280735944
2.2022022022022023,7.404190140052524,42.47328915210308,3.362175431778401,-21.522990480936144
2.2222222222222223,7.471500959507547,42.04239845178404,3.362175431778401,-21.723190681136344
2.2422422422422423,7.53881177896257,41.607499739448976,3.362175431778401,-21.923390881336545
2.2622622622622623,7.606122598417593,41.16859301509789,3.362175431778401,-22.123591081536745
2.2822822822822824,7.673433417872616,40.72567827873079,3.362175431778401,-22.323791281736945
2.3023023023023024,7.740744237327639,40.27875553034767,3.362175431778401,-22.523991481937145
2.3223223223223224,7.808055056782662,39.82782476994853,3.362175431778401,-22.724191682137345
2.3423423423423424,7.875365876237685,39.372885997533366,3.362175431778401,-22.924391882337545
2.3623623623623624,7.9426766956927075,38.91393921310218,3.362175431778401,-23.124592082537745
2.3823823823823824,8.009987515147731,38.45098441665498,3.362175431778401,-23.324792282737945
2.4024024024024024,8.077298334602755,37.98402160819176,3.362175431778401,-23.524992482938146
2.4224224224224224,8.144609154057779,37.513050787712515,3.362175431778401,-23.725192683138346
2.4424424424424425,8.211919973512803,37.038071955217255,3.362175431778401,-23.925392883338546
2.4624624624624625,8.279230792967827,36.55908511070597,3.362175431778401,-24.125593083538746
2.4824824824824825,8.34654161242285,36.076090254178666,3.362175431778401,-24.325793283738946
2.5025025025025025,8.413852431877874,35.589087385635345,3.362175431778401,-24.525993483939146
2.5225225225225225,8.481163251332898,35.098076505076,3.362175431778401,-24.726193684139346
2.5425425425425425,8.548474070787922,34.60305761250064,3.362175431778401,-24.926393884339547
2.5625625625625625,8.615784890242946,34.10403070790926,3.362175431778401,-25.126594084539747
2.5825825825825826,8.68309570969797,33.600995791301855,3.362175431778401,-25.326794284739947
2.6026026026026026,8.750406529152993,33.093952862678435,3.362175431778401,-25.526994484940147
2.6226226226226226,8.817717348608017,32.58290192203899,3.362175431778401,-25.727194685140347
2.6426426426426426,8.885028168063041,32.06784296938353,3.362175431778401,-25.927394885340547
2.6626626626626626,8.952338987518065,31.548776004712046,3.362175431778401,-26.127595085540747
2.6826826826826826,9.019649806973089,31.025701028024542,3.362175431778401,-26.327795285740947
2.7027027027027026,9.086960626428112,30.49861803932102,3.362175431778401,-26.527995485941148
2.722722722722723,9.154271445883136,29.967527038601478,3.362175431778401,-26.728195686141348
2.7427427427427427,9.22158226533816,29.432428025865917,3.362175431778401,-26.928395886341548
2.7627627627627627,9.288893084793184,28.893321001114334,3.362175431778401,-27.128596086541748
2.7827827827827827,9.356203904248208,28.35020596434673,3.362175431778401,-27.328796286741948
2.8028028028028027,9.423514723703232,27.80308291556311,3.362175431778401,-27.528996486942148
2.822822822822823,9.490825543158255,27.251951854763465,3.362175431778401,-27.72919668714235
2.8428428428428427,9.55813636261328,26.696812781947802,3.362175431778401,-27.92939688734255
2.8628628628628627,9.625447182068303,26.13766569711612,3.362175431778401,-28.12959708754275
2.8828828828828827,9.692758001523327,25.574510600268418,3.362175431778401,-28.32979728774295
2.9029029029029028,9.76006882097835,25.007347491404694,3.362175431778401,-28.52999748794315
2.922922922922923,9.827379640433374,24.43617637052495,3.362175431778401,-28.73019768814335
2.942942942942943,9.894690459888398,23.86099723762919,3.362175431778401,-28.93039788834355
2.962962962962963,9.962001279343422,23.281810092717407,3.362175431778401,-29.13059808854375
2.982982982982983,10.029312098798446,22.698614935789603,3.362175431778401,-29.33079828874395
3.003003003003003,10.09662291825347,22.11141176684578,3.362175431778401,-29.53099848894415
3.0230230230230233,10.163933737708494,21.520200585885938,3.362175431778401,-29.73119868914435
3.0430430430430433,10.231244557163517,20.924981392910077,3.362175431778401,-29.93139888934455
3.063063063063063,10.298555376618541,20.325754187918193,3.362175431778401,-30.13159908954475
3.083083083083083,10.365866196073565,19.72251897091029,3.362175431778401,-30.33179928974495
3.103103103103103,10.433177015528589,19.115275741886368,3.362175431778401,-30.53199948994515
3.1231231231231233,10.500487834983613,18.504024500846423,3.362175431778401,-30.73219969014535
3.1431431431431434,10.567798654438636,17.88876524779046,3.362175431778401,-30.93239989034555
3.163163163163163,10.63510947389366,17.269497982718477,3.362175431778401,-31.13260009054575
3.183183183183183,10.702420293348684,16.646222705630475,3.362175431778401,-31.33280029074595
3.203203203203203,10.769731112803708,16.01893941652645,3.362175431778401,-31.53300049094615
3.2232232232232234,10.837041932258732,15.387648115406407,3.362175431778401,-31.73320069114635
3.2432432432432434,10.904352751713756,14.752348802270344,3.362175431778401,-31.93340089134655
3.263263263263263,10.97166357116878,14.11304147711826,3.362175431778401,-32.13360109154675
3.283283283283283,11.038974390623803,13.469726139950158,3.362175431778401,-32.33380129174695
3.303303303303303,11.106285210078827,12.822402790766034,3.362175431778401,-32.53400149194715
3.3233233233233235,11.17359602953385,12.171071429565892,3.362175431778401,-32.73420169214735
3.3433433433433435,11.240906848988875,11.515732056349728,3.362175431778401,-32.93440189234755
3.3633633633633635,11.308217668443898,10.856384671117546,3.362175431778401,-33.13460209254775
3.383383383383383,11.375528487898922,10.193029273869342,3.362175431778401,-33.33480229274795
3.403403403403403,11.442839307353946,9.52566586460512,3.362175431778401,-33.53500249294815
3.4234234234234235,11.51015012680897,8.854294443324877,3.362175431778401,-33.73520269314835
3.4434434434434436,11.577460946263994,8.178915010028614,3.362175431778401,-33.93540289334855
3.4634634634634636,11.644771765719018,7.499527564716331,3.362175431778401,-34.13560309354875
3.483483483483483,11.712082585174041,6.816132107388028,3.362175431778401,-34.33580329374895
3.503503503503503,11.779393404629065,6.128728638043705,3.362175431778401,-34.53600349394915
3.5235235235235236,11.846704224084089,5.437317156683362,3.362175431778401,-34.73620369414935
3.5435435435435436,11.914015043539113,4.7418976633069985,3.362175431778401,-34.93640389434955
3.5635635635635636,11.981325862994137,4.042470157914615,3.362175431778401,-35.13660409454975
3.583583583583583,12.04863668244916,3.339034640506212,3.362175431778401,-35.33680429474995
3.603603603603603,12.115947501904184,2.6315911110817884,3.362175431778401,-35.53700449495015
3.6236236236236237,12.183258321359208,1.920139569641345,3.362175431778401,-35.73720469515035
3.6436436436436437,12.250569140814232,1.2046800161848816,3.362175431778401,-35.937404895350554
3.6636636636636637,12.317879960269256,0.48521245071239805,3.362175431778401,-36.137605095550754
3.683683683683684,12.38519077972428,-0.2382631267761055,3.362175431778401,-36.337805295750954
3.7037037037037033,12.452501599179303,-0.9657467162806291,3.362175431778401,-36.538005495951154
3.7237237237237237,12.519812418634327,-1.6972383178011727,3.362175431778401,-36.738205696151354
3.7437437437437437,12.587123238089351,-2.432737931337736,3.362175431778401,-36.938405896351554
3.7637637637637638,12.654434057544375,-3.17224555689032,3.362175431778401,-37.138606096551754
3.783783783783784,12.721744876999399,-3.9157611944589235,3.362175431778401,-37.338806296751955
3.8038038038038033,12.789055696454422,-4.663284844043547,3.362175431778401,-37.539006496952155
3.823823823823824,12.856366515909446,-5.414816505644191,3.362175431778401,-37.739206697152355
3.843843843843844,12.92367733536447,-6.170356179260854,3.362175431778401,-37.939406897352555
3.863863863863864,12.990988154819494,-6.929903864893538,3.362175431778401,-38.139607097552755
3.8838838838838843,13.058298974274518,-7.693459562542241,3.362175431778401,-38.339807297752955
3.9039039039039034,13.125609793729542,-8.461023272206965,3.362175431778401,-38.540007497953155
3.923923923923924,13.192920613184565,-9.232594993887709,3.362175431778401,-38.740207698153355
3.943943943943944,13.26023143263959,-10.008174727584473,3.362175431778401,-38.940407898353556
3.963963963963964,13.327542252094613,-10.787762473297256,3.362175431778401,-39.140608098553756
3.9839839839839843,13.394853071549637,-11.57135823102606,3.362175431778401,-39.340808298753956
4.004004004004004,13.46216389100466,-12.358962000770884,3.362175431778401,-39.541008498954156
4.0240240240240235,13.529474710459684,-13.150573782531728,3.362175431778401,-39.741208699154356
4.044044044044044,13.596785529914708,-13.946193576308591,3.362175431778401,-39.941408899354556
4.064064064064064,13.664096349369732,-14.745821382101475,3.362175431778401,-40.141609099554756
4.084084084084084,13.731407168824756,-15.549457199910378,3.362175431778401,-40.341809299754956
4.104104104104104,13.79871798827978,-16.357101029735304,3.362175431778401,-40.54200949995516
4.1241241241241235,13.866028807734804,-17.16875287157625,3.362175431778401,-40.74220970015536
4.1441441441441444,13.933339627189827,-17.984412725433213,3.362175431778401,-40.94240990035556
4.1641641641641645,14.000650446644851,-18.804080591306196,3.362175431778401,-41.14261010055576
4.1841841841841845,14.067961266099875,-19.6277564691952,3.362175431778401,-41.34281030075596
4.2042042042042045,14.135272085554899,-20.455440359100226,3.362175431778401,-41.54301050095616
4.2242242242242245,14.202582905009923,-21.28713226102127,3.362175431778401,-41.74321070115636
4.2442442442442445,14.269893724464946,-22.122832174958333,3.362175431778401,-41.94341090135656
4.2642642642642645,14.33720454391997,-22.96254010091142,3.362175431778401,-42.14361110155676
4.2842842842842845,14.404515363374994,-23.806256038880523,3.362175431778401,-42.34381130175696
4.3043043043043046,14.471826182830018,-24.653979988865647,3.362175431778401,-42.54401150195716
4.324324324324325,14.539137002285042,-25.50571195086679,3.362175431778401,-42.74421170215736
4.344344344344345,14.606447821740066,-26.361451924883955,3.362175431778401,-42.94441190235756
4.364364364364365,14.67375864119509,-27.22119991091714,3.362175431778401,-43.14461210255776
4.384384384384385,14.741069460650113,-28.084955908966343,3.362175431778401,-43.34481230275796
4.404404404404405,14.808380280105137,-28.952719919031566,3.362175431778401,-43.54501250295816
4.424424424424425,14.87569109956016,-29.82449194111281,3.362175431778401,-43.74521270315836
4.444444444444445,14.943001919015185,-30.700271975210075,3.362175431778401,-43.94541290335856
4.464464464464465,15.010312738470208,-31.58006002132336,3.362175431778401,-44.14561310355876
4.484484484484485,15.077623557925232,-32.46385607945266,3.362175431778401,-44.34581330375896
4.504504504504505,15.144934377380256,-33.35166014959798,3.362175431778401,-44.54601350395916
4.524524524524525,15.21224519683528,-34.24347223175933,3.362175431778401,-44.74621370415936
4.544544544544545,15.279556016290304,-35.139292325936694,3.362175431778401,-44.94641390435956
4.564564564564565,15.346866835745328,-36.039120432130076,3.362175431778401,-45.14661410455976
4.584584584584585,15.414177655200351,-36.94295655033948,3.362175431778401,-45.34681430475996
4.604604604604605,15.481488474655375,-37.85080068056491,3.362175431778401,-45.54701450496016
4.624624624624625,15.548799294110399,-38.76265282280635,3.362175431778401,-45.74721470516036
4.644644644644645,15.616110113565423,-39.67851297706382,3.362175431778401,-45.94741490536056
4.664664664664665,15.683420933020447,-40.5983811433373,3.362175431778401,-46.14761510556076
4.684684684684685,15.75073175247547,-41.5222573216268,3.362175431778401,-46.34781530576096
4.704704704704705,15.818042571930494,-42.45014151193233,3.362175431778401,-46.54801550596116
4.724724724724725,15.885353391385518,-43.38203371425387,3.362175431778401,-46.74821570616136
4.744744744744745,15.952664210840542,-44.31793392859144,3.362175431778401,-46.94841590636156
4.764764764764765,16.019975030295566,-45.257842154945024,3.362175431778401,-47.14861610656176
4.784784784784785,16.08728584975059,-46.20175839331463,3.362175431778401,-47.34881630676196
4.804804804804805,16.154596669205613,-47.14968264370025,3.362175431778401,-47.54901650696216
4.824824824824825,16.221907488660637,-48.1016149061019,3.362175431778401,-47.74921670716236
4.844844844844845,16.28921830811566,-49.057555180519564,3.362175431778401,-47.94941690736256
4.864864864864865,16.356529127570685,-50.01750346695325,3.362175431778401,-48.14961710756276
4.884884884884885,16.42383994702571,-50.98145976540295,3.362175431778401,-48.34981730776296
4.904904904904905,16.491150766480732,-51.94942407586868,3.362175431778401,-48.55001750796316
4.924924924924925,16.558461585935756,-52.921396398350424,3.362175431778401,-48.75021770816336
4.944944944944945,16.62577240539078,-53.89737673284819,3.362175431778401,-48.95041790836356
4.964964964964965,16.693083224845804,-54.87736507936197,3.362175431778401,-49.15061810856376
4.984984984984985,16.760394044300828,-55.86136143789178,3.362175431778401,-49.35081830876396
5.005005005005005,16.82770486375585,-56.849365808437604,3.362175431778401,-49.55101850896416
5.025025025025025,16.895015683210875,-57.84137819099945,3.362175431778401,-49.75121870916436
5.045045045045045,16.9623265026659,-58.83739858557731,3.362175431778401,-49.95141890936456
5.065065065065065,17.029637322120923,-59.837426992171196,3.362175431778401,-50.15161910956476
5.085085085085085,17.096948141575947,-60.8414634107811,3.362175431778401,-50.35181930976496
5.105105105105105,17.16425896103097,-61.849507841407025,3.362175431778401,-50.55201950996516
5.125125125125125,17.231569780485994,-62.86156028404897,3.362175431778401,-50.75221971016536
5.145145145145145,17.29888059994102,-63.87762073870694,3.362175431778401,-50.95241991036556
5.165165165165165,17.366191419396042,-64.89768920538093,3.362175431778401,-51.15262011056576
5.185185185185185,17.433502238851066,-65.92176568407093,3.362175431778401,-51.35282031076596
5.205205205205205,17.50081305830609,-66.94985017477696,3.362175431778401,-51.553020510966164
5.225225225225225,17.568123877761114,-67.981942677499,3.362175431778401,-51.753220711166364
5.245245245245245,17.635434697216137,-69.01804319223707,3.362175431778401,-51.953420911366564
5.265265265265265,17.70274551667116,-70.05815171899116,3.362175431778401,-52.153621111566764
5.285285285285285,17.770056336126185,-71.10226825776127,3.362175431778401,-52.353821311766964
5.305305305305305,17.83736715558121,-72.1503928085474,3.362175431778401,-52.554021511967164
5.325325325325325,17.904677975036233,-73.20252537134954,3.362175431778401,-52.754221712167364
5.345345345345346,17.971988794491256,-74.2586659461677,3.362175431778401,-52.954421912367565
5.365365365365365,18.03929961394628,-75.31881453300188,3.362175431778401,-53.154622112567765
5.385385385385385,18.106610433401304,-76.38297113185209,3.362175431778401,-53.354822312767965
5.405405405405405,18.173921252856328,-77.45113574271831,3.362175431778401,-53.555022512968165
5.425425425425425,18.24123207231135,-78.52330836560056,3.362175431778401,-53.755222713168365
5.445445445445446,18.308542891766376,-79.59948900049882,3.362175431778401,-53.955422913368565
5.465465465465465,18.3758537112214,-80.6796776474131,3.362175431778401,-54.155623113568765
5.485485485485485,18.443164530676423,-81.76387430634341,3.362175431778401,-54.355823313768965
5.505505505505505,18.510475350131447,-82.85207897728974,3.362175431778401,-54.556023513969166
5.525525525525525,18.57778616958647,-83.94429166025208,3.362175431778401,-54.756223714169366
5.545545545545546,18.645096989041495,-85.04051235523045,3.362175431778401,-54.956423914369566
5.565565565565565,18.71240780849652,-86.14074106222483,3.362175431778401,-55.156624114569766
5.585585585585585,18.779718627951542,-87.24497778123524,3.362175431778401,-55.356824314769966
5.605605605605605,18.847029447406566,-88.35322251226167,3.362175431778401,-55.557024514970166
5.625625625625625,18.91434026686159,-89.46547525530411,3.362175431778401,-55.757224715170366
5.645645645645646,18.981651086316614,-90.58173601036258,3.362175431778401,-55.95742491537057
5.665665665665665,19.048961905771638,-91.70200477743707,3.362175431778401,-56.15762511557077
5.685685685685685,19.11627272522666,-92.82628155652758,3.362175431778401,-56.35782531577097
5.7057057057057055,19.183583544681685,-93.9545663476341,3.362175431778401,-56.55802551597117
5.7257257257257255,19.25089436413671,-95.08685915075665,3.362175431778401,-56.75822571617137
5.745745745745746,19.318205183591733,-96.22315996589522,3.362175431778401,-56.95842591637157
5.7657657657657655,19.385516003046757,-97.3634687930498,3.362175431778401,-57.15862611657177
5.7857857857857855,19.45282682250178,-98.5077856322204,3.362175431778401,-57.35882631677197
5.8058058058058055,19.520137641956804,-99.65611048340703,3.362175431778401,-57.55902651697217
5.8258258258258255,19.587448461411828,-100.80844334660968,3.362175431778401,-57.75922671717237
5.845845845845846,19.654759280866852,-101.96478422182834,3.362175431778401,-57.95942691737257
5.865865865865866,19.722070100321876,-103.12513310906303,3.362175431778401,-58.15962711757277
5.885885885885886,19.7893809197769,-104.28949000831373,3.362175431778401,-58.35982731777297
5.905905905905906,19.856691739231923,-105.45785491958046,3.362175431778401,-58.56002751797317
5.925925925925926,19.924002558686947,-106.6302278428632,3.362175431778401,-58.76022771817337
5.9459459459459465,19.99131337814197,-107.80660877816197,3.362175431778401,-58.96042791837357
5.965965965965966,20.058624197596995,-108.98699772547675,3.362175431778401,-59.16062811857377
5.9859859859859865,20.12593501705202,-110.17139468480757,3.362175431778401,-59.36082831877397
6.006006006006006,20.193245836507042,-111.3597996561544,3.362175431778401,-59.56102851897417
6.026026026026026,20.260556655962066,-112.55221263951724,3.362175431778401,-59.76122871917437
6.046046046046047,20.32786747541709,-113.74863363489611,3.362175431778401,-59.96142891937457
6.066066066066066,20.395178294872114,-114.949062642291,3.362175431778401,-60.16162911957477
6.086086086086087,20.462489114327138,-116.1534996617019,3.362175431778401,-60.36182931977497
6.106106106106106,20.52979993378216,-117.36194469312883,3.362175431778401,-60.56202951997517
6.126126126126126,20.597110753237185,-118.57439773657178,3.362175431778401,-60.76222972017537
6.146146146146147,20.66442157269221,-119.79085879203075,3.362175431778401,-60.96242992037557
6.166166166166166,20.731732392147233,-121.01132785950573,3.362175431778401,-61.16263012057577
6.186186186186187,20.799043211602257,-122.23580493899674,3.362175431778401,-61.36283032077597
6.206206206206206,20.86635403105728,-123.46429003050376,3.362175431778401,-61.56303052097617
6.226226226226226,20.933664850512304,-124.6967831340268,3.362175431778401,-61.76323072117637
6.246246246246247,21.00097566996733,-125.93328424956587,3.362175431778401,-61.96343092137657
6.266266266266266,21.068286489422352,-127.17379337712096,3.362175431778401,-62.16363112157677
6.286286286286287,21.135597308877376,-128.41831051669206,3.362175431778401,-62.36383132177697
6.306306306306306,21.2029081283324,-129.6668356682792,3.362175431778401,-62.56403152197717
6.326326326326326,21.270218947787424,-130.91936883188234,3.362175431778401,-62.76423172217737
6.346346346346347,21.337529767242447,-132.1759100075015,3.362175431778401,-62.96443192237757
6.366366366366366,21.40484058669747,-133.43645919513668,3.362175431778401,-63.16463212257777
6.386386386386387,21.472151406152495,-134.70101639478787,3.362175431778401,-63.36483232277797
6.406406406406406,21.53946222560752,-135.9695816064551,3.362175431778401,-63.56503252297817
6.426426426426426,21.606773045062543,-137.24215483013836,3.362175431778401,-63.76523272317837
6.446446446446447,21.674083864517566,-138.51873606583763,3.362175431778401,-63.96543292337857
6.466466466466466,21.74139468397259,-139.7993253135529,3.362175431778401,-64.16563312357877
6.486486486486487,21.808705503427614,-141.0839225732842,3.362175431778401,-64.36583332377897
6.506506506506506,21.876016322882638,-142.37252784503153,3.362175431778401,-64.56603352397917
6.526526526526526,21.94332714233766,-143.6651411287949,3.362175431778401,-64.76623372417937
6.546546546546547,22.010637961792686,-144.96176242457426,3.362175431778401,-64.96643392437957
6.566566566566566,22.07794878124771,-146.26239173236965,3.362175431778401,-65.16663412457977
6.586586586586587,22.145259600702733,-147.56702905218106,3.362175431778401,-65.36683432477997
6.606606606606606,22.212570420157757,-148.87567438400848,3.362175431778401,-65.56703452498017
6.626626626626627,22.27988123961278,-150.1883277278519,3.362175431778401,-65.76723472518037
6.646646646646647,22.347192059067805,-151.5049890837114,3.362175431778401,-65.96743492538057
6.666666666666666,22.41450287852283,-152.8256584515869,3.362175431778401,-66.16763512558077
6.686686686686687,22.481813697977852,-154.1503358314784,3.362175431778401,-66.36783532578097
6.706706706706706,22.549124517432876,-155.47902122338593,3.362175431778401,-66.56803552598117
6.726726726726727,22.6164353368879,-156.81171462730947,3.362175431778401,-66.76823572618137
6.746746746746747,22.683746156342924,-158.14841604324903,3.362175431778401,-66.96843592638157
6.766766766766766,22.751056975797948,-159.4891254712046,3.362175431778401,-67.16863612658177
6.786786786786787,22.81836779525297,-160.83384291117622,3.362175431778401,-67.36883632678197
6.806806806806806,22.885678614707995,-162.18256836316385,3.362175431778401,-67.56903652698217
6.826826826826827,22.95298943416302,-163.5353018271675,3.362175431778401,-67.76923672718237
6.846846846846847,23.020300253618043,-164.89204330318717,3.362175431778401,-67.96943692738257
6.866866866866866,23.087611073073067,-166.25279279122284,3.362175431778401,-68.16963712758277
6.886886886886887,23.15492189252809,-167.61755029127454,3.362175431778401,-68.36983732778297
6.906906906906906,23.222232711983114,-168.98631580334228,3.362175431778401,-68.57003752798317
6.926926926926927,23.289543531438138,-170.35908932742603,3.362175431778401,-68.77023772818337
6.946946946946947,23.356854350893162,-171.7358708635258,3.362175431778401,-68.97043792838357
6.966966966966966,23.424165170348186,-173.1166604116416,3.362175431778401,-69.17063812858378
6.986986986986987,23.49147598980321,-174.5014579717734,3.362175431778401,-69.37083832878398
7.007007007007006,23.558786809258233,-175.8902635439212,3.362175431778401,-69.57103852898418
7.027027027027027,23.626097628713257,-177.28307712808507,3.362175431778401,-69.77123872918438
7.047047047047047,23.69340844816828,-178.67989872426494,3.362175431778401,-69.97143892938458
7.067067067067066,23.760719267623305,-180.08072833246084,3.362175431778401,-70.17163912958478
7.087087087087087,23.82803008707833,-181.48556595267274,3.362175431778401,-70.37183932978498
7.107107107107106,23.895340906533352,-182.89441158490067,3.362175431778401,-70.57203952998518
7.127127127127127,23.962651725988376,-184.3072652291446,3.362175431778401,-70.77223973018538
7.147147147147147,24.0299625454434,-185.72412688540456,3.362175431778401,-70.97243993038558
7.167167167167166,24.097273364898424,-187.14499655368056,3.362175431778401,-71.17264013058578
7.187187187187187,24.164584184353448,-188.56987423397257,3.362175431778401,-71.37284033078598
7.207207207207206,24.23189500380847,-189.9987599262806,3.362175431778401,-71.57304053098618
7.227227227227227,24.299205823263495,-191.43165363060464,3.362175431778401,-71.77324073118638
7.247247247247247,24.36651664271852,-192.8685553469447,3.362175431778401,-71.97344093138658
7.267267267267268,24.433827462173543,-194.30946507530078,3.362175431778401,-72.17364113158678
7.287287287287287,24.501138281628567,-195.7543828156729,3.362175431778401,-72.37384133178698
7.3073073073073065,24.56844910108359,-197.20330856806103,3.362175431778401,-72.57404153198718
7.327327327327327,24.635759920538614,-198.65624233246518,3.362175431778401,-72.77424173218738
7.347347347347347,24.70307073999364,-200.11318410888535,3.362175431778401,-72.97444193238758
7.367367367367368,24.770381559448662,-201.57413389732153,3.362175431778401,-73.17464213258778
7.387387387387387,24.837692378903686,-203.03909169777373,3.362175431778401,-73.37484233278798
7.4074074074074066,24.90500319835871,-204.50805751024197,3.362175431778401,-73.57504253298818
7.4274274274274275,24.972314017813733,-205.98103133472623,3.362175431778401,-73.77524273318838
7.4474474474474475,25.039624837268757,-207.4580131712265,3.362175431778401,-73.97544293338858
7.467467467467468,25.10693565672378,-208.93900301974278,3.362175431778401,-74.17564313358878
7.4874874874874875,25.174246476178805,-210.4240008802751,3.362175431778401,-74.37584333378898
7.507507507507507,25.24155729563383,-211.9130067528234,3.362175431778401,-74.57604353398918
7.5275275275275275,25.308868115088853,-213.40602063738774,3.362175431778401,-74.77624373418938
7.5475475475475475,25.376178934543876,-214.90304253396812,3.362175431778401,-74.97644393438958
7.567567567567568,25.4434897539989,-216.4040724425645,3.362175431778401,-75.17664413458978
7.587587587587588,25.510800573453924,-217.90911036317692,3.362175431778401,-75.37684433478998
7.607607607607607,25.578111392908948,-219.41815629580535,3.362175431778401,-75.57704453499018
7.627627627627628,25.64542221236397,-220.9312102404498,3.362175431778401,-75.77724473519038
7.647647647647648,25.712733031818995,-222.44827219711024,3.362175431778401,-75.97744493539058
7.6676676676676685,25.78004385127402,-223.96934216578674,3.362175431778401,-76.17764513559078
7.687687687687688,25.847354670729043,-225.49442014647926,3.362175431778401,-76.37784533579098
7.707707707707707,25.914665490184067,-227.0235061391878,3.362175431778401,-76.57804553599118
7.727727727727728,25.98197630963909,-228.55660014391233,3.362175431778401,-76.77824573619138
7.747747747747748,26.049287129094115,-230.0937021606529,3.362175431778401,-76.97844593639158
7.767767767767769,26.11659794854914,-231.63481218940947,3.362175431778401,-77.17864613659178
7.787787787787788,26.183908768004162,-233.1799302301821,3.362175431778401,-77.37884633679198
7.807807807807807,26.251219587459186,-234.72905628297073,3.362175431778401,-77.57904653699218
7.827827827827828,26.31853040691421,-236.28219034777538,3.362175431778401,-77.77924673719238
7.847847847847848,26.385841226369234,-237.83933242459605,3.362175431778401,-77.97944693739258
7.867867867867869,26.453152045824257,-239.40048251343273,3.362175431778401,-78.17964713759278
7.887887887887888,26.52046286527928,-240.96564061428543,3.362175431778401,-78.37984733779298
7.907907907907909,26.587773684734305,-242.53480672715415,3.362175431778401,-78.58004753799318
7.927927927927928,26.65508450418933,-244.1079808520389,3.362175431778401,-78.78024773819338
7.947947947947948,26.722395323644353,-245.68516298893968,3.362175431778401,-78.98044793839358
7.967967967967969,26.789706143099377,-247.26635313785647,3.362175431778401,-79.18064813859378
7.987987987987988,26.8570169625544,-248.85155129878927,3.362175431778401,-79.38084833879398
8.008008008008009,26.924327782009424,-250.4407574717381,3.362175431778401,-79.58104853899418
8.028028028028029,26.991638601464448,-252.03397165670293,3.362175431778401,-79.78124873919438
8.048048048048047,27.058949420919472,-253.6311938536838,3.362175431778401,-79.98144893939458
8.068068068068069,27.126260240374496,-255.2324240626807,3.362175431778401,-80.18164913959478
8.088088088088089,27.19357105982952,-256.8376622836936,3.362175431778401,-80.38184933979498
8.108108108108109,27.260881879284543,-258.44690851672254,3.362175431778401,-80.58204953999518
8.128128128128129,27.328192698739567,-260.0601627617675,3.362175431778401,-80.78224974019538
8.148148148148147,27.39550351819459,-261.6774250188285,3.362175431778401,-80.98244994039558
8.168168168168169,27.462814337649615,-263.2986952879055,3.362175431778401,-81.18265014059578
8.188188188188189,27.53012515710464,-264.9239735689985,3.362175431778401,-81.38285034079598
8.208208208208209,27.597435976559662,-266.55325986210755,3.362175431778401,-81.58305054099618
8.228228228228229,27.664746796014686,-268.1865541672326,3.362175431778401,-81.78325074119638
8.248248248248247,27.73205761546971,-269.82385648437366,3.362175431778401,-81.98345094139658
8.268268268268269,27.799368434924734,-271.46516681353074,3.362175431778401,-82.18365114159678
8.288288288288289,27.866679254379758,-273.11048515470384,3.362175431778401,-82.38385134179698
8.308308308308309,27.93399007383478,-274.75981150789295,3.362175431778401,-82.58405154199718
8.328328328328329,28.001300893289805,-276.4131458730981,3.362175431778401,-82.78425174219738
8.348348348348347,28.06861171274483,-278.0704882503192,3.362175431778401,-82.98445194239758
8.368368368368369,28.135922532199853,-279.73183863955643,3.362175431778401,-83.18465214259778
8.388388388388389,28.203233351654877,-281.39719704080966,3.362175431778401,-83.38485234279798
8.408408408408409,28.2705441711099,-283.0665634540789,3.362175431778401,-83.58505254299818
8.428428428428429,28.337854990564924,-284.73993787936416,3.362175431778401,-83.78525274319838
8.448448448448449,28.40516581001995,-286.41732031666544,3.362175431778401,-83.98545294339858
8.468468468468469,28.472476629474972,-288.09871076598273,3.362175431778401,-84.18565314359878
8.488488488488489,28.539787448929996,-289.78410922731604,3.362175431778401,-84.38585334379898
8.508508508508509,28.60709826838502,-291.47351570066536,3.362175431778401,-84.58605354399918
8.528528528528529,28.674409087840043,-293.1669301860307,3.362175431778401,-84.78625374419939
8.548548548548549,28.741719907295067,-294.86435268341205,3.362175431778401,-84.98645394439959
8.568568568568569,28.80903072675009,-296.5657831928094,3.362175431778401,-85.18665414459979
8.588588588588589,28.876341546205115,-298.2712217142228,3.362175431778401,-85.38685434479999
8.608608608608609,28.94365236566014,-299.98066824765226,3.362175431778401,-85.58705454500019
8.62862862862863,29.010963185115163,-301.69412279309773,3.362175431778401,-85.78725474520039
8.64864864864865,29.078274004570186,-303.4115853505592,3.362175431778401,-85.98745494540059
8.66866866866867,29.14558482402521,-305.1330559200367,3.362175431778401,-86.18765514560079
8.68868868868869,29.212895643480234,-306.85853450153024,3.362175431778401,-86.38785534580099
8.70870870870871,29.280206462935258,-308.5880210950398,3.362175431778401,-86.58805554600119
8.72872872872873,29.34751728239028,-310.3215157005653,3.362175431778401,-86.78825574620139
8.74874874874875,29.414828101845305,-312.0590183181069,3.362175431778401,-86.98845594640159
8.76876876876877,29.48213892130033,-313.8005289476645,3.362175431778401,-87.18865614660179
8.78878878878879,29.549449740755353,-315.54604758923807,3.362175431778401,-87.38885634680199
8.80880880880881,29.616760560210377,-317.2955742428277,3.362175431778401,-87.58905654700219
8.82882882882883,29.6840713796654,-319.0491089084333,3.362175431778401,-87.78925674720239
8.84884884884885,29.751382199120425,-320.80665158605495,3.362175431778401,-87.98945694740259
8.86886886886887,29.81869301857545,-322.56820227569267,3.362175431778401,-88.18965714760279
8.88888888888889,29.886003838030472,-324.3337609773464,3.362175431778401,-88.38985734780299
8.90890890890891,29.953314657485496,-326.10332769101615,3.362175431778401,-88.59005754800319
8.92892892892893,30.02062547694052,-327.8769024167019,3.362175431778401,-88.79025774820339
8.94894894894895,30.087936296395544,-329.6544851544037,3.362175431778401,-88.99045794840359
8.96896896896897,30.155247115850567,-331.4360759041215,3.362175431778401,-89.19065814860379
8.98898898898899,30.22255793530559,-333.2216746658553,3.362175431778401,-89.39085834880399
9.00900900900901,30.289868754760615,-335.0112814396051,3.362175431778401,-89.59105854900419
9.02902902902903,30.35717957421564,-336.80489622537095,3.362175431778401,-89.79125874920439
9.04904904904905,30.424490393670663,-338.6025190231528,3.362175431778401,-89.99145894940459
9.06906906906907,30.491801213125687,-340.4041498329507,3.362175431778401,-90.19165914960479
9.08908908908909,30.55911203258071,-342.20978865476457,3.362175431778401,-90.39185934980499
9.10910910910911,30.626422852035734,-344.01943548859447,3.362175431778401,-90.59205955000519
9.12912912912913,30.693733671490758,-345.83309033444044,3.362175431778401,-90.79225975020539
9.14914914914915,30.761044490945782,-347.65075319230243,3.362175431778401,-90.99245995040559
9.16916916916917,30.828355310400806,-349.47242406218044,3.362175431778401,-91.19266015060579
9.18918918918919,30.89566612985583,-351.29810294407446,3.362175431778401,-91.39286035080599
9.20920920920921,30.962976949310853,-353.1277898379845,3.362175431778401,-91.59306055100619
9.22922922922923,31.030287768765877,-354.96148474391055,3.362175431778401,-91.79326075120639
9.24924924924925,31.0975985882209,-356.7991876618526,3.362175431778401,-91.99346095140659
9.26926926926927,31.164909407675925,-358.6408985918107,3.362175431778401,-92.19366115160679
9.28928928928929,31.23222022713095,-360.4866175337848,3.362175431778401,-92.39386135180699
9.30930930930931,31.299531046585972,-362.3363444877749,3.362175431778401,-92.59406155200719
9.32932932932933,31.366841866040996,-364.19007945378104,3.362175431778401,-92.79426175220739
9.34934934934935,31.43415268549602,-366.0478224318032,3.362175431778401,-92.99446195240759
9.36936936936937,31.501463504951044,-367.9095734218414,3.362175431778401,-93.19466215260779
9.38938938938939,31.568774324406068,-369.77533242389563,3.362175431778401,-93.39486235280799
9.40940940940941,31.63608514386109,-371.6450994379659,3.362175431778401,-93.59506255300819
9.42942942942943,31.703395963316115,-373.51887446405215,3.362175431778401,-93.79526275320839
9.44944944944945,31.77070678277114,-375.3966575021544,3.362175431778401,-93.99546295340859
9.46946946946947,31.838017602226163,-377.2784485522727,3.362175431778401,-94.19566315360879
9.48948948948949,31.905328421681187,-379.16424761440703,3.362175431778401,-94.39586335380899
9.50950950950951,31.97263924113621,-381.05405468855736,3.362175431778401,-94.59606355400919
9.52952952952953,32.03995006059123,-382.9478697747237,3.362175431778401,-94.79626375420939
9.54954954954955,32.107260880046255,-384.84569287290606,3.362175431778401,-94.99646395440959
9.56956956956957,32.17457169950128,-386.74752398310443,3.362175431778401,-95.19666415460979
9.58958958958959,32.2418825189563,-388.6533631053188,3.362175431778401,-95.39686435480999
9.60960960960961,32.309193338411326,-390.5632102395492,3.362175431778401,-95.59706455501019
9.62962962962963,32.37650415786635,-392.4770653857957,3.362175431778401,-95.79726475521039
9.64964964964965,32.443814977321374,-394.3949285440582,3.362175431778401,-95.99746495541059
9.66966966966967,32.5111257967764,-396.3167997143367,3.362175431778401,-96.19766515561079
9.68968968968969,32.57843661623142,-398.2426788966312,3.362175431778401,-96.39786535581099
9.70970970970971,32.645747435686445,-400.17256609094176,3.362175431778401,-96.59806555601119
9.72972972972973,32.71305825514147,-402.1064612972683,3.362175431778401,-96.79826575621139
9.74974974974975,32.78036907459649,-404.0443645156109,3.362175431778401,-96.9984659564116
9.76976976976977,32.84767989405152,-405.98627574596946,3.362175431778401,-97.1986661566118
9.78978978978979,32.91499071350654,-407.93219498834407,3.362175431778401,-97.398866356812
9.80980980980981,32.982301532961564,-409.8821222427347,3.362175431778401,-97.5990665570122
9.82982982982983,33.04961235241659,-411.8360575091413,3.362175431778401,-97.7992667572124
9.84984984984985,33.11692317187161,-413.79400078756396,3.362175431778401,-97.9994669574126
9.86986986986987,33.184233991326636,-415.7559520780026,3.362175431778401,-98.1996671576128
9.88988988988989,33.25154481078166,-417.72191138045736,3.362175431778401,-98.399867357813
9.90990990990991,33.31885563023668,-419.6918786949281,3.362175431778401,-98.6000675580132
9.92992992992993,33.38616644969171,-421.6658540214149,3.362175431778401,-98.8002677582134
9.94994994994995,33.45347726914673,-423.64383735991765,3.362175431778401,-99.0004679584136
9.96996996996997,33.520788088601755,-425.62582871043645,3.362175431778401,-99.2006681586138
9.98998998998999,33.58809890805678,-427.61182807297126,3.362175431778401,-99.400868358814
10.01001001001001,33.6554097275118,-429.6018354475221,3.362175431778401,-99.6010685590142
10.03003003003003,33.722720546966826,-431.59585083408894,3.362175431778401,-99.8012687592144
10.05005005005005,33.79003136642185,-433.5938742326718,3.362175431778401,-100.0014689594146
10.07007007007007,33.857342185876874,-435.59590564327067,3.362175431778401,-100.2016691596148
10.09009009009009,33.9246530053319,-437.60194506588556,3.362175431778401,-100.401869359815
10.11011011011011,33.99196382478692,-439.61199250051646,3.362175431778401,-100.6020695600152
10.13013013013013,34.059274644241945,-441.62604794716344,3.362175431778401,-100.8022697602154
10.15015015015015,34.12658546369697,-443.64411140582644,3.362175431778401,-101.0024699604156
10.17017017017017,34.19389628315199,-445.66618287650545,3.362175431778401,-101.2026701606158
10.19019019019019,34.26120710260702,-447.69226235920047,3.362175431778401,-101.402870360816
10.21021021021021,34.32851792206204,-449.7223498539115,3.362175431778401,-101.6030705610162
10.23023023023023,34.395828741517064,-451.75644536063857,3.362175431778401,-101.8032707612164
10.25025025025025,34.46313956097209,-453.79454887938164,3.362175431778401,-102.0034709614166
10.27027027027027,34.53045038042711,-455.8366604101407,3.362175431778401,-102.2036711616168
10.29029029029029,34.597761199882136,-457.8827799529158,3.362175431778401,-102.403871361817
10.31031031031031,34.66507201933716,-459.93290750770694,3.362175431778401,-102.6040715620172
10.33033033033033,34.732382838792184,-461.9870430745141,3.362175431778401,-102.8042717622174
10.35035035035035,34.79969365824721,-464.0451866533372,3.362175431778401,-103.0044719624176
10.37037037037037,34.86700447770223,-466.1073382441764,3.362175431778401,-103.2046721626178
10.39039039039039,34.934315297157255,-468.1734978470316,3.362175431778401,-103.404872362818
10.41041041041041,35.00162611661228,-470.2436654619029,3.362175431778401,-103.6050725630182
10.43043043043043,35.0689369360673,-472.31784108879015,3.362175431778401,-103.8052727632184
10.45045045045045,35.13624775552233,-474.39602472769343,3.362175431778401,-104.0054729634186
10.47047047047047,35.20355857497735,-476.47821637861273,3.362175431778401,-104.2056731636188
10.49049049049049,35.270869394432374,-478.56441604154804,3.362175431778401,-104.405873363819
10.51051051051051,35.3381802138874,-480.6546237164994,3.362175431778401,-104.6060735640192
10.53053053053053,35.40549103334242,-482.7488394034667,3.362175431778401,-104.8062737642194
10.55055055055055,35.472801852797446,-484.8470631024501,3.362175431778401,-105.0064739644196
10.57057057057057,35.54011267225247,-486.94929481344946,3.362175431778401,-105.2066741646198
10.59059059059059,35.60742349170749,-489.05553453646485,3.362175431778401,-105.40687436482
10.61061061061061,35.67473431116252,-491.16578227149625,3.362175431778401,-105.6070745650202
10.63063063063063,35.74204513061754,-493.2800380185437,3.362175431778401,-105.8072747652204
10.65065065065065,35.809355950072565,-495.3983017776072,3.362175431778401,-106.0074749654206
10.67067067067067,35.87666676952759,-497.5205735486867,3.362175431778401,-106.2076751656208
10.690690690690692,35.94397758898261,-499.6468533317822,3.362175431778401,-106.407875365821
10.71071071071071,36.011288408437636,-501.77714112689375,3.362175431778401,-106.6080755660212
10.73073073073073,36.07859922789266,-503.9114369340213,3.362175431778401,-106.8082757662214
10.75075075075075,36.145910047347684,-506.0497407531649,3.362175431778401,-107.0084759664216
10.77077077077077,36.21322086680271,-508.1920525843245,3.362175431778401,-107.2086761666218
10.790790790790792,36.28053168625773,-510.3383724275001,3.362175431778401,-107.408876366822
10.81081081081081,36.347842505712755,-512.4887002826918,3.362175431778401,-107.6090765670222
10.83083083083083,36.41515332516778,-514.6430361498994,3.362175431778401,-107.8092767672224
10.85085085085085,36.4824641446228,-516.8013800291232,3.362175431778401,-108.0094769674226
10.87087087087087,36.54977496407783,-518.9637319203629,3.362175431778401,-108.2096771676228
10.890890890890892,36.61708578353285,-521.1300918236186,3.362175431778401,-108.409877367823
10.91091091091091,36.684396602987874,-523.3004597388904,3.362175431778401,-108.6100775680232
10.93093093093093,36.7517074224429,-525.4748356661781,3.362175431778401,-108.8102777682234
10.95095095095095,36.81901824189792,-527.6532196054819,3.362175431778401,-109.0104779684236
10.97097097097097,36.886329061352946,-529.8356115568017,3.362175431778401,-109.2106781686238
10.990990990990992,36.95363988080797,-532.0220115201375,3.362175431778401,-109.410878368824
11.01101101101101,37.02095070026299,-534.2124194954894,3.362175431778401,-109.6110785690242
11.03103103103103,37.08826151971802,-536.4068354828572,3.362175431778401,-109.8112787692244
11.05105105105105,37.15557233917304,-538.6052594822411,3.362175431778401,-110.0114789694246
11.07107107107107,37.222883158628065,-540.807691493641,3.362175431778401,-110.2116791696248
11.091091091091092,37.29019397808309,-543.0141315170569,3.362175431778401,-110.411879369825
11.11111111111111,37.35750479753811,-545.2245795524888,3.362175431778401,-110.6120795700252
11.13113113113113,37.424815616993136,-547.4390355999367,3.362175431778401,-110.8122797702254
11.15115115115115,37.49212643644816,-549.6574996594006,3.362175431778401,-111.0124799704256
11.17117117117117,37.559437255903184,-551.8799717308806,3.362175431778401,-111.2126801706258
11.191191191191193,37.62674807535821,-554.1064518143766,3.362175431778401,-111.412880370826
11.21121121121121,37.69405889481323,-556.3369399098885,3.362175431778401,-111.6130805710262
11.23123123123123,37.761369714268255,-558.5714360174165,3.362175431778401,-111.8132807712264
11.25125125125125,37.82868053372328,-560.8099401369606,3.362175431778401,-112.0134809714266
11.27127127127127,37.8959913531783,-563.0524522685207,3.362175431778401,-112.2136811716268
11.291291291291293,37.96330217263333,-565.2989724120969,3.362175431778401,-112.413881371827
11.31131131131131,38.03061299208835,-567.549500567689,3.362175431778401,-112.6140815720272
11.33133133133133,38.097923811543374,-569.8040367352972,3.362175431778401,-112.8142817722274
11.35135135135135,38.1652346309984,-572.0625809149215,3.362175431778401,-113.0144819724276
11.37137137137137,38.23254545045342,-574.3251331065617,3.362175431778401,-113.2146821726278
11.391391391391393,38.299856269908446,-576.5916933102179,3.362175431778401,-113.414882372828
11.411411411411411,38.36716708936347,-578.8622615258902,3.362175431778401,-113.6150825730282
11.431431431431431,38.434477908818494,-581.1368377535784,3.362175431778401,-113.8152827732284
11.451451451451451,38.50178872827352,-583.4154219932827,3.362175431778401,-114.0154829734286
11.471471471471471,38.56909954772854,-585.698014245003,3.362175431778401,-114.2156831736288
11.491491491491493,38.636410367183565,-587.9846145087394,3.362175431778401,-114.415883373829
11.511511511511511,38.70372118663859,-590.2752227844917,3.362175431778401,-114.6160835740292
11.531531531531531,38.77103200609361,-592.56983907226,3.362175431778401,-114.8162837742294
11.551551551551551,38.83834282554864,-594.8684633720444,3.362175431778401,-115.0164839744296
11.571571571571571,38.90565364500366,-597.1710956838448,3.362175431778401,-115.2166841746298
11.591591591591593,38.972964464458684,-599.4777360076612,3.362175431778401,-115.41688437483
11.611611611611611,39.04027528391371,-601.7883843434936,3.362175431778401,-115.6170845750302
11.631631631631631,39.10758610336873,-604.103040691342,3.362175431778401,-115.8172847752304
11.651651651651651,39.174896922823756,-606.4217050512065,3.362175431778401,-116.0174849754306
11.671671671671671,39.24220774227878,-608.7443774230869,3.362175431778401,-116.2176851756308
11.691691691691693,39.3095185617338,-611.0710578069834,3.362175431778401,-116.417885375831
11.711711711711711,39.37682938118883,-613.4017462028959,3.362175431778401,-116.6180855760312
11.731731731731731,39.44414020064385,-615.7364426108244,3.362175431778401,-116.8182857762314
11.751751751751751,39.511451020098875,-618.0751470307689,3.362175431778401,-117.0184859764316
11.771771771771771,39.5787618395539,-620.4178594627296,3.362175431778401,-117.2186861766318
11.791791791791793,39.64607265900892,-622.7645799067062,3.362175431778401,-117.418886376832
11.811811811811811,39.713383478463946,-625.1153083626989,3.362175431778401,-117.6190865770322
11.831831831831831,39.78069429791897,-627.4700448307076,3.362175431778401,-117.8192867772324
11.851851851851851,39.848005117373994,-629.8287893107323,3.362175431778401,-118.0194869774326
11.871871871871871,39.91531593682902,-632.191541802773,3.362175431778401,-118.2196871776328
11.891891891891893,39.98262675628404,-634.5583023068298,3.362175431778401,-118.419887377833
11.911911911911911,40.049937575739065,-636.9290708229025,3.362175431778401,-118.6200875780332
11.931931931931931,40.11724839519409,-639.3038473509913,3.362175431778401,-118.8202877782334
11.951951951951951,40.18455921464911,-641.6826318910961,3.362175431778401,-119.02048797843361
11.971971971971973,40.25187003410414,-644.0654244432169,3.362175431778401,-119.22068817863381
11.991991991991993,40.31918085355916,-646.4522250073537,3.362175431778401,-119.42088837883401
12.012012012012011,40.386491673014184,-648.8430335835066,3.362175431778401,-119.62108857903421
12.032032032032031,40.45380249246921,-651.2378501716754,3.362175431778401,-119.82128877923441
12.052052052052051,40.52111331192423,-653.6366747718603,3.362175431778401,-120.02148897943461
12.072072072072073,40.588424131379256,-656.0395073840612,3.362175431778401,-120.22168917963481
12.092092092092093,40.65573495083428,-658.446348008278,3.362175431778401,-120.42188937983501
12.112112112112111,40.7230457702893,-660.857196644511,3.362175431778401,-120.62208958003521
12.132132132132131,40.79035658974433,-663.2720532927599,3.362175431778401,-120.82228978023541
12.152152152152151,40.85766740919935,-665.6909179530248,3.362175431778401,-121.02248998043561
12.172172172172173,40.924978228654375,-668.1137906253058,3.362175431778401,-121.22269018063581
12.192192192192193,40.9922890481094,-670.5406713096028,3.362175431778401,-121.42289038083601
12.212212212212211,41.05959986756442,-672.9715600059158,3.362175431778401,-121.62309058103621
12.232232232232231,41.126910687019446,-675.4064567142448,3.362175431778401,-121.82329078123641
12.252252252252251,41.19422150647447,-677.8453614345898,3.362175431778401,-122.02349098143661
12.272272272272273,41.261532325929494,-680.2882741669508,3.362175431778401,-122.22369118163681
12.292292292292293,41.32884314538452,-682.735194911328,3.362175431778401,-122.42389138183701
12.312312312312311,41.39615396483954,-685.1861236677212,3.362175431778401,-122.62409158203721
12.332332332332332,41.463464784294565,-687.6410604361304,3.362175431778401,-122.82429178223741
12.352352352352352,41.53077560374959,-690.1000052165556,3.362175431778401,-123.02449198243761
12.372372372372373,41.59808642320461,-692.5629580089968,3.362175431778401,-123.22469218263781
12.392392392392393,41.66539724265964,-695.0299188134541,3.362175431778401,-123.42489238283801
12.412412412412412,41.73270806211466,-697.5008876299273,3.362175431778401,-123.62509258303821
12.432432432432432,41.800018881569684,-699.9758644584166,3.362175431778401,-123.82529278323841
12.452452452452452,41.86732970102471,-702.4548492989219,3.362175431778401,-124.02549298343861
12.472472472472473,41.93464052047973,-704.9378421514432,3.362175431778401,-124.22569318363881
12.492492492492493,42.001951339934756,-707.4248430159805,3.362175431778401,-124.42589338383901
12.512512512512512,42.06926215938978,-709.9158518925339,3.362175431778401,-124.62609358403921
12.532532532532532,42.136572978844804,-712.4108687811032,3.362175431778401,-124.82629378423941
12.552552552552552,42.20388379829983,-714.9098936816886,3.362175431778401,-125.02649398443961
12.572572572572573,42.27119461775485,-717.41292659429,3.362175431778401,-125.22669418463981
12.592592592592593,42.338505437209875,-719.9199675189074,3.362175431778401,-125.42689438484001
12.612612612612612,42.4058162566649,-722.4310164555408,3.362175431778401,-125.62709458504021
12.632632632632632,42.47312707611992,-724.9460734041902,3.362175431778401,-125.82729478524041
12.652652652652652,42.54043789557495,-727.4651383648556,3.362175431778401,-126.02749498544061
12.672672672672673,42.60774871502997,-729.9882113375371,3.362175431778401,-126.22769518564081
12.692692692692694,42.675059534484994,-732.5152923222346,3.362175431778401,-126.42789538584101
12.712712712712712,42.74237035394002,-735.0463813189481,3.362175431778401,-126.62809558604121
12.732732732732732,42.80968117339504,-737.5814783276776,3.362175431778401,-126.82829578624141
12.752752752752752,42.876991992850066,-740.1205833484231,3.362175431778401,-127.02849598644161
12.772772772772774,42.94430281230509,-742.6636963811846,3.362175431778401,-127.22869618664181
12.792792792792794,43.01161363176011,-745.2108174259623,3.362175431778401,-127.42889638684201
12.812812812812812,43.07892445121514,-747.761946482756,3.362175431778401,-127.62909658704221
12.832832832832832,43.14623527067016,-750.3170835515657,3.362175431778401,-127.82929678724241
12.852852852852852,43.213546090125185,-752.8762286323914,3.362175431778401,-128.02949698744263
12.872872872872874,43.28085690958021,-755.4393817252331,3.362175431778401,-128.22969718764284
12.892892892892894,43.34816772903523,-758.0065428300909,3.362175431778401,-128.42989738784306
12.912912912912912,43.415478548490256,-760.5777119469647,3.362175431778401,-128.63009758804327
12.932932932932932,43.48278936794528,-763.1528890758544,3.362175431778401,-128.83029778824348
12.952952952952952,43.550100187400304,-765.7320742167602,3.362175431778401,-129.0304979884437
12.972972972972974,43.61741100685533,-768.315267369682,3.362175431778401,-129.2306981886439
12.992992992992994,43.68472182631035,-770.9024685346199,3.362175431778401,-129.43089838884413
13.013013013013012,43.752032645765375,-773.4936777115737,3.362175431778401,-129.63109858904434
13.033033033033032,43.8193434652204,-776.0888949005436,3.362175431778401,-129.83129878924456
13.053053053053052,43.88665428467542,-778.6881201015294,3.362175431778401,-130.03149898944477
13.073073073073074,43.95396510413045,-781.2913533145313,3.362175431778401,-130.23169918964498
13.093093093093094,44.02127592358547,-783.8985945395492,3.362175431778401,-130.4318993898452
13.113113113113112,44.088586743040494,-786.5098437765831,3.362175431778401,-130.6320995900454
13.133133133133132,44.15589756249552,-789.1251010256331,3.362175431778401,-130.83229979024563
13.153153153153154,44.22320838195054,-791.744366286699,3.362175431778401,-131.03249999044584
13.173173173173174,44.290519201405566,-794.367639559781,3.362175431778401,-131.23270019064606
13.193193193193194,44.35783002086059,-796.994920844879,3.362175431778401,-131.43290039084627
13.213213213213212,44.42514084031561,-799.6262101419929,3.362175431778401,-131.63310059104649
13.233233233233232,44.49245165977064,-802.261507451123,3.362175431778401,-131.8333007912467
13.253253253253254,44.55976247922566,-804.900812772269,3.362175431778401,-132.0335009914469
13.273273273273274,44.627073298680685,-807.5441261054311,3.362175431778401,-132.23370119164713
13.293293293293294,44.69438411813571,-810.1914474506093,3.362175431778401,-132.43390139184734
13.313313313313312,44.76169493759073,-812.8427768078035,3.362175431778401,-132.63410159204756
13.333333333333332,44.829005757045756,-815.4981141770137,3.362175431778401,-132.83430179224777
13.353353353353354,44.89631657650078,-818.1574595582399,3.362175431778401,-133.03450199244799
13.373373373373374,44.963627395955804,-820.8208129514821,3.362175431778401,-133.2347021926482
13.393393393393394,45.03093821541083,-823.4881743567404,3.362175431778401,-133.43490239284841
13.413413413413412,45.09824903486585,-826.1595437740147,3.362175431778401,-133.63510259304863
13.433433433433432,45.165559854320875,-828.8349212033049,3.362175431778401,-133.83530279324884
13.453453453453454,45.2328706737759,-831.5143066446112,3.362175431778401,-134.03550299344906
13.473473473473474,45.30018149323092,-834.1977000979335,3.362175431778401,-134.23570319364927
13.493493493493494,45.36749231268595,-836.8851015632719,3.362175431778401,-134.4359033938495
13.513513513513512,45.43480313214097,-839.5765110406262,3.362175431778401,-134.6361035940497
13.533533533533532,45.502113951595994,-842.2719285299966,3.362175431778401,-134.83630379424991
13.553553553553554,45.56942477105102,-844.9713540313829,3.362175431778401,-135.03650399445013
13.573573573573574,45.63673559050604,-847.6747875447853,3.362175431778401,-135.23670419465034
13.593593593593594,45.704046409961066,-850.3822290702037,3.362175431778401,-135.43690439485056
13.613613613613612,45.77135722941609,-853.0936786076381,3.362175431778401,-135.63710459505077
13.633633633633632,45.838668048871114,-855.8091361570886,3.362175431778401,-135.837304795251
13.653653653653654,45.90597886832614,-858.528601718555,3.362175431778401,-136.0375049954512
13.673673673673674,45.97328968778116,-861.2520752920375,3.362175431778401,-136.23770519565142
13.693693693693694,46.040600507236185,-863.979556877536,3.362175431778401,-136.43790539585163
13.713713713713712,46.10791132669121,-866.7110464750505,3.362175431778401,-136.63810559605184
13.733733733733732,46.17522214614623,-869.446544084581,3.362175431778401,-136.83830579625206
13.753753753753754,46.24253296560126,-872.1860497061276,3.362175431778401,-137.03850599645227
13.773773773773774,46.30984378505628,-874.9295633396903,3.362175431778401,-137.2387061966525
13.793793793793794,46.377154604511304,-877.677084985269,3.362175431778401,-137.4389063968527
13.813813813813812,46.44446542396633,-880.4286146428636,3.362175431778401,-137.63910659705292
13.833833833833832,46.51177624342135,-883.1841523124743,3.362175431778401,-137.83930679725313
13.853853853853854,46.579087062876376,-885.9436979941011,3.362175431778401,-138.03950699745334
13.873873873873874,46.6463978823314,-888.7072516877438,3.362175431778401,-138.23970719765356
13.893893893893894,46.71370870178642,-891.4748133934025,3.362175431778401,-138.43990739785377
13.913913913913913,46.78101952124145,-894.2463831110773,3.362175431778401,-138.640107598054
13.933933933933933,46.84833034069647,-897.0219608407681,3.362175431778401,-138.8403077982542
13.953953953953954,46.915641160151495,-899.8015465824749,3.362175431778401,-139.04050799845442
13.973973973973974,46.98295197960652,-902.5851403361977,3.362175431778401,-139.24070819865463
13.993993993993994,47.05026279906154,-905.3727421019365,3.362175431778401,-139.44090839885484
14.014014014014013,47.117573618516566,-908.1643518796914,3.362175431778401,-139.64110859905506
14.034034034034033,47.18488443797159,-910.9599696694622,3.362175431778401,-139.84130879925527
14.054054054054054,47.252195257426614,-913.7595954712491,3.362175431778401,-140.0415089994555
14.074074074074074,47.31950607688164,-916.563229285052,3.362175431778401,-140.2417091996557
14.094094094094094,47.38681689633666,-919.3708711108709,3.362175431778401,-140.44190939985592
14.114114114114113,47.454127715791685,-922.1825209487058,3.362175431778401,-140.64210960005613
14.134134134134133,47.52143853524671,-924.9981787985568,3.362175431778401,-140.84230980025634
14.154154154154154,47.58874935470173,-927.8178446604237,3.362175431778401,-141.04251000045656
14.174174174174174,47.65606017415676,-930.6415185343067,3.362175431778401,-141.24271020065677
14.194194194194194,47.72337099361178,-933.4692004202057,3.362175431778401,-141.442910400857
14.214214214214213,47.790681813066804,-936.3008903181207,3.362175431778401,-141.6431106010572
14.234234234234233,47.85799263252183,-939.1365882280518,3.362175431778401,-141.84331080125742
14.254254254254255,47.92530345197685,-941.9762941499989,3.362175431778401,-142.04351100145763
14.274274274274275,47.992614271431876,-944.8200080839621,3.362175431778401,-142.24371120165785
14.294294294294295,48.0599250908869,-947.6677300299413,3.362175431778401,-142.44391140185806
14.314314314314313,48.12723591034192,-950.5194599879364,3.362175431778401,-142.64411160205827
14.334334334334333,48.19454672979695,-953.3751979579476,3.362175431778401,-142.8443118022585
14.354354354354355,48.26185754925197,-956.2349439399749,3.362175431778401,-143.0445120024587
14.374374374374375,48.329168368706995,-959.0986979340181,3.362175431778401,-143.24471220265892
14.394394394394395,48.39647918816202,-961.9664599400774,3.362175431778401,-143.44491240285913
14.414414414414413,48.46379000761704,-964.8382299581526,3.362175431778401,-143.64511260305935
14.434434434434436,48.531100827072066,-967.7140079882439,3.362175431778401,-143.84531280325956
14.454454454454455,48.59841164652709,-970.5937940303512,3.362175431778401,-144.04551300345977
14.474474474474475,48.665722465982114,-973.4775880844745,3.362175431778401,-144.24571320366
14.494494494494495,48.73303328543714,-976.3653901506138,3.362175431778401,-144.4459134038602
14.514514514514513,48.80034410489216,-979.2572002287692,3.362175431778401,-144.64611360406042
14.534534534534536,48.867654924347185,-982.1530183189406,3.362175431778401,-144.84631380426063
14.554554554554555,48.93496574380221,-985.0528444211279,3.362175431778401,-145.04651400446085
14.574574574574575,49.00227656325723,-987.9566785353313,3.362175431778401,-145.24671420466106
14.594594594594595,49.06958738271226,-990.8645206615507,3.362175431778401,-145.44691440486127
14.614614614614613,49.13689820216728,-993.7763707997862,3.362175431778401,-145.6471146050615
14.634634634634637,49.204209021622304,-996.6922289500376,3.362175431778401,-145.8473148052617
14.654654654654655,49.27151984107733,-999.612095112305,3.362175431778401,-146.04751500546192
14.674674674674675,49.33883066053235,-1002.5359692865885,3.362175431778401,-146.24771520566213
14.694694694694695,49.406141479987376,-1005.4638514728881,3.362175431778401,-146.44791540586235
14.714714714714713,49.4734522994424,-1008.3957416712037,3.362175431778401,-146.64811560606256
14.734734734734737,49.540763118897424,-1011.3316398815354,3.362175431778401,-146.84831580626278
14.754754754754755,49.60807393835245,-1014.271546103883,3.362175431778401,-147.048516006463
14.774774774774775,49.67538475780747,-1017.2154603382467,3.362175431778401,-147.2487162066632
14.794794794794795,49.742695577262495,-1020.1633825846263,3.362175431778401,-147.44891640686342
14.814814814814813,49.81000639671752,-1023.115312843022,3.362175431778401,-147.64911660706363
14.834834834834837,49.87731721617254,-1026.0712511134336,3.362175431778401,-147.84931680726385
14.854854854854855,49.94462803562757,-1029.0311973958612,3.362175431778401,-148.04951700746406
14.874874874874875,50.01193885508259,-1031.995151690305,3.362175431778401,-148.24971720766428
14.894894894894895,50.079249674537614,-1034.9631139967646,3.362175431778401,-148.4499174078645
14.914914914914913,50.14656049399264,-1037.9350843152404,3.362175431778401,-148.6501176080647
14.934934934934937,50.21387131344766,-1040.9110626457323,3.362175431778401,-148.85031780826492
14.954954954954955,50.281182132902686,-1043.89104898824,3.362175431778401,-149.05051800846513
14.974974974974975,50.34849295235771,-1046.875043342764,3.362175431778401,-149.25071820866535
14.994994994994995,50.41580377181273,-1049.8630457093038,3.362175431778401,-149.45091840886556
15.015015015015013,50.48311459126776,-1052.8550560878598,3.362175431778401,-149.65111860906578
15.035035035035037,50.55042541072278,-1055.8510744784317,3.362175431778401,-149.851318809266
15.055055055055055,50.617736230177805,-1058.8511008810196,3.362175431778401,-150.0515190094662
15.075075075075075,50.68504704963283,-1061.8551352956235,3.362175431778401,-150.25171920966642
15.095095095095095,50.75235786908785,-1064.8631777222436,3.362175431778401,-150.45191940986663
15.115115115115113,50.819668688542876,-1067.8752281608795,3.362175431778401,-150.65211961006685
15.135135135135137,50.8869795079979,-1070.8912866115315,3.362175431778401,-150.85231981026706
15.155155155155155,50.954290327452924,-1073.9113530741995,3.362175431778401,-151.05252001046728
15.175175175175175,51.02160114690795,-1076.9354275488836,3.362175431778401,-151.2527202106675
15.195195195195195,51.08891196636297,-1079.9635100355836,3.362175431778401,-151.4529204108677
15.215215215215213,51.156222785817995,-1082.9956005342997,3.362175431778401,-151.65312061106792
15.235235235235237,51.22353360527302,-1086.0316990450317,3.362175431778401,-151.85332081126813
15.255255255255255,51.29084442472804,-1089.0718055677798,3.362175431778401,-152.05352101146835
15.275275275275275,51.35815524418307,-1092.115920102544,3.362175431778401,-152.25372121166856
15.295295295295295,51.42546606363809,-1095.164042649324,3.362175431778401,-152.45392141186878
15.315315315315313,51.492776883093114,-1098.2161732081202,3.362175431778401,-152.654121612069
15.335335335335337,51.56008770254814,-1101.2723117789324,3.362175431778401,-152.8543218122692
15.355355355355355,51.62739852200316,-1104.3324583617605,3.362175431778401,-153.05452201246942
15.375375375375375,51.694709341458186,-1107.3966129566047,3.362175431778401,-153.25472221266963
15.395395395395395,51.76202016091321,-1110.4647755634649,3.362175431778401,-153.45492241286985
15.415415415415413,51.82933098036823,-1113.5369461823411,3.362175431778401,-153.65512261307006
15.435435435435437,51.89664179982326,-1116.6131248132335,3.362175431778401,-153.85532281327028
15.455455455455455,51.96395261927828,-1119.6933114561418,3.362175431778401,-154.0555230134705
15.475475475475475,52.031263438733305,-1122.7775061110663,3.362175431778401,-154.2557232136707
15.495495495495495,52.09857425818833,-1125.8657087780066,3.362175431778401,-154.45592341387092
15.515515515515514,52.16588507764335,-1128.957919456963,3.362175431778401,-154.65612361407113
15.535535535535537,52.233195897098376,-1132.0541381479354,3.362175431778401,-154.85632381427135
15.555555555555555,52.3005067165534,-1135.154364850924,3.362175431778401,-155.05652401447156
15.575575575575575,52.367817536008424,-1138.2585995659283,3.362175431778401,-155.25672421467178
15.595595595595595,52.43512835546345,-1141.3668422929488,3.362175431778401,-155.456924414872
15.615615615615614,52.50243917491847,-1144.4790930319853,3.362175431778401,-155.6571246150722
15.635635635635637,52.569749994373495,-1147.5953517830378,3.362175431778401,-155.85732481527242
15.655655655655655,52.63706081382852,-1150.7156185461063,3.362175431778401,-156.05752501547263
15.675675675675675,52.70437163328354,-1153.8398933211909,3.362175431778401,-156.25772521567285
15.695695695695695,52.77168245273857,-1156.9681761082913,3.362175431778401,-156.45792541587306
15.715715715715717,52.83899327219359,-1160.100466907408,3.362175431778401,-156.65812561607328
15.735735735735737,52.906304091648614,-1163.2367657185405,3.362175431778401,-156.8583258162735
15.755755755755755,52.97361491110364,-1166.3770725416891,3.362175431778401,-157.0585260164737
15.775775775775776,53.04092573055866,-1169.5213873768537,3.362175431778401,-157.25872621667392
15.795795795795796,53.108236550013686,-1172.6697102240344,3.362175431778401,-157.45892641687414
15.815815815815817,53.17554736946871,-1175.822041083231,3.362175431778401,-157.65912661707435
15.835835835835837,53.242858188923734,-1178.9783799544437,3.362175431778401,-157.85932681727456
15.855855855855856,53.31016900837876,-1182.1387268376723,3.362175431778401,-158.05952701747478
15.875875875875876,53.37747982783378,-1185.303081732917,3.362175431778401,-158.259727217675
15.895895895895896,53.444790647288805,-1188.4714446401779,3.362175431778401,-158.4599274178752
15.915915915915917,53.51210146674383,-1191.6438155594547,3.362175431778401,-158.66012761807542
15.935935935935937,53.57941228619885,-1194.8201944907476,3.362175431778401,-158.86032781827564
15.955955955955956,53.64672310565388,-1198.0005814340564,3.362175431778401,-159.06052801847585
15.975975975975976,53.7140339251089,-1201.1849763893813,3.362175431778401,-159.26072821867606
15.995995995995996,53.781344744563924,-1204.3733793567221,3.362175431778401,-159.46092841887628
16.016016016016017,53.84865556401895,-1207.565790336079,3.362175431778401,-159.6611286190765
16.036036036036037,53.91596638347397,-1210.762209327452,3.362175431778401,-159.8613288192767
16.056056056056057,53.983277202928996,-1213.962636330841,3.362175431778401,-160.06152901947692
16.076076076076077,54.05058802238402,-1217.1670713462458,3.362175431778401,-160.26172921967714
16.096096096096094,54.11789884183904,-1220.3755143736669,3.362175431778401,-160.46192941987735
16.116116116116117,54.18520966129407,-1223.5879654131038,3.362175431778401,-160.66212962007756
16.136136136136138,54.25252048074909,-1226.8044244645569,3.362175431778401,-160.86232982027778
16.156156156156158,54.319831300204115,-1230.0248915280258,3.362175431778401,-161.062530020478
16.176176176176178,54.38714211965914,-1233.249366603511,3.362175431778401,-161.2627302206782
16.196196196196194,54.45445293911416,-1236.477849691012,3.362175431778401,-161.46293042087842
16.216216216216218,54.521763758569186,-1239.710340790529,3.362175431778401,-161.66313062107864
16.236236236236238,54.58907457802421,-1242.946839902062,3.362175431778401,-161.86333082127885
16.256256256256258,54.656385397479234,-1246.1873470256112,3.362175431778401,-162.06353102147906
16.276276276276278,54.72369621693426,-1249.4318621611762,3.362175431778401,-162.26373122167928
16.296296296296294,54.79100703638928,-1252.6803853087574,3.362175431778401,-162.4639314218795
16.316316316316318,54.858317855844305,-1255.9329164683545,3.362175431778401,-162.6641316220797
16.336336336336338,54.92562867529933,-1259.1894556399677,3.362175431778401,-162.86433182227992
16.356356356356358,54.99293949475435,-1262.4500028235968,3.362175431778401,-163.06453202248014
16.376376376376378,55.06025031420938,-1265.714558019242,3.362175431778401,-163.26473222268035
16.396396396396394,55.1275611336644,-1268.9831212269034,3.362175431778401,-163.46493242288057
16.416416416416418,55.194871953119424,-1272.2556924465807,3.362175431778401,-163.66513262308078
16.436436436436438,55.26218277257445,-1275.5322716782741,3.362175431778401,-163.865332823281
16.456456456456458,55.32949359202947,-1278.8128589219834,3.362175431778401,-164.0655330234812
16.476476476476478,55.396804411484496,-1282.0974541777089,3.362175431778401,-164.26573322368142
16.496496496496494,55.46411523093952,-1285.3860574454502,3.362175431778401,-164.46593342388164
16.516516516516518,55.53142605039454,-1288.6786687252077,3.362175431778401,-164.66613362408185
16.536536536536538,55.59873686984957,-1291.975288016981,3.362175431778401,-164.86633382428207
16.556556556556558,55.66604768930459,-1295.2759153207705,3.362175431778401,-165.06653402448228
16.576576576576578,55.733358508759615,-1298.580550636576,3.362175431778401,-165.2667342246825
16.596596596596594,55.80066932821464,-1301.8891939643975,3.362175431778401,-165.4669344248827
16.616616616616618,55.86798014766966,-1305.201845304235,3.362175431778401,-165.66713462508292
16.636636636636638,55.935290967124686,-1308.5185046560885,3.362175431778401,-165.86733482528314
16.656656656656658,56.00260178657971,-1311.839172019958,3.362175431778401,-166.06753502548335
16.676676676676678,56.069912606034734,-1315.1638473958435,3.362175431778401,-166.26773522568357
16.696696696696694,56.13722342548976,-1318.492530783745,3.362175431778401,-166.46793542588378
16.716716716716718,56.20453424494478,-1321.8252221836626,3.362175431778401,-166.668135626084
16.736736736736738,56.271845064399805,-1325.1619215955961,3.362175431778401,-166.8683358262842
16.756756756756758,56.33915588385483,-1328.5026290195458,3.362175431778401,-167.06853602648442
16.776776776776778,56.40646670330985,-1331.8473444555113,3.362175431778401,-167.26873622668464
16.796796796796794,56.47377752276488,-1335.196067903493,3.362175431778401,-167.46893642688485
16.816816816816818,56.5410883422199,-1338.5487993634906,3.362175431778401,-167.66913662708507
16.836836836836838,56.608399161674924,-1341.9055388355043,3.362175431778401,-167.86933682728528
16.856856856856858,56.67570998112995,-1345.2662863195342,3.362175431778401,-168.0695370274855
16.876876876876878,56.74302080058497,-1348.63104181558,3.362175431778401,-168.2697372276857
16.896896896896898,56.810331620039996,-1351.9998053236418,3.362175431778401,-168.46993742788592
16.916916916916918,56.87764243949502,-1355.3725768437196,3.362175431778401,-168.67013762808614
16.936936936936938,56.944953258950044,-1358.7493563758135,3.362175431778401,-168.87033782828635
16.956956956956958,57.01226407840507,-1362.1301439199233,3.362175431778401,-169.07053802848657
16.976976976976978,57.07957489786009,-1365.5149394760492,3.362175431778401,-169.27073822868678
16.996996996996998,57.146885717315115,-1368.903743044191,3.362175431778401,-169.470938428887
17.017017017017018,57.21419653677014,-1372.296554624349,3.362175431778401,-169.6711386290872
17.037037037037038,57.28150735622516,-1375.693374216523,3.362175431778401,-169.87133882928742
17.057057057057058,57.34881817568019,-1379.094201820713,3.362175431778401,-170.07153902948764
17.077077077077078,57.41612899513521,-1382.4990374369188,3.362175431778401,-170.27173922968785
17.097097097097098,57.483439814590234,-1385.9078810651408,3.362175431778401,-170.47193942988807
17.117117117117118,57.55075063404526,-1389.3207327053788,3.362175431778401,-170.67213963008828
17.137137137137138,57.61806145350028,-1392.7375923576328,3.362175431778401,-170.8723398302885
17.157157157157158,57.685372272955306,-1396.1584600219028,3.362175431778401,-171.0725400304887
17.177177177177178,57.75268309241033,-1399.5833356981889,3.362175431778401,-171.27274023068892
17.197197197197198,57.81999391186535,-1403.0122193864909,3.362175431778401,-171.47294043088914
17.217217217217218,57.88730473132038,-1406.445111086809,3.362175431778401,-171.67314063108935
17.237237237237238,57.9546155507754,-1409.882010799143,3.362175431778401,-171.87334083128957
17.25725725725726,58.021926370230425,-1413.3229185234932,3.362175431778401,-172.07354103148978
17.27727727727728,58.08923718968545,-1416.7678342598592,3.362175431778401,-172.27374123169
17.2972972972973,58.15654800914047,-1420.2167580082414,3.362175431778401,-172.4739414318902
17.31731731731732,58.223858828595496,-1423.6696897686397,3.362175431778401,-172.67414163209042
17.33733733733734,58.29116964805052,-1427.126629541054,3.362175431778401,-172.87434183229064
17.35735735735736,58.358480467505544,-1430.5875773254843,3.362175431778401,-173.07454203249085
17.37737737737738,58.42579128696057,-1434.0525331219305,3.362175431778401,-173.27474223269107
17.3973973973974,58.49310210641559,-1437.521496930393,3.362175431778401,-173.47494243289128
17.41741741741742,58.560412925870615,-1440.9944687508712,3.362175431778401,-173.6751426330915
17.43743743743744,58.62772374532564,-1444.4714485833656,3.362175431778401,-173.8753428332917
17.45745745745746,58.69503456478066,-1447.952436427876,3.362175431778401,-174.07554303349193
17.47747747747748,58.76234538423569,-1451.4374322844023,3.362175431778401,-174.27574323369214
17.4974974974975,58.82965620369071,-1454.9264361529447,3.362175431778401,-174.47594343389235
17.51751751751752,58.896967023145734,-1458.4194480335032,3.362175431778401,-174.67614363409257
17.53753753753754,58.96427784260076,-1461.9164679260775,3.362175431778401,-174.87634383429278
17.55755755755756,59.03158866205578,-1465.417495830668,3.362175431778401,-175.076544034493
17.57757757757758,59.098899481510806,-1468.9225317472744,3.362175431778401,-175.2767442346932
17.5975975975976,59.16621030096583,-1472.431575675897,3.362175431778401,-175.47694443489343
17.61761761761762,59.23352112042085,-1475.9446276165354,3.362175431778401,-175.67714463509364
17.63763763763764,59.30083193987588,-1479.46168756919,3.362175431778401,-175.87734483529385
17.65765765765766,59.3681427593309,-1482.9827555338604,3.362175431778401,-176.07754503549407
17.67767767767768,59.435453578785925,-1486.507831510547,3.362175431778401,-176.27774523569428
17.6976976976977,59.50276439824095,-1490.0369154992495,3.362175431778401,-176.4779454358945
17.71771771771772,59.57007521769597,-1493.5700074999681,3.362175431778401,-176.6781456360947
17.73773773773774,59.637386037150996,-1497.1071075127027,3.362175431778401,-176.87834583629493
17.75775775775776,59.70469685660602,-1500.6482155374533,3.362175431778401,-177.07854603649514
17.77777777777778,59.772007676061044,-1504.1933315742199,3.362175431778401,-177.27874623669535
17.7977977977978,59.83931849551607,-1507.7424556230026,3.362175431778401,-177.47894643689557
17.81781781781782,59.90662931497109,-1511.2955876838014,3.362175431778401,-177.67914663709578
17.83783783783784,59.973940134426115,-1514.852727756616,3.362175431778401,-177.879346837296
17.85785785785786,60.04125095388114,-1518.413875841447,3.362175431778401,-178.0795470374962
17.87787787787788,60.10856177333616,-1521.9790319382937,3.362175431778401,-178.27974723769643
17.8978978978979,60.17587259279119,-1525.5481960471566,3.362175431778401,-178.47994743789664
17.91791791791792,60.24318341224621,-1529.1213681680354,3.362175431778401,-178.68014763809686
17.93793793793794,60.310494231701234,-1532.6985483009303,3.362175431778401,-178.88034783829707
17.95795795795796,60.37780505115626,-1536.279736445841,3.362175431778401,-179.08054803849728
17.97797797797798,60.44511587061128,-1539.864932602768,3.362175431778401,-179.2807482386975
17.997997997998,60.512426690066306,-1543.4541367717109,3.362175431778401,-179.4809484388977
18.01801801801802,60.57973750952133,-1547.0473489526698,3.362175431778401,-179.68114863909793
18.03803803803804,60.647048328976354,-1550.6445691456447,3.362175431778401,-179.88134883929814
18.05805805805806,60.71435914843138,-1554.2457973506357,3.362175431778401,-180.08154903949836
18.07807807807808,60.7816699678864,-1557.8510335676426,3.362175431778401,-180.28174923969857
18.0980980980981,60.848980787341425,-1561.4602777966657,3.362175431778401,-180.48194943989878
18.11811811811812,60.91629160679645,-1565.0735300377046,3.362175431778401,-180.682149640099
18.13813813813814,60.98360242625147,-1568.6907902907597,3.362175431778401,-180.8823498402992
18.15815815815816,61.0509132457065,-1572.3120585558306,3.362175431778401,-181.08255004049943
18.17817817817818,61.11822406516152,-1575.9373348329177,3.362175431778401,-181.28275024069964
18.1981981981982,61.185534884616544,-1579.5666191220207,3.362175431778401,-181.48295044089986
18.21821821821822,61.25284570407157,-1583.1999114231398,3.362175431778401,-181.68315064110007
18.23823823823824,61.32015652352659,-1586.8372117362749,3.362175431778401,-181.88335084130028
18.25825825825826,61.387467342981616,-1590.478520061426,3.362175431778401,-182.0835510415005
18.27827827827828,61.45477816243664,-1594.1238363985933,3.362175431778401,-182.2837512417007
18.2982982982983,61.52208898189166,-1597.7731607477765,3.362175431778401,-182.48395144190093
18.31831831831832,61.58939980134669,-1601.4264931089758,3.362175431778401,-182.68415164210114
18.33833833833834,61.65671062080171,-1605.083833482191,3.362175431778401,-182.88435184230136
18.35835835835836,61.724021440256735,-1608.7451818674224,3.362175431778401,-183.08455204250157
18.37837837837838,61.79133225971176,-1612.4105382646696,3.362175431778401,-183.28475224270179
18.3983983983984,61.85864307916678,-1616.079902673933,3.362175431778401,-183.484952442902
18.41841841841842,61.925953898621806,-1619.7532750952123,3.362175431778401,-183.6851526431022
18.43843843843844,61.99326471807683,-1623.4306555285077,3.362175431778401,-183.88535284330243
18.45845845845846,62.060575537531854,-1627.112043973819,3.362175431778401,-184.08555304350264
18.47847847847848,62.12788635698688,-1630.7974404311465,3.362175431778401,-184.28575324370286
18.4984984984985,62.1951971764419,-1634.4868449004898,3.362175431778401,-184.48595344390307
18.51851851851852,62.262507995896925,-1638.1802573818493,3.362175431778401,-184.68615364410329
18.53853853853854,62.32981881535195,-1641.8776778752247,3.362175431778401,-184.8863538443035
18.55855855855856,62.39712963480697,-1645.5791063806162,3.362175431778401,-185.0865540445037
18.57857857857858,62.464440454262,-1649.2845428980236,3.362175431778401,-185.28675424470393
18.5985985985986,62.53175127371702,-1652.993987427447,3.362175431778401,-185.48695444490414
18.61861861861862,62.599062093172044,-1656.7074399688865,3.362175431778401,-185.68715464510436
18.63863863863864,62.66637291262707,-1660.424900522342,3.362175431778401,-185.88735484530457
18.65865865865866,62.73368373208209,-1664.1463690878136,3.362175431778401,-186.08755504550479
18.67867867867868,62.800994551537116,-1667.8718456653012,3.362175431778401,-186.287755245705
18.6986986986987,62.86830537099214,-1671.6013302548047,3.362175431778401,-186.48795544590521
18.71871871871872,62.93561619044716,-1675.3348228563243,3.362175431778401,-186.68815564610543
18.73873873873874,63.00292700990219,-1679.0723234698598,3.362175431778401,-186.88835584630564
18.75875875875876,63.07023782935721,-1682.8138320954115,3.362175431778401,-187.08855604650586
18.77877877877878,63.137548648812235,-1686.5593487329793,3.362175431778401,-187.28875624670607
18.7987987987988,63.20485946826726,-1690.308873382563,3.362175431778401,-187.4889564469063
18.81881881881882,63.27217028772228,-1694.0624060441628,3.362175431778401,-187.6891566471065
18.83883883883884,63.339481107177306,-1697.8199467177785,3.362175431778401,-187.88935684730671
18.85885885885886,63.40679192663233,-1701.5814954034104,3.362175431778401,-188.08955704750693
18.87887887887888,63.474102746087354,-1705.3470521010581,3.362175431778401,-188.28975724770714
18.8988988988989,63.54141356554238,-1709.116616810722,3.362175431778401,-188.48995744790736
18.91891891891892,63.6087243849974,-1712.8901895324018,3.362175431778401,-188.69015764810757
18.93893893893894,63.676035204452425,-1716.6677702660977,3.362175431778401,-188.8903578483078
18.95895895895896,63.74334602390745,-1720.4493590118095,3.362175431778401,-189.090558048508
18.97897897897898,63.81065684336247,-1724.2349557695375,3.362175431778401,-189.29075824870822
18.998998998999,63.8779676628175,-1728.0245605392813,3.362175431778401,-189.49095844890843
19.01901901901902,63.94527848227252,-1731.8181733210413,3.362175431778401,-189.69115864910864
19.03903903903904,64.01258930172754,-1735.6157941148172,3.362175431778401,-189.89135884930886
19.05905905905906,64.07990012118256,-1739.4174229206092,3.362175431778401,-190.09155904950907
19.07907907907908,64.14721094063758,-1743.223059738417,3.362175431778401,-190.2917592497093
19.0990990990991,64.2145217600926,-1747.0327045682411,3.362175431778401,-190.4919594499095
19.11911911911912,64.28183257954761,-1750.846357410081,3.362175431778401,-190.69215965010972
19.13913913913914,64.34914339900263,-1754.6640182639371,3.362175431778401,-190.89235985030993
19.15915915915916,64.41645421845764,-1758.485687129809,3.362175431778401,-191.09256005051014
19.17917917917918,64.48376503791266,-1762.3113640076972,3.362175431778401,-191.29276025071036
19.1991991991992,64.55107585736768,-1766.1410488976012,3.362175431778401,-191.49296045091057
19.21921921921922,64.6183866768227,-1769.9747417995213,3.362175431778401,-191.6931606511108
19.23923923923924,64.68569749627771,-1773.8124427134576,3.362175431778401,-191.893360851311
19.25925925925926,64.75300831573273,-1777.6541516394097,3.362175431778401,-192.09356105151122
19.27927927927928,64.82031913518775,-1781.499868577378,3.362175431778401,-192.29376125171143
19.2992992992993,64.88762995464276,-1785.3495935273622,3.362175431778401,-192.49396145191164
19.31931931931932,64.95494077409778,-1789.2033264893626,3.362175431778401,-192.69416165211186
19.33933933933934,65.0222515935528,-1793.0610674633788,3.362175431778401,-192.89436185231207
19.35935935935936,65.08956241300781,-1796.9228164494111,3.362175431778401,-193.0945620525123
19.37937937937938,65.15687323246283,-1800.7885734474594,3.362175431778401,-193.2947622527125
19.3993993993994,65.22418405191785,-1804.6583384575238,3.362175431778401,-193.49496245291272
19.41941941941942,65.29149487137286,-1808.532111479604,3.362175431778401,-193.69516265311293
19.43943943943944,65.35880569082788,-1812.4098925137005,3.362175431778401,-193.89536285331315
19.45945945945946,65.4261165102829,-1816.2916815598128,3.362175431778401,-194.09556305351336
19.47947947947948,65.49342732973791,-1820.1774786179412,3.362175431778401,-194.29576325371357
19.4994994994995,65.56073814919293,-1824.0672836880856,3.362175431778401,-194.4959634539138
19.51951951951952,65.62804896864795,-1827.961096770246,3.362175431778401,-194.696163654114
19.53953953953954,65.69535978810296,-1831.8589178644224,3.362175431778401,-194.89636385431422
19.55955955955956,65.76267060755798,-1835.760746970615,3.362175431778401,-195.09656405451443
19.57957957957958,65.829981427013,-1839.6665840888234,3.362175431778401,-195.29676425471465
19.5995995995996,65.89729224646801,-1843.576429219048,3.362175431778401,-195.49696445491486
19.61961961961962,65.96460306592303,-1847.4902823612883,3.362175431778401,-195.69716465511507
19.63963963963964,66.03191388537805,-1851.408143515545,3.362175431778401,-195.8973648553153
19.65965965965966,66.09922470483306,-1855.3300126818174,3.362175431778401,-196.0975650555155
19.67967967967968,66.16653552428808,-1859.255889860106,3.362175431778401,-196.29776525571572
19.6996996996997,66.2338463437431,-1863.1857750504107,3.362175431778401,-196.49796545591593
19.71971971971972,66.30115716319811,-1867.1196682527313,3.362175431778401,-196.69816565611615
19.73973973973974,66.36846798265313,-1871.057569467068,3.362175431778401,-196.89836585631636
19.75975975975976,66.43577880210815,-1874.9994786934208,3.362175431778401,-197.09856605651657
19.77977977977978,66.50308962156316,-1878.9453959317896,3.362175431778401,-197.2987662567168
19.7997997997998,66.57040044101818,-1882.8953211821743,3.362175431778401,-197.498966456917
19.81981981981982,66.6377112604732,-1886.849254444575,3.362175431778401,-197.69916665711722
19.83983983983984,66.70502207992821,-1890.8071957189918,3.362175431778401,-197.89936685731743
19.85985985985986,66.77233289938323,-1894.7691450054247,3.362175431778401,-198.09956705751765
19.87987987987988,66.83964371883825,-1898.7351023038734,3.362175431778401,-198.29976725771786
19.8998998998999,66.90695453829326,-1902.7050676143383,3.362175431778401,-198.49996745791807
19.91991991991992,66.97426535774828,-1906.679040936819,3.362175431778401,-198.7001676581183
19.93993993993994,67.0415761772033,-1910.657022271316,3.362175431778401,-198.9003678583185
19.95995995995996,67.10888699665831,-1914.6390116178288,3.362175431778401,-199.10056805851872
19.97997997997998,67.17619781611333,-1918.6250089763578,3.362175431778401,-199.30076825871893
20.0,67.24350863556835,-1922.6150143469026,3.362175431778401,-199.50096845891915
