t,xpos,ypos,vx,vy
0.0,0.0,66.97705436515791,1.9586475683112305,33.10958470938773
0.02002002002002002,0.03921216352975437,67.6399089138944,1.9586475683112305,32.90938450918753
0.04004004004004004,0.07842432705950873,68.29875545061488,1.9586475683112305,32.70918430898733
0.06006006006006006,0.11763649058926309,68.95359397531932,1.9586475683112305,32.50898410878713
0.08008008008008008,0.15684865411901747,69.60442448800775,1.9586475683112305,32.30878390858693
0.10010010010010009,0.19606081764877184,70.25124698868017,1.9586475683112305,32.10858370838673
0.12012012012012012,0.2352729811785262,70.89406147733655,1.9586475683112305,31.90838350818653
0.14014014014014015,0.27448514470828056,71.53286795397692,1.9586475683112305,31.70818330798633
0.16016016016016016,0.31369730823803493,72.16766641860127,1.9586475683112305,31.50798310778613
0.18018018018018017,0.3529094717677893,72.79845687120961,1.9586475683112305,31.30778290758593
0.20020020020020018,0.3921216352975437,73.42523931180192,1.9586475683112305,31.10758270738573
0.22022022022022023,0.43133379882729805,74.04801374037821,1.9586475683112305,30.90738250718553
0.24024024024024024,0.4705459623570524,74.66678015693849,1.9586475683112305,30.70718230698533
0.2602602602602603,0.5097581258868068,75.28153856148273,1.9586475683112305,30.50698210678513
0.2802802802802803,0.5489702894165611,75.89228895401097,1.9586475683112305,30.30678190658493
0.3003003003003003,0.5881824529463154,76.49903133452318,1.9586475683112305,30.10658170638473
0.3203203203203203,0.6273946164760698,77.10176570301937,1.9586475683112305,29.90638150618453
0.3403403403403404,0.6666067800058241,77.70049205949954,1.9586475683112305,29.70618130598433
0.36036036036036034,0.7058189435355784,78.2952104039637,1.9586475683112305,29.50598110578413
0.3803803803803804,0.7450311070653327,78.88592073641182,1.9586475683112305,29.30578090558393
0.40040040040040037,0.784243270595087,79.47262305684393,1.9586475683112305,29.10558070538373
0.42042042042042044,0.8234554341248413,80.05531736526002,1.9586475683112305,28.90538050518353
0.44044044044044045,0.8626675976545957,80.63400366166009,1.9586475683112305,28.70518030498333
0.4604604604604605,0.90187976118435,81.20868194604414,1.9586475683112305,28.50498010478313
0.4804804804804805,0.9410919247141043,81.77935221841217,1.9586475683112305,28.30477990458293
0.5005005005005005,0.9803040882438586,82.34601447876418,1.9586475683112305,28.10457970438273
0.5205205205205206,1.019516251773613,82.90866872710016,1.9586475683112305,27.90437950418253
0.5405405405405406,1.0587284153033674,83.46731496342014,1.9586475683112305,27.70417930398233
0.5605605605605606,1.0979405788331218,84.0219531877241,1.9586475683112305,27.50397910378213
0.5805805805805806,1.1371527423628762,84.57258340001202,1.9586475683112305,27.30377890358193
0.6006006006006006,1.1763649058926307,85.11920560028393,1.9586475683112305,27.10357870338173
0.6206206206206206,1.215577069422385,85.66181978853983,1.9586475683112305,26.90337850318153
0.6406406406406406,1.2547892329521395,86.2004259647797,1.9586475683112305,26.70317830298133
0.6606606606606606,1.294001396481894,86.73502412900355,1.9586475683112305,26.502978102781128
0.6806806806806808,1.3332135600116484,87.26561428121138,1.9586475683112305,26.302777902580928
0.7007007007007007,1.3724257235414028,87.79219642140319,1.9586475683112305,26.102577702380728
0.7207207207207207,1.4116378870711572,88.31477054957898,1.9586475683112305,25.902377502180528
0.7407407407407407,1.4508500506009117,88.83333666573876,1.9586475683112305,25.702177301980328
0.7607607607607608,1.490062214130666,89.3478947698825,1.9586475683112305,25.501977101780128
0.7807807807807808,1.5292743776604205,89.85844486201023,1.9586475683112305,25.301776901579927
0.8008008008008007,1.568486541190175,90.36498694212194,1.9586475683112305,25.101576701379727
0.8208208208208208,1.6076987047199294,90.86752101021763,1.9586475683112305,24.901376501179527
0.8408408408408409,1.6469108682496838,91.3660470662973,1.9586475683112305,24.701176300979327
0.8608608608608609,1.6861230317794382,91.86056511036095,1.9586475683112305,24.500976100779127
0.8808808808808809,1.7253351953091927,92.35107514240858,1.9586475683112305,24.300775900578927
0.9009009009009008,1.764547358838947,92.83757716244018,1.9586475683112305,24.100575700378727
0.920920920920921,1.8037595223687015,93.32007117045578,1.9586475683112305,23.900375500178527
0.9409409409409409,1.842971685898456,93.79855716645535,1.9586475683112305,23.700175299978326
0.960960960960961,1.8821838494282104,94.2730351504389,1.9586475683112305,23.499975099778126
0.980980980980981,1.9213960129579648,94.74350512240643,1.9586475683112305,23.299774899577926
1.001001001001001,1.9606081764877192,95.20996708235795,1.9586475683112305,23.099574699377726
1.021021021021021,1.9998203400174737,95.67242103029344,1.9586475683112305,22.899374499177526
1.0410410410410411,2.039032503547228,96.1308669662129,1.9586475683112305,22.699174298977326
1.0610610610610611,2.0782446670769823,96.58530489011636,1.9586475683112305,22.498974098777126
1.0810810810810811,2.1174568306067365,97.03573480200379,1.9586475683112305,22.298773898576925
1.1011011011011012,2.1566689941364907,97.4821567018752,1.9586475683112305,22.098573698376725
1.1211211211211212,2.195881157666245,97.92457058973059,1.9586475683112305,21.898373498176525
1.1411411411411412,2.235093321195999,98.36297646556996,1.9586475683112305,21.698173297976325
1.1611611611611612,2.2743054847257533,98.7973743293933,1.9586475683112305,21.497973097776125
1.1811811811811812,2.3135176482555075,99.22776418120064,1.9586475683112305,21.297772897575925
1.2012012012012012,2.3527298117852617,99.65414602099194,1.9586475683112305,21.097572697375725
1.2212212212212212,2.391941975315016,100.07651984876723,1.9586475683112305,20.897372497175525
1.2412412412412412,2.43115413884477,100.4948856645265,1.9586475683112305,20.697172296975324
1.2612612612612613,2.4703663023745244,100.90924346826975,1.9586475683112305,20.496972096775124
1.2812812812812813,2.5095784659042786,101.31959325999698,1.9586475683112305,20.296771896574924
1.3013013013013013,2.548790629434033,101.72593503970819,1.9586475683112305,20.096571696374724
1.3213213213213213,2.588002792963787,102.12826880740337,1.9586475683112305,19.896371496174524
1.3413413413413413,2.627214956493541,102.52659456308254,1.9586475683112305,19.696171295974324
1.3613613613613615,2.6664271200232954,102.92091230674569,1.9586475683112305,19.495971095774124
1.3813813813813813,2.7056392835530496,103.31122203839283,1.9586475683112305,19.295770895573924
1.4014014014014013,2.744851447082804,103.69752375802393,1.9586475683112305,19.095570695373723
1.4214214214214214,2.784063610612558,104.07981746563902,1.9586475683112305,18.895370495173523
1.4414414414414414,2.8232757741423122,104.4581031612381,1.9586475683112305,18.695170294973323
1.4614614614614616,2.8624879376720664,104.83238084482115,1.9586475683112305,18.494970094773123
1.4814814814814814,2.9017001012018206,105.20265051638818,1.9586475683112305,18.294769894572923
1.5015015015015014,2.940912264731575,105.56891217593919,1.9586475683112305,18.094569694372723
1.5215215215215216,2.980124428261329,105.93116582347417,1.9586475683112305,17.894369494172523
1.5415415415415414,3.0193365917910833,106.28941145899314,1.9586475683112305,17.694169293972323
1.5615615615615617,3.0585487553208375,106.6436490824961,1.9586475683112305,17.493969093772122
1.5815815815815815,3.0977609188505917,106.99387869398302,1.9586475683112305,17.293768893571922
1.6016016016016015,3.136973082380346,107.34010029345393,1.9586475683112305,17.093568693371722
1.6216216216216217,3.1761852459101,107.68231388090882,1.9586475683112305,16.893368493171522
1.6416416416416415,3.2153974094398543,108.02051945634769,1.9586475683112305,16.693168292971322
1.6616616616616617,3.2546095729696085,108.35471701977053,1.9586475683112305,16.49296809277112
1.6816816816816818,3.2938217364993627,108.68490657117736,1.9586475683112305,16.29276789257092
1.7017017017017015,3.333033900029117,109.01108811056817,1.9586475683112305,16.09256769237072
1.7217217217217218,3.372246063558871,109.33326163794295,1.9586475683112305,15.892367492170521
1.7417417417417416,3.4114582270886253,109.65142715330173,1.9586475683112305,15.692167291970321
1.7617617617617618,3.4506703906183795,109.96558465664448,1.9586475683112305,15.491967091770121
1.7817817817817818,3.4898825541481338,110.2757341479712,1.9586475683112305,15.291766891569921
1.8018018018018016,3.529094717677888,110.58187562728192,1.9586475683112305,15.09156669136972
1.8218218218218218,3.568306881207642,110.88400909457661,1.9586475683112305,14.89136649116952
1.841841841841842,3.6075190447373964,111.18213454985528,1.9586475683112305,14.69116629096932
1.8618618618618619,3.6467312082671506,111.47625199311793,1.9586475683112305,14.49096609076912
1.8818818818818819,3.685943371796905,111.76636142436456,1.9586475683112305,14.29076589056892
1.9019019019019017,3.725155535326659,112.05246284359517,1.9586475683112305,14.09056569036872
1.921921921921922,3.764367698856413,112.33455625080975,1.9586475683112305,13.89036549016852
1.9419419419419421,3.8035798623861674,112.61264164600833,1.9586475683112305,13.69016528996832
1.961961961961962,3.8427920259159216,112.88671902919087,1.9586475683112305,13.48996508976812
1.981981981981982,3.882004189445676,113.1567884003574,1.9586475683112305,13.28976488956792
2.002002002002002,3.92121635297543,113.42284975950791,1.9586475683112305,13.08956468936772
2.022022022022022,3.9604285165051842,113.6849031066424,1.9586475683112305,12.88936448916752
2.042042042042042,3.9996406800349384,113.94294844176086,1.9586475683112305,12.68916428896732
2.0620620620620618,4.038852843564693,114.19698576486331,1.9586475683112305,12.48896408876712
2.0820820820820822,4.078065007094447,114.44701507594974,1.9586475683112305,12.288763888566919
2.1021021021021022,4.1172771706242015,114.69303637502014,1.9586475683112305,12.088563688366719
2.1221221221221223,4.156489334153956,114.93504966207453,1.9586475683112305,11.888363488166519
2.1421421421421423,4.19570149768371,115.17305493711291,1.9586475683112305,11.688163287966319
2.1621621621621623,4.234913661213464,115.40705220013525,1.9586475683112305,11.487963087766119
2.1821821821821823,4.274125824743218,115.63704145114158,1.9586475683112305,11.287762887565918
2.2022022022022023,4.3133379882729725,115.8630226901319,1.9586475683112305,11.087562687365718
2.2222222222222223,4.352550151802727,116.08499591710618,1.9586475683112305,10.887362487165518
2.2422422422422423,4.391762315332481,116.30296113206445,1.9586475683112305,10.687162286965318
2.2622622622622623,4.430974478862235,116.51691833500671,1.9586475683112305,10.486962086765118
2.2822822822822824,4.470186642391989,116.72686752593293,1.9586475683112305,10.286761886564918
2.3023023023023024,4.509398805921744,116.93280870484314,1.9586475683112305,10.086561686364718
2.3223223223223224,4.548610969451498,117.13474187173733,1.9586475683112305,9.886361486164517
2.3423423423423424,4.587823132981252,117.3326670266155,1.9586475683112305,9.686161285964317
2.3623623623623624,4.627035296511006,117.52658416947764,1.9586475683112305,9.485961085764117
2.3823823823823824,4.66624746004076,117.71649330032378,1.9586475683112305,9.285760885563917
2.4024024024024024,4.705459623570515,117.90239441915388,1.9586475683112305,9.085560685363717
2.4224224224224224,4.744671787100269,118.08428752596797,1.9586475683112305,8.885360485163517
2.4424424424424425,4.783883950630023,118.26217262076604,1.9586475683112305,8.685160284963317
2.4624624624624625,4.823096114159777,118.43604970354808,1.9586475683112305,8.484960084763117
2.4824824824824825,4.862308277689531,118.6059187743141,1.9586475683112305,8.284759884562916
2.5025025025025025,4.901520441219286,118.77177983306412,1.9586475683112305,8.084559684362716
2.5225225225225225,4.94073260474904,118.93363287979811,1.9586475683112305,7.884359484162516
2.5425425425425425,4.979944768278794,119.09147791451608,1.9586475683112305,7.684159283962316
2.5625625625625625,5.019156931808548,119.24531493721803,1.9586475683112305,7.483959083762116
2.5825825825825826,5.0583690953383025,119.39514394790396,1.9586475683112305,7.283758883561916
2.6026026026026026,5.097581258868057,119.54096494657387,1.9586475683112305,7.083558683361716
2.6226226226226226,5.136793422397811,119.68277793322775,1.9586475683112305,6.8833584831615156
2.6426426426426426,5.176005585927565,119.82058290786563,1.9586475683112305,6.683158282961315
2.6626626626626626,5.215217749457319,119.95437987048747,1.9586475683112305,6.482958082761115
2.6826826826826826,5.2544299129870735,120.0841688210933,1.9586475683112305,6.282757882560915
2.7027027027027026,5.293642076516828,120.20994975968311,1.9586475683112305,6.082557682360715
2.722722722722723,5.332854240046582,120.3317226862569,1.9586475683112305,5.882357482160515
2.7427427427427427,5.372066403576336,120.44948760081466,1.9586475683112305,5.682157281960315
2.7627627627627627,5.41127856710609,120.56324450335642,1.9586475683112305,5.481957081760115
2.7827827827827827,5.4504907306358445,120.67299339388214,1.9586475683112305,5.2817568815599145
2.8028028028028027,5.489702894165599,120.77873427239184,1.9586475683112305,5.081556681359714
2.822822822822823,5.528915057695353,120.88046713888554,1.9586475683112305,4.881356481159514
2.8428428428428427,5.568127221225107,120.9781919933632,1.9586475683112305,4.681156280959314
2.8628628628628627,5.607339384754861,121.07190883582484,1.9586475683112305,4.480956080759114
2.8828828828828827,5.646551548284616,121.16161766627047,1.9586475683112305,4.280755880558914
2.9029029029029028,5.68576371181437,121.24731848470009,1.9586475683112305,4.080555680358714
2.922922922922923,5.724975875344124,121.32901129111367,1.9586475683112305,3.8803554801585136
2.942942942942943,5.764188038873878,121.40669608551124,1.9586475683112305,3.6801552799583135
2.962962962962963,5.803400202403632,121.4803728678928,1.9586475683112305,3.4799550797581134
2.982982982982983,5.842612365933387,121.55004163825832,1.9586475683112305,3.2797548795579132
3.003003003003003,5.881824529463141,121.61570239660783,1.9586475683112305,3.079554679357713
3.0230230230230233,5.921036692992895,121.67735514294132,1.9586475683112305,2.879354479157513
3.0430430430430433,5.960248856522649,121.73499987725879,1.9586475683112305,2.679154278957313
3.063063063063063,5.9994610200524034,121.78863659956023,1.9586475683112305,2.4789540787571127
3.083083083083083,6.038673183582158,121.83826530984567,1.9586475683112305,2.2787538785569126
3.103103103103103,6.077885347111912,121.88388600811507,1.9586475683112305,2.0785536783567125
3.1231231231231233,6.117097510641666,121.92549869436846,1.9586475683112305,1.8783534781565123
3.1431431431431434,6.15630967417142,121.96310336860583,1.9586475683112305,1.6781532779563122
3.163163163163163,6.1955218377011745,121.99670003082717,1.9586475683112305,1.477953077756112
3.183183183183183,6.234734001230929,122.0262886810325,1.9586475683112305,1.277752877555912
3.203203203203203,6.273946164760683,122.05186931922181,1.9586475683112305,1.0775526773557118
3.2232232232232234,6.313158328290437,122.07344194539509,1.9586475683112305,0.8773524771555117
3.2432432432432434,6.352370491820191,122.09100655955235,1.9586475683112305,0.6771522769553115
3.263263263263263,6.3915826553499455,122.1045631616936,1.9586475683112305,0.47695207675511136
3.283283283283283,6.4307948188797,122.11411175181883,1.9586475683112305,0.2767518765549112
3.303303303303303,6.470006982409454,122.11965232992803,1.9586475683112305,0.076551676354711
3.3233233233233235,6.509219145939208,122.12118489602122,1.9586475683112305,-0.12364852384548919
3.3433433433433435,6.548431309468962,122.1187094500984,1.9586475683112305,-0.3238487240456894
3.3633633633633635,6.5876434729987166,122.11222599215954,1.9586475683112305,-0.5240489242458896
3.383383383383383,6.626855636528471,122.10173452220467,1.9586475683112305,-0.7242491244460898
3.403403403403403,6.666067800058225,122.08723504023378,1.9586475683112305,-0.9244493246462899
3.4234234234234235,6.705279963587979,122.06872754624686,1.9586475683112305,-1.12464952484649
3.4434434434434436,6.744492127117733,122.04621204024393,1.9586475683112305,-1.3248497250466902
3.4634634634634636,6.783704290647488,122.01968852222498,1.9586475683112305,-1.5250499252468903
3.483483483483483,6.822916454177242,121.98915699219,1.9586475683112305,-1.7252501254470904
3.503503503503503,6.862128617706996,121.95461745013901,1.9586475683112305,-1.9254503256472906
3.5235235235235236,6.90134078123675,121.916069896072,1.9586475683112305,-2.1256505258474907
3.5435435435435436,6.940552944766504,121.87351432998896,1.9586475683112305,-2.325850726047691
3.5635635635635636,6.979765108296259,121.82695075188991,1.9586475683112305,-2.526050926247891
3.583583583583583,7.018977271826013,121.77637916177484,1.9586475683112305,-2.726251126448091
3.603603603603603,7.058189435355767,121.72179955964374,1.9586475683112305,-2.926451326648291
3.6236236236236237,7.097401598885521,121.66321194549663,1.9586475683112305,-3.1266515268484913
3.6436436436436437,7.1366137624152755,121.6006163193335,1.9586475683112305,-3.3268517270486915
3.6636636636636637,7.17582592594503,121.53401268115434,1.9586475683112305,-3.5270519272488916
3.683683683683684,7.215038089474784,121.46340103095916,1.9586475683112305,-3.7272521274490917
3.7037037037037033,7.254250253004538,121.38878136874797,1.9586475683112305,-3.927452327649292
3.7237237237237237,7.293462416534292,121.31015369452076,1.9586475683112305,-4.127652527849492
3.7437437437437437,7.3326745800640465,121.22751800827753,1.9586475683112305,-4.327852728049693
3.7637637637637638,7.371886743593801,121.14087431001828,1.9586475683112305,-4.528052928249893
3.783783783783784,7.411098907123555,121.05022259974301,1.9586475683112305,-4.728253128450093
3.8038038038038033,7.450311070653309,120.95556287745171,1.9586475683112305,-4.928453328650293
3.823823823823824,7.489523234183063,120.8568951431444,1.9586475683112305,-5.128653528850493
3.843843843843844,7.5287353977128175,120.75421939682107,1.9586475683112305,-5.328853729050693
3.863863863863864,7.567947561242572,120.64753563848171,1.9586475683112305,-5.529053929250893
3.8838838838838843,7.607159724772326,120.53684386812634,1.9586475683112305,-5.7292541294510935
3.9039039039039034,7.64637188830208,120.42214408575495,1.9586475683112305,-5.929454329651294
3.923923923923924,7.685584051831834,120.30343629136753,1.9586475683112305,-6.129654529851494
3.943943943943944,7.724796215361589,120.1807204849641,1.9586475683112305,-6.329854730051694
3.963963963963964,7.764008378891343,120.05399666654465,1.9586475683112305,-6.530054930251894
3.9839839839839843,7.803220542421097,119.92326483610917,1.9586475683112305,-6.730255130452094
4.004004004004004,7.842432705950851,119.78852499365767,1.9586475683112305,-6.930455330652294
4.0240240240240235,7.881644869480605,119.64977713919016,1.9586475683112305,-7.130655530852494
4.044044044044044,7.92085703301036,119.50702127270662,1.9586475683112305,-7.3308557310526945
4.064064064064064,7.960069196540114,119.36025739420707,1.9586475683112305,-7.531055931252895
4.084084084084084,7.999281360069868,119.2094855036915,1.9586475683112305,-7.731256131453095
4.104104104104104,8.038493523599623,119.05470560115991,1.9586475683112305,-7.931456331653295
4.1241241241241235,8.077705687129377,118.8959176866123,1.9586475683112305,-8.131656531853496
4.1441441441441444,8.116917850659132,118.73312176004866,1.9586475683112305,-8.331856732053696
4.1641641641641645,8.156130014188886,118.56631782146901,1.9586475683112305,-8.532056932253896
4.1841841841841845,8.19534217771864,118.39550587087334,1.9586475683112305,-8.732257132454096
4.2042042042042045,8.234554341248394,118.22068590826164,1.9586475683112305,-8.932457332654296
4.2242242242242245,8.273766504778148,118.04185793363393,1.9586475683112305,-9.132657532854497
4.2442442442442445,8.312978668307903,117.8590219469902,1.9586475683112305,-9.332857733054697
4.2642642642642645,8.352190831837657,117.67217794833044,1.9586475683112305,-9.533057933254897
4.2842842842842845,8.391402995367411,117.48132593765467,1.9586475683112305,-9.733258133455097
4.3043043043043046,8.430615158897165,117.28646591496287,1.9586475683112305,-9.933458333655297
4.324324324324325,8.46982732242692,117.08759788025506,1.9586475683112305,-10.133658533855497
4.344344344344345,8.509039485956674,116.88472183353123,1.9586475683112305,-10.333858734055697
4.364364364364365,8.548251649486428,116.67783777479137,1.9586475683112305,-10.534058934255897
4.384384384384385,8.587463813016182,116.4669457040355,1.9586475683112305,-10.734259134456098
4.404404404404405,8.626675976545936,116.2520456212636,1.9586475683112305,-10.934459334656298
4.424424424424425,8.66588814007569,116.03313752647568,1.9586475683112305,-11.134659534856498
4.444444444444445,8.705100303605445,115.81022141967175,1.9586475683112305,-11.334859735056698
4.464464464464465,8.744312467135199,115.5832973008518,1.9586475683112305,-11.535059935256898
4.484484484484485,8.783524630664953,115.35236517001583,1.9586475683112305,-11.735260135457098
4.504504504504505,8.822736794194707,115.11742502716383,1.9586475683112305,-11.935460335657298
4.524524524524525,8.861948957724461,114.87847687229582,1.9586475683112305,-12.135660535857498
4.544544544544545,8.901161121254216,114.63552070541179,1.9586475683112305,-12.335860736057699
4.564564564564565,8.94037328478397,114.38855652651174,1.9586475683112305,-12.536060936257899
4.584584584584585,8.979585448313724,114.13758433559566,1.9586475683112305,-12.736261136458099
4.604604604604605,9.018797611843478,113.88260413266357,1.9586475683112305,-12.936461336658299
4.624624624624625,9.058009775373232,113.62361591771545,1.9586475683112305,-13.1366615368585
4.644644644644645,9.097221938902987,113.36061969075132,1.9586475683112305,-13.3368617370587
4.664664664664665,9.136434102432741,113.09361545177117,1.9586475683112305,-13.5370619372589
4.684684684684685,9.175646265962495,112.82260320077499,1.9586475683112305,-13.7372621374591
4.704704704704705,9.21485842949225,112.5475829377628,1.9586475683112305,-13.9374623376593
4.724724724724725,9.254070593022004,112.26855466273459,1.9586475683112305,-14.1376625378595
4.744744744744745,9.293282756551758,111.98551837569035,1.9586475683112305,-14.3378627380597
4.764764764764765,9.332494920081512,111.69847407663009,1.9586475683112305,-14.5380629382599
4.784784784784785,9.371707083611266,111.40742176555382,1.9586475683112305,-14.7382631384601
4.804804804804805,9.41091924714102,111.11236144246152,1.9586475683112305,-14.9384633386603
4.824824824824825,9.450131410670775,110.8132931073532,1.9586475683112305,-15.1386635388605
4.844844844844845,9.489343574200529,110.51021676022887,1.9586475683112305,-15.3388637390607
4.864864864864865,9.528555737730283,110.20313240108852,1.9586475683112305,-15.5390639392609
4.884884884884885,9.567767901260037,109.89204002993215,1.9586475683112305,-15.7392641394611
4.904904904904905,9.606980064789791,109.57693964675975,1.9586475683112305,-15.939464339661301
4.924924924924925,9.646192228319546,109.25783125157135,1.9586475683112305,-16.139664539861503
4.944944944944945,9.6854043918493,108.93471484436691,1.9586475683112305,-16.339864740061703
4.964964964964965,9.724616555379054,108.60759042514646,1.9586475683112305,-16.540064940261903
4.984984984984985,9.763828718908808,108.27645799390999,1.9586475683112305,-16.740265140462103
5.005005005005005,9.803040882438562,107.94131755065749,1.9586475683112305,-16.940465340662303
5.025025025025025,9.842253045968317,107.60216909538897,1.9586475683112305,-17.140665540862503
5.045045045045045,9.88146520949807,107.25901262810444,1.9586475683112305,-17.340865741062704
5.065065065065065,9.920677373027825,106.91184814880388,1.9586475683112305,-17.541065941262904
5.085085085085085,9.95988953655758,106.56067565748731,1.9586475683112305,-17.741266141463104
5.105105105105105,9.999101700087333,106.20549515415472,1.9586475683112305,-17.941466341663304
5.125125125125125,10.038313863617088,105.8463066388061,1.9586475683112305,-18.141666541863504
5.145145145145145,10.077526027146842,105.48311011144146,1.9586475683112305,-18.341866742063704
5.165165165165165,10.116738190676596,105.11590557206081,1.9586475683112305,-18.542066942263904
5.185185185185185,10.15595035420635,104.74469302066413,1.9586475683112305,-18.742267142464105
5.205205205205205,10.195162517736104,104.36947245725143,1.9586475683112305,-18.942467342664305
5.225225225225225,10.234374681265859,103.99024388182272,1.9586475683112305,-19.142667542864505
5.245245245245245,10.273586844795613,103.60700729437798,1.9586475683112305,-19.342867743064705
5.265265265265265,10.312799008325367,103.21976269491722,1.9586475683112305,-19.543067943264905
5.285285285285285,10.352011171855121,102.82851008344045,1.9586475683112305,-19.743268143465105
5.305305305305305,10.391223335384876,102.43324945994766,1.9586475683112305,-19.943468343665305
5.325325325325325,10.43043549891463,102.03398082443884,1.9586475683112305,-20.143668543865505
5.345345345345346,10.469647662444384,101.63070417691401,1.9586475683112305,-20.343868744065706
5.365365365365365,10.508859825974138,101.22341951737316,1.9586475683112305,-20.544068944265906
5.385385385385385,10.548071989503892,100.81212684581628,1.9586475683112305,-20.744269144466106
5.405405405405405,10.587284153033647,100.39682616224339,1.9586475683112305,-20.944469344666306
5.425425425425425,10.6264963165634,99.97751746665448,1.9586475683112305,-21.144669544866506
5.445445445445446,10.665708480093155,99.55420075904954,1.9586475683112305,-21.344869745066706
5.465465465465465,10.70492064362291,99.12687603942858,1.9586475683112305,-21.545069945266906
5.485485485485485,10.744132807152663,98.69554330779161,1.9586475683112305,-21.745270145467106
5.505505505505505,10.783344970682418,98.26020256413861,1.9586475683112305,-21.945470345667307
5.525525525525525,10.822557134212172,97.8208538084696,1.9586475683112305,-22.145670545867507
5.545545545545546,10.861769297741926,97.37749704078456,1.9586475683112305,-22.345870746067707
5.565565565565565,10.90098146127168,96.9301322610835,1.9586475683112305,-22.546070946267907
5.585585585585585,10.940193624801434,96.47875946936642,1.9586475683112305,-22.746271146468107
5.605605605605605,10.979405788331189,96.02337866563333,1.9586475683112305,-22.946471346668307
5.625625625625625,11.018617951860943,95.56398984988421,1.9586475683112305,-23.146671546868507
5.645645645645646,11.057830115390697,95.10059302211907,1.9586475683112305,-23.346871747068707
5.665665665665665,11.097042278920451,94.63318818233792,1.9586475683112305,-23.547071947268908
5.685685685685685,11.136254442450205,94.16177533054075,1.9586475683112305,-23.747272147469108
5.7057057057057055,11.17546660597996,93.68635446672755,1.9586475683112305,-23.947472347669308
5.7257257257257255,11.214678769509714,93.20692559089834,1.9586475683112305,-24.147672547869508
5.745745745745746,11.253890933039468,92.7234887030531,1.9586475683112305,-24.347872748069708
5.7657657657657655,11.293103096569222,92.23604380319185,1.9586475683112305,-24.54807294826991
5.7857857857857855,11.332315260098976,91.74459089131457,1.9586475683112305,-24.74827314847011
5.8058058058058055,11.37152742362873,91.24912996742128,1.9586475683112305,-24.94847334867031
5.8258258258258255,11.410739587158485,90.74966103151196,1.9586475683112305,-25.14867354887051
5.845845845845846,11.44995175068824,90.24618408358663,1.9586475683112305,-25.34887374907071
5.865865865865866,11.489163914217993,89.73869912364528,1.9586475683112305,-25.54907394927091
5.885885885885886,11.528376077747748,89.2272061516879,1.9586475683112305,-25.74927414947111
5.905905905905906,11.567588241277502,88.7117051677145,1.9586475683112305,-25.94947434967131
5.925925925925926,11.606800404807256,88.19219617172509,1.9586475683112305,-26.14967454987151
5.9459459459459465,11.64601256833701,87.66867916371964,1.9586475683112305,-26.34987475007171
5.965965965965966,11.685224731866764,87.14115414369819,1.9586475683112305,-26.55007495027191
5.9859859859859865,11.724436895396519,86.60962111166072,1.9586475683112305,-26.75027515047211
6.006006006006006,11.763649058926273,86.07408006760721,1.9586475683112305,-26.95047535067231
6.026026026026026,11.802861222456027,85.5345310115377,1.9586475683112305,-27.15067555087251
6.046046046046047,11.842073385985781,84.99097394345216,1.9586475683112305,-27.35087575107271
6.066066066066066,11.881285549515535,84.44340886335061,1.9586475683112305,-27.55107595127291
6.086086086086087,11.92049771304529,83.89183577123303,1.9586475683112305,-27.75127615147311
6.106106106106106,11.959709876575044,83.33625466709944,1.9586475683112305,-27.95147635167331
6.126126126126126,11.998922040104798,82.77666555094983,1.9586475683112305,-28.15167655187351
6.146146146146147,12.038134203634552,82.21306842278419,1.9586475683112305,-28.35187675207371
6.166166166166166,12.077346367164306,81.64546328260253,1.9586475683112305,-28.55207695227391
6.186186186186187,12.11655853069406,81.07385013040486,1.9586475683112305,-28.75227715247411
6.206206206206206,12.155770694223815,80.49822896619116,1.9586475683112305,-28.95247735267431
6.226226226226226,12.194982857753569,79.91859978996145,1.9586475683112305,-29.15267755287451
6.246246246246247,12.234195021283323,79.33496260171572,1.9586475683112305,-29.35287775307471
6.266266266266266,12.273407184813077,78.74731740145396,1.9586475683112305,-29.55307795327491
6.286286286286287,12.312619348342832,78.15566418917618,1.9586475683112305,-29.75327815347511
6.306306306306306,12.351831511872586,77.56000296488239,1.9586475683112305,-29.95347835367531
6.326326326326326,12.39104367540234,76.96033372857256,1.9586475683112305,-30.153678553875512
6.346346346346347,12.430255838932094,76.35665648024673,1.9586475683112305,-30.353878754075712
6.366366366366366,12.469468002461848,75.74897121990487,1.9586475683112305,-30.554078954275912
6.386386386386387,12.508680165991603,75.13727794754699,1.9586475683112305,-30.754279154476112
6.406406406406406,12.547892329521357,74.5215766631731,1.9586475683112305,-30.954479354676312
6.426426426426426,12.587104493051111,73.90186736678318,1.9586475683112305,-31.154679554876513
6.446446446446447,12.626316656580865,73.27815005837725,1.9586475683112305,-31.354879755076713
6.466466466466466,12.66552882011062,72.65042473795529,1.9586475683112305,-31.555079955276913
6.486486486486487,12.704740983640374,72.01869140551732,1.9586475683112305,-31.755280155477113
6.506506506506506,12.743953147170128,71.38295006106333,1.9586475683112305,-31.955480355677313
6.526526526526526,12.783165310699882,70.7432007045933,1.9586475683112305,-32.15568055587752
6.546546546546547,12.822377474229636,70.09944333610727,1.9586475683112305,-32.35588075607772
6.566566566566566,12.86158963775939,69.45167795560522,1.9586475683112305,-32.55608095627792
6.586586586586587,12.900801801289145,68.79990456308714,1.9586475683112305,-32.75628115647812
6.606606606606606,12.940013964818899,68.14412315855304,1.9586475683112305,-32.95648135667832
6.626626626626627,12.979226128348653,67.48433374200293,1.9586475683112305,-33.15668155687852
6.646646646646647,13.018438291878407,66.82053631343679,1.9586475683112305,-33.35688175707872
6.666666666666666,13.057650455408162,66.15273087285463,1.9586475683112305,-33.55708195727892
6.686686686686687,13.096862618937916,65.48091742025646,1.9586475683112305,-33.75728215747912
6.706706706706706,13.13607478246767,64.80509595564226,1.9586475683112305,-33.95748235767932
6.726726726726727,13.175286945997424,64.12526647901204,1.9586475683112305,-34.15768255787952
6.746746746746747,13.214499109527178,63.44142899036581,1.9586475683112305,-34.35788275807972
6.766766766766766,13.253711273056933,62.75358348970355,1.9586475683112305,-34.55808295827992
6.786786786786787,13.292923436586687,62.06172997702527,1.9586475683112305,-34.75828315848012
6.806806806806806,13.332135600116441,61.36586845233098,1.9586475683112305,-34.95848335868032
6.826826826826827,13.371347763646195,60.66599891562066,1.9586475683112305,-35.15868355888052
6.846846846846847,13.41055992717595,59.96212136689432,1.9586475683112305,-35.35888375908072
6.866866866866866,13.449772090705704,59.25423580615197,1.9586475683112305,-35.55908395928092
6.886886886886887,13.488984254235458,58.54234223339359,1.9586475683112305,-35.75928415948112
6.906906906906906,13.528196417765212,57.82644064861919,1.9586475683112305,-35.95948435968132
6.926926926926927,13.567408581294966,57.106531051828775,1.9586475683112305,-36.15968455988152
6.946946946946947,13.60662074482472,56.382613443022336,1.9586475683112305,-36.35988476008172
6.966966966966966,13.645832908354475,55.65468782219988,1.9586475683112305,-36.56008496028192
6.986986986986987,13.685045071884229,54.922754189361406,1.9586475683112305,-36.76028516048212
7.007007007007006,13.724257235413983,54.18681254450691,1.9586475683112305,-36.96048536068232
7.027027027027027,13.763469398943737,53.44686288763639,1.9586475683112305,-37.16068556088252
7.047047047047047,13.802681562473492,52.702905218749855,1.9586475683112305,-37.36088576108272
7.067067067067066,13.841893726003246,51.954939537847295,1.9586475683112305,-37.56108596128292
7.087087087087087,13.881105889533,51.20296584492872,1.9586475683112305,-37.76128616148312
7.107107107107106,13.920318053062754,50.44698413999412,1.9586475683112305,-37.96148636168332
7.127127127127127,13.959530216592508,49.68699442304351,1.9586475683112305,-38.16168656188352
7.147147147147147,13.998742380122263,48.92299669407687,1.9586475683112305,-38.36188676208372
7.167167167167166,14.037954543652017,48.15499095309421,1.9586475683112305,-38.56208696228392
7.187187187187187,14.077166707181771,47.38297720009554,1.9586475683112305,-38.76228716248412
7.207207207207206,14.116378870711525,46.60695543508084,1.9586475683112305,-38.96248736268432
7.227227227227227,14.15559103424128,45.82692565805012,1.9586475683112305,-39.16268756288452
7.247247247247247,14.194803197771034,45.04288786900339,1.9586475683112305,-39.36288776308472
7.267267267267268,14.234015361300788,44.25484206794063,1.9586475683112305,-39.56308796328492
7.287287287287287,14.273227524830542,43.46278825486185,1.9586475683112305,-39.76328816348512
7.3073073073073065,14.312439688360296,42.66672642976705,1.9586475683112305,-39.96348836368532
7.327327327327327,14.35165185189005,41.866656592656234,1.9586475683112305,-40.16368856388552
7.347347347347347,14.390864015419805,41.0625787435294,1.9586475683112305,-40.36388876408572
7.367367367367368,14.430076178949559,40.25449288238654,1.9586475683112305,-40.56408896428592
7.387387387387387,14.469288342479313,39.442399009227664,1.9586475683112305,-40.76428916448612
7.4074074074074066,14.508500506009067,38.62629712405277,1.9586475683112305,-40.96448936468632
7.4274274274274275,14.547712669538821,37.80618722686185,1.9586475683112305,-41.16468956488652
7.4474474474474475,14.586924833068576,36.98206931765491,1.9586475683112305,-41.36488976508672
7.467467467467468,14.62613699659833,36.153943396431956,1.9586475683112305,-41.56508996528692
7.4874874874874875,14.665349160128084,35.32180946319298,1.9586475683112305,-41.76529016548712
7.507507507507507,14.704561323657838,34.48566751793798,1.9586475683112305,-41.96549036568732
7.5275275275275275,14.743773487187593,33.64551756066697,1.9586475683112305,-42.16569056588752
7.5475475475475475,14.782985650717347,32.80135959137993,1.9586475683112305,-42.36589076608772
7.567567567567568,14.822197814247101,31.95319361007687,1.9586475683112305,-42.56609096628792
7.587587587587588,14.861409977776855,31.101019616757792,1.9586475683112305,-42.766291166488124
7.607607607607607,14.90062214130661,30.244837611422696,1.9586475683112305,-42.966491366688324
7.627627627627628,14.939834304836364,29.384647594071577,1.9586475683112305,-43.166691566888524
7.647647647647648,14.979046468366118,28.52044956470444,1.9586475683112305,-43.366891767088724
7.6676676676676685,15.018258631895872,27.65224352332128,1.9586475683112305,-43.567091967288924
7.687687687687688,15.057470795425626,26.780029469922106,1.9586475683112305,-43.767292167489124
7.707707707707707,15.09668295895538,25.903807404506907,1.9586475683112305,-43.967492367689324
7.727727727727728,15.135895122485135,25.02357732707569,1.9586475683112305,-44.167692567889524
7.747747747747748,15.175107286014889,24.13933923762845,1.9586475683112305,-44.367892768089725
7.767767767767769,15.214319449544643,23.251093136165196,1.9586475683112305,-44.568092968289925
7.787787787787788,15.253531613074397,22.358839022685917,1.9586475683112305,-44.768293168490125
7.807807807807807,15.292743776604151,21.46257689719062,1.9586475683112305,-44.968493368690325
7.827827827827828,15.331955940133906,20.562306759679302,1.9586475683112305,-45.168693568890525
7.847847847847848,15.37116810366366,19.658028610151963,1.9586475683112305,-45.368893769090725
7.867867867867869,15.410380267193414,18.749742448608604,1.9586475683112305,-45.569093969290925
7.887887887887888,15.449592430723168,17.837448275049226,1.9586475683112305,-45.769294169491126
7.907907907907909,15.488804594252922,16.92114608947383,1.9586475683112305,-45.969494369691326
7.927927927927928,15.528016757782677,16.00083589188241,1.9586475683112305,-46.169694569891526
7.947947947947948,15.56722892131243,15.076517682274972,1.9586475683112305,-46.369894770091726
7.967967967967969,15.606441084842185,14.148191460651514,1.9586475683112305,-46.570094970291926
7.987987987987988,15.64565324837194,13.215857227012036,1.9586475683112305,-46.770295170492126
8.008008008008009,15.684865411901693,12.279514981356538,1.9586475683112305,-46.970495370692326
8.028028028028029,15.724077575431448,11.33916472368502,1.9586475683112305,-47.170695570892526
8.048048048048047,15.763289738961202,10.394806453997482,1.9586475683112305,-47.37089577109273
8.068068068068069,15.802501902490956,9.446440172293924,1.9586475683112305,-47.57109597129293
8.088088088088089,15.84171406602071,8.494065878574347,1.9586475683112305,-47.77129617149313
8.108108108108109,15.880926229550465,7.537683572838748,1.9586475683112305,-47.97149637169333
8.128128128128129,15.920138393080219,6.57729325508713,1.9586475683112305,-48.17169657189353
8.148148148148147,15.959350556609973,5.612894925319492,1.9586475683112305,-48.37189677209373
8.168168168168169,15.998562720139727,4.644488583535834,1.9586475683112305,-48.57209697229393
8.188188188188189,16.03777488366948,3.6720742297361557,1.9586475683112305,-48.77229717249413
8.208208208208209,16.076987047199236,2.6956518639204576,1.9586475683112305,-48.97249737269433
8.228228228228229,16.11619921072899,1.7152214860887394,1.9586475683112305,-49.17269757289453
8.248248248248247,16.155411374258744,0.7307830962410011,1.9586475683112305,-49.37289777309473
8.268268268268269,16.194623537788498,-0.2576633056227572,1.9586475683112305,-49.57309797329493
8.288288288288289,16.233835701318252,-1.2501177195025355,1.9586475683112305,-49.77329817349513
8.308308308308309,16.273047864848007,-2.246580145398334,1.9586475683112305,-49.97349837369533
8.328328328328329,16.31226002837776,-3.2470505833101524,1.9586475683112305,-50.17369857389553
8.348348348348347,16.351472191907515,-4.251529033237991,1.9586475683112305,-50.37389877409573
8.368368368368369,16.39068435543727,-5.260015495181849,1.9586475683112305,-50.57409897429593
8.388388388388389,16.429896518967023,-6.272509969141728,1.9586475683112305,-50.77429917449613
8.408408408408409,16.469108682496778,-7.289012455117627,1.9586475683112305,-50.97449937469633
8.428428428428429,16.508320846026532,-8.309522953109544,1.9586475683112305,-51.17469957489653
8.448448448448449,16.547533009556286,-9.334041463117483,1.9586475683112305,-51.37489977509673
8.468468468468469,16.58674517308604,-10.362567985141443,1.9586475683112305,-51.57509997529693
8.488488488488489,16.625957336615794,-11.395102519181421,1.9586475683112305,-51.77530017549713
8.508508508508509,16.66516950014555,-12.431645065237419,1.9586475683112305,-51.97550037569733
8.528528528528529,16.704381663675303,-13.472195623309437,1.9586475683112305,-52.17570057589753
8.548548548548549,16.743593827205057,-14.516754193397476,1.9586475683112305,-52.37590077609773
8.568568568568569,16.78280599073481,-15.565320775501535,1.9586475683112305,-52.57610097629793
8.588588588588589,16.822018154264565,-16.617895369621614,1.9586475683112305,-52.77630117649813
8.608608608608609,16.86123031779432,-17.674477975757714,1.9586475683112305,-52.97650137669833
8.62862862862863,16.900442481324074,-18.735068593909833,1.9586475683112305,-53.17670157689853
8.64864864864865,16.939654644853828,-19.79966722407797,1.9586475683112305,-53.37690177709873
8.66866866866867,16.978866808383582,-20.86827386626213,1.9586475683112305,-53.57710197729893
8.68868868868869,17.018078971913337,-21.94088852046231,1.9586475683112305,-53.77730217749913
8.70870870870871,17.05729113544309,-23.017511186678508,1.9586475683112305,-53.97750237769933
8.72872872872873,17.096503298972845,-24.098141864910726,1.9586475683112305,-54.17770257789953
8.74874874874875,17.1357154625026,-25.182780555158963,1.9586475683112305,-54.37790277809973
8.76876876876877,17.174927626032353,-26.271427257423223,1.9586475683112305,-54.57810297829993
8.78878878878879,17.214139789562108,-27.364081971703502,1.9586475683112305,-54.77830317850013
8.80880880880881,17.25335195309186,-28.4607446979998,1.9586475683112305,-54.97850337870033
8.82882882882883,17.292564116621616,-29.561415436312117,1.9586475683112305,-55.17870357890053
8.84884884884885,17.33177628015137,-30.666094186640457,1.9586475683112305,-55.37890377910073
8.86886886886887,17.370988443681124,-31.774780948984816,1.9586475683112305,-55.57910397930093
8.88888888888889,17.41020060721088,-32.8874757233452,1.9586475683112305,-55.77930417950113
8.90890890890891,17.449412770740633,-34.0041785097216,1.9586475683112305,-55.97950437970133
8.92892892892893,17.488624934270387,-35.124889308114014,1.9586475683112305,-56.17970457990153
8.94894894894895,17.52783709780014,-36.24960811852245,1.9586475683112305,-56.37990478010173
8.96896896896897,17.567049261329895,-37.378334940946914,1.9586475683112305,-56.58010498030193
8.98898898898899,17.60626142485965,-38.51106977538739,1.9586475683112305,-56.78030518050213
9.00900900900901,17.645473588389404,-39.64781262184389,1.9586475683112305,-56.98050538070233
9.02902902902903,17.684685751919158,-40.78856348031641,1.9586475683112305,-57.18070558090253
9.04904904904905,17.723897915448912,-41.93332235080495,1.9586475683112305,-57.38090578110273
9.06906906906907,17.763110078978666,-43.08208923330951,1.9586475683112305,-57.58110598130293
9.08908908908909,17.80232224250842,-44.234864127830086,1.9586475683112305,-57.78130618150313
9.10910910910911,17.841534406038175,-45.391647034366684,1.9586475683112305,-57.98150638170333
9.12912912912913,17.88074656956793,-46.552437952919306,1.9586475683112305,-58.18170658190353
9.14914914914915,17.919958733097683,-47.71723688348794,1.9586475683112305,-58.381906782103734
9.16916916916917,17.959170896627437,-48.8860438260726,1.9586475683112305,-58.582106982303934
9.18918918918919,17.99838306015719,-50.05885878067328,1.9586475683112305,-58.782307182504134
9.20920920920921,18.037595223686946,-51.23568174728998,1.9586475683112305,-58.982507382704334
9.22922922922923,18.0768073872167,-52.4165127259227,1.9586475683112305,-59.182707582904534
9.24924924924925,18.116019550746454,-53.60135171657144,1.9586475683112305,-59.382907783104734
9.26926926926927,18.15523171427621,-54.7901987192362,1.9586475683112305,-59.583107983304934
9.28928928928929,18.194443877805963,-55.98305373391698,1.9586475683112305,-59.783308183505135
9.30930930930931,18.233656041335717,-57.17991676061378,1.9586475683112305,-59.983508383705335
9.32932932932933,18.27286820486547,-58.3807877993266,1.9586475683112305,-60.183708583905535
9.34934934934935,18.312080368395225,-59.58566685005544,1.9586475683112305,-60.383908784105735
9.36936936936937,18.35129253192498,-60.794553912800296,1.9586475683112305,-60.584108984305935
9.38938938938939,18.390504695454734,-62.007448987561176,1.9586475683112305,-60.784309184506135
9.40940940940941,18.429716858984488,-63.22435207433808,1.9586475683112305,-60.984509384706335
9.42942942942943,18.468929022514242,-64.445263173131,1.9586475683112305,-61.184709584906535
9.44944944944945,18.508141186043996,-65.67018228393994,1.9586475683112305,-61.384909785106736
9.46946946946947,18.54735334957375,-66.8991094067649,1.9586475683112305,-61.585109985306936
9.48948948948949,18.586565513103505,-68.13204454160588,1.9586475683112305,-61.785310185507136
9.50950950950951,18.62577767663326,-69.36898768846288,1.9586475683112305,-61.985510385707336
9.52952952952953,18.664989840163013,-70.6099388473359,1.9586475683112305,-62.185710585907536
9.54954954954955,18.704202003692767,-71.85489801822494,1.9586475683112305,-62.385910786107736
9.56956956956957,18.74341416722252,-73.10386520113,1.9586475683112305,-62.586110986307936
9.58958958958959,18.782626330752276,-74.35684039605108,1.9586475683112305,-62.78631118650814
9.60960960960961,18.82183849428203,-75.61382360298818,1.9586475683112305,-62.98651138670834
9.62962962962963,18.861050657811784,-76.8748148219413,1.9586475683112305,-63.18671158690854
9.64964964964965,18.90026282134154,-78.13981405291044,1.9586475683112305,-63.38691178710874
9.66966966966967,18.939474984871293,-79.40882129589559,1.9586475683112305,-63.58711198730894
9.68968968968969,18.978687148401047,-80.68183655089678,1.9586475683112305,-63.78731218750914
9.70970970970971,19.0178993119308,-81.95885981791398,1.9586475683112305,-63.98751238770934
9.72972972972973,19.057111475460555,-83.23989109694719,1.9586475683112305,-64.18771258790954
9.74974974974975,19.09632363899031,-84.52493038799643,1.9586475683112305,-64.38791278810974
9.76976976976977,19.135535802520064,-85.8139776910617,1.9586475683112305,-64.58811298830994
9.78978978978979,19.174747966049818,-87.10703300614297,1.9586475683112305,-64.78831318851014
9.80980980980981,19.213960129579572,-88.40409633324028,1.9586475683112305,-64.98851338871034
9.82982982982983,19.253172293109326,-89.7051676723536,1.9586475683112305,-65.18871358891055
9.84984984984985,19.29238445663908,-91.01024702348293,1.9586475683112305,-65.38891378911075
9.86986986986987,19.331596620168835,-92.3193343866283,1.9586475683112305,-65.58911398931095
9.88988988988989,19.37080878369859,-93.63242976178968,1.9586475683112305,-65.78931418951115
9.90990990990991,19.410020947228343,-94.94953314896708,1.9586475683112305,-65.98951438971135
9.92992992992993,19.449233110758097,-96.2706445481605,1.9586475683112305,-66.18971458991155
9.94994994994995,19.48844527428785,-97.59576395936995,1.9586475683112305,-66.38991479011175
9.96996996996997,19.527657437817606,-98.9248913825954,1.9586475683112305,-66.59011499031195
9.98998998998999,19.56686960134736,-100.25802681783688,1.9586475683112305,-66.79031519051215
10.01001001001001,19.606081764877114,-101.59517026509438,1.9586475683112305,-66.99051539071235
10.03003003003003,19.64529392840687,-102.9363217243679,1.9586475683112305,-67.19071559091255
10.05005005005005,19.684506091936623,-104.28148119565743,1.9586475683112305,-67.39091579111275
10.07007007007007,19.723718255466377,-105.630648678963,1.9586475683112305,-67.59111599131295
10.09009009009009,19.76293041899613,-106.98382417428458,1.9586475683112305,-67.79131619151315
10.11011011011011,19.802142582525885,-108.34100768162217,1.9586475683112305,-67.99151639171335
10.13013013013013,19.84135474605564,-109.7021992009758,1.9586475683112305,-68.19171659191355
10.15015015015015,19.880566909585394,-111.06739873234544,1.9586475683112305,-68.39191679211375
10.17017017017017,19.919779073115148,-112.4366062757311,1.9586475683112305,-68.59211699231395
10.19019019019019,19.958991236644902,-113.80982183113278,1.9586475683112305,-68.79231719251415
10.21021021021021,19.998203400174656,-115.18704539855048,1.9586475683112305,-68.99251739271435
10.23023023023023,20.03741556370441,-116.5682769779842,1.9586475683112305,-69.19271759291455
10.25025025025025,20.076627727234165,-117.95351656943394,1.9586475683112305,-69.39291779311475
10.27027027027027,20.11583989076392,-119.3427641728997,1.9586475683112305,-69.59311799331495
10.29029029029029,20.155052054293673,-120.73601978838148,1.9586475683112305,-69.79331819351515
10.31031031031031,20.194264217823427,-122.13328341587929,1.9586475683112305,-69.99351839371535
10.33033033033033,20.23347638135318,-123.53455505539311,1.9586475683112305,-70.19371859391555
10.35035035035035,20.272688544882936,-124.93983470692295,1.9586475683112305,-70.39391879411575
10.37037037037037,20.31190070841269,-126.34912237046882,1.9586475683112305,-70.59411899431595
10.39039039039039,20.351112871942444,-127.7624180460307,1.9586475683112305,-70.79431919451615
10.41041041041041,20.3903250354722,-129.1797217336086,1.9586475683112305,-70.99451939471635
10.43043043043043,20.429537199001953,-130.60103343320253,1.9586475683112305,-71.19471959491655
10.45045045045045,20.468749362531707,-132.02635314481248,1.9586475683112305,-71.39491979511675
10.47047047047047,20.50796152606146,-133.45568086843844,1.9586475683112305,-71.59511999531695
10.49049049049049,20.547173689591215,-134.8890166040804,1.9586475683112305,-71.79532019551715
10.51051051051051,20.58638585312097,-136.3263603517384,1.9586475683112305,-71.99552039571735
10.53053053053053,20.625598016650724,-137.76771211141244,1.9586475683112305,-72.19572059591755
10.55055055055055,20.664810180180478,-139.2130718831025,1.9586475683112305,-72.39592079611775
10.57057057057057,20.704022343710232,-140.66243966680855,1.9586475683112305,-72.59612099631795
10.59059059059059,20.743234507239986,-142.11581546253063,1.9586475683112305,-72.79632119651815
10.61061061061061,20.78244667076974,-143.57319927026873,1.9586475683112305,-72.99652139671835
10.63063063063063,20.821658834299495,-145.03459109002284,1.9586475683112305,-73.19672159691855
10.65065065065065,20.86087099782925,-146.49999092179297,1.9586475683112305,-73.39692179711875
10.67067067067067,20.900083161359003,-147.96939876557914,1.9586475683112305,-73.59712199731895
10.690690690690692,20.939295324888757,-149.44281462138133,1.9586475683112305,-73.79732219751915
10.71071071071071,20.97850748841851,-150.92023848919953,1.9586475683112305,-73.99752239771935
10.73073073073073,21.017719651948266,-152.40167036903375,1.9586475683112305,-74.19772259791955
10.75075075075075,21.05693181547802,-153.887110260884,1.9586475683112305,-74.39792279811975
10.77077077077077,21.096143979007774,-155.37655816475024,1.9586475683112305,-74.59812299831995
10.790790790790792,21.13535614253753,-156.87001408063253,1.9586475683112305,-74.79832319852015
10.81081081081081,21.174568306067282,-158.36747800853084,1.9586475683112305,-74.99852339872035
10.83083083083083,21.213780469597037,-159.86894994844516,1.9586475683112305,-75.19872359892055
10.85085085085085,21.25299263312679,-161.3744299003755,1.9586475683112305,-75.39892379912075
10.87087087087087,21.292204796656545,-162.88391786432186,1.9586475683112305,-75.59912399932095
10.890890890890892,21.3314169601863,-164.39741384028423,1.9586475683112305,-75.79932419952115
10.91091091091091,21.370629123716053,-165.91491782826265,1.9586475683112305,-75.99952439972135
10.93093093093093,21.409841287245808,-167.43642982825708,1.9586475683112305,-76.19972459992155
10.95095095095095,21.449053450775562,-168.96194984026752,1.9586475683112305,-76.39992480012175
10.97097097097097,21.488265614305316,-170.49147786429398,1.9586475683112305,-76.60012500032195
10.990990990990992,21.52747777783507,-172.02501390033646,1.9586475683112305,-76.80032520052215
11.01101101101101,21.566689941364825,-173.56255794839495,1.9586475683112305,-77.00052540072235
11.03103103103103,21.60590210489458,-175.10411000846946,1.9586475683112305,-77.20072560092255
11.05105105105105,21.645114268424333,-176.64967008056,1.9586475683112305,-77.40092580112275
11.07107107107107,21.684326431954087,-178.19923816466658,1.9586475683112305,-77.60112600132295
11.091091091091092,21.72353859548384,-179.75281426078917,1.9586475683112305,-77.80132620152315
11.11111111111111,21.762750759013596,-181.31039836892776,1.9586475683112305,-78.00152640172335
11.13113113113113,21.80196292254335,-182.87199048908238,1.9586475683112305,-78.20172660192355
11.15115115115115,21.841175086073104,-184.437590621253,1.9586475683112305,-78.40192680212375
11.17117117117117,21.880387249602858,-186.00719876543968,1.9586475683112305,-78.60212700232395
11.191191191191193,21.919599413132612,-187.58081492164237,1.9586475683112305,-78.80232720252415
11.21121121121121,21.958811576662367,-189.15843908986108,1.9586475683112305,-79.00252740272435
11.23123123123123,21.99802374019212,-190.7400712700958,1.9586475683112305,-79.20272760292455
11.25125125125125,22.037235903721875,-192.32571146234653,1.9586475683112305,-79.40292780312475
11.27127127127127,22.07644806725163,-193.91535966661328,1.9586475683112305,-79.60312800332495
11.291291291291293,22.115660230781383,-195.50901588289608,1.9586475683112305,-79.80332820352515
11.31131131131131,22.154872394311138,-197.1066801111949,1.9586475683112305,-80.00352840372535
11.33133133133133,22.194084557840892,-198.70835235150972,1.9586475683112305,-80.20372860392555
11.35135135135135,22.233296721370646,-200.31403260384056,1.9586475683112305,-80.40392880412575
11.37137137137137,22.2725088849004,-201.92372086818742,1.9586475683112305,-80.60412900432596
11.391391391391393,22.311721048430154,-203.5374171445503,1.9586475683112305,-80.80432920452616
11.411411411411411,22.35093321195991,-205.15512143292918,1.9586475683112305,-81.00452940472636
11.431431431431431,22.390145375489663,-206.7768337333241,1.9586475683112305,-81.20472960492656
11.451451451451451,22.429357539019417,-208.40255404573506,1.9586475683112305,-81.40492980512676
11.471471471471471,22.46856970254917,-210.03228237016202,1.9586475683112305,-81.60513000532696
11.491491491491493,22.507781866078926,-211.666018706605,1.9586475683112305,-81.80533020552716
11.511511511511511,22.54699402960868,-213.303763055064,1.9586475683112305,-82.00553040572736
11.531531531531531,22.586206193138434,-214.945515415539,1.9586475683112305,-82.20573060592756
11.551551551551551,22.625418356668188,-216.59127578803006,1.9586475683112305,-82.40593080612776
11.571571571571571,22.664630520197942,-218.24104417253713,1.9586475683112305,-82.60613100632796
11.591591591591593,22.703842683727697,-219.89482056906022,1.9586475683112305,-82.80633120652816
11.611611611611611,22.74305484725745,-221.55260497759932,1.9586475683112305,-83.00653140672836
11.631631631631631,22.782267010787205,-223.21439739815443,1.9586475683112305,-83.20673160692856
11.651651651651651,22.82147917431696,-224.88019783072556,1.9586475683112305,-83.40693180712876
11.671671671671671,22.860691337846713,-226.55000627531274,1.9586475683112305,-83.60713200732896
11.691691691691693,22.899903501376468,-228.22382273191593,1.9586475683112305,-83.80733220752916
11.711711711711711,22.939115664906222,-229.90164720053514,1.9586475683112305,-84.00753240772936
11.731731731731731,22.978327828435976,-231.58347968117036,1.9586475683112305,-84.20773260792956
11.751751751751751,23.01753999196573,-233.2693201738216,1.9586475683112305,-84.40793280812976
11.771771771771771,23.056752155495484,-234.95916867848885,1.9586475683112305,-84.60813300832996
11.791791791791793,23.09596431902524,-236.65302519517212,1.9586475683112305,-84.80833320853016
11.811811811811811,23.135176482554993,-238.35088972387143,1.9586475683112305,-85.00853340873036
11.831831831831831,23.174388646084747,-240.05276226458676,1.9586475683112305,-85.20873360893056
11.851851851851851,23.2136008096145,-241.7586428173181,1.9586475683112305,-85.40893380913076
11.871871871871871,23.252812973144255,-243.46853138206546,1.9586475683112305,-85.60913400933096
11.891891891891893,23.29202513667401,-245.18242795882884,1.9586475683112305,-85.80933420953116
11.911911911911911,23.331237300203764,-246.90033254760823,1.9586475683112305,-86.00953440973136
11.931931931931931,23.370449463733518,-248.62224514840366,1.9586475683112305,-86.20973460993156
11.951951951951951,23.409661627263272,-250.3481657612151,1.9586475683112305,-86.40993481013176
11.971971971971973,23.448873790793026,-252.07809438604258,1.9586475683112305,-86.61013501033196
11.991991991991993,23.48808595432278,-253.81203102288606,1.9586475683112305,-86.81033521053216
12.012012012012011,23.527298117852535,-255.54997567174556,1.9586475683112305,-87.01053541073236
12.032032032032031,23.56651028138229,-257.29192833262107,1.9586475683112305,-87.21073561093256
12.052052052052051,23.605722444912043,-259.0378890055126,1.9586475683112305,-87.41093581113276
12.072072072072073,23.644934608441798,-260.7878576904202,1.9586475683112305,-87.61113601133296
12.092092092092093,23.68414677197155,-262.5418343873438,1.9586475683112305,-87.81133621153316
12.112112112112111,23.723358935501306,-264.2998190962834,1.9586475683112305,-88.01153641173336
12.132132132132131,23.76257109903106,-266.061811817239,1.9586475683112305,-88.21173661193356
12.152152152152151,23.801783262560814,-267.82781255021064,1.9586475683112305,-88.41193681213376
12.172172172172173,23.84099542609057,-269.5978212951983,1.9586475683112305,-88.61213701233396
12.192192192192193,23.880207589620323,-271.37183805220195,1.9586475683112305,-88.81233721253416
12.212212212212211,23.919419753150077,-273.14986282122163,1.9586475683112305,-89.01253741273436
12.232232232232231,23.95863191667983,-274.9318956022573,1.9586475683112305,-89.21273761293456
12.252252252252251,23.997844080209585,-276.7179363953091,1.9586475683112305,-89.41293781313476
12.272272272272273,24.03705624373934,-278.5079852003769,1.9586475683112305,-89.61313801333496
12.292292292292293,24.076268407269094,-280.3020420174607,1.9586475683112305,-89.81333821353516
12.312312312312311,24.115480570798848,-282.1001068465605,1.9586475683112305,-90.01353841373536
12.332332332332332,24.154692734328602,-283.9021796876763,1.9586475683112305,-90.21373861393556
12.352352352352352,24.193904897858356,-285.70826054080817,1.9586475683112305,-90.41393881413576
12.372372372372373,24.23311706138811,-287.51834940595603,1.9586475683112305,-90.61413901433596
12.392392392392393,24.272329224917865,-289.3324462831199,1.9586475683112305,-90.81433921453616
12.412412412412412,24.31154138844762,-291.1505511722998,1.9586475683112305,-91.01453941473636
12.432432432432432,24.350753551977373,-292.9726640734957,1.9586475683112305,-91.21473961493656
12.452452452452452,24.389965715507127,-294.79878498670763,1.9586475683112305,-91.41493981513676
12.472472472472473,24.42917787903688,-296.62891391193557,1.9586475683112305,-91.61514001533696
12.492492492492493,24.468390042566636,-298.4630508491796,1.9586475683112305,-91.81534021553716
12.512512512512512,24.50760220609639,-300.3011957984396,1.9586475683112305,-92.01554041573736
12.532532532532532,24.546814369626144,-302.14334875971565,1.9586475683112305,-92.21574061593756
12.552552552552552,24.5860265331559,-303.9895097330077,1.9586475683112305,-92.41594081613776
12.572572572572573,24.625238696685653,-305.8396787183158,1.9586475683112305,-92.61614101633796
12.592592592592593,24.664450860215407,-307.69385571563987,1.9586475683112305,-92.81634121653816
12.612612612612612,24.70366302374516,-309.55204072498,1.9586475683112305,-93.01654141673836
12.632632632632632,24.742875187274915,-311.4142337463361,1.9586475683112305,-93.21674161693856
12.652652652652652,24.78208735080467,-313.28043477970823,1.9586475683112305,-93.41694181713876
12.672672672672673,24.821299514334424,-315.1506438250964,1.9586475683112305,-93.61714201733896
12.692692692692694,24.860511677864178,-317.02486088250055,1.9586475683112305,-93.81734221753916
12.712712712712712,24.899723841393932,-318.90308595192073,1.9586475683112305,-94.01754241773936
12.732732732732732,24.938936004923686,-320.7853190333569,1.9586475683112305,-94.21774261793956
12.752752752752752,24.97814816845344,-322.6715601268092,1.9586475683112305,-94.41794281813976
12.772772772772774,25.017360331983195,-324.5618092322775,1.9586475683112305,-94.61814301833996
12.792792792792794,25.05657249551295,-326.4560663497618,1.9586475683112305,-94.81834321854016
12.812812812812812,25.095784659042703,-328.3543314792621,1.9586475683112305,-95.01854341874036
12.832832832832832,25.134996822572457,-330.25660462077843,1.9586475683112305,-95.21874361894056
12.852852852852852,25.17420898610221,-332.1628857743108,1.9586475683112305,-95.41894381914076
12.872872872872874,25.213421149631966,-334.07317493985914,1.9586475683112305,-95.61914401934096
12.892892892892894,25.25263331316172,-335.9874721174235,1.9586475683112305,-95.81934421954116
12.912912912912912,25.291845476691474,-337.9057773070039,1.9586475683112305,-96.01954441974137
12.932932932932932,25.33105764022123,-339.8280905086003,1.9586475683112305,-96.21974461994157
12.952952952952952,25.370269803750983,-341.75441172221275,1.9586475683112305,-96.41994482014177
12.972972972972974,25.409481967280737,-343.6847409478412,1.9586475683112305,-96.62014502034197
12.992992992992994,25.44869413081049,-345.61907818548565,1.9586475683112305,-96.82034522054217
13.013013013013012,25.487906294340245,-347.5574234351462,1.9586475683112305,-97.02054542074237
13.033033033033032,25.52711845787,-349.4997766968227,1.9586475683112305,-97.22074562094257
13.053053053053052,25.566330621399754,-351.4461379705153,1.9586475683112305,-97.42094582114277
13.073073073073074,25.605542784929508,-353.39650725622386,1.9586475683112305,-97.62114602134297
13.093093093093094,25.644754948459262,-355.35088455394845,1.9586475683112305,-97.82134622154317
13.113113113113112,25.683967111989016,-357.30926986368905,1.9586475683112305,-98.02154642174337
13.133133133133132,25.72317927551877,-359.2716631854457,1.9586475683112305,-98.22174662194357
13.153153153153154,25.762391439048525,-361.2380645192183,1.9586475683112305,-98.42194682214377
13.173173173173174,25.80160360257828,-363.20847386500697,1.9586475683112305,-98.62214702234397
13.193193193193194,25.840815766108033,-365.18289122281163,1.9586475683112305,-98.82234722254417
13.213213213213212,25.880027929637787,-367.1613165926323,1.9586475683112305,-99.02254742274437
13.233233233233232,25.91924009316754,-369.143749974469,1.9586475683112305,-99.22274762294457
13.253253253253254,25.958452256697296,-371.1301913683218,1.9586475683112305,-99.42294782314477
13.273273273273274,25.99766442022705,-373.1206407741906,1.9586475683112305,-99.62314802334497
13.293293293293294,26.036876583756804,-375.1150981920754,1.9586475683112305,-99.82334822354517
13.313313313313312,26.07608874728656,-377.1135636219762,1.9586475683112305,-100.02354842374537
13.333333333333332,26.115300910816313,-379.11603706389303,1.9586475683112305,-100.22374862394557
13.353353353353354,26.154513074346067,-381.1225185178259,1.9586475683112305,-100.42394882414577
13.373373373373374,26.19372523787582,-383.13300798377475,1.9586475683112305,-100.62414902434597
13.393393393393394,26.232937401405575,-385.1475054617396,1.9586475683112305,-100.82434922454617
13.413413413413412,26.27214956493533,-387.1660109517205,1.9586475683112305,-101.02454942474637
13.433433433433432,26.311361728465084,-389.18852445371743,1.9586475683112305,-101.22474962494657
13.453453453453454,26.350573891994838,-391.21504596773036,1.9586475683112305,-101.42494982514677
13.473473473473474,26.389786055524592,-393.2455754937593,1.9586475683112305,-101.62515002534697
13.493493493493494,26.428998219054346,-395.28011303180426,1.9586475683112305,-101.82535022554717
13.513513513513512,26.4682103825841,-397.3186585818653,1.9586475683112305,-102.02555042574737
13.533533533533532,26.507422546113855,-399.36121214394234,1.9586475683112305,-102.22575062594757
13.553553553553554,26.54663470964361,-401.4077737180354,1.9586475683112305,-102.42595082614777
13.573573573573574,26.585846873173363,-403.4583433041445,1.9586475683112305,-102.62615102634797
13.593593593593594,26.625059036703117,-405.51292090226957,1.9586475683112305,-102.82635122654817
13.613613613613612,26.66427120023287,-407.5715065124107,1.9586475683112305,-103.02655142674837
13.633633633633632,26.703483363762626,-409.6341001345678,1.9586475683112305,-103.22675162694857
13.653653653653654,26.74269552729238,-411.70070176874094,1.9586475683112305,-103.42695182714877
13.673673673673674,26.781907690822134,-413.7713114149301,1.9586475683112305,-103.62715202734897
13.693693693693694,26.82111985435189,-415.84592907313527,1.9586475683112305,-103.82735222754917
13.713713713713712,26.860332017881642,-417.92455474335645,1.9586475683112305,-104.02755242774937
13.733733733733732,26.899544181411397,-420.00718842559365,1.9586475683112305,-104.22775262794957
13.753753753753754,26.93875634494115,-422.09383011984687,1.9586475683112305,-104.42795282814977
13.773773773773774,26.977968508470905,-424.18447982611616,1.9586475683112305,-104.62815302834997
13.793793793793794,27.01718067200066,-426.27913754440146,1.9586475683112305,-104.82835322855017
13.813813813813812,27.056392835530414,-428.3778032747028,1.9586475683112305,-105.02855342875037
13.833833833833832,27.095604999060168,-430.4804770170201,1.9586475683112305,-105.22875362895057
13.853853853853854,27.134817162589922,-432.5871587713535,1.9586475683112305,-105.42895382915077
13.873873873873874,27.174029326119676,-434.69784853770284,1.9586475683112305,-105.62915402935097
13.893893893893894,27.21324148964943,-436.8125463160682,1.9586475683112305,-105.82935422955117
13.913913913913913,27.252453653179185,-438.9312521064496,1.9586475683112305,-106.02955442975137
13.933933933933933,27.29166581670894,-441.05396590884703,1.9586475683112305,-106.22975462995157
13.953953953953954,27.330877980238693,-443.18068772326046,1.9586475683112305,-106.42995483015177
13.973973973973974,27.370090143768447,-445.3114175496899,1.9586475683112305,-106.63015503035197
13.993993993993994,27.4093023072982,-447.44615538813537,1.9586475683112305,-106.83035523055217
14.014014014014013,27.448514470827956,-449.5849012385969,1.9586475683112305,-107.03055543075237
14.034034034034033,27.48772663435771,-451.72765510107445,1.9586475683112305,-107.23075563095257
14.054054054054054,27.526938797887464,-453.874416975568,1.9586475683112305,-107.43095583115277
14.074074074074074,27.566150961417218,-456.0251868620776,1.9586475683112305,-107.63115603135297
14.094094094094094,27.605363124946972,-458.1799647606032,1.9586475683112305,-107.83135623155317
14.114114114114113,27.644575288476727,-460.3387506711448,1.9586475683112305,-108.03155643175337
14.134134134134133,27.68378745200648,-462.5015445937024,1.9586475683112305,-108.23175663195357
14.154154154154154,27.722999615536235,-464.66834652827606,1.9586475683112305,-108.43195683215377
14.174174174174174,27.76221177906599,-466.8391564748657,1.9586475683112305,-108.63215703235397
14.194194194194194,27.801423942595743,-469.0139744334714,1.9586475683112305,-108.83235723255417
14.214214214214213,27.840636106125498,-471.1928004040931,1.9586475683112305,-109.03255743275437
14.234234234234233,27.879848269655252,-473.3756343867308,1.9586475683112305,-109.23275763295457
14.254254254254255,27.919060433185006,-475.5624763813845,1.9586475683112305,-109.43295783315477
14.274274274274275,27.95827259671476,-477.7533263880543,1.9586475683112305,-109.63315803335497
14.294294294294295,27.997484760244514,-479.9481844067401,1.9586475683112305,-109.83335823355517
14.314314314314313,28.03669692377427,-482.1470504374419,1.9586475683112305,-110.03355843375537
14.334334334334333,28.075909087304023,-484.34992448015976,1.9586475683112305,-110.23375863395557
14.354354354354355,28.115121250833777,-486.5568065348936,1.9586475683112305,-110.43395883415577
14.374374374374375,28.15433341436353,-488.7676966016435,1.9586475683112305,-110.63415903435597
14.394394394394395,28.193545577893286,-490.98259468040936,1.9586475683112305,-110.83435923455617
14.414414414414413,28.23275774142304,-493.20150077119126,1.9586475683112305,-111.03455943475637
14.434434434434436,28.271969904952794,-495.4244148739892,1.9586475683112305,-111.23475963495657
14.454454454454455,28.311182068482548,-497.6513369888031,1.9586475683112305,-111.43495983515677
14.474474474474475,28.350394232012302,-499.88226711563306,1.9586475683112305,-111.63516003535698
14.494494494494495,28.389606395542057,-502.117205254479,1.9586475683112305,-111.83536023555718
14.514514514514513,28.42881855907181,-504.356151405341,1.9586475683112305,-112.03556043575738
14.534534534534536,28.468030722601565,-506.59910556821904,1.9586475683112305,-112.23576063595758
14.554554554554555,28.50724288613132,-508.8460677431131,1.9586475683112305,-112.43596083615778
14.574574574574575,28.546455049661073,-511.0970379300232,1.9586475683112305,-112.63616103635798
14.594594594594595,28.585667213190828,-513.3520161289492,1.9586475683112305,-112.83636123655818
14.614614614614613,28.624879376720582,-515.6110023398913,1.9586475683112305,-113.03656143675838
14.634634634634637,28.664091540250336,-517.8739965628495,1.9586475683112305,-113.23676163695858
14.654654654654655,28.70330370378009,-520.1409987978236,1.9586475683112305,-113.43696183715878
14.674674674674675,28.742515867309844,-522.4120090448138,1.9586475683112305,-113.63716203735898
14.694694694694695,28.7817280308396,-524.68702730382,1.9586475683112305,-113.83736223755918
14.714714714714713,28.820940194369353,-526.9660535748421,1.9586475683112305,-114.03756243775938
14.734734734734737,28.860152357899107,-529.2490878578803,1.9586475683112305,-114.23776263795958
14.754754754754755,28.89936452142886,-531.5361301529346,1.9586475683112305,-114.43796283815978
14.774774774774775,28.938576684958615,-533.8271804600048,1.9586475683112305,-114.63816303835998
14.794794794794795,28.97778884848837,-536.122238779091,1.9586475683112305,-114.83836323856018
14.814814814814813,29.017001012018124,-538.4213051101933,1.9586475683112305,-115.03856343876038
14.834834834834837,29.056213175547878,-540.7243794533116,1.9586475683112305,-115.23876363896058
14.854854854854855,29.095425339077632,-543.0314618084459,1.9586475683112305,-115.43896383916078
14.874874874874875,29.134637502607386,-545.3425521755962,1.9586475683112305,-115.63916403936098
14.894894894894895,29.17384966613714,-547.6576505547625,1.9586475683112305,-115.83936423956118
14.914914914914913,29.213061829666895,-549.976756945945,1.9586475683112305,-116.03956443976138
14.934934934934937,29.25227399319665,-552.2998713491435,1.9586475683112305,-116.23976463996158
14.954954954954955,29.291486156726403,-554.626993764358,1.9586475683112305,-116.43996484016178
14.974974974974975,29.330698320256158,-556.9581241915885,1.9586475683112305,-116.64016504036198
14.994994994994995,29.36991048378591,-559.293262630835,1.9586475683112305,-116.84036524056218
15.015015015015013,29.409122647315666,-561.6324090820975,1.9586475683112305,-117.04056544076238
15.035035035035037,29.44833481084542,-563.9755635453761,1.9586475683112305,-117.24076564096258
15.055055055055055,29.487546974375174,-566.3227260206706,1.9586475683112305,-117.44096584116278
15.075075075075075,29.52675913790493,-568.6738965079812,1.9586475683112305,-117.64116604136298
15.095095095095095,29.565971301434683,-571.0290750073078,1.9586475683112305,-117.84136624156318
15.115115115115113,29.605183464964437,-573.3882615186504,1.9586475683112305,-118.04156644176338
15.135135135135137,29.64439562849419,-575.7514560420091,1.9586475683112305,-118.24176664196358
15.155155155155155,29.683607792023945,-578.1186585773837,1.9586475683112305,-118.44196684216378
15.175175175175175,29.7228199555537,-580.4898691247744,1.9586475683112305,-118.64216704236398
15.195195195195195,29.762032119083454,-582.865087684181,1.9586475683112305,-118.84236724256418
15.215215215215213,29.801244282613208,-585.2443142556037,1.9586475683112305,-119.04256744276438
15.235235235235237,29.840456446142962,-587.6275488390424,1.9586475683112305,-119.24276764296458
15.255255255255255,29.879668609672716,-590.0147914344972,1.9586475683112305,-119.44296784316478
15.275275275275275,29.91888077320247,-592.4060420419679,1.9586475683112305,-119.64316804336498
15.295295295295295,29.958092936732225,-594.8013006614547,1.9586475683112305,-119.84336824356518
15.315315315315313,29.99730510026198,-597.2005672929574,1.9586475683112305,-120.04356844376538
15.335335335335337,30.036517263791733,-599.6038419364762,1.9586475683112305,-120.24376864396558
15.355355355355355,30.075729427321487,-602.011124592011,1.9586475683112305,-120.44396884416578
15.375375375375375,30.11494159085124,-604.4224152595618,1.9586475683112305,-120.64416904436598
15.395395395395395,30.154153754380996,-606.8377139391287,1.9586475683112305,-120.84436924456618
15.415415415415413,30.19336591791075,-609.2570206307116,1.9586475683112305,-121.04456944476638
15.435435435435437,30.232578081440504,-611.6803353343106,1.9586475683112305,-121.24476964496658
15.455455455455455,30.27179024497026,-614.1076580499256,1.9586475683112305,-121.44496984516678
15.475475475475475,30.311002408500013,-616.5389887775566,1.9586475683112305,-121.64517004536698
15.495495495495495,30.350214572029767,-618.9743275172036,1.9586475683112305,-121.84537024556718
15.515515515515514,30.38942673555952,-621.4136742688667,1.9586475683112305,-122.04557044576738
15.535535535535537,30.428638899089275,-623.8570290325457,1.9586475683112305,-122.24577064596758
15.555555555555555,30.46785106261903,-626.3043918082408,1.9586475683112305,-122.44597084616778
15.575575575575575,30.507063226148784,-628.7557625959519,1.9586475683112305,-122.64617104636798
15.595595595595595,30.546275389678538,-631.211141395679,1.9586475683112305,-122.84637124656818
15.615615615615614,30.585487553208292,-633.6705282074221,1.9586475683112305,-123.04657144676838
15.635635635635637,30.624699716738046,-636.1339230311812,1.9586475683112305,-123.24677164696858
15.655655655655655,30.6639118802678,-638.6013258669564,1.9586475683112305,-123.44697184716878
15.675675675675675,30.703124043797555,-641.0727367147475,1.9586475683112305,-123.64717204736898
15.695695695695695,30.74233620732731,-643.5481555745547,1.9586475683112305,-123.84737224756918
15.715715715715717,30.781548370857063,-646.0275824463779,1.9586475683112305,-124.04757244776938
15.735735735735737,30.820760534386817,-648.5110173302171,1.9586475683112305,-124.24777264796958
15.755755755755755,30.85997269791657,-650.9984602260723,1.9586475683112305,-124.44797284816978
15.775775775775776,30.899184861446326,-653.4899111339436,1.9586475683112305,-124.64817304836998
15.795795795795796,30.93839702497608,-655.9853700538308,1.9586475683112305,-124.84837324857018
15.815815815815817,30.977609188505834,-658.4848369857341,1.9586475683112305,-125.04857344877038
15.835835835835837,31.01682135203559,-660.9883119296534,1.9586475683112305,-125.24877364897058
15.855855855855856,31.056033515565343,-663.4957948855887,1.9586475683112305,-125.44897384917078
15.875875875875876,31.095245679095097,-666.00728585354,1.9586475683112305,-125.64917404937098
15.895895895895896,31.13445784262485,-668.5227848335073,1.9586475683112305,-125.84937424957118
15.915915915915917,31.173670006154605,-671.0422918254908,1.9586475683112305,-126.04957444977138
15.935935935935937,31.21288216968436,-673.5658068294903,1.9586475683112305,-126.24977464997158
15.955955955955956,31.252094333214114,-676.0933298455058,1.9586475683112305,-126.44997485017178
15.975975975975976,31.291306496743868,-678.6248608735373,1.9586475683112305,-126.65017505037198
15.995995995995996,31.330518660273622,-681.1603999135848,1.9586475683112305,-126.85037525057218
16.016016016016017,31.369730823803376,-683.6999469656483,1.9586475683112305,-127.05057545077239
16.036036036036037,31.40894298733313,-686.2435020297279,1.9586475683112305,-127.25077565097259
16.056056056056057,31.448155150862885,-688.7910651058235,1.9586475683112305,-127.45097585117279
16.076076076076077,31.48736731439264,-691.342636193935,1.9586475683112305,-127.65117605137299
16.096096096096094,31.526579477922393,-693.8982152940627,1.9586475683112305,-127.85137625157319
16.116116116116117,31.565791641452147,-696.4578024062063,1.9586475683112305,-128.0515764517734
16.136136136136138,31.6050038049819,-699.0213975303659,1.9586475683112305,-128.2517766519736
16.156156156156158,31.644215968511656,-701.5890006665416,1.9586475683112305,-128.45197685217383
16.176176176176178,31.68342813204141,-704.1606118147332,1.9586475683112305,-128.65217705237404
16.196196196196194,31.722640295571164,-706.7362309749409,1.9586475683112305,-128.85237725257426
16.216216216216218,31.76185245910092,-709.3158581471646,1.9586475683112305,-129.05257745277447
16.236236236236238,31.801064622630673,-711.8994933314043,1.9586475683112305,-129.2527776529747
16.256256256256258,31.840276786160427,-714.48713652766,1.9586475683112305,-129.4529778531749
16.276276276276278,31.87948894969018,-717.0787877359318,1.9586475683112305,-129.65317805337511
16.296296296296294,31.918701113219935,-719.6744469562195,1.9586475683112305,-129.85337825357533
16.316316316316318,31.95791327674969,-722.2741141885233,1.9586475683112305,-130.05357845377554
16.336336336336338,31.997125440279444,-724.8777894328431,1.9586475683112305,-130.25377865397576
16.356356356356358,32.0363376038092,-727.4854726891789,1.9586475683112305,-130.45397885417597
16.376376376376378,32.075549767338956,-730.0971639575307,1.9586475683112305,-130.6541790543762
16.396396396396394,32.11476193086871,-732.7128632378985,1.9586475683112305,-130.8543792545764
16.416416416416418,32.153974094398464,-735.3325705302825,1.9586475683112305,-131.05457945477661
16.436436436436438,32.19318625792822,-737.9562858346825,1.9586475683112305,-131.25477965497683
16.456456456456458,32.23239842145797,-740.5840091510985,1.9586475683112305,-131.45497985517704
16.476476476476478,32.27161058498773,-743.2157404795305,1.9586475683112305,-131.65518005537726
16.496496496496494,32.31082274851748,-745.8514798199785,1.9586475683112305,-131.85538025557747
16.516516516516518,32.350034912047235,-748.4912271724426,1.9586475683112305,-132.0555804557777
16.536536536536538,32.38924707557699,-751.1349825369226,1.9586475683112305,-132.2557806559779
16.556556556556558,32.42845923910674,-753.7827459134187,1.9586475683112305,-132.45598085617812
16.576576576576578,32.4676714026365,-756.4345173019308,1.9586475683112305,-132.65618105637833
16.596596596596594,32.50688356616625,-759.0902967024589,1.9586475683112305,-132.85638125657854
16.616616616616618,32.546095729696006,-761.750084115003,1.9586475683112305,-133.05658145677876
16.636636636636638,32.58530789322576,-764.4138795395631,1.9586475683112305,-133.25678165697897
16.656656656656658,32.624520056755514,-767.0816829761393,1.9586475683112305,-133.4569818571792
16.676676676676678,32.66373222028527,-769.7534944247315,1.9586475683112305,-133.6571820573794
16.696696696696694,32.70294438381502,-772.4293138853396,1.9586475683112305,-133.85738225757962
16.716716716716718,32.74215654734478,-775.1091413579638,1.9586475683112305,-134.05758245777983
16.736736736736738,32.78136871087453,-777.792976842604,1.9586475683112305,-134.25778265798004
16.756756756756758,32.820580874404286,-780.4808203392603,1.9586475683112305,-134.45798285818026
16.776776776776778,32.85979303793404,-783.1726718479325,1.9586475683112305,-134.65818305838047
16.796796796796794,32.899005201463794,-785.8685313686208,1.9586475683112305,-134.8583832585807
16.816816816816818,32.93821736499355,-788.568398901325,1.9586475683112305,-135.0585834587809
16.836836836836838,32.9774295285233,-791.2722744460453,1.9586475683112305,-135.25878365898112
16.856856856856858,33.01664169205306,-793.9801580027816,1.9586475683112305,-135.45898385918133
16.876876876876878,33.05585385558281,-796.6920495715341,1.9586475683112305,-135.65918405938154
16.896896896896898,33.095066019112565,-799.4079491523025,1.9586475683112305,-135.85938425958176
16.916916916916918,33.13427818264232,-802.127856745087,1.9586475683112305,-136.05958445978197
16.936936936936938,33.17349034617207,-804.8517723498875,1.9586475683112305,-136.2597846599822
16.956956956956958,33.21270250970183,-807.579695966704,1.9586475683112305,-136.4599848601824
16.976976976976978,33.25191467323158,-810.3116275955365,1.9586475683112305,-136.66018506038262
16.996996996996998,33.291126836761336,-813.047567236385,1.9586475683112305,-136.86038526058283
17.017017017017018,33.33033900029109,-815.7875148892496,1.9586475683112305,-137.06058546078305
17.037037037037038,33.369551163820844,-818.5314705541301,1.9586475683112305,-137.26078566098326
17.057057057057058,33.4087633273506,-821.2794342310267,1.9586475683112305,-137.46098586118347
17.077077077077078,33.44797549088035,-824.0314059199393,1.9586475683112305,-137.6611860613837
17.097097097097098,33.48718765441011,-826.7873856208679,1.9586475683112305,-137.8613862615839
17.117117117117118,33.52639981793986,-829.5473733338125,1.9586475683112305,-138.06158646178412
17.137137137137138,33.565611981469615,-832.3113690587732,1.9586475683112305,-138.26178666198433
17.157157157157158,33.60482414499937,-835.0793727957498,1.9586475683112305,-138.46198686218455
17.177177177177178,33.644036308529124,-837.8513845447425,1.9586475683112305,-138.66218706238476
17.197197197197198,33.68324847205888,-840.6274043057512,1.9586475683112305,-138.86238726258497
17.217217217217218,33.72246063558863,-843.4074320787759,1.9586475683112305,-139.0625874627852
17.237237237237238,33.76167279911839,-846.1914678638166,1.9586475683112305,-139.2627876629854
17.25725725725726,33.80088496264814,-848.9795116608733,1.9586475683112305,-139.46298786318562
17.27727727727728,33.840097126177895,-851.771563469946,1.9586475683112305,-139.66318806338583
17.2972972972973,33.87930928970765,-854.5676232910348,1.9586475683112305,-139.86338826358605
17.31731731731732,33.9185214532374,-857.3676911241396,1.9586475683112305,-140.06358846378626
17.33733733733734,33.95773361676716,-860.1717669692604,1.9586475683112305,-140.26378866398647
17.35735735735736,33.99694578029691,-862.9798508263973,1.9586475683112305,-140.4639888641867
17.37737737737738,34.036157943826666,-865.7919426955502,1.9586475683112305,-140.6641890643869
17.3973973973974,34.07537010735642,-868.6080425767192,1.9586475683112305,-140.86438926458712
17.41741741741742,34.114582270886174,-871.4281504699042,1.9586475683112305,-141.06458946478733
17.43743743743744,34.15379443441593,-874.2522663751051,1.9586475683112305,-141.26478966498755
17.45745745745746,34.19300659794568,-877.0803902923221,1.9586475683112305,-141.46498986518776
17.47747747747748,34.23221876147544,-879.9125222215552,1.9586475683112305,-141.66519006538797
17.4974974974975,34.27143092500519,-882.7486621628042,1.9586475683112305,-141.8653902655882
17.51751751751752,34.310643088534945,-885.5888101160692,1.9586475683112305,-142.0655904657884
17.53753753753754,34.3498552520647,-888.4329660813503,1.9586475683112305,-142.26579066598862
17.55755755755756,34.389067415594454,-891.2811300586474,1.9586475683112305,-142.46599086618883
17.57757757757758,34.42827957912421,-894.1333020479605,1.9586475683112305,-142.66619106638905
17.5975975975976,34.46749174265396,-896.9894820492896,1.9586475683112305,-142.86639126658926
17.61761761761762,34.506703906183716,-899.8496700626347,1.9586475683112305,-143.06659146678948
17.63763763763764,34.54591606971347,-902.7138660879958,1.9586475683112305,-143.2667916669897
17.65765765765766,34.585128233243225,-905.582070125373,1.9586475683112305,-143.4669918671899
17.67767767767768,34.62434039677298,-908.4542821747661,1.9586475683112305,-143.66719206739012
17.6976976976977,34.66355256030273,-911.3305022361753,1.9586475683112305,-143.86739226759033
17.71771771771772,34.70276472383249,-914.2107303096005,1.9586475683112305,-144.06759246779055
17.73773773773774,34.74197688736224,-917.0949663950418,1.9586475683112305,-144.26779266799076
17.75775775775776,34.781189050891996,-919.983210492499,1.9586475683112305,-144.46799286819098
17.77777777777778,34.82040121442175,-922.8754626019722,1.9586475683112305,-144.6681930683912
17.7977977977978,34.859613377951504,-925.7717227234615,1.9586475683112305,-144.8683932685914
17.81781781781782,34.89882554148126,-928.6719908569668,1.9586475683112305,-145.06859346879162
17.83783783783784,34.93803770501101,-931.5762670024882,1.9586475683112305,-145.26879366899183
17.85785785785786,34.97724986854077,-934.4845511600256,1.9586475683112305,-145.46899386919205
17.87787787787788,35.01646203207052,-937.396843329579,1.9586475683112305,-145.66919406939226
17.8978978978979,35.055674195600275,-940.3131435111485,1.9586475683112305,-145.86939426959248
17.91791791791792,35.09488635913003,-943.233451704734,1.9586475683112305,-146.0695944697927
17.93793793793794,35.134098522659784,-946.1577679103355,1.9586475683112305,-146.2697946699929
17.95795795795796,35.17331068618954,-949.086092127953,1.9586475683112305,-146.46999487019312
17.97797797797798,35.21252284971929,-952.0184243575865,1.9586475683112305,-146.67019507039333
17.997997997998,35.251735013249046,-954.954764599236,1.9586475683112305,-146.87039527059355
18.01801801801802,35.2909471767788,-957.8951128529015,1.9586475683112305,-147.07059547079376
18.03803803803804,35.330159340308555,-960.8394691185831,1.9586475683112305,-147.27079567099398
18.05805805805806,35.36937150383831,-963.7878333962807,1.9586475683112305,-147.4709958711942
18.07807807807808,35.40858366736806,-966.7402056859943,1.9586475683112305,-147.6711960713944
18.0980980980981,35.44779583089782,-969.6965859877239,1.9586475683112305,-147.87139627159462
18.11811811811812,35.48700799442757,-972.6569743014695,1.9586475683112305,-148.07159647179483
18.13813813813814,35.526220157957326,-975.6213706272312,1.9586475683112305,-148.27179667199505
18.15815815815816,35.56543232148708,-978.5897749650088,1.9586475683112305,-148.47199687219526
18.17817817817818,35.604644485016834,-981.5621873148025,1.9586475683112305,-148.67219707239548
18.1981981981982,35.64385664854659,-984.5386076766122,1.9586475683112305,-148.8723972725957
18.21821821821822,35.68306881207634,-987.5190360504379,1.9586475683112305,-149.0725974727959
18.23823823823824,35.7222809756061,-990.5034724362796,1.9586475683112305,-149.27279767299612
18.25825825825826,35.76149313913585,-993.4919168341373,1.9586475683112305,-149.47299787319633
18.27827827827828,35.800705302665605,-996.4843692440111,1.9586475683112305,-149.67319807339655
18.2982982982983,35.83991746619536,-999.4808296659008,1.9586475683112305,-149.87339827359676
18.31831831831832,35.879129629725114,-1002.4812980998067,1.9586475683112305,-150.07359847379698
18.33833833833834,35.91834179325487,-1005.4857745457286,1.9586475683112305,-150.2737986739972
18.35835835835836,35.95755395678462,-1008.4942590036666,1.9586475683112305,-150.4739988741974
18.37837837837838,35.996766120314376,-1011.5067514736205,1.9586475683112305,-150.67419907439762
18.3983983983984,36.03597828384413,-1014.5232519555905,1.9586475683112305,-150.87439927459783
18.41841841841842,36.075190447373885,-1017.5437604495764,1.9586475683112305,-151.07459947479805
18.43843843843844,36.11440261090364,-1020.5682769555784,1.9586475683112305,-151.27479967499826
18.45845845845846,36.15361477443339,-1023.5968014735964,1.9586475683112305,-151.47499987519848
18.47847847847848,36.19282693796315,-1026.6293340036304,1.9586475683112305,-151.6752000753987
18.4984984984985,36.2320391014929,-1029.6658745456805,1.9586475683112305,-151.8754002755989
18.51851851851852,36.271251265022656,-1032.7064230997464,1.9586475683112305,-152.07560047579912
18.53853853853854,36.31046342855241,-1035.7509796658285,1.9586475683112305,-152.27580067599933
18.55855855855856,36.349675592082164,-1038.7995442439267,1.9586475683112305,-152.47600087619955
18.57857857857858,36.38888775561192,-1041.8521168340408,1.9586475683112305,-152.67620107639976
18.5985985985986,36.42809991914167,-1044.908697436171,1.9586475683112305,-152.87640127659998
18.61861861861862,36.46731208267143,-1047.9692860503171,1.9586475683112305,-153.0766014768002
18.63863863863864,36.50652424620118,-1051.0338826764794,1.9586475683112305,-153.2768016770004
18.65865865865866,36.545736409730935,-1054.1024873146575,1.9586475683112305,-153.47700187720062
18.67867867867868,36.58494857326069,-1057.1750999648518,1.9586475683112305,-153.67720207740084
18.6986986986987,36.624160736790444,-1060.251720627062,1.9586475683112305,-153.87740227760105
18.71871871871872,36.6633729003202,-1063.3323493012883,1.9586475683112305,-154.07760247780126
18.73873873873874,36.70258506384995,-1066.4169859875306,1.9586475683112305,-154.27780267800148
18.75875875875876,36.741797227379706,-1069.505630685789,1.9586475683112305,-154.4780028782017
18.77877877877878,36.78100939090946,-1072.5982833960632,1.9586475683112305,-154.6782030784019
18.7987987987988,36.820221554439215,-1075.6949441183535,1.9586475683112305,-154.87840327860212
18.81881881881882,36.85943371796897,-1078.7956128526598,1.9586475683112305,-155.07860347880234
18.83883883883884,36.89864588149872,-1081.9002895989822,1.9586475683112305,-155.27880367900255
18.85885885885886,36.93785804502848,-1085.0089743573205,1.9586475683112305,-155.47900387920276
18.87887887887888,36.97707020855823,-1088.121667127675,1.9586475683112305,-155.67920407940298
18.8988988988989,37.016282372087986,-1091.2383679100453,1.9586475683112305,-155.8794042796032
18.91891891891892,37.05549453561774,-1094.3590767044318,1.9586475683112305,-156.0796044798034
18.93893893893894,37.094706699147494,-1097.4837935108342,1.9586475683112305,-156.27980468000362
18.95895895895896,37.13391886267725,-1100.6125183292527,1.9586475683112305,-156.48000488020384
18.97897897897898,37.173131026207,-1103.745251159687,1.9586475683112305,-156.68020508040405
18.998998998999,37.21234318973676,-1106.8819920021376,1.9586475683112305,-156.88040528060426
19.01901901901902,37.25155535326651,-1110.0227408566043,1.9586475683112305,-157.08060548080448
19.03903903903904,37.290767516796265,-1113.1674977230869,1.9586475683112305,-157.2808056810047
19.05905905905906,37.32997968032602,-1116.3162626015855,1.9586475683112305,-157.4810058812049
19.07907907907908,37.36919184385577,-1119.4690354921001,1.9586475683112305,-157.68120608140512
19.0990990990991,37.40840400738553,-1122.6258163946309,1.9586475683112305,-157.88140628160534
19.11911911911912,37.44761617091528,-1125.7866053091775,1.9586475683112305,-158.08160648180555
19.13913913913914,37.486828334445036,-1128.9514022357403,1.9586475683112305,-158.28180668200577
19.15915915915916,37.52604049797479,-1132.120207174319,1.9586475683112305,-158.48200688220598
19.17917917917918,37.565252661504545,-1135.2930201249137,1.9586475683112305,-158.6822070824062
19.1991991991992,37.6044648250343,-1138.4698410875244,1.9586475683112305,-158.8824072826064
19.21921921921922,37.64367698856405,-1141.6506700621512,1.9586475683112305,-159.08260748280662
19.23923923923924,37.68288915209381,-1144.835507048794,1.9586475683112305,-159.28280768300684
19.25925925925926,37.72210131562356,-1148.0243520474528,1.9586475683112305,-159.48300788320705
19.27927927927928,37.761313479153316,-1151.2172050581275,1.9586475683112305,-159.68320808340727
19.2992992992993,37.80052564268307,-1154.4140660808184,1.9586475683112305,-159.88340828360748
19.31931931931932,37.839737806212824,-1157.6149351155252,1.9586475683112305,-160.0836084838077
19.33933933933934,37.87894996974258,-1160.8198121622481,1.9586475683112305,-160.2838086840079
19.35935935935936,37.91816213327233,-1164.028697220987,1.9586475683112305,-160.48400888420812
19.37937937937938,37.95737429680209,-1167.2415902917419,1.9586475683112305,-160.68420908440834
19.3993993993994,37.99658646033184,-1170.4584913745127,1.9586475683112305,-160.88440928460855
19.41941941941942,38.035798623861595,-1173.6794004692997,1.9586475683112305,-161.08460948480877
19.43943943943944,38.07501078739135,-1176.9043175761026,1.9586475683112305,-161.28480968500898
19.45945945945946,38.1142229509211,-1180.1332426949216,1.9586475683112305,-161.4850098852092
19.47947947947948,38.15343511445086,-1183.3661758257565,1.9586475683112305,-161.6852100854094
19.4994994994995,38.19264727798061,-1186.6031169686075,1.9586475683112305,-161.88541028560962
19.51951951951952,38.231859441510366,-1189.8440661234747,1.9586475683112305,-162.08561048580984
19.53953953953954,38.27107160504012,-1193.0890232903578,1.9586475683112305,-162.28581068601005
19.55955955955956,38.310283768569874,-1196.337988469257,1.9586475683112305,-162.48601088621027
19.57957957957958,38.34949593209963,-1199.590961660172,1.9586475683112305,-162.68621108641048
19.5995995995996,38.38870809562938,-1202.8479428631033,1.9586475683112305,-162.8864112866107
19.61961961961962,38.42792025915914,-1206.1089320780504,1.9586475683112305,-163.0866114868109
19.63963963963964,38.46713242268889,-1209.3739293050137,1.9586475683112305,-163.28681168701112
19.65965965965966,38.506344586218646,-1212.6429345439929,1.9586475683112305,-163.48701188721134
19.67967967967968,38.5455567497484,-1215.9159477949881,1.9586475683112305,-163.68721208741155
19.6996996996997,38.584768913278154,-1219.1929690579993,1.9586475683112305,-163.88741228761177
19.71971971971972,38.62398107680791,-1222.4739983330267,1.9586475683112305,-164.08761248781198
19.73973973973974,38.66319324033766,-1225.7590356200699,1.9586475683112305,-164.2878126880122
19.75975975975976,38.70240540386742,-1229.0480809191292,1.9586475683112305,-164.4880128882124
19.77977977977978,38.74161756739717,-1232.3411342302045,1.9586475683112305,-164.68821308841262
19.7997997997998,38.780829730926925,-1235.6381955532959,1.9586475683112305,-164.88841328861284
19.81981981981982,38.82004189445668,-1238.9392648884032,1.9586475683112305,-165.08861348881305
19.83983983983984,38.85925405798643,-1242.2443422355266,1.9586475683112305,-165.28881368901327
19.85985985985986,38.89846622151619,-1245.553427594666,1.9586475683112305,-165.48901388921348
19.87987987987988,38.93767838504594,-1248.8665209658213,1.9586475683112305,-165.6892140894137
19.8998998998999,38.976890548575696,-1252.1836223489927,1.9586475683112305,-165.8894142896139
19.91991991991992,39.01610271210545,-1255.5047317441802,1.9586475683112305,-166.08961448981412
19.93993993993994,39.055314875635204,-1258.8298491513835,1.9586475683112305,-166.28981469001434
19.95995995995996,39.09452703916496,-1262.158974570603,1.9586475683112305,-166.49001489021455
19.97997997997998,39.13373920269471,-1265.4921080018387,1.9586475683112305,-166.69021509041477
20.0,39.17295136622447,-1268.8292494450902,1.9586475683112305,-166.89041529061498
