t,xpos,ypos,vx,vy
0.0,0.0,7.113393373893606,61.437569397577995,53.06560013263588
0.02002002002002002,1.2299813693208808,8.175767750923354,61.437569397577995,52.86539993243568
0.04004004004004004,2.4599627386417615,9.234134115937081,61.437569397577995,52.66519973223548
0.06006006006006006,3.689944107962642,10.288492468934788,61.437569397577995,52.46499953203528
0.08008008008008008,4.919925477283523,11.338842809916475,61.437569397577995,52.26479933183508
0.10010010010010009,6.149906846604404,12.385185138882143,61.437569397577995,52.06459913163488
0.12012012012012012,7.379888215925285,13.42751945583179,61.437569397577995,51.86439893143468
0.14014014014014015,8.609869585246166,14.465845760765417,61.437569397577995,51.66419873123448
0.16016016016016016,9.839850954567046,15.500164053683024,61.437569397577995,51.46399853103428
0.18018018018018017,11.069832323887926,16.53047433458461,61.437569397577995,51.26379833083408
0.20020020020020018,12.299813693208806,17.556776603470176,61.437569397577995,51.06359813063388
0.22022022022022023,13.529795062529686,18.579070860339723,61.437569397577995,50.86339793043368
0.24024024024024024,14.759776431850566,19.59735710519325,61.437569397577995,50.66319773023348
0.2602602602602603,15.989757801171447,20.61163533803076,61.437569397577995,50.46299753003328
0.2802802802802803,17.21973917049233,21.621905558852244,61.437569397577995,50.26279732983308
0.3003003003003003,18.44972053981321,22.62816776765771,61.437569397577995,50.06259712963288
0.3203203203203203,19.679701909134092,23.63042196444716,61.437569397577995,49.86239692943268
0.3403403403403404,20.909683278454974,24.628668149220587,61.437569397577995,49.66219672923248
0.36036036036036034,22.139664647775856,25.622906321977993,61.437569397577995,49.46199652903228
0.3803803803803804,23.369646017096738,26.61313648271938,61.437569397577995,49.26179632883208
0.40040040040040037,24.59962738641762,27.599358631444748,61.437569397577995,49.06159612863188
0.42042042042042044,25.8296087557385,28.581572768154096,61.437569397577995,48.861395928431676
0.44044044044044045,27.059590125059383,29.559778892847422,61.437569397577995,48.661195728231476
0.4604604604604605,28.289571494380265,30.53397700552473,61.437569397577995,48.460995528031276
0.4804804804804805,29.519552863701147,31.504167106186017,61.437569397577995,48.260795327831076
0.5005005005005005,30.74953423302203,32.470349194831286,61.437569397577995,48.060595127630876
0.5205205205205206,31.97951560234291,33.43252327146053,61.437569397577995,47.860394927430676
0.5405405405405406,33.20949697166379,34.390689336073756,61.437569397577995,47.660194727230476
0.5605605605605606,34.43947834098467,35.34484738867096,61.437569397577995,47.459994527030275
0.5805805805805806,35.66945971030555,36.29499742925215,61.437569397577995,47.259794326830075
0.6006006006006006,36.899441079626435,37.24113945781732,61.437569397577995,47.059594126629875
0.6206206206206206,38.12942244894732,38.183273474366466,61.437569397577995,46.859393926429675
0.6406406406406406,39.3594038182682,39.12139947889959,61.437569397577995,46.659193726229475
0.6606606606606606,40.58938518758908,40.0555174714167,61.437569397577995,46.458993526029275
0.6806806806806808,41.81936655690996,40.985627451917786,61.437569397577995,46.258793325829075
0.7007007007007007,43.049347926230844,41.91172942040285,61.437569397577995,46.058593125628875
0.7207207207207207,44.279329295551726,42.8338233768719,61.437569397577995,45.858392925428674
0.7407407407407407,45.50931066487261,43.75190932132492,61.437569397577995,45.658192725228474
0.7607607607607608,46.73929203419349,44.66598725376193,61.437569397577995,45.457992525028274
0.7807807807807808,47.96927340351437,45.576057174182914,61.437569397577995,45.257792324828074
0.8008008008008007,49.19925477283525,46.48211908258788,61.437569397577995,45.057592124627874
0.8208208208208208,50.429236142156135,47.38417297897683,61.437569397577995,44.857391924427674
0.8408408408408409,51.65921751147702,48.282218863349755,61.437569397577995,44.657191724227474
0.8608608608608609,52.8891988807979,49.17625673570666,61.437569397577995,44.45699152402727
0.8808808808808809,54.11918025011878,50.06628659604755,61.437569397577995,44.25679132382707
0.9009009009009008,55.34916161943966,50.95230844437241,61.437569397577995,44.05659112362687
0.920920920920921,56.579142988760545,51.834322280681256,61.437569397577995,43.85639092342667
0.9409409409409409,57.80912435808143,52.712328104974084,61.437569397577995,43.65619072322647
0.960960960960961,59.03910572740231,53.58632591725089,61.437569397577995,43.45599052302627
0.980980980980981,60.26908709672319,54.45631571751168,61.437569397577995,43.25579032282607
1.001001001001001,61.49906846604407,55.322297505756445,61.437569397577995,43.05559012262587
1.021021021021021,62.729049835364954,56.18427128198519,61.437569397577995,42.85538992242567
1.0410410410410411,63.959031204685836,57.04223704619792,61.437569397577995,42.65518972222547
1.0610610610610611,65.18901257400671,57.896194798394625,61.437569397577995,42.45498952202527
1.0810810810810811,66.41899394332759,58.74614453857531,61.437569397577995,42.25478932182507
1.1011011011011012,67.64897531264847,59.592086266739976,61.437569397577995,42.05458912162487
1.1211211211211212,68.87895668196936,60.43401998288862,61.437569397577995,41.85438892142467
1.1411411411411412,70.10893805129024,61.271945687021244,61.437569397577995,41.65418872122447
1.1611611611611612,71.33891942061112,62.10586337913785,61.437569397577995,41.45398852102427
1.1811811811811812,72.568900789932,62.935773059238436,61.437569397577995,41.25378832082407
1.2012012012012012,73.79888215925288,63.761674727323005,61.437569397577995,41.05358812062387
1.2212212212212212,75.02886352857377,64.58356838339155,61.437569397577995,40.85338792042367
1.2412412412412412,76.25884489789465,65.40145402744407,61.437569397577995,40.65318772022347
1.2612612612612613,77.48882626721553,66.21533165948058,61.437569397577995,40.45298752002327
1.2812812812812813,78.71880763653641,67.02520127950108,61.437569397577995,40.25278731982307
1.3013013013013013,79.9487890058573,67.83106288750554,61.437569397577995,40.05258711962287
1.3213213213213213,81.17877037517817,68.63291648349399,61.437569397577995,39.85238691942267
1.3413413413413413,82.40875174449906,69.43076206746642,61.437569397577995,39.65218671922247
1.3613613613613615,83.63873311381994,70.22459963942282,61.437569397577995,39.45198651902227
1.3813813813813813,84.86871448314082,71.0144291993632,61.437569397577995,39.25178631882207
1.4014014014014013,86.0986958524617,71.80025074728758,61.437569397577995,39.05158611862187
1.4214214214214214,87.32867722178258,72.58206428319592,61.437569397577995,38.85138591842167
1.4414414414414414,88.55865859110347,73.35986980708824,61.437569397577995,38.65118571822147
1.4614614614614616,89.78863996042435,74.13366731896456,61.437569397577995,38.45098551802127
1.4814814814814814,91.01862132974523,74.90345681882484,61.437569397577995,38.25078531782107
1.5015015015015014,92.24860269906611,75.6692383066691,61.437569397577995,38.05058511762087
1.5215215215215216,93.478584068387,76.43101178249735,61.437569397577995,37.85038491742067
1.5415415415415414,94.70856543770788,77.18877724630957,61.437569397577995,37.65018471722047
1.5615615615615617,95.93854680702876,77.94253469810577,61.437569397577995,37.44998451702027
1.5815815815815815,97.16852817634964,78.69228413788596,61.437569397577995,37.24978431682007
1.6016016016016015,98.39850954567052,79.43802556565012,61.437569397577995,37.04958411661987
1.6216216216216217,99.6284909149914,80.17975898139827,61.437569397577995,36.84938391641967
1.6416416416416415,100.85847228431228,80.9174843851304,61.437569397577995,36.64918371621947
1.6616616616616617,102.08845365363317,81.6512017768465,61.437569397577995,36.44898351601927
1.6816816816816818,103.31843502295405,82.38091115654659,61.437569397577995,36.24878331581907
1.7017017017017015,104.54841639227493,83.10661252423066,61.437569397577995,36.04858311561887
1.7217217217217218,105.77839776159581,83.8283058798987,61.437569397577995,35.84838291541867
1.7417417417417416,107.0083791309167,84.54599122355073,61.437569397577995,35.64818271521847
1.7617617617617618,108.23836050023758,85.25966855518674,61.437569397577995,35.44798251501827
1.7817817817817818,109.46834186955846,85.96933787480673,61.437569397577995,35.24778231481807
1.8018018018018016,110.69832323887934,86.67499918241069,61.437569397577995,35.04758211461787
1.8218218218218218,111.92830460820022,87.37665247799863,61.437569397577995,34.84738191441767
1.841841841841842,113.1582859775211,88.07429776157056,61.437569397577995,34.64718171421747
1.8618618618618619,114.38826734684199,88.76793503312646,61.437569397577995,34.44698151401727
1.8818818818818819,115.61824871616287,89.45756429266635,61.437569397577995,34.24678131381707
1.9019019019019017,116.84823008548375,90.14318554019022,61.437569397577995,34.04658111361687
1.921921921921922,118.07821145480463,90.82479877569806,61.437569397577995,33.84638091341667
1.9419419419419421,119.30819282412551,91.50240399918988,61.437569397577995,33.64618071321647
1.961961961961962,120.5381741934464,92.17600121066569,61.437569397577995,33.445980513016266
1.981981981981982,121.76815556276728,92.84559041012547,61.437569397577995,33.245780312816066
2.002002002002002,122.99813693208816,93.51117159756923,61.437569397577995,33.045580112615866
2.022022022022022,124.22811830140904,94.17274477299698,61.437569397577995,32.845379912415666
2.042042042042042,125.45809967072992,94.8303099364087,61.437569397577995,32.645179712215466
2.0620620620620618,126.6880810400508,95.4838670878044,61.437569397577995,32.444979512015266
2.0820820820820822,127.91806240937169,96.13341622718409,61.437569397577995,32.244779311815066
2.1021021021021022,129.14804377869257,96.77895735454776,61.437569397577995,32.044579111614865
2.1221221221221223,130.37802514801345,97.4204904698954,61.437569397577995,31.844378911414665
2.1421421421421423,131.60800651733433,98.05801557322702,61.437569397577995,31.644178711214465
2.1621621621621623,132.8379878866552,98.69153266454263,61.437569397577995,31.443978511014265
2.1821821821821823,134.0679692559761,99.32104174384222,61.437569397577995,31.243778310814065
2.2022022022022023,135.29795062529698,99.94654281112578,61.437569397577995,31.043578110613865
2.2222222222222223,136.52793199461786,100.56803586639333,61.437569397577995,30.843377910413665
2.2422422422422423,137.75791336393874,101.18552090964485,61.437569397577995,30.643177710213465
2.2622622622622623,138.98789473325962,101.79899794088035,61.437569397577995,30.442977510013264
2.2822822822822824,140.2178761025805,102.40846696009984,61.437569397577995,30.242777309813064
2.3023023023023024,141.4478574719014,103.0139279673033,61.437569397577995,30.042577109612864
2.3223223223223224,142.67783884122227,103.61538096249075,61.437569397577995,29.842376909412664
2.3423423423423424,143.90782021054315,104.21282594566217,61.437569397577995,29.642176709212464
2.3623623623623624,145.13780157986403,104.80626291681757,61.437569397577995,29.441976509012264
2.3823823823823824,146.3677829491849,105.39569187595696,61.437569397577995,29.241776308812064
2.4024024024024024,147.5977643185058,105.98111282308032,61.437569397577995,29.041576108611864
2.4224224224224224,148.82774568782668,106.56252575818766,61.437569397577995,28.841375908411663
2.4424424424424425,150.05772705714756,107.13993068127898,61.437569397577995,28.641175708211463
2.4624624624624625,151.28770842646844,107.71332759235429,61.437569397577995,28.440975508011263
2.4824824824824825,152.51768979578932,108.28271649141358,61.437569397577995,28.240775307811063
2.5025025025025025,153.7476711651102,108.84809737845684,61.437569397577995,28.040575107610863
2.5225225225225225,154.9776525344311,109.40947025348409,61.437569397577995,27.840374907410663
2.5425425425425425,156.20763390375197,109.96683511649532,61.437569397577995,27.640174707210463
2.5625625625625625,157.43761527307285,110.52019196749052,61.437569397577995,27.439974507010263
2.5825825825825826,158.66759664239373,111.0695408064697,61.437569397577995,27.239774306810062
2.6026026026026026,159.89757801171461,111.61488163343287,61.437569397577995,27.039574106609862
2.6226226226226226,161.1275593810355,112.15621444838001,61.437569397577995,26.839373906409662
2.6426426426426426,162.35754075035638,112.69353925131114,61.437569397577995,26.639173706209462
2.6626626626626626,163.58752211967726,113.22685604222625,61.437569397577995,26.438973506009262
2.6826826826826826,164.81750348899814,113.75616482112532,61.437569397577995,26.23877330580906
2.7027027027027026,166.04748485831902,114.28146558800839,61.437569397577995,26.03857310560886
2.722722722722723,167.2774662276399,114.80275834287544,61.437569397577995,25.83837290540866
2.7427427427427427,168.5074475969608,115.32004308572645,61.437569397577995,25.63817270520846
2.7627627627627627,169.73742896628167,115.83331981656146,61.437569397577995,25.43797250500826
2.7827827827827827,170.96741033560255,116.34258853538044,61.437569397577995,25.23777230480806
2.8028028028028027,172.19739170492343,116.8478492421834,61.437569397577995,25.03757210460786
2.822822822822823,173.42737307424431,117.34910193697034,61.437569397577995,24.83737190440766
2.8428428428428427,174.6573544435652,117.84634661974127,61.437569397577995,24.63717170420746
2.8628628628628627,175.88733581288608,118.33958329049618,61.437569397577995,24.43697150400726
2.8828828828828827,177.11731718220696,118.82881194923506,61.437569397577995,24.23677130380706
2.9029029029029028,178.34729855152784,119.31403259595793,61.437569397577995,24.03657110360686
2.922922922922923,179.57727992084872,119.79524523066478,61.437569397577995,23.83637090340666
2.942942942942943,180.8072612901696,120.2724498533556,61.437569397577995,23.63617070320646
2.962962962962963,182.0372426594905,120.7456464640304,61.437569397577995,23.43597050300626
2.982982982982983,183.26722402881137,121.21483506268919,61.437569397577995,23.23577030280606
3.003003003003003,184.49720539813225,121.68001564933195,61.437569397577995,23.03557010260586
3.0230230230230233,185.72718676745313,122.1411882239587,61.437569397577995,22.83536990240566
3.0430430430430433,186.95716813677402,122.59835278656942,61.437569397577995,22.63516970220546
3.063063063063063,188.1871495060949,123.05150933716412,61.437569397577995,22.43496950200526
3.083083083083083,189.41713087541578,123.5006578757428,61.437569397577995,22.23476930180506
3.103103103103103,190.64711224473666,123.94579840230547,61.437569397577995,22.03456910160486
3.1231231231231233,191.87709361405754,124.38693091685211,61.437569397577995,21.83436890140466
3.1431431431431434,193.10707498337842,124.82405541938273,61.437569397577995,21.63416870120446
3.163163163163163,194.3370563526993,125.25717190989734,61.437569397577995,21.43396850100426
3.183183183183183,195.5670377220202,125.68628038839591,61.437569397577995,21.23376830080406
3.203203203203203,196.79701909134107,126.11138085487848,61.437569397577995,21.03356810060386
3.2232232232232234,198.02700046066195,126.53247330934502,61.437569397577995,20.83336790040366
3.2432432432432434,199.25698182998283,126.94955775179555,61.437569397577995,20.633167700203458
3.263263263263263,200.48696319930372,127.36263418223005,61.437569397577995,20.432967500003258
3.283283283283283,201.7169445686246,127.77170260064854,61.437569397577995,20.232767299803058
3.303303303303303,202.94692593794548,128.176763007051,61.437569397577995,20.032567099602858
3.3233233233233235,204.17690730726636,128.57781540143745,61.437569397577995,19.832366899402658
3.3433433433433435,205.40688867658724,128.97485978380786,61.437569397577995,19.632166699202457
3.3633633633633635,206.63687004590813,129.36789615416225,61.437569397577995,19.431966499002257
3.383383383383383,207.866851415229,129.75692451250063,61.437569397577995,19.231766298802057
3.403403403403403,209.0968327845499,130.141944858823,61.437569397577995,19.031566098601857
3.4234234234234235,210.32681415387077,130.52295719312934,61.437569397577995,18.831365898401657
3.4434434434434436,211.55679552319165,130.89996151541968,61.437569397577995,18.631165698201457
3.4634634634634636,212.78677689251253,131.272957825694,61.437569397577995,18.430965498001257
3.483483483483483,214.01675826183342,131.64194612395227,61.437569397577995,18.230765297801057
3.503503503503503,215.2467396311543,132.00692641019452,61.437569397577995,18.030565097600856
3.5235235235235236,216.47672100047518,132.36789868442077,61.437569397577995,17.830364897400656
3.5435435435435436,217.70670236979606,132.724862946631,61.437569397577995,17.630164697200456
3.5635635635635636,218.93668373911694,133.0778191968252,61.437569397577995,17.429964497000256
3.583583583583583,220.16666510843783,133.4267674350034,61.437569397577995,17.229764296800056
3.603603603603603,221.3966464777587,133.77170766116555,61.437569397577995,17.029564096599856
3.6236236236236237,222.6266278470796,134.1126398753117,61.437569397577995,16.829363896399656
3.6436436436436437,223.85660921640047,134.4495640774418,61.437569397577995,16.629163696199456
3.6636636636636637,225.08659058572135,134.7824802675559,61.437569397577995,16.428963495999255
3.683683683683684,226.31657195504224,135.111388445654,61.437569397577995,16.228763295799055
3.7037037037037033,227.54655332436312,135.43628861173607,61.437569397577995,16.028563095598855
3.7237237237237237,228.776534693684,135.7571807658021,61.437569397577995,15.828362895398655
3.7437437437437437,230.00651606300488,136.07406490785212,61.437569397577995,15.628162695198455
3.7637637637637638,231.23649743232576,136.38694103788612,61.437569397577995,15.427962494998255
3.783783783783784,232.46647880164664,136.6958091559041,61.437569397577995,15.227762294798055
3.8038038038038033,233.69646017096753,137.00066926190607,61.437569397577995,15.027562094597855
3.823823823823824,234.9264415402884,137.30152135589202,61.437569397577995,14.827361894397654
3.843843843843844,236.1564229096093,137.59836543786196,61.437569397577995,14.627161694197454
3.863863863863864,237.38640427893017,137.89120150781585,61.437569397577995,14.426961493997254
3.8838838838838843,238.61638564825105,138.18002956575373,61.437569397577995,14.226761293797054
3.9039039039039034,239.84636701757194,138.4648496116756,61.437569397577995,14.026561093596854
3.923923923923924,241.07634838689282,138.74566164558144,61.437569397577995,13.826360893396654
3.943943943943944,242.3063297562137,139.02246566747127,61.437569397577995,13.626160693196454
3.963963963963964,243.53631112553458,139.29526167734508,61.437569397577995,13.425960492996253
3.9839839839839843,244.76629249485546,139.56404967520285,61.437569397577995,13.225760292796053
4.004004004004004,245.99627386417635,139.8288296610446,61.437569397577995,13.025560092595853
4.0240240240240235,247.22625523349723,140.08960163487035,61.437569397577995,12.825359892395653
4.044044044044044,248.4562366028181,140.34636559668007,61.437569397577995,12.625159692195453
4.064064064064064,249.686217972139,140.59912154647378,61.437569397577995,12.424959491995253
4.084084084084084,250.91619934145987,140.84786948425148,61.437569397577995,12.224759291795053
4.104104104104104,252.14618071078075,141.09260941001313,61.437569397577995,12.024559091594853
4.1241241241241235,253.37616208010164,141.33334132375876,61.437569397577995,11.824358891394652
4.1441441441441444,254.60614344942252,141.57006522548838,61.437569397577995,11.624158691194452
4.1641641641641645,255.8361248187434,141.80278111520198,61.437569397577995,11.423958490994252
4.1841841841841845,257.0661061880643,142.03148899289957,61.437569397577995,11.223758290794052
4.2042042042042045,258.29608755738514,142.25618885858114,61.437569397577995,11.023558090593852
4.2242242242242245,259.526068926706,142.4768807122467,61.437569397577995,10.823357890393652
4.2442442442442445,260.75605029602684,142.6935645538962,61.437569397577995,10.623157690193452
4.2642642642642645,261.9860316653477,142.9062403835297,61.437569397577995,10.422957489993252
4.2842842842842845,263.21601303466855,143.1149082011472,61.437569397577995,10.222757289793051
4.3043043043043046,264.4459944039894,143.31956800674865,61.437569397577995,10.022557089592851
4.324324324324325,265.67597577331026,143.5202198003341,61.437569397577995,9.822356889392651
4.344344344344345,266.9059571426311,143.71686358190354,61.437569397577995,9.622156689192451
4.364364364364365,268.13593851195196,143.90949935145693,61.437569397577995,9.421956488992251
4.384384384384385,269.3659198812728,144.0981271089943,61.437569397577995,9.22175628879205
4.404404404404405,270.59590125059367,144.28274685451566,61.437569397577995,9.02155608859185
4.424424424424425,271.8258826199145,144.463358588021,61.437569397577995,8.82135588839165
4.444444444444445,273.0558639892354,144.63996230951034,61.437569397577995,8.62115568819145
4.464464464464465,274.28584535855623,144.81255801898365,61.437569397577995,8.42095548799125
4.484484484484485,275.5158267278771,144.98114571644092,61.437569397577995,8.22075528779105
4.504504504504505,276.74580809719794,145.14572540188217,61.437569397577995,8.02055508759085
4.524524524524525,277.9757894665188,145.3062970753074,61.437569397577995,7.82035488739065
4.544544544544545,279.20577083583964,145.46286073671664,61.437569397577995,7.62015468719045
4.564564564564565,280.4357522051605,145.61541638610984,61.437569397577995,7.41995448699025
4.584584584584585,281.66573357448135,145.76396402348703,61.437569397577995,7.2197542867900495
4.604604604604605,282.8957149438022,145.9085036488482,61.437569397577995,7.019554086589849
4.624624624624625,284.12569631312306,146.04903526219334,61.437569397577995,6.819353886389649
4.644644644644645,285.3556776824439,146.18555886352246,61.437569397577995,6.619153686189449
4.664664664664665,286.58565905176476,146.31807445283556,61.437569397577995,6.418953485989249
4.684684684684685,287.8156404210856,146.44658203013265,61.437569397577995,6.218753285789049
4.704704704704705,289.04562179040647,146.57108159541372,61.437569397577995,6.018553085588849
4.724724724724725,290.2756031597273,146.69157314867877,61.437569397577995,5.818352885388649
4.744744744744745,291.5055845290482,146.80805668992778,61.437569397577995,5.6181526851884485
4.764764764764765,292.73556589836903,146.92053221916078,61.437569397577995,5.417952484988248
4.784784784784785,293.9655472676899,147.02899973637776,61.437569397577995,5.217752284788048
4.804804804804805,295.19552863701074,147.13345924157872,61.437569397577995,5.017552084587848
4.824824824824825,296.4255100063316,147.23391073476367,61.437569397577995,4.817351884387648
4.844844844844845,297.65549137565245,147.3303542159326,61.437569397577995,4.617151684187448
4.864864864864865,298.8854727449733,147.4227896850855,61.437569397577995,4.416951483987248
4.884884884884885,300.11545411429415,147.51121714222236,61.437569397577995,4.2167512837870476
4.904904904904905,301.345435483615,147.59563658734322,61.437569397577995,4.016551083586847
4.924924924924925,302.57541685293586,147.67604802044806,61.437569397577995,3.8163508833866473
4.944944944944945,303.8053982222567,147.7524514415369,61.437569397577995,3.616150683186447
4.964964964964965,305.03537959157757,147.8248468506097,61.437569397577995,3.415950482986247
4.984984984984985,306.2653609608984,147.8932342476665,61.437569397577995,3.215750282786047
5.005005005005005,307.4953423302193,147.95761363270725,61.437569397577995,3.015550082585847
5.025025025025025,308.7253236995401,148.017985005732,61.437569397577995,2.8153498823856467
5.045045045045045,309.955305068861,148.0743483667407,61.437569397577995,2.6151496821854465
5.065065065065065,311.18528643818183,148.1267037157334,61.437569397577995,2.4149494819852464
5.085085085085085,312.4152678075027,148.1750510527101,61.437569397577995,2.2147492817850463
5.105105105105105,313.64524917682354,148.21939037767078,61.437569397577995,2.014549081584846
5.125125125125125,314.8752305461444,148.2597216906154,61.437569397577995,1.814348881384646
5.145145145145145,316.10521191546525,148.29604499154402,61.437569397577995,1.6141486811844459
5.165165165165165,317.3351932847861,148.32836028045662,61.437569397577995,1.4139484809842457
5.185185185185185,318.56517465410695,148.3566675573532,61.437569397577995,1.2137482807840456
5.205205205205205,319.7951560234278,148.38096682223377,61.437569397577995,1.0135480805838455
5.225225225225225,321.02513739274866,148.40125807509833,61.437569397577995,0.8133478803836454
5.245245245245245,322.2551187620695,148.41754131594683,61.437569397577995,0.6131476801834452
5.265265265265265,323.48510013139037,148.42981654477933,61.437569397577995,0.41294747998324505
5.285285285285285,324.7150815007112,148.4380837615958,61.437569397577995,0.21274727978304486
5.305305305305305,325.9450628700321,148.44234296639627,61.437569397577995,0.012547079582844678
5.325325325325325,327.1750442393529,148.44259415918071,61.437569397577995,-0.1876531206173555
5.345345345345346,328.4050256086738,148.43883733994915,61.437569397577995,-0.3878533208175557
5.365365365365365,329.63500697799464,148.43107250870153,61.437569397577995,-0.5880535210177559
5.385385385385385,330.8649883473155,148.4192996654379,61.437569397577995,-0.7882537212179561
5.405405405405405,332.09496971663634,148.40351881015826,61.437569397577995,-0.9884539214181562
5.425425425425425,333.3249510859572,148.3837299428626,61.437569397577995,-1.1886541216183564
5.445445445445446,334.55493245527805,148.35993306355093,61.437569397577995,-1.3888543218185565
5.465465465465465,335.7849138245989,148.33212817222324,61.437569397577995,-1.5890545220187566
5.485485485485485,337.01489519391976,148.30031526887953,61.437569397577995,-1.7892547222189568
5.505505505505505,338.2448765632406,148.26449435351978,61.437569397577995,-1.989454922419157
5.525525525525525,339.47485793256146,148.224665426144,61.437569397577995,-2.189655122619357
5.545545545545546,340.7048393018823,148.18082848675223,61.437569397577995,-2.389855322819557
5.565565565565565,341.93482067120317,148.13298353534444,61.437569397577995,-2.5900555230197573
5.585585585585585,343.164802040524,148.08113057192062,61.437569397577995,-2.7902557232199574
5.605605605605605,344.3947834098449,148.0252695964808,61.437569397577995,-2.9904559234201575
5.625625625625625,345.62476477916573,147.96540060902493,61.437569397577995,-3.1906561236203577
5.645645645645646,346.8547461484866,147.90152360955304,61.437569397577995,-3.390856323820558
5.665665665665665,348.08472751780744,147.83363859806514,61.437569397577995,-3.591056524020758
5.685685685685685,349.3147088871283,147.76174557456122,61.437569397577995,-3.791256724220958
5.7057057057057055,350.54469025644914,147.68584453904128,61.437569397577995,-3.991456924421158
5.7257257257257255,351.77467162577,147.60593549150533,61.437569397577995,-4.191657124621359
5.745745745745746,353.00465299509085,147.52201843195334,61.437569397577995,-4.391857324821559
5.7657657657657655,354.2346343644117,147.43409336038533,61.437569397577995,-4.592057525021759
5.7857857857857855,355.46461573373256,147.3421602768013,61.437569397577995,-4.792257725221959
5.8058058058058055,356.6945971030534,147.24621918120127,61.437569397577995,-4.992457925422159
5.8258258258258255,357.92457847237426,147.1462700735852,61.437569397577995,-5.192658125622359
5.845845845845846,359.1545598416951,147.04231295395314,61.437569397577995,-5.3928583258225595
5.865865865865866,360.38454121101597,146.93434782230506,61.437569397577995,-5.59305852602276
5.885885885885886,361.6145225803368,146.82237467864093,61.437569397577995,-5.79325872622296
5.905905905905906,362.8445039496577,146.70639352296078,61.437569397577995,-5.99345892642316
5.925925925925926,364.07448531897853,146.58640435526462,61.437569397577995,-6.19365912662336
5.9459459459459465,365.3044666882994,146.46240717555244,61.437569397577995,-6.39385932682356
5.965965965965966,366.53444805762024,146.33440198382425,61.437569397577995,-6.59405952702376
5.9859859859859865,367.7644294269411,146.20238878008004,61.437569397577995,-6.79425972722396
6.006006006006006,368.99441079626195,146.0663675643198,61.437569397577995,-6.994459927424161
6.026026026026026,370.2243921655828,145.92633833654352,61.437569397577995,-7.194660127624361
6.046046046046047,371.45437353490365,145.78230109675124,61.437569397577995,-7.394860327824561
6.066066066066066,372.6843549042245,145.63425584494294,61.437569397577995,-7.595060528024761
6.086086086086087,373.91433627354536,145.48220258111863,61.437569397577995,-7.795260728224961
6.106106106106106,375.1443176428662,145.3261413052783,61.437569397577995,-7.995460928425161
6.126126126126126,376.37429901218707,145.16607201742193,61.437569397577995,-8.195661128625362
6.146146146146147,377.6042803815079,145.00199471754954,61.437569397577995,-8.395861328825562
6.166166166166166,378.8342617508288,144.83390940566113,61.437569397577995,-8.596061529025762
6.186186186186187,380.0642431201496,144.6618160817567,61.437569397577995,-8.796261729225963
6.206206206206206,381.2942244894705,144.48571474583628,61.437569397577995,-8.996461929426163
6.226226226226226,382.52420585879133,144.30560539789982,61.437569397577995,-9.196662129626363
6.246246246246247,383.7541872281122,144.12148803794736,61.437569397577995,-9.396862329826563
6.266266266266266,384.98416859743304,143.93336266597885,61.437569397577995,-9.597062530026763
6.286286286286287,386.2141499667539,143.74122928199432,61.437569397577995,-9.797262730226963
6.306306306306306,387.44413133607475,143.54508788599378,61.437569397577995,-9.997462930427163
6.326326326326326,388.6741127053956,143.34493847797722,61.437569397577995,-10.197663130627364
6.346346346346347,389.90409407471645,143.14078105794465,61.437569397577995,-10.397863330827564
6.366366366366366,391.1340754440373,142.93261562589606,61.437569397577995,-10.598063531027764
6.386386386386387,392.36405681335816,142.72044218183143,61.437569397577995,-10.798263731227964
6.406406406406406,393.594038182679,142.50426072575078,61.437569397577995,-10.998463931428164
6.426426426426426,394.82401955199987,142.28407125765412,61.437569397577995,-11.198664131628364
6.446446446446447,396.0540009213207,142.05987377754144,61.437569397577995,-11.398864331828564
6.466466466466466,397.2839822906416,141.83166828541275,61.437569397577995,-11.599064532028764
6.486486486486487,398.5139636599624,141.59945478126804,61.437569397577995,-11.799264732228965
6.506506506506506,399.7439450292833,141.36323326510728,61.437569397577995,-11.999464932429165
6.526526526526526,400.97392639860414,141.1230037369305,61.437569397577995,-12.199665132629365
6.546546546546547,402.203907767925,140.87876619673773,61.437569397577995,-12.399865332829565
6.566566566566566,403.43388913724584,140.63052064452893,61.437569397577995,-12.600065533029765
6.586586586586587,404.6638705065667,140.3782670803041,61.437569397577995,-12.800265733229965
6.606606606606606,405.89385187588755,140.12200550406328,61.437569397577995,-13.000465933430165
6.626626626626627,407.1238332452084,139.86173591580643,61.437569397577995,-13.200666133630365
6.646646646646647,408.35381461452926,139.59745831553354,61.437569397577995,-13.400866333830566
6.666666666666666,409.5837959838501,139.32917270324464,61.437569397577995,-13.601066534030766
6.686686686686687,410.81377735317096,139.05687907893972,61.437569397577995,-13.801266734230966
6.706706706706706,412.0437587224918,138.78057744261878,61.437569397577995,-14.001466934431166
6.726726726726727,413.27374009181267,138.50026779428183,61.437569397577995,-14.201667134631366
6.746746746746747,414.5037214611335,138.21595013392886,61.437569397577995,-14.401867334831566
6.766766766766766,415.7337028304544,137.92762446155984,61.437569397577995,-14.602067535031766
6.786786786786787,416.96368419977523,137.63529077717482,61.437569397577995,-14.802267735231966
6.806806806806806,418.1936655690961,137.33894908077377,61.437569397577995,-15.002467935432167
6.826826826826827,419.42364693841694,137.0385993723567,61.437569397577995,-15.202668135632367
6.846846846846847,420.6536283077378,136.73424165192364,61.437569397577995,-15.402868335832567
6.866866866866866,421.88360967705864,136.42587591947455,61.437569397577995,-15.603068536032767
6.886886886886887,423.1135910463795,136.11350217500942,61.437569397577995,-15.803268736232967
6.906906906906906,424.34357241570035,135.79712041852827,61.437569397577995,-16.00346893643317
6.926926926926927,425.5735537850212,135.4767306500311,61.437569397577995,-16.20366913663337
6.946946946946947,426.80353515434206,135.15233286951792,61.437569397577995,-16.40386933683357
6.966966966966966,428.0335165236629,134.82392707698872,61.437569397577995,-16.60406953703377
6.986986986986987,429.26349789298376,134.4915132724435,61.437569397577995,-16.80426973723397
7.007007007007006,430.4934792623046,134.15509145588229,61.437569397577995,-17.00446993743417
7.027027027027027,431.72346063162547,133.81466162730501,61.437569397577995,-17.20467013763437
7.047047047047047,432.9534420009463,133.47022378671173,61.437569397577995,-17.40487033783457
7.067067067067066,434.1834233702672,133.12177793410243,61.437569397577995,-17.60507053803477
7.087087087087087,435.41340473958803,132.7693240694771,61.437569397577995,-17.80527073823497
7.107107107107106,436.6433861089089,132.41286219283577,61.437569397577995,-18.00547093843517
7.127127127127127,437.87336747822974,132.05239230417843,61.437569397577995,-18.20567113863537
7.147147147147147,439.1033488475506,131.68791440350503,61.437569397577995,-18.40587133883557
7.167167167167166,440.33333021687145,131.31942849081562,61.437569397577995,-18.60607153903577
7.187187187187187,441.5633115861923,130.9469345661102,61.437569397577995,-18.80627173923597
7.207207207207206,442.79329295551315,130.57043262938876,61.437569397577995,-19.00647193943617
7.227227227227227,444.023274324834,130.1899226806513,61.437569397577995,-19.20667213963637
7.247247247247247,445.25325569415486,129.80540471989784,61.437569397577995,-19.40687233983657
7.267267267267268,446.4832370634757,129.41687874712832,61.437569397577995,-19.60707254003677
7.287287287287287,447.71321843279657,129.0243447623428,61.437569397577995,-19.80727274023697
7.3073073073073065,448.9431998021174,128.62780276554125,61.437569397577995,-20.00747294043717
7.327327327327327,450.1731811714383,128.2272527567237,61.437569397577995,-20.20767314063737
7.347347347347347,451.4031625407591,127.82269473589011,61.437569397577995,-20.407873340837572
7.367367367367368,452.63314391008,127.4141287030405,61.437569397577995,-20.608073541037772
7.387387387387387,453.86312527940083,127.00155465817488,61.437569397577995,-20.808273741237972
7.4074074074074066,455.0931066487217,126.58497260129325,61.437569397577995,-21.008473941438172
7.4274274274274275,456.32308801804254,126.16438253239558,61.437569397577995,-21.208674141638372
7.4474474474474475,457.5530693873634,125.7397844514819,61.437569397577995,-21.408874341838573
7.467467467467468,458.78305075668425,125.3111783585522,61.437569397577995,-21.609074542038773
7.4874874874874875,460.0130321260051,124.87856425360647,61.437569397577995,-21.809274742238973
7.507507507507507,461.24301349532595,124.44194213664473,61.437569397577995,-22.009474942439173
7.5275275275275275,462.4729948646468,124.00131200766697,61.437569397577995,-22.209675142639373
7.5475475475475475,463.70297623396766,123.5566738666732,61.437569397577995,-22.409875342839573
7.567567567567568,464.9329576032885,123.10802771366339,61.437569397577995,-22.610075543039773
7.587587587587588,466.16293897260937,122.65537354863757,61.437569397577995,-22.810275743239973
7.607607607607607,467.3929203419302,122.19871137159573,61.437569397577995,-23.010475943440174
7.627627627627628,468.6229017112511,121.73804118253787,61.437569397577995,-23.210676143640374
7.647647647647648,469.8528830805719,121.27336298146399,61.437569397577995,-23.410876343840574
7.6676676676676685,471.0828644498928,120.8046767683741,61.437569397577995,-23.611076544040774
7.687687687687688,472.31284581921363,120.33198254326817,61.437569397577995,-23.811276744240974
7.707707707707707,473.5428271885345,119.85528030614623,61.437569397577995,-24.011476944441174
7.727727727727728,474.77280855785534,119.37457005700827,61.437569397577995,-24.211677144641374
7.747747747747748,476.0027899271762,118.88985179585428,61.437569397577995,-24.411877344841574
7.767767767767769,477.23277129649705,118.40112552268428,61.437569397577995,-24.612077545041775
7.787787787787788,478.4627526658179,117.90839123749826,61.437569397577995,-24.812277745241975
7.807807807807807,479.69273403513876,117.41164894029622,61.437569397577995,-25.012477945442175
7.827827827827828,480.9227154044596,116.91089863107815,61.437569397577995,-25.212678145642375
7.847847847847848,482.15269677378046,116.40614030984408,61.437569397577995,-25.412878345842575
7.867867867867869,483.3826781431013,115.89737397659397,61.437569397577995,-25.613078546042775
7.887887887887888,484.61265951242217,115.38459963132784,61.437569397577995,-25.813278746242975
7.907907907907909,485.842640881743,114.8678172740457,61.437569397577995,-26.013478946443175
7.927927927927928,487.0726222510639,114.34702690474754,61.437569397577995,-26.213679146643376
7.947947947947948,488.30260362038473,113.82222852343335,61.437569397577995,-26.413879346843576
7.967967967967969,489.5325849897056,113.29342213010315,61.437569397577995,-26.614079547043776
7.987987987987988,490.76256635902644,112.76060772475694,61.437569397577995,-26.814279747243976
8.008008008008009,491.9925477283473,112.22378530739469,61.437569397577995,-27.014479947444176
8.028028028028029,493.22252909766814,111.68295487801643,61.437569397577995,-27.214680147644376
8.048048048048047,494.452510466989,111.13811643662216,61.437569397577995,-27.414880347844576
8.068068068068069,495.68249183630985,110.58926998321185,61.437569397577995,-27.615080548044777
8.088088088088089,496.9124732056307,110.03641551778553,61.437569397577995,-27.815280748244977
8.108108108108109,498.14245457495156,109.47955304034319,61.437569397577995,-28.015480948445177
8.128128128128129,499.3724359442724,108.91868255088482,61.437569397577995,-28.215681148645377
8.148148148148147,500.60241731359326,108.35380404941044,61.437569397577995,-28.415881348845577
8.168168168168169,501.8323986829141,107.78491753592004,61.437569397577995,-28.616081549045777
8.188188188188189,503.06238005223497,107.21202301041362,61.437569397577995,-28.816281749245977
8.208208208208209,504.2923614215558,106.63512047289117,61.437569397577995,-29.016481949446177
8.228228228228229,505.5223427908767,106.05420992335272,61.437569397577995,-29.216682149646378
8.248248248248247,506.75232416019753,105.46929136179823,61.437569397577995,-29.416882349846578
8.268268268268269,507.9823055295184,104.88036478822772,61.437569397577995,-29.617082550046778
8.288288288288289,509.21228689883924,104.2874302026412,61.437569397577995,-29.817282750246978
8.308308308308309,510.4422682681601,103.69048760503865,61.437569397577995,-30.017482950447178
8.328328328328329,511.67224963748095,103.08953699542009,61.437569397577995,-30.217683150647378
8.348348348348347,512.9022310068018,102.48457837378551,61.437569397577995,-30.41788335084758
8.368368368368369,514.1322123761227,101.87561174013491,61.437569397577995,-30.61808355104778
8.388388388388389,515.3621937454435,101.26263709446829,61.437569397577995,-30.81828375124798
8.408408408408409,516.5921751147644,100.64565443678565,61.437569397577995,-31.01848395144818
8.428428428428429,517.8221564840852,100.02466376708699,61.437569397577995,-31.21868415164838
8.448448448448449,519.0521378534061,99.3996650853723,61.437569397577995,-31.41888435184858
8.468468468468469,520.2821192227269,98.7706583916416,61.437569397577995,-31.61908455204878
8.488488488488489,521.5121005920478,98.13764368589489,61.437569397577995,-31.81928475224898
8.508508508508509,522.7420819613686,97.50062096813214,61.437569397577995,-32.01948495244918
8.528528528528529,523.9720633306895,96.85959023835338,61.437569397577995,-32.21968515264938
8.548548548548549,525.2020447000103,96.2145514965586,61.437569397577995,-32.41988535284958
8.568568568568569,526.4320260693312,95.56550474274779,61.437569397577995,-32.62008555304978
8.588588588588589,527.662007438652,94.91244997692097,61.437569397577995,-32.82028575324998
8.608608608608609,528.8919888079729,94.25538719907813,61.437569397577995,-33.020485953450184
8.62862862862863,530.1219701772937,93.59431640921926,61.437569397577995,-33.220686153650384
8.64864864864865,531.3519515466146,92.92923760734438,61.437569397577995,-33.420886353850584
8.66866866866867,532.5819329159355,92.26015079345348,61.437569397577995,-33.621086554050784
8.68868868868869,533.8119142852563,91.58705596754655,61.437569397577995,-33.821286754250984
8.70870870870871,535.0418956545772,90.9099531296236,61.437569397577995,-34.021486954451184
8.72872872872873,536.271877023898,90.22884227968464,61.437569397577995,-34.221687154651384
8.74874874874875,537.5018583932189,89.54372341772967,61.437569397577995,-34.421887354851584
8.76876876876877,538.7318397625397,88.85459654375866,61.437569397577995,-34.622087555051785
8.78878878878879,539.9618211318606,88.16146165777164,61.437569397577995,-34.822287755251985
8.80880880880881,541.1918025011814,87.4643187597686,61.437569397577995,-35.022487955452185
8.82882882882883,542.4217838705023,86.76316784974954,61.437569397577995,-35.222688155652385
8.84884884884885,543.6517652398231,86.05800892771445,61.437569397577995,-35.422888355852585
8.86886886886887,544.881746609144,85.34884199366336,61.437569397577995,-35.623088556052785
8.88888888888889,546.1117279784648,84.63566704759623,61.437569397577995,-35.823288756252985
8.90890890890891,547.3417093477857,83.91848408951309,61.437569397577995,-36.023488956453185
8.92892892892893,548.5716907171065,83.19729311941393,61.437569397577995,-36.223689156653386
8.94894894894895,549.8016720864274,82.47209413729874,61.437569397577995,-36.423889356853586
8.96896896896897,551.0316534557483,81.74288714316754,61.437569397577995,-36.624089557053786
8.98898898898899,552.2616348250691,81.00967213702032,61.437569397577995,-36.824289757253986
9.00900900900901,553.49161619439,80.27244911885707,61.437569397577995,-37.024489957454186
9.02902902902903,554.7215975637108,79.5312180886778,61.437569397577995,-37.224690157654386
9.04904904904905,555.9515789330317,78.78597904648252,61.437569397577995,-37.424890357854586
9.06906906906907,557.1815603023525,78.03673199227121,61.437569397577995,-37.62509055805479
9.08908908908909,558.4115416716734,77.28347692604389,61.437569397577995,-37.82529075825499
9.10910910910911,559.6415230409942,76.52621384780055,61.437569397577995,-38.02549095845519
9.12912912912913,560.8715044103151,75.76494275754119,61.437569397577995,-38.22569115865539
9.14914914914915,562.1014857796359,74.9996636552658,61.437569397577995,-38.42589135885559
9.16916916916917,563.3314671489568,74.2303765409744,61.437569397577995,-38.62609155905579
9.18918918918919,564.5614485182776,73.45708141466699,61.437569397577995,-38.82629175925599
9.20920920920921,565.7914298875985,72.67977827634354,61.437569397577995,-39.02649195945619
9.22922922922923,567.0214112569194,71.89846712600408,61.437569397577995,-39.22669215965639
9.24924924924925,568.2513926262402,71.1131479636486,61.437569397577995,-39.42689235985659
9.26926926926927,569.4813739955611,70.3238207892771,61.437569397577995,-39.62709256005679
9.28928928928929,570.7113553648819,69.53048560288957,61.437569397577995,-39.82729276025699
9.30930930930931,571.9413367342028,68.73314240448603,61.437569397577995,-40.02749296045719
9.32932932932933,573.1713181035236,67.93179119406646,61.437569397577995,-40.22769316065739
9.34934934934935,574.4012994728445,67.12643197163088,61.437569397577995,-40.42789336085759
9.36936936936937,575.6312808421653,66.31706473717928,61.437569397577995,-40.62809356105779
9.38938938938939,576.8612622114862,65.50368949071165,61.437569397577995,-40.82829376125799
9.40940940940941,578.091243580807,64.686306232228,61.437569397577995,-41.02849396145819
9.42942942942943,579.3212249501279,63.864914961728346,61.437569397577995,-41.22869416165839
9.44944944944945,580.5512063194487,63.03951567921266,61.437569397577995,-41.42889436185859
9.46946946946947,581.7811876887696,62.21010838468096,61.437569397577995,-41.62909456205879
9.48948948948949,583.0111690580904,61.376693078133236,61.437569397577995,-41.82929476225899
9.50950950950951,584.2411504274113,60.53926975956949,61.437569397577995,-42.02949496245919
9.52952952952953,585.4711317967322,59.697838428989726,61.437569397577995,-42.22969516265939
9.54954954954955,586.701113166053,58.852399086393945,61.437569397577995,-42.42989536285959
9.56956956956957,587.9310945353739,58.00295173178214,61.437569397577995,-42.63009556305979
9.58958958958959,589.1610759046947,57.14949636515431,61.437569397577995,-42.83029576325999
9.60960960960961,590.3910572740156,56.29203298651047,61.437569397577995,-43.03049596346019
9.62962962962963,591.6210386433364,55.430561595850605,61.437569397577995,-43.23069616366039
9.64964964964965,592.8510200126573,54.565082193174725,61.437569397577995,-43.43089636386059
9.66966966966967,594.0810013819781,53.69559477848282,61.437569397577995,-43.63109656406079
9.68968968968969,595.310982751299,52.822099351774895,61.437569397577995,-43.83129676426099
9.70970970970971,596.5409641206198,51.944595913050954,61.437569397577995,-44.03149696446119
9.72972972972973,597.7709454899407,51.06308446231099,61.437569397577995,-44.23169716466139
9.74974974974975,599.0009268592615,50.177564999555,61.437569397577995,-44.43189736486159
9.76976976976977,600.2309082285824,49.288037524783,61.437569397577995,-44.63209756506179
9.78978978978979,601.4608895979032,48.394502037994975,61.437569397577995,-44.83229776526199
9.80980980980981,602.6908709672241,47.496958539190935,61.437569397577995,-45.03249796546219
9.82982982982983,603.920852336545,46.59540702837087,61.437569397577995,-45.23269816566239
9.84984984984985,605.1508337058658,45.689847505534786,61.437569397577995,-45.43289836586259
9.86986986986987,606.3808150751867,44.780279970682685,61.437569397577995,-45.63309856606279
9.88988988988989,607.6107964445075,43.86670442381456,61.437569397577995,-45.83329876626299
9.90990990990991,608.8407778138284,42.949120864930414,61.437569397577995,-46.03349896646319
9.92992992992993,610.0707591831492,42.02752929403025,61.437569397577995,-46.23369916666339
9.94994994994995,611.3007405524701,41.10192971111407,61.437569397577995,-46.43389936686359
9.96996996996997,612.5307219217909,40.17232211618186,61.437569397577995,-46.63409956706379
9.98998998998999,613.7607032911118,39.23870650923364,61.437569397577995,-46.83429976726399
10.01001001001001,614.9906846604326,38.30108289026939,61.437569397577995,-47.03449996746419
10.03003003003003,616.2206660297535,37.35945125928913,61.437569397577995,-47.23470016766439
10.05005005005005,617.4506473990743,36.41381161629285,61.437569397577995,-47.43490036786459
10.07007007007007,618.6806287683952,35.46416396128054,61.437569397577995,-47.63510056806479
10.09009009009009,619.910610137716,34.51050829425222,61.437569397577995,-47.83530076826499
10.11011011011011,621.1405915070369,33.552844615207874,61.437569397577995,-48.03550096846519
10.13013013013013,622.3705728763578,32.59117292414751,61.437569397577995,-48.23570116866539
10.15015015015015,623.6005542456786,31.625493221071125,61.437569397577995,-48.43590136886559
10.17017017017017,624.8305356149995,30.65580550597872,61.437569397577995,-48.636101569065794
10.19019019019019,626.0605169843203,29.682109778870295,61.437569397577995,-48.836301769265994
10.21021021021021,627.2904983536412,28.70440603974585,61.437569397577995,-49.036501969466194
10.23023023023023,628.520479722962,27.722694288605386,61.437569397577995,-49.236702169666394
10.25025025025025,629.7504610922829,26.7369745254489,61.437569397577995,-49.436902369866594
10.27027027027027,630.9804424616037,25.747246750276396,61.437569397577995,-49.637102570066794
10.29029029029029,632.2104238309246,24.753510963087873,61.437569397577995,-49.837302770266994
10.31031031031031,633.4404052002454,23.755767163883327,61.437569397577995,-50.037502970467195
10.33033033033033,634.6703865695663,22.754015352662762,61.437569397577995,-50.237703170667395
10.35035035035035,635.9003679388871,21.748255529426178,61.437569397577995,-50.437903370867595
10.37037037037037,637.130349308208,20.738487694173575,61.437569397577995,-50.638103571067795
10.39039039039039,638.3603306775289,19.72471184690495,61.437569397577995,-50.838303771267995
10.41041041041041,639.5903120468497,18.706927987620304,61.437569397577995,-51.038503971468195
10.43043043043043,640.8202934161706,17.68513611631964,61.437569397577995,-51.238704171668395
10.45045045045045,642.0502747854914,16.659336233002957,61.437569397577995,-51.438904371868595
10.47047047047047,643.2802561548123,15.629528337670253,61.437569397577995,-51.639104572068796
10.49049049049049,644.5102375241331,14.595712430321528,61.437569397577995,-51.839304772268996
10.51051051051051,645.740218893454,13.557888510956783,61.437569397577995,-52.039504972469196
10.53053053053053,646.9702002627748,12.516056579576018,61.437569397577995,-52.239705172669396
10.55055055055055,648.2001816320957,11.470216636179234,61.437569397577995,-52.439905372869596
10.57057057057057,649.4301630014165,10.42036868076643,61.437569397577995,-52.640105573069796
10.59059059059059,650.6601443707374,9.366512713337604,61.437569397577995,-52.840305773269996
10.61061061061061,651.8901257400582,8.30864873389276,61.437569397577995,-53.0405059734702
10.63063063063063,653.1201071093791,7.246776742431895,61.437569397577995,-53.2407061736704
10.65065065065065,654.3500884787,6.180896738955011,61.437569397577995,-53.4409063738706
10.67067067067067,655.5800698480208,5.111008723462106,61.437569397577995,-53.6411065740708
10.690690690690692,656.8100512173417,4.037112695953182,61.437569397577995,-53.841306774271
10.71071071071071,658.0400325866625,2.959208656428237,61.437569397577995,-54.0415069744712
10.73073073073073,659.2700139559834,1.8772966048872721,61.437569397577995,-54.2417071746714
10.75075075075075,660.4999953253042,0.7913765413302871,61.437569397577995,-54.4419073748716
10.77077077077077,661.7299766946251,-0.29855153424271785,61.437569397577995,-54.6421075750718
10.790790790790792,662.9599580639459,-1.3924876218317428,61.437569397577995,-54.842307775272
10.81081081081081,664.1899394332668,-2.4904317214367877,61.437569397577995,-55.0425079754722
10.83083083083083,665.4199208025876,-3.592383833057853,61.437569397577995,-55.2427081756724
10.85085085085085,666.6499021719085,-4.698343956694938,61.437569397577995,-55.4429083758726
10.87087087087087,667.8798835412293,-5.808312092348043,61.437569397577995,-55.6431085760728
10.890890890890892,669.1098649105502,-6.922288240017168,61.437569397577995,-55.843308776273
10.91091091091091,670.339846279871,-8.040272399702314,61.437569397577995,-56.0435089764732
10.93093093093093,671.5698276491919,-9.16226457140348,61.437569397577995,-56.2437091766734
10.95095095095095,672.7998090185127,-10.288264755120665,61.437569397577995,-56.4439093768736
10.97097097097097,674.0297903878336,-11.41827295085387,61.437569397577995,-56.6441095770738
10.990990990990992,675.2597717571545,-12.552289158603095,61.437569397577995,-56.844309777274
11.01101101101101,676.4897531264753,-13.69031337836834,61.437569397577995,-57.0445099774742
11.03103103103103,677.7197344957962,-14.832345610149606,61.437569397577995,-57.2447101776744
11.05105105105105,678.949715865117,-15.978385853946891,61.437569397577995,-57.4449103778746
11.07107107107107,680.1796972344379,-17.128434109760196,61.437569397577995,-57.6451105780748
11.091091091091092,681.4096786037587,-18.28249037758952,61.437569397577995,-57.845310778275
11.11111111111111,682.6396599730796,-19.440554657434866,61.437569397577995,-58.0455109784752
11.13113113113113,683.8696413424004,-20.60262694929623,61.437569397577995,-58.2457111786754
11.15115115115115,685.0996227117213,-21.768707253173616,61.437569397577995,-58.4459113788756
11.17117117117117,686.3296040810421,-22.93879556906702,61.437569397577995,-58.6461115790758
11.191191191191193,687.559585450363,-24.112891896976446,61.437569397577995,-58.846311779276
11.21121121121121,688.7895668196838,-25.29099623690189,61.437569397577995,-59.0465119794762
11.23123123123123,690.0195481890047,-26.473108588843356,61.437569397577995,-59.2467121796764
11.25125125125125,691.2495295583255,-27.65922895280084,61.437569397577995,-59.4469123798766
11.27127127127127,692.4795109276464,-28.849357328774346,61.437569397577995,-59.6471125800768
11.291291291291293,693.7094922969673,-30.043493716763873,61.437569397577995,-59.847312780277
11.31131131131131,694.9394736662881,-31.24163811676942,61.437569397577995,-60.0475129804772
11.33133133133133,696.169455035609,-32.443790528790984,61.437569397577995,-60.2477131806774
11.35135135135135,697.3994364049298,-33.64995095282857,61.437569397577995,-60.4479133808776
11.37137137137137,698.6294177742507,-34.860119388882175,61.437569397577995,-60.6481135810778
11.391391391391393,699.8593991435715,-36.0742958369518,61.437569397577995,-60.848313781278
11.411411411411411,701.0893805128924,-37.29248029703744,61.437569397577995,-61.0485139814782
11.431431431431431,702.3193618822132,-38.51467276913911,61.437569397577995,-61.2487141816784
11.451451451451451,703.5493432515341,-39.740873253256794,61.437569397577995,-61.4489143818786
11.471471471471471,704.7793246208549,-40.9710817493905,61.437569397577995,-61.6491145820788
11.491491491491493,706.0093059901758,-42.20529825754023,61.437569397577995,-61.849314782279
11.511511511511511,707.2392873594966,-43.44352277770597,61.437569397577995,-62.0495149824792
11.531531531531531,708.4692687288175,-44.68575530988774,61.437569397577995,-62.2497151826794
11.551551551551551,709.6992500981384,-45.93199585408553,61.437569397577995,-62.4499153828796
11.571571571571571,710.9292314674592,-47.18224441029933,61.437569397577995,-62.6501155830798
11.591591591591593,712.1592128367801,-48.43650097852916,61.437569397577995,-62.85031578328
11.611611611611611,713.3891942061009,-49.694765558775,61.437569397577995,-63.0505159834802
11.631631631631631,714.6191755754218,-50.95703815103687,61.437569397577995,-63.2507161836804
11.651651651651651,715.8491569447426,-52.22331875531476,61.437569397577995,-63.4509163838806
11.671671671671671,717.0791383140635,-53.49360737160866,61.437569397577995,-63.6511165840808
11.691691691691693,718.3091196833843,-54.76790399991859,61.437569397577995,-63.851316784281
11.711711711711711,719.5391010527052,-56.04620864024454,61.437569397577995,-64.05151698448121
11.731731731731731,720.769082422026,-57.3285212925865,61.437569397577995,-64.25171718468141
11.751751751751751,721.9990637913469,-58.61484195694449,61.437569397577995,-64.45191738488161
11.771771771771771,723.2290451606677,-59.90517063331849,61.437569397577995,-64.65211758508181
11.791791791791793,724.4590265299886,-61.199507321708516,61.437569397577995,-64.85231778528201
11.811811811811811,725.6890078993094,-62.497852022114564,61.437569397577995,-65.05251798548221
11.831831831831831,726.9189892686303,-63.80020473453663,61.437569397577995,-65.25271818568241
11.851851851851851,728.1489706379512,-65.10656545897471,61.437569397577995,-65.45291838588261
11.871871871871871,729.378952007272,-66.41693419542882,61.437569397577995,-65.65311858608281
11.891891891891893,730.6089333765929,-67.73131094389895,61.437569397577995,-65.85331878628301
11.911911911911911,731.8389147459137,-69.04969570438509,61.437569397577995,-66.05351898648321
11.931931931931931,733.0688961152346,-70.37208847688726,61.437569397577995,-66.25371918668341
11.951951951951951,734.2988774845554,-71.69848926140544,61.437569397577995,-66.45391938688361
11.971971971971973,735.5288588538763,-73.02889805793964,61.437569397577995,-66.65411958708381
11.991991991991993,736.7588402231971,-74.36331486648987,61.437569397577995,-66.85431978728401
12.012012012012011,737.988821592518,-75.70173968705612,61.437569397577995,-67.05451998748421
12.032032032032031,739.2188029618388,-77.04417251963838,61.437569397577995,-67.25472018768441
12.052052052052051,740.4487843311597,-78.39061336423667,61.437569397577995,-67.45492038788461
12.072072072072073,741.6787657004805,-79.74106222085098,61.437569397577995,-67.65512058808481
12.092092092092093,742.9087470698014,-81.0955190894813,61.437569397577995,-67.85532078828501
12.112112112112111,744.1387284391222,-82.45398397012765,61.437569397577995,-68.05552098848521
12.132132132132131,745.3687098084431,-83.81645686279002,61.437569397577995,-68.25572118868541
12.152152152152151,746.598691177764,-85.1829377674684,61.437569397577995,-68.45592138888561
12.172172172172173,747.8286725470848,-86.55342668416282,61.437569397577995,-68.65612158908581
12.192192192192193,749.0586539164057,-87.92792361287324,61.437569397577995,-68.85632178928601
12.212212212212211,750.2886352857265,-89.30642855359969,61.437569397577995,-69.05652198948621
12.232232232232231,751.5186166550474,-90.68894150634216,61.437569397577995,-69.25672218968641
12.252252252252251,752.7485980243682,-92.07546247110065,61.437569397577995,-69.45692238988661
12.272272272272273,753.9785793936891,-93.46599144787515,61.437569397577995,-69.65712259008681
12.292292292292293,755.2085607630099,-94.86052843666567,61.437569397577995,-69.85732279028701
12.312312312312311,756.4385421323308,-96.25907343747222,61.437569397577995,-70.05752299048721
12.332332332332332,757.6685235016516,-97.66162645029479,61.437569397577995,-70.25772319068741
12.352352352352352,758.8985048709725,-99.06818747513337,61.437569397577995,-70.45792339088761
12.372372372372373,760.1284862402933,-100.47875651198798,61.437569397577995,-70.65812359108781
12.392392392392393,761.3584676096142,-101.89333356085861,61.437569397577995,-70.85832379128802
12.412412412412412,762.588448978935,-103.31191862174525,61.437569397577995,-71.05852399148822
12.432432432432432,763.8184303482559,-104.73451169464792,61.437569397577995,-71.25872419168842
12.452452452452452,765.0484117175768,-106.16111277956661,61.437569397577995,-71.45892439188862
12.472472472472473,766.2783930868976,-107.59172187650131,61.437569397577995,-71.65912459208882
12.492492492492493,767.5083744562185,-109.02633898545204,61.437569397577995,-71.85932479228902
12.512512512512512,768.7383558255393,-110.46496410641879,61.437569397577995,-72.05952499248922
12.532532532532532,769.9683371948602,-111.90759723940155,61.437569397577995,-72.25972519268942
12.552552552552552,771.198318564181,-113.35423838440035,61.437569397577995,-72.45992539288962
12.572572572572573,772.4282999335019,-114.80488754141516,61.437569397577995,-72.66012559308982
12.592592592592593,773.6582813028227,-116.25954471044598,61.437569397577995,-72.86032579329002
12.612612612612612,774.8882626721436,-117.71820989149283,61.437569397577995,-73.06052599349022
12.632632632632632,776.1182440414644,-119.1808830845557,61.437569397577995,-73.26072619369042
12.652652652652652,777.3482254107853,-120.64756428963459,61.437569397577995,-73.46092639389062
12.672672672672673,778.5782067801061,-122.11825350672949,61.437569397577995,-73.66112659409082
12.692692692692694,779.808188149427,-123.59295073584042,61.437569397577995,-73.86132679429102
12.712712712712712,781.0381695187478,-125.07165597696736,61.437569397577995,-74.06152699449122
12.732732732732732,782.2681508880687,-126.55436923011032,61.437569397577995,-74.26172719469142
12.752752752752752,783.4981322573896,-128.04109049526932,61.437569397577995,-74.46192739489162
12.772772772772774,784.7281136267104,-129.53181977244432,61.437569397577995,-74.66212759509182
12.792792792792794,785.9580949960313,-131.02655706163534,61.437569397577995,-74.86232779529202
12.812812812812812,787.1880763653521,-132.52530236284238,61.437569397577995,-75.06252799549222
12.832832832832832,788.418057734673,-134.02805567606546,61.437569397577995,-75.26272819569242
12.852852852852852,789.6480391039938,-135.53481700130456,61.437569397577995,-75.46292839589262
12.872872872872874,790.8780204733147,-137.04558633855967,61.437569397577995,-75.66312859609282
12.892892892892894,792.1080018426355,-138.5603636878308,61.437569397577995,-75.86332879629302
12.912912912912912,793.3379832119564,-140.07914904911794,61.437569397577995,-76.06352899649322
12.932932932932932,794.5679645812772,-141.6019424224211,61.437569397577995,-76.26372919669342
12.952952952952952,795.7979459505981,-143.12874380774028,61.437569397577995,-76.46392939689362
12.972972972972974,797.027927319919,-144.6595532050755,61.437569397577995,-76.66412959709382
12.992992992992994,798.2579086892398,-146.19437061442673,61.437569397577995,-76.86432979729402
13.013013013013012,799.4878900585607,-147.73319603579398,61.437569397577995,-77.06452999749422
13.033033033033032,800.7178714278815,-149.27602946917725,61.437569397577995,-77.26473019769442
13.053053053053052,801.9478527972024,-150.82287091457653,61.437569397577995,-77.46493039789462
13.073073073073074,803.1778341665232,-152.37372037199182,61.437569397577995,-77.66513059809482
13.093093093093094,804.4078155358441,-153.92857784142316,61.437569397577995,-77.86533079829502
13.113113113113112,805.6377969051649,-155.48744332287052,61.437569397577995,-78.06553099849522
13.133133133133132,806.8677782744858,-157.0503168163339,61.437569397577995,-78.26573119869542
13.153153153153154,808.0977596438066,-158.61719832181328,61.437569397577995,-78.46593139889562
13.173173173173174,809.3277410131275,-160.18808783930868,61.437569397577995,-78.66613159909582
13.193193193193194,810.5577223824483,-161.7629853688201,61.437569397577995,-78.86633179929602
13.213213213213212,811.7877037517692,-163.34189091034756,61.437569397577995,-79.06653199949622
13.233233233233232,813.01768512109,-164.92480446389104,61.437569397577995,-79.26673219969642
13.253253253253254,814.2476664904109,-166.51172602945053,61.437569397577995,-79.46693239989662
13.273273273273274,815.4776478597317,-168.10265560702604,61.437569397577995,-79.66713260009682
13.293293293293294,816.7076292290526,-169.69759319661756,61.437569397577995,-79.86733280029702
13.313313313313312,817.9376105983735,-171.2965387982251,61.437569397577995,-80.06753300049722
13.333333333333332,819.1675919676943,-172.89949241184866,61.437569397577995,-80.26773320069742
13.353353353353354,820.3975733370152,-174.50645403748825,61.437569397577995,-80.46793340089762
13.373373373373374,821.627554706336,-176.11742367514387,61.437569397577995,-80.66813360109782
13.393393393393394,822.8575360756569,-177.7324013248155,61.437569397577995,-80.86833380129802
13.413413413413412,824.0875174449777,-179.35138698650314,61.437569397577995,-81.06853400149822
13.433433433433432,825.3174988142986,-180.9743806602068,61.437569397577995,-81.26873420169842
13.453453453453454,826.5474801836194,-182.60138234592648,61.437569397577995,-81.46893440189862
13.473473473473474,827.7774615529403,-184.2323920436622,61.437569397577995,-81.66913460209882
13.493493493493494,829.0074429222611,-185.86740975341394,61.437569397577995,-81.86933480229902
13.513513513513512,830.237424291582,-187.5064354751817,61.437569397577995,-82.06953500249922
13.533533533533532,831.4674056609028,-189.14946920896546,61.437569397577995,-82.26973520269942
13.553553553553554,832.6973870302237,-190.79651095476524,61.437569397577995,-82.46993540289962
13.573573573573574,833.9273683995445,-192.44756071258104,61.437569397577995,-82.67013560309982
13.593593593593594,835.1573497688654,-194.10261848241288,61.437569397577995,-82.87033580330002
13.613613613613612,836.3873311381863,-195.76168426426074,61.437569397577995,-83.07053600350022
13.633633633633632,837.6173125075071,-197.4247580581246,61.437569397577995,-83.27073620370042
13.653653653653654,838.847293876828,-199.0918398640045,61.437569397577995,-83.47093640390062
13.673673673673674,840.0772752461488,-200.7629296819004,61.437569397577995,-83.67113660410082
13.693693693693694,841.3072566154697,-202.43802751181232,61.437569397577995,-83.87133680430102
13.713713713713712,842.5372379847905,-204.11713335374026,61.437569397577995,-84.07153700450122
13.733733733733732,843.7672193541114,-205.80024720768424,61.437569397577995,-84.27173720470142
13.753753753753754,844.9972007234322,-207.48736907364423,61.437569397577995,-84.47193740490162
13.773773773773774,846.2271820927531,-209.17849895162024,61.437569397577995,-84.67213760510182
13.793793793793794,847.4571634620739,-210.87363684161227,61.437569397577995,-84.87233780530202
13.813813813813812,848.6871448313948,-212.5727827436203,61.437569397577995,-85.07253800550222
13.833833833833832,849.9171262007156,-214.27593665764437,61.437569397577995,-85.27273820570242
13.853853853853854,851.1471075700365,-215.98309858368447,61.437569397577995,-85.47293840590262
13.873873873873874,852.3770889393573,-217.69426852174058,61.437569397577995,-85.67313860610282
13.893893893893894,853.6070703086782,-219.4094464718127,61.437569397577995,-85.87333880630302
13.913913913913913,854.837051677999,-221.12863243390086,61.437569397577995,-86.07353900650322
13.933933933933933,856.0670330473199,-222.85182640800502,61.437569397577995,-86.27373920670342
13.953953953953954,857.2970144166408,-224.5790283941252,61.437569397577995,-86.47393940690363
13.973973973973974,858.5269957859616,-226.31023839226143,61.437569397577995,-86.67413960710383
13.993993993993994,859.7569771552825,-228.04545640241366,61.437569397577995,-86.87433980730403
14.014014014014013,860.9869585246033,-229.78468242458192,61.437569397577995,-87.07454000750423
14.034034034034033,862.2169398939242,-231.52791645876619,61.437569397577995,-87.27474020770443
14.054054054054054,863.446921263245,-233.27515850496647,61.437569397577995,-87.47494040790463
14.074074074074074,864.6769026325659,-235.02640856318277,61.437569397577995,-87.67514060810483
14.094094094094094,865.9068840018867,-236.78166663341509,61.437569397577995,-87.87534080830503
14.114114114114113,867.1368653712076,-238.54093271566344,61.437569397577995,-88.07554100850523
14.134134134134133,868.3668467405284,-240.30420680992782,61.437569397577995,-88.27574120870543
14.154154154154154,869.5968281098493,-242.0714889162082,61.437569397577995,-88.47594140890563
14.174174174174174,870.8268094791702,-243.84277903450462,61.437569397577995,-88.67614160910583
14.194194194194194,872.056790848491,-245.61807716481704,61.437569397577995,-88.87634180930603
14.214214214214213,873.2867722178119,-247.39738330714547,61.437569397577995,-89.07654200950623
14.234234234234233,874.5167535871327,-249.18069746148996,61.437569397577995,-89.27674220970643
14.254254254254255,875.7467349564536,-250.96801962785045,61.437569397577995,-89.47694240990663
14.274274274274275,876.9767163257744,-252.75934980622696,61.437569397577995,-89.67714261010683
14.294294294294295,878.2066976950953,-254.5546879966195,61.437569397577995,-89.87734281030703
14.314314314314313,879.4366790644161,-256.35403419902804,61.437569397577995,-90.07754301050723
14.334334334334333,880.666660433737,-258.1573884134526,61.437569397577995,-90.27774321070743
14.354354354354355,881.8966418030578,-259.9647506398932,61.437569397577995,-90.47794341090763
14.374374374374375,883.1266231723787,-261.77612087834984,61.437569397577995,-90.67814361110783
14.394394394394395,884.3566045416995,-263.5914991288225,61.437569397577995,-90.87834381130803
14.414414414414413,885.5865859110204,-265.4108853913111,61.437569397577995,-91.07854401150823
14.434434434434436,886.8165672803412,-267.2342796658158,61.437569397577995,-91.27874421170843
14.454454454454455,888.0465486496621,-269.06168195233647,61.437569397577995,-91.47894441190863
14.474474474474475,889.276530018983,-270.89309225087317,61.437569397577995,-91.67914461210883
14.494494494494495,890.5065113883038,-272.7285105614259,61.437569397577995,-91.87934481230903
14.514514514514513,891.7364927576247,-274.5679368839946,61.437569397577995,-92.07954501250923
14.534534534534536,892.9664741269455,-276.41137121857935,61.437569397577995,-92.27974521270943
14.554554554554555,894.1964554962664,-278.25881356518016,61.437569397577995,-92.47994541290963
14.574574574574575,895.4264368655872,-280.110263923797,61.437569397577995,-92.68014561310983
14.594594594594595,896.6564182349081,-281.96572229442984,61.437569397577995,-92.88034581331003
14.614614614614613,897.8863996042289,-283.8251886770787,61.437569397577995,-93.08054601351023
14.634634634634637,899.1163809735498,-285.6886630717436,61.437569397577995,-93.28074621371043
14.654654654654655,900.3463623428706,-287.55614547842447,61.437569397577995,-93.48094641391063
14.674674674674675,901.5763437121915,-289.4276358971214,61.437569397577995,-93.68114661411083
14.694694694694695,902.8063250815123,-291.3031343278343,61.437569397577995,-93.88134681431103
14.714714714714713,904.0363064508332,-293.18264077056324,61.437569397577995,-94.08154701451123
14.734734734734737,905.266287820154,-295.0661552253082,61.437569397577995,-94.28174721471143
14.754754754754755,906.4962691894749,-296.95367769206916,61.437569397577995,-94.48194741491163
14.774774774774775,907.7262505587958,-298.84520817084615,61.437569397577995,-94.68214761511183
14.794794794794795,908.9562319281166,-300.7407466616392,61.437569397577995,-94.88234781531203
14.814814814814813,910.1862132974375,-302.6402931644483,61.437569397577995,-95.08254801551223
14.834834834834837,911.4161946667583,-304.54384767927337,61.437569397577995,-95.28274821571243
14.854854854854855,912.6461760360792,-306.4514102061145,61.437569397577995,-95.48294841591263
14.874874874874875,913.8761574054,-308.3629807449716,61.437569397577995,-95.68314861611283
14.894894894894895,915.1061387747209,-310.27855929584473,61.437569397577995,-95.88334881631303
14.914914914914913,916.3361201440417,-312.1981458587339,61.437569397577995,-96.08354901651323
14.934934934934937,917.5661015133626,-314.12174043363905,61.437569397577995,-96.28374921671343
14.954954954954955,918.7960828826834,-316.04934302056023,61.437569397577995,-96.48394941691363
14.974974974974975,920.0260642520043,-317.9809536194974,61.437569397577995,-96.68414961711383
14.994994994994995,921.2560456213251,-319.91657223045064,61.437569397577995,-96.88434981731403
15.015015015015013,922.486026990646,-321.85619885341987,61.437569397577995,-97.08455001751423
15.035035035035037,923.7160083599668,-323.7998334884051,61.437569397577995,-97.28475021771443
15.055055055055055,924.9459897292877,-325.74747613540643,61.437569397577995,-97.48495041791463
15.075075075075075,926.1759710986086,-327.69912679442376,61.437569397577995,-97.68515061811483
15.095095095095095,927.4059524679294,-329.6547854654571,61.437569397577995,-97.88535081831503
15.115115115115113,928.6359338372503,-331.6144521485065,61.437569397577995,-98.08555101851523
15.135135135135137,929.8659152065711,-333.57812684357185,61.437569397577995,-98.28575121871543
15.155155155155155,931.095896575892,-335.54580955065325,61.437569397577995,-98.48595141891563
15.175175175175175,932.3258779452128,-337.51750026975066,61.437569397577995,-98.68615161911583
15.195195195195195,933.5558593145337,-339.4931990008641,61.437569397577995,-98.88635181931603
15.215215215215213,934.7858406838545,-341.4729057439935,61.437569397577995,-99.08655201951623
15.235235235235237,936.0158220531754,-343.456620499139,61.437569397577995,-99.28675221971643
15.255255255255255,937.2458034224962,-345.44434326630045,61.437569397577995,-99.48695241991663
15.275275275275275,938.4757847918171,-347.43607404547794,61.437569397577995,-99.68715262011683
15.295295295295295,939.705766161138,-349.43181283667144,61.437569397577995,-99.88735282031703
15.315315315315313,940.9357475304588,-351.431559639881,61.437569397577995,-100.08755302051723
15.335335335335337,942.1657288997797,-353.4353144551066,61.437569397577995,-100.28775322071743
15.355355355355355,943.3957102691005,-355.4430772823482,61.437569397577995,-100.48795342091763
15.375375375375375,944.6256916384214,-357.45484812160583,61.437569397577995,-100.68815362111783
15.395395395395395,945.8556730077422,-359.4706269728795,61.437569397577995,-100.88835382131803
15.415415415415413,947.0856543770631,-361.4904138361691,61.437569397577995,-101.08855402151823
15.435435435435437,948.3156357463839,-363.5142087114748,61.437569397577995,-101.28875422171843
15.455455455455455,949.5456171157048,-365.5420115987965,61.437569397577995,-101.48895442191863
15.475475475475475,950.7755984850256,-367.5738224981342,61.437569397577995,-101.68915462211883
15.495495495495495,952.0055798543465,-369.6096414094879,61.437569397577995,-101.88935482231904
15.515515515515514,953.2355612236673,-371.6494683328576,61.437569397577995,-102.08955502251924
15.535535535535537,954.4655425929882,-373.69330326824337,61.437569397577995,-102.28975522271944
15.555555555555555,955.695523962309,-375.7411462156452,61.437569397577995,-102.48995542291964
15.575575575575575,956.9255053316299,-377.792997175063,61.437569397577995,-102.69015562311984
15.595595595595595,958.1554867009507,-379.84885614649687,61.437569397577995,-102.89035582332004
15.615615615615614,959.3854680702716,-381.90872312994674,61.437569397577995,-103.09055602352024
15.635635635635637,960.6154494395925,-383.9725981254126,61.437569397577995,-103.29075622372044
15.655655655655655,961.8454308089133,-386.0404811328945,61.437569397577995,-103.49095642392064
15.675675675675675,963.0754121782342,-388.1123721523924,61.437569397577995,-103.69115662412084
15.695695695695695,964.305393547555,-390.18827118390635,61.437569397577995,-103.89135682432104
15.715715715715717,965.5353749168759,-392.2681782274363,61.437569397577995,-104.09155702452124
15.735735735735737,966.7653562861967,-394.35209328298225,61.437569397577995,-104.29175722472144
15.755755755755755,967.9953376555176,-396.4400163505442,61.437569397577995,-104.49195742492164
15.775775775775776,969.2253190248384,-398.5319474301222,61.437569397577995,-104.69215762512184
15.795795795795796,970.4553003941593,-400.6278865217162,61.437569397577995,-104.89235782532204
15.815815815815817,971.6852817634801,-402.7278336253263,61.437569397577995,-105.09255802552224
15.835835835835837,972.915263132801,-404.8317887409524,61.437569397577995,-105.29275822572244
15.855855855855856,974.1452445021218,-406.9397518685945,61.437569397577995,-105.49295842592264
15.875875875875876,975.3752258714427,-409.0517230082526,61.437569397577995,-105.69315862612284
15.895895895895896,976.6052072407635,-411.16770215992676,61.437569397577995,-105.89335882632304
15.915915915915917,977.8351886100844,-413.2876893236169,61.437569397577995,-106.09355902652324
15.935935935935937,979.0651699794053,-415.4116844993231,61.437569397577995,-106.29375922672344
15.955955955955956,980.2951513487261,-417.5396876870453,61.437569397577995,-106.49395942692364
15.975975975975976,981.525132718047,-419.6716988867835,61.437569397577995,-106.69415962712384
15.995995995995996,982.7551140873678,-421.8077180985377,61.437569397577995,-106.89435982732404
16.016016016016017,983.9850954566887,-423.9477453223079,61.437569397577995,-107.09456002752424
16.036036036036037,985.2150768260095,-426.0917805580942,61.437569397577995,-107.29476022772444
16.056056056056057,986.4450581953304,-428.23982380589644,61.437569397577995,-107.49496042792464
16.076076076076077,987.6750395646512,-430.39187506571477,61.437569397577995,-107.69516062812484
16.096096096096094,988.9050209339721,-432.5479343375491,61.437569397577995,-107.89536082832504
16.116116116116117,990.1350023032929,-434.7080016213995,61.437569397577995,-108.09556102852524
16.136136136136138,991.3649836726138,-436.8720769172659,61.437569397577995,-108.29576122872544
16.156156156156158,992.5949650419346,-439.04016022514827,61.437569397577995,-108.49596142892564
16.176176176176178,993.8249464112555,-441.2122515450467,61.437569397577995,-108.69616162912584
16.196196196196194,995.0549277805763,-443.3883508769611,61.437569397577995,-108.89636182932604
16.216216216216218,996.2849091498972,-445.56845822089156,61.437569397577995,-109.09656202952624
16.236236236236238,997.514890519218,-447.752573576838,61.437569397577995,-109.29676222972644
16.256256256256258,998.7448718885389,-449.9406969448005,61.437569397577995,-109.49696242992664
16.276276276276278,999.9748532578598,-452.132828324779,61.437569397577995,-109.69716263012684
16.296296296296294,1001.2048346271806,-454.3289677167735,61.437569397577995,-109.89736283032704
16.316316316316318,1002.4348159965015,-456.52911512078407,61.437569397577995,-110.09756303052724
16.336336336336338,1003.6647973658223,-458.73327053681066,61.437569397577995,-110.29776323072744
16.356356356356358,1004.8947787351432,-460.9414339648533,61.437569397577995,-110.49796343092764
16.376376376376378,1006.124760104464,-463.1536054049119,61.437569397577995,-110.69816363112784
16.396396396396394,1007.3547414737849,-465.36978485698654,61.437569397577995,-110.89836383132804
16.416416416416418,1008.5847228431057,-467.5899723210772,61.437569397577995,-111.09856403152824
16.436436436436438,1009.8147042124266,-469.81416779718387,61.437569397577995,-111.29876423172844
16.456456456456458,1011.0446855817474,-472.04237128530656,61.437569397577995,-111.49896443192864
16.476476476476478,1012.2746669510683,-474.27458278544526,61.437569397577995,-111.69916463212884
16.496496496496494,1013.5046483203892,-476.5108022976,61.437569397577995,-111.89936483232904
16.516516516516518,1014.73462968971,-478.7510298217707,61.437569397577995,-112.09956503252924
16.536536536536538,1015.9646110590309,-480.99526535795746,61.437569397577995,-112.29976523272944
16.556556556556558,1017.1945924283517,-483.24350890616023,61.437569397577995,-112.49996543292964
16.576576576576578,1018.4245737976726,-485.49576046637907,61.437569397577995,-112.70016563312984
16.596596596596594,1019.6545551669934,-487.7520200386139,61.437569397577995,-112.90036583333004
16.616616616616618,1020.8845365363143,-490.0122876228648,61.437569397577995,-113.10056603353024
16.636636636636638,1022.1145179056351,-492.2765632191317,61.437569397577995,-113.30076623373044
16.656656656656658,1023.344499274956,-494.5448468274146,61.437569397577995,-113.50096643393064
16.676676676676678,1024.574480644277,-496.8171384477135,61.437569397577995,-113.70116663413084
16.696696696696694,1025.804462013598,-499.0934380800284,61.437569397577995,-113.90136683433104
16.716716716716718,1027.0344433829189,-501.37374572435937,61.437569397577995,-114.10156703453124
16.736736736736738,1028.2644247522398,-503.65806138070633,61.437569397577995,-114.30176723473144
16.756756756756758,1029.4944061215608,-505.9463850490693,61.437569397577995,-114.50196743493164
16.776776776776778,1030.7243874908818,-508.2387167294483,61.437569397577995,-114.70216763513184
16.796796796796794,1031.9543688602027,-510.5350564218433,61.437569397577995,-114.90236783533204
16.816816816816818,1033.1843502295237,-512.8354041262544,61.437569397577995,-115.10256803553224
16.836836836836838,1034.4143315988447,-515.1397598426814,61.437569397577995,-115.30276823573244
16.856856856856858,1035.6443129681657,-517.4481235711245,61.437569397577995,-115.50296843593264
16.876876876876878,1036.8742943374866,-519.7604953115836,61.437569397577995,-115.70316863613284
16.896896896896898,1038.1042757068076,-522.0768750640586,61.437569397577995,-115.90336883633304
16.916916916916918,1039.3342570761286,-524.3972628285497,61.437569397577995,-116.10356903653324
16.936936936936938,1040.5642384454495,-526.7216586050569,61.437569397577995,-116.30376923673344
16.956956956956958,1041.7942198147705,-529.0500623935801,61.437569397577995,-116.50396943693364
16.976976976976978,1043.0242011840915,-531.3824741941194,61.437569397577995,-116.70416963713384
16.996996996996998,1044.2541825534124,-533.7188940066746,61.437569397577995,-116.90436983733404
17.017017017017018,1045.4841639227334,-536.0593218312459,61.437569397577995,-117.10457003753424
17.037037037037038,1046.7141452920544,-538.4037576678332,61.437569397577995,-117.30477023773445
17.057057057057058,1047.9441266613753,-540.7522015164366,61.437569397577995,-117.50497043793465
17.077077077077078,1049.1741080306963,-543.1046533770559,61.437569397577995,-117.70517063813485
17.097097097097098,1050.4040894000173,-545.4611132496913,61.437569397577995,-117.90537083833505
17.117117117117118,1051.6340707693382,-547.8215811343426,61.437569397577995,-118.10557103853525
17.137137137137138,1052.8640521386592,-550.18605703101,61.437569397577995,-118.30577123873545
17.157157157157158,1054.0940335079802,-552.5545409396934,61.437569397577995,-118.50597143893565
17.177177177177178,1055.3240148773011,-554.9270328603928,61.437569397577995,-118.70617163913585
17.197197197197198,1056.553996246622,-557.3035327931083,61.437569397577995,-118.90637183933605
17.217217217217218,1057.783977615943,-559.6840407378397,61.437569397577995,-119.10657203953625
17.237237237237238,1059.013958985264,-562.0685566945872,61.437569397577995,-119.30677223973645
17.25725725725726,1060.243940354585,-564.4570806633507,61.437569397577995,-119.50697243993665
17.27727727727728,1061.473921723906,-566.8496126441302,61.437569397577995,-119.70717264013685
17.2972972972973,1062.703903093227,-569.2461526369257,61.437569397577995,-119.90737284033705
17.31731731731732,1063.933884462548,-571.6467006417372,61.437569397577995,-120.10757304053725
17.33733733733734,1065.1638658318689,-574.0512566585647,61.437569397577995,-120.30777324073745
17.35735735735736,1066.3938472011898,-576.4598206874083,61.437569397577995,-120.50797344093765
17.37737737737738,1067.6238285705108,-578.8723927282679,61.437569397577995,-120.70817364113785
17.3973973973974,1068.8538099398318,-581.2889727811435,61.437569397577995,-120.90837384133805
17.41741741741742,1070.0837913091527,-583.7095608460351,61.437569397577995,-121.10857404153825
17.43743743743744,1071.3137726784737,-586.1341569229427,61.437569397577995,-121.30877424173845
17.45745745745746,1072.5437540477947,-588.5627610118664,61.437569397577995,-121.50897444193865
17.47747747747748,1073.7737354171156,-590.9953731128062,61.437569397577995,-121.70917464213885
17.4974974974975,1075.0037167864366,-593.431993225762,61.437569397577995,-121.90937484233905
17.51751751751752,1076.2336981557576,-595.8726213507338,61.437569397577995,-122.10957504253925
17.53753753753754,1077.4636795250785,-598.3172574877216,61.437569397577995,-122.30977524273945
17.55755755755756,1078.6936608943995,-600.7659016367254,61.437569397577995,-122.50997544293965
17.57757757757758,1079.9236422637205,-603.2185537977452,61.437569397577995,-122.71017564313985
17.5975975975976,1081.1536236330414,-605.6752139707811,61.437569397577995,-122.91037584334005
17.61761761761762,1082.3836050023624,-608.135882155833,61.437569397577995,-123.11057604354025
17.63763763763764,1083.6135863716834,-610.6005583529009,61.437569397577995,-123.31077624374045
17.65765765765766,1084.8435677410043,-613.0692425619848,61.437569397577995,-123.51097644394065
17.67767767767768,1086.0735491103253,-615.5419347830847,61.437569397577995,-123.71117664414085
17.6976976976977,1087.3035304796463,-618.0186350162006,61.437569397577995,-123.91137684434105
17.71771771771772,1088.5335118489672,-620.4993432613326,61.437569397577995,-124.11157704454125
17.73773773773774,1089.7634932182882,-622.9840595184805,61.437569397577995,-124.31177724474145
17.75775775775776,1090.9934745876092,-625.4727837876445,61.437569397577995,-124.51197744494165
17.77777777777778,1092.2234559569301,-627.9655160688245,61.437569397577995,-124.71217764514185
17.7977977977978,1093.453437326251,-630.4622563620205,61.437569397577995,-124.91237784534205
17.81781781781782,1094.683418695572,-632.9630046672326,61.437569397577995,-125.11257804554225
17.83783783783784,1095.913400064893,-635.4677609844606,61.437569397577995,-125.31277824574245
17.85785785785786,1097.143381434214,-637.9765253137047,61.437569397577995,-125.51297844594265
17.87787787787788,1098.373362803535,-640.4892976549647,61.437569397577995,-125.71317864614285
17.8978978978979,1099.603344172856,-643.0060780082408,61.437569397577995,-125.91337884634305
17.91791791791792,1100.833325542177,-645.5268663735329,61.437569397577995,-126.11357904654325
17.93793793793794,1102.0633069114979,-648.051662750841,61.437569397577995,-126.31377924674345
17.95795795795796,1103.2932882808188,-650.5804671401652,61.437569397577995,-126.51397944694365
17.97797797797798,1104.5232696501398,-653.1132795415054,61.437569397577995,-126.71417964714385
17.997997997998,1105.7532510194608,-655.6500999548617,61.437569397577995,-126.91437984734405
18.01801801801802,1106.9832323887817,-658.190928380234,61.437569397577995,-127.11458004754425
18.03803803803804,1108.2132137581027,-660.7357648176223,61.437569397577995,-127.31478024774445
18.05805805805806,1109.4431951274237,-663.2846092670267,61.437569397577995,-127.51498044794465
18.07807807807808,1110.6731764967446,-665.837461728447,61.437569397577995,-127.71518064814485
18.0980980980981,1111.9031578660656,-668.3943222018834,61.437569397577995,-127.91538084834505
18.11811811811812,1113.1331392353866,-670.9551906873357,61.437569397577995,-128.11558104854527
18.13813813813814,1114.3631206047075,-673.5200671848041,61.437569397577995,-128.31578124874548
18.15815815815816,1115.5931019740285,-676.0889516942885,61.437569397577995,-128.5159814489457
18.17817817817818,1116.8230833433495,-678.661844215789,61.437569397577995,-128.7161816491459
18.1981981981982,1118.0530647126704,-681.2387447493054,61.437569397577995,-128.91638184934612
18.21821821821822,1119.2830460819914,-683.8196532948378,61.437569397577995,-129.11658204954634
18.23823823823824,1120.5130274513124,-686.4045698523863,61.437569397577995,-129.31678224974655
18.25825825825826,1121.7430088206333,-688.9934944219508,61.437569397577995,-129.51698244994677
18.27827827827828,1122.9729901899543,-691.5864270035313,61.437569397577995,-129.71718265014698
18.2982982982983,1124.2029715592753,-694.1833675971278,61.437569397577995,-129.9173828503472
18.31831831831832,1125.4329529285963,-696.7843162027403,61.437569397577995,-130.1175830505474
18.33833833833834,1126.6629342979172,-699.3892728203689,61.437569397577995,-130.31778325074762
18.35835835835836,1127.8929156672382,-701.9982374500134,61.437569397577995,-130.51798345094784
18.37837837837838,1129.1228970365592,-704.611210091674,61.437569397577995,-130.71818365114805
18.3983983983984,1130.3528784058801,-707.2281907453506,61.437569397577995,-130.91838385134827
18.41841841841842,1131.582859775201,-709.8491794110432,61.437569397577995,-131.11858405154848
18.43843843843844,1132.812841144522,-712.4741760887518,61.437569397577995,-131.3187842517487
18.45845845845846,1134.042822513843,-715.1031807784766,61.437569397577995,-131.5189844519489
18.47847847847848,1135.272803883164,-717.7361934802174,61.437569397577995,-131.71918465214912
18.4984984984985,1136.502785252485,-720.3732141939741,61.437569397577995,-131.91938485234934
18.51851851851852,1137.732766621806,-723.014242919747,61.437569397577995,-132.11958505254955
18.53853853853854,1138.962747991127,-725.6592796575358,61.437569397577995,-132.31978525274977
18.55855855855856,1140.1927293604479,-728.3083244073406,61.437569397577995,-132.51998545294998
18.57857857857858,1141.4227107297688,-730.9613771691614,61.437569397577995,-132.7201856531502
18.5985985985986,1142.6526920990898,-733.6184379429983,61.437569397577995,-132.9203858533504
18.61861861861862,1143.8826734684108,-736.2795067288512,61.437569397577995,-133.12058605355062
18.63863863863864,1145.1126548377317,-738.9445835267201,61.437569397577995,-133.32078625375084
18.65865865865866,1146.3426362070527,-741.613668336605,61.437569397577995,-133.52098645395105
18.67867867867868,1147.5726175763737,-744.2867611585059,61.437569397577995,-133.72118665415127
18.6986986986987,1148.8025989456946,-746.9638619924228,61.437569397577995,-133.92138685435148
18.71871871871872,1150.0325803150156,-749.6449708383558,61.437569397577995,-134.1215870545517
18.73873873873874,1151.2625616843366,-752.3300876963048,61.437569397577995,-134.3217872547519
18.75875875875876,1152.4925430536575,-755.0192125662697,61.437569397577995,-134.52198745495213
18.77877877877878,1153.7225244229785,-757.7123454482507,61.437569397577995,-134.72218765515234
18.7987987987988,1154.9525057922995,-760.4094863422478,61.437569397577995,-134.92238785535255
18.81881881881882,1156.1824871616204,-763.1106352482608,61.437569397577995,-135.12258805555277
18.83883883883884,1157.4124685309414,-765.8157921662898,61.437569397577995,-135.32278825575298
18.85885885885886,1158.6424499002624,-768.5249570963349,61.437569397577995,-135.5229884559532
18.87887887887888,1159.8724312695833,-771.238130038396,61.437569397577995,-135.7231886561534
18.8988988988989,1161.1024126389043,-773.9553109924731,61.437569397577995,-135.92338885635363
18.91891891891892,1162.3323940082253,-776.6764999585662,61.437569397577995,-136.12358905655384
18.93893893893894,1163.5623753775462,-779.4016969366754,61.437569397577995,-136.32378925675405
18.95895895895896,1164.7923567468672,-782.1309019268007,61.437569397577995,-136.52398945695427
18.97897897897898,1166.0223381161882,-784.864114928942,61.437569397577995,-136.72418965715448
18.998998998999,1167.2523194855091,-787.6013359430992,61.437569397577995,-136.9243898573547
19.01901901901902,1168.48230085483,-790.3425649692725,61.437569397577995,-137.1245900575549
19.03903903903904,1169.712282224151,-793.0878020074618,61.437569397577995,-137.32479025775513
19.05905905905906,1170.942263593472,-795.8370470576672,61.437569397577995,-137.52499045795534
19.07907907907908,1172.172244962793,-798.5903001198885,61.437569397577995,-137.72519065815555
19.0990990990991,1173.402226332114,-801.3475611941259,61.437569397577995,-137.92539085835577
19.11911911911912,1174.632207701435,-804.1088302803793,61.437569397577995,-138.12559105855598
19.13913913913914,1175.862189070756,-806.8741073786487,61.437569397577995,-138.3257912587562
19.15915915915916,1177.0921704400769,-809.6433924889341,61.437569397577995,-138.5259914589564
19.17917917917918,1178.3221518093978,-812.4166856112355,61.437569397577995,-138.72619165915663
19.1991991991992,1179.5521331787188,-815.1939867455529,61.437569397577995,-138.92639185935684
19.21921921921922,1180.7821145480398,-817.9752958918864,61.437569397577995,-139.12659205955705
19.23923923923924,1182.0120959173607,-820.7606130502359,61.437569397577995,-139.32679225975727
19.25925925925926,1183.2420772866817,-823.5499382206013,61.437569397577995,-139.52699245995748
19.27927927927928,1184.4720586560027,-826.3432714029829,61.437569397577995,-139.7271926601577
19.2992992992993,1185.7020400253236,-829.1406125973804,61.437569397577995,-139.9273928603579
19.31931931931932,1186.9320213946446,-831.9419618037939,61.437569397577995,-140.12759306055813
19.33933933933934,1188.1620027639656,-834.7473190222235,61.437569397577995,-140.32779326075834
19.35935935935936,1189.3919841332865,-837.556684252669,61.437569397577995,-140.52799346095856
19.37937937937938,1190.6219655026075,-840.3700574951306,61.437569397577995,-140.72819366115877
19.3993993993994,1191.8519468719285,-843.1874387496083,61.437569397577995,-140.92839386135898
19.41941941941942,1193.0819282412494,-846.008828016102,61.437569397577995,-141.1285940615592
19.43943943943944,1194.3119096105704,-848.8342252946118,61.437569397577995,-141.3287942617594
19.45945945945946,1195.5418909798914,-851.6636305851375,61.437569397577995,-141.52899446195963
19.47947947947948,1196.7718723492123,-854.4970438876793,61.437569397577995,-141.72919466215984
19.4994994994995,1198.0018537185333,-857.3344652022371,61.437569397577995,-141.92939486236006
19.51951951951952,1199.2318350878543,-860.1758945288109,61.437569397577995,-142.12959506256027
19.53953953953954,1200.4618164571752,-863.0213318674007,61.437569397577995,-142.32979526276048
19.55955955955956,1201.6917978264962,-865.8707772180065,61.437569397577995,-142.5299954629607
19.57957957957958,1202.9217791958172,-868.7242305806284,61.437569397577995,-142.7301956631609
19.5995995995996,1204.1517605651381,-871.5816919552663,61.437569397577995,-142.93039586336113
19.61961961961962,1205.3817419344591,-874.4431613419201,61.437569397577995,-143.13059606356134
19.63963963963964,1206.61172330378,-877.30863874059,61.437569397577995,-143.33079626376156
19.65965965965966,1207.841704673101,-880.1781241512759,61.437569397577995,-143.53099646396177
19.67967967967968,1209.071686042422,-883.0516175739779,61.437569397577995,-143.73119666416198
19.6996996996997,1210.301667411743,-885.9291190086958,61.437569397577995,-143.9313968643622
19.71971971971972,1211.531648781064,-888.8106284554298,61.437569397577995,-144.1315970645624
19.73973973973974,1212.761630150385,-891.6961459141797,61.437569397577995,-144.33179726476263
19.75975975975976,1213.9916115197059,-894.5856713849457,61.437569397577995,-144.53199746496284
19.77977977977978,1215.2215928890269,-897.4792048677277,61.437569397577995,-144.73219766516306
19.7997997997998,1216.4515742583478,-900.3767463625258,61.437569397577995,-144.93239786536327
19.81981981981982,1217.6815556276688,-903.2782958693398,61.437569397577995,-145.13259806556349
19.83983983983984,1218.9115369969898,-906.1838533881698,61.437569397577995,-145.3327982657637
19.85985985985986,1220.1415183663107,-909.0934189190159,61.437569397577995,-145.5329984659639
19.87987987987988,1221.3714997356317,-912.0069924618781,61.437569397577995,-145.73319866616413
19.8998998998999,1222.6014811049527,-914.9245740167563,61.437569397577995,-145.93339886636434
19.91991991991992,1223.8314624742736,-917.8461635836505,61.437569397577995,-146.13359906656456
19.93993993993994,1225.0614438435946,-920.7717611625608,61.437569397577995,-146.33379926676477
19.95995995995996,1226.2914252129156,-923.701366753487,61.437569397577995,-146.53399946696499
19.97997997997998,1227.5214065822365,-926.6349803564293,61.437569397577995,-146.7341996671652
20.0,1228.7513879515575,-929.5726019713876,61.437569397577995,-146.9343998673654
