t,xpos,ypos,vx,vy
0.0,0.0,73.55997281839657,25.981765934670825,27.48020639941914
0.02002002002002002,0.5201554741675841,74.11012710066723,25.981765934670825,27.28000619921894
0.04004004004004004,1.0403109483351682,74.65627337092187,25.981765934670825,27.07980599901874
0.06006006006006006,1.5604664225027522,75.19841162916047,25.981765934670825,26.879605798818538
0.08008008008008008,2.0806218966703365,75.73654187538307,25.981765934670825,26.679405598618338
0.10010010010010009,2.6007773708379207,76.27066410958965,25.981765934670825,26.479205398418138
0.12012012012012012,3.120932845005505,76.8007783317802,25.981765934670825,26.279005198217938
0.14014014014014015,3.641088319173089,77.32688454195473,25.981765934670825,26.078804998017738
0.16016016016016016,4.161243793340673,77.84898274011324,25.981765934670825,25.878604797817538
0.18018018018018017,4.681399267508257,78.36707292625573,25.981765934670825,25.678404597617337
0.20020020020020018,5.201554741675841,78.8811551003822,25.981765934670825,25.478204397417137
0.22022022022022023,5.721710215843426,79.39122926249266,25.981765934670825,25.278004197216937
0.24024024024024024,6.24186569001101,79.89729541258708,25.981765934670825,25.077803997016737
0.2602602602602603,6.762021164178594,80.3993535506655,25.981765934670825,24.877603796816537
0.2802802802802803,7.282176638346178,80.89740367672789,25.981765934670825,24.677403596616337
0.3003003003003003,7.802332112513763,81.39144579077427,25.981765934670825,24.477203396416137
0.3203203203203203,8.322487586681346,81.88147989280462,25.981765934670825,24.277003196215936
0.3403403403403404,8.84264306084893,82.36750598281895,25.981765934670825,24.076802996015736
0.36036036036036034,9.362798535016514,82.84952406081727,25.981765934670825,23.876602795815536
0.3803803803803804,9.882954009184099,83.32753412679956,25.981765934670825,23.676402595615336
0.40040040040040037,10.403109483351683,83.80153618076584,25.981765934670825,23.476202395415136
0.42042042042042044,10.923264957519267,84.2715302227161,25.981765934670825,23.276002195214936
0.44044044044044045,11.443420431686851,84.73751625265032,25.981765934670825,23.075801995014736
0.4604604604604605,11.963575905854436,85.19949427056854,25.981765934670825,22.875601794814536
0.4804804804804805,12.48373138002202,85.65746427647073,25.981765934670825,22.675401594614335
0.5005005005005005,13.003886854189604,86.1114262703569,25.981765934670825,22.475201394414135
0.5205205205205206,13.524042328357188,86.56138025222705,25.981765934670825,22.275001194213935
0.5405405405405406,14.044197802524772,87.00732622208119,25.981765934670825,22.074800994013735
0.5605605605605606,14.564353276692357,87.4492641799193,25.981765934670825,21.874600793813535
0.5805805805805806,15.084508750859941,87.88719412574139,25.981765934670825,21.674400593613335
0.6006006006006006,15.604664225027525,88.32111605954746,25.981765934670825,21.474200393413135
0.6206206206206206,16.124819699195108,88.75102998133751,25.981765934670825,21.274000193212935
0.6406406406406406,16.644975173362692,89.17693589111154,25.981765934670825,21.073799993012734
0.6606606606606606,17.165130647530276,89.59883378886956,25.981765934670825,20.873599792812534
0.6806806806806808,17.68528612169786,90.01672367461155,25.981765934670825,20.673399592612334
0.7007007007007007,18.205441595865445,90.43060554833752,25.981765934670825,20.473199392412134
0.7207207207207207,18.72559707003303,90.84047941004748,25.981765934670825,20.272999192211934
0.7407407407407407,19.245752544200613,91.24634525974142,25.981765934670825,20.072798992011734
0.7607607607607608,19.765908018368197,91.64820309741933,25.981765934670825,19.872598791811534
0.7807807807807808,20.28606349253578,92.04605292308122,25.981765934670825,19.672398591611334
0.8008008008008007,20.806218966703366,92.4398947367271,25.981765934670825,19.472198391411133
0.8208208208208208,21.32637444087095,92.82972853835695,25.981765934670825,19.271998191210933
0.8408408408408409,21.846529915038534,93.21555432797078,25.981765934670825,19.071797991010733
0.8608608608608609,22.36668538920612,93.5973721055686,25.981765934670825,18.871597790810533
0.8808808808808809,22.886840863373703,93.97518187115038,25.981765934670825,18.671397590610333
0.9009009009009008,23.406996337541287,94.34898362471615,25.981765934670825,18.471197390410133
0.920920920920921,23.92715181170887,94.71877736626591,25.981765934670825,18.270997190209933
0.9409409409409409,24.447307285876455,95.08456309579964,25.981765934670825,18.070796990009732
0.960960960960961,24.96746276004404,95.44634081331735,25.981765934670825,17.870596789809532
0.980980980980981,25.487618234211624,95.80411051881904,25.981765934670825,17.670396589609332
1.001001001001001,26.007773708379208,96.15787221230471,25.981765934670825,17.470196389409132
1.021021021021021,26.527929182546792,96.50762589377436,25.981765934670825,17.269996189208932
1.0410410410410411,27.048084656714376,96.853371563228,25.981765934670825,17.069795989008732
1.0610610610610611,27.56824013088196,97.19510922066561,25.981765934670825,16.86959578880853
1.0810810810810811,28.088395605049545,97.5328388660872,25.981765934670825,16.66939558860833
1.1011011011011012,28.60855107921713,97.86656049949278,25.981765934670825,16.46919538840813
1.1211211211211212,29.128706553384713,98.19627412088234,25.981765934670825,16.26899518820793
1.1411411411411412,29.648862027552298,98.52197973025586,25.981765934670825,16.06879498800773
1.1611611611611612,30.169017501719882,98.84367732761338,25.981765934670825,15.868594787807531
1.1811811811811812,30.689172975887466,99.16136691295488,25.981765934670825,15.668394587607331
1.2012012012012012,31.20932845005505,99.47504848628034,25.981765934670825,15.46819438740713
1.2212212212212212,31.729483924222635,99.7847220475898,25.981765934670825,15.26799418720693
1.2412412412412412,32.249639398390215,100.09038759688323,25.981765934670825,15.06779398700673
1.2612612612612613,32.769794872557796,100.39204513416064,25.981765934670825,14.86759378680653
1.2812812812812813,33.28995034672538,100.68969465942203,25.981765934670825,14.66739358660633
1.3013013013013013,33.81010582089296,100.9833361726674,25.981765934670825,14.46719338640613
1.3213213213213213,34.33026129506054,101.27296967389675,25.981765934670825,14.26699318620593
1.3413413413413413,34.85041676922812,101.55859516311008,25.981765934670825,14.06679298600573
1.3613613613613615,35.3705722433957,101.8402126403074,25.981765934670825,13.86659278580553
1.3813813813813813,35.89072771756328,102.11782210548868,25.981765934670825,13.66639258560533
1.4014014014014013,36.41088319173086,102.39142355865395,25.981765934670825,13.46619238540513
1.4214214214214214,36.93103866589844,102.66101699980321,25.981765934670825,13.26599218520493
1.4414414414414414,37.45119414006602,102.92660242893643,25.981765934670825,13.06579198500473
1.4614614614614616,37.9713496142336,103.18817984605364,25.981765934670825,12.86559178480453
1.4814814814814814,38.49150508840118,103.44574925115484,25.981765934670825,12.665391584604329
1.5015015015015014,39.011660562568764,103.69931064424001,25.981765934670825,12.465191384404129
1.5215215215215216,39.531816036736345,103.94886402530916,25.981765934670825,12.264991184203929
1.5415415415415414,40.051971510903925,104.1944093943623,25.981765934670825,12.064790984003729
1.5615615615615617,40.572126985071506,104.43594675139941,25.981765934670825,11.864590783803528
1.5815815815815815,41.09228245923909,104.6734760964205,25.981765934670825,11.664390583603328
1.6016016016016015,41.61243793340667,104.90699742942557,25.981765934670825,11.464190383403128
1.6216216216216217,42.13259340757425,105.13651075041463,25.981765934670825,11.263990183202928
1.6416416416416415,42.65274888174183,105.36201605938766,25.981765934670825,11.063789983002728
1.6616616616616617,43.17290435590941,105.58351335634467,25.981765934670825,10.863589782802528
1.6816816816816818,43.69305983007699,105.80100264128566,25.981765934670825,10.663389582602328
1.7017017017017015,44.21321530424457,106.01448391421063,25.981765934670825,10.463189382402128
1.7217217217217218,44.73337077841215,106.22395717511958,25.981765934670825,10.262989182201927
1.7417417417417416,45.25352625257973,106.42942242401251,25.981765934670825,10.062788982001727
1.7617617617617618,45.77368172674731,106.63087966088942,25.981765934670825,9.862588781801527
1.7817817817817818,46.29383720091489,106.82832888575031,25.981765934670825,9.662388581601327
1.8018018018018016,46.813992675082474,107.02177009859518,25.981765934670825,9.462188381401127
1.8218218218218218,47.334148149250055,107.21120329942403,25.981765934670825,9.261988181200927
1.841841841841842,47.854303623417636,107.39662848823686,25.981765934670825,9.061787981000727
1.8618618618618619,48.374459097585216,107.57804566503367,25.981765934670825,8.861587780800527
1.8818818818818819,48.8946145717528,107.75545482981447,25.981765934670825,8.661387580600326
1.9019019019019017,49.41477004592038,107.92885598257924,25.981765934670825,8.461187380400126
1.921921921921922,49.93492552008796,108.09824912332799,25.981765934670825,8.260987180199926
1.9419419419419421,50.45508099425554,108.26363425206073,25.981765934670825,8.060786979999726
1.961961961961962,50.97523646842312,108.42501136877743,25.981765934670825,7.860586779799526
1.981981981981982,51.4953919425907,108.58238047347812,25.981765934670825,7.660386579599326
2.002002002002002,52.01554741675828,108.7357415661628,25.981765934670825,7.460186379399126
2.022022022022022,52.53570289092586,108.88509464683145,25.981765934670825,7.2599861791989255
2.042042042042042,53.05585836509344,109.03043971548408,25.981765934670825,7.059785978998725
2.0620620620620618,53.57601383926102,109.1717767721207,25.981765934670825,6.859585778798525
2.0820820820820822,54.096169313428604,109.30910581674128,25.981765934670825,6.659385578598325
2.1021021021021022,54.616324787596184,109.44242684934585,25.981765934670825,6.459185378398125
2.1221221221221223,55.136480261763765,109.5717398699344,25.981765934670825,6.258985178197925
2.1421421421421423,55.656635735931346,109.69704487850693,25.981765934670825,6.058784977997725
2.1621621621621623,56.176791210098926,109.81834187506344,25.981765934670825,5.858584777797525
2.1821821821821823,56.69694668426651,109.93563085960393,25.981765934670825,5.6583845775973245
2.2022022022022023,57.21710215843409,110.0489118321284,25.981765934670825,5.458184377397124
2.2222222222222223,57.73725763260167,110.15818479263685,25.981765934670825,5.257984177196924
2.2422422422422423,58.25741310676925,110.26344974112928,25.981765934670825,5.057783976996724
2.2622622622622623,58.77756858093683,110.3647066776057,25.981765934670825,4.857583776796524
2.2822822822822824,59.29772405510441,110.46195560206608,25.981765934670825,4.657383576596324
2.3023023023023024,59.81787952927199,110.55519651451046,25.981765934670825,4.457183376396124
2.3223223223223224,60.33803500343957,110.64442941493881,25.981765934670825,4.256983176195924
2.3423423423423424,60.85819047760715,110.72965430335114,25.981765934670825,4.0567829759957235
2.3623623623623624,61.37834595177473,110.81087117974745,25.981765934670825,3.8565827757955233
2.3823823823823824,61.898501425942314,110.88808004412775,25.981765934670825,3.656382575595323
2.4024024024024024,62.418656900109895,110.96128089649201,25.981765934670825,3.456182375395123
2.4224224224224224,62.938812374277475,111.03047373684026,25.981765934670825,3.255982175194923
2.4424424424424425,63.458967848445056,111.0956585651725,25.981765934670825,3.055781974994723
2.4624624624624625,63.97912332261264,111.1568353814887,25.981765934670825,2.8555817747945227
2.4824824824824825,64.49927879678022,111.2140041857889,25.981765934670825,2.6553815745943226
2.5025025025025025,65.0194342709478,111.26716497807307,25.981765934670825,2.4551813743941224
2.5225225225225225,65.53958974511538,111.31631775834121,25.981765934670825,2.2549811741939223
2.5425425425425425,66.05974521928296,111.36146252659334,25.981765934670825,2.054780973993722
2.5625625625625625,66.57990069345054,111.40259928282946,25.981765934670825,1.854580773793522
2.5825825825825826,67.10005616761812,111.43972802704954,25.981765934670825,1.654380573593322
2.6026026026026026,67.6202116417857,111.47284875925361,25.981765934670825,1.4541803733931218
2.6226226226226226,68.14036711595328,111.50196147944166,25.981765934670825,1.2539801731929217
2.6426426426426426,68.66052259012086,111.5270661876137,25.981765934670825,1.0537799729927215
2.6626626626626626,69.18067806428844,111.5481628837697,25.981765934670825,0.8535797727925214
2.6826826826826826,69.70083353845602,111.5652515679097,25.981765934670825,0.6533795725923213
2.7027027027027026,70.2209890126236,111.57833224003367,25.981765934670825,0.4531793723921211
2.722722722722723,70.74114448679119,111.58740490014162,25.981765934670825,0.2529791721919209
2.7427427427427427,71.26129996095877,111.59246954823355,25.981765934670825,0.05277897199172071
2.7627627627627627,71.78145543512635,111.59352618430947,25.981765934670825,-0.14742122820847947
2.7827827827827827,72.30161090929393,111.59057480836935,25.981765934670825,-0.34762142840867966
2.8028028028028027,72.82176638346151,111.58361542041322,25.981765934670825,-0.5478216286088798
2.822822822822823,73.34192185762909,111.57264802044108,25.981765934670825,-0.7480218288090801
2.8428428428428427,73.86207733179667,111.5576726084529,25.981765934670825,-0.9482220290092802
2.8628628628628627,74.38223280596425,111.53868918444871,25.981765934670825,-1.1484222292094803
2.8828828828828827,74.90238828013183,111.51569774842851,25.981765934670825,-1.3486224294096805
2.9029029029029028,75.42254375429941,111.48869830039227,25.981765934670825,-1.5488226296098806
2.922922922922923,75.94269922846699,111.45769084034002,25.981765934670825,-1.7490228298100807
2.942942942942943,76.46285470263457,111.42267536827175,25.981765934670825,-1.9492230300102809
2.962962962962963,76.98301017680215,111.38365188418746,25.981765934670825,-2.149423230210481
2.982982982982983,77.50316565096973,111.34062038808715,25.981765934670825,-2.349623430410681
3.003003003003003,78.02332112513731,111.29358087997082,25.981765934670825,-2.5498236306108812
3.0230230230230233,78.5434765993049,111.24253335983848,25.981765934670825,-2.7500238308110814
3.0430430430430433,79.06363207347248,111.1874778276901,25.981765934670825,-2.9502240310112815
3.063063063063063,79.58378754764006,111.12841428352571,25.981765934670825,-3.1504242312114816
3.083083083083083,80.10394302180764,111.06534272734531,25.981765934670825,-3.3506244314116818
3.103103103103103,80.62409849597522,110.99826315914888,25.981765934670825,-3.550824631611882
3.1231231231231233,81.1442539701428,110.92717557893643,25.981765934670825,-3.751024831812082
3.1431431431431434,81.66440944431038,110.85207998670796,25.981765934670825,-3.951225032012282
3.163163163163163,82.18456491847796,110.77297638246347,25.981765934670825,-4.151425232212483
3.183183183183183,82.70472039264554,110.68986476620296,25.981765934670825,-4.351625432412683
3.203203203203203,83.22487586681312,110.60274513792643,25.981765934670825,-4.551825632612883
3.2232232232232234,83.7450313409807,110.51161749763388,25.981765934670825,-4.752025832813083
3.2432432432432434,84.26518681514828,110.41648184532531,25.981765934670825,-4.952226033013283
3.263263263263263,84.78534228931586,110.31733818100072,25.981765934670825,-5.152426233213483
3.283283283283283,85.30549776348344,110.2141865046601,25.981765934670825,-5.3526264334136835
3.303303303303303,85.82565323765103,110.10702681630347,25.981765934670825,-5.552826633613884
3.3233233233233235,86.3458087118186,109.99585911593083,25.981765934670825,-5.753026833814084
3.3433433433433435,86.86596418598619,109.88068340354215,25.981765934670825,-5.953227034014284
3.3633633633633635,87.38611966015377,109.76149967913746,25.981765934670825,-6.153427234214484
3.383383383383383,87.90627513432135,109.63830794271675,25.981765934670825,-6.353627434414684
3.403403403403403,88.42643060848893,109.51110819428003,25.981765934670825,-6.553827634614884
3.4234234234234235,88.94658608265651,109.37990043382727,25.981765934670825,-6.754027834815084
3.4434434434434436,89.46674155682409,109.2446846613585,25.981765934670825,-6.9542280350152845
3.4634634634634636,89.98689703099167,109.10546087687372,25.981765934670825,-7.154428235215485
3.483483483483483,90.50705250515925,108.96222908037291,25.981765934670825,-7.354628435415685
3.503503503503503,91.02720797932683,108.81498927185608,25.981765934670825,-7.554828635615885
3.5235235235235236,91.54736345349441,108.66374145132323,25.981765934670825,-7.755028835816085
3.5435435435435436,92.067518927662,108.50848561877436,25.981765934670825,-7.955229036016285
3.5635635635635636,92.58767440182957,108.34922177420947,25.981765934670825,-8.155429236216486
3.583583583583583,93.10782987599715,108.18594991762856,25.981765934670825,-8.355629436416686
3.603603603603603,93.62798535016474,108.01867004903163,25.981765934670825,-8.555829636616886
3.6236236236236237,94.14814082433232,107.84738216841868,25.981765934670825,-8.756029836817087
3.6436436436436437,94.6682962984999,107.67208627578971,25.981765934670825,-8.956230037017287
3.6636636636636637,95.18845177266748,107.49278237114471,25.981765934670825,-9.156430237217487
3.683683683683684,95.70860724683506,107.3094704544837,25.981765934670825,-9.356630437417687
3.7037037037037033,96.22876272100264,107.12215052580667,25.981765934670825,-9.556830637617887
3.7237237237237237,96.74891819517022,106.93082258511362,25.981765934670825,-9.757030837818087
3.7437437437437437,97.2690736693378,106.73548663240454,25.981765934670825,-9.957231038018287
3.7637637637637638,97.78922914350538,106.53614266767946,25.981765934670825,-10.157431238218487
3.783783783783784,98.30938461767296,106.33279069093834,25.981765934670825,-10.357631438418688
3.8038038038038033,98.82954009184054,106.1254307021812,25.981765934670825,-10.557831638618888
3.823823823823824,99.34969556600812,105.91406270140806,25.981765934670825,-10.758031838819088
3.843843843843844,99.8698510401757,105.69868668861889,25.981765934670825,-10.958232039019288
3.863863863863864,100.39000651434328,105.4793026638137,25.981765934670825,-11.158432239219488
3.8838838838838843,100.91016198851086,105.25591062699249,25.981765934670825,-11.358632439419688
3.9039039039039034,101.43031746267845,105.02851057815526,25.981765934670825,-11.558832639619888
3.923923923923924,101.95047293684603,104.79710251730201,25.981765934670825,-11.759032839820089
3.943943943943944,102.4706284110136,104.56168644443274,25.981765934670825,-11.959233040020289
3.963963963963964,102.99078388518119,104.32226235954745,25.981765934670825,-12.159433240220489
3.9839839839839843,103.51093935934877,104.07883026264614,25.981765934670825,-12.359633440420689
4.004004004004004,104.03109483351635,103.8313901537288,25.981765934670825,-12.559833640620889
4.0240240240240235,104.55125030768393,103.57994203279546,25.981765934670825,-12.76003384082109
4.044044044044044,105.07140578185151,103.32448589984608,25.981765934670825,-12.96023404102129
4.064064064064064,105.59156125601909,103.06502175488069,25.981765934670825,-13.16043424122149
4.084084084084084,106.11171673018667,102.80154959789928,25.981765934670825,-13.36063444142169
4.104104104104104,106.63187220435425,102.53406942890184,25.981765934670825,-13.56083464162189
4.1241241241241235,107.15202767852183,102.26258124788839,25.981765934670825,-13.76103484182209
4.1441441441441444,107.67218315268941,101.98708505485892,25.981765934670825,-13.96123504202229
4.1641641641641645,108.192338626857,101.70758084981343,25.981765934670825,-14.16143524222249
4.1841841841841845,108.71249410102457,101.42406863275191,25.981765934670825,-14.36163544242269
4.2042042042042045,109.23264957519216,101.13654840367438,25.981765934670825,-14.56183564262289
4.2242242242242245,109.75280504935974,100.84502016258084,25.981765934670825,-14.76203584282309
4.2442442442442445,110.27296052352732,100.54948390947126,25.981765934670825,-14.96223604302329
4.2642642642642645,110.7931159976949,100.24993964434567,25.981765934670825,-15.16243624322349
4.2842842842842845,111.31327147186248,99.94638736720407,25.981765934670825,-15.36263644342369
4.3043043043043046,111.83342694603006,99.63882707804643,25.981765934670825,-15.562836643623891
4.324324324324325,112.35358242019764,99.32725877687278,25.981765934670825,-15.763036843824091
4.344344344344345,112.87373789436522,99.01168246368312,25.981765934670825,-15.963237044024291
4.364364364364365,113.3938933685328,98.69209813847742,25.981765934670825,-16.163437244224493
4.384384384384385,113.91404884270038,98.36850580125571,25.981765934670825,-16.363637444424693
4.404404404404405,114.43420431686796,98.04090545201798,25.981765934670825,-16.563837644624893
4.424424424424425,114.95435979103554,97.70929709076422,25.981765934670825,-16.764037844825094
4.444444444444445,115.47451526520312,97.37368071749445,25.981765934670825,-16.964238045025294
4.464464464464465,115.9946707393707,97.03405633220866,25.981765934670825,-17.164438245225494
4.484484484484485,116.51482621353829,96.69042393490685,25.981765934670825,-17.364638445425694
4.504504504504505,117.03498168770587,96.34278352558901,25.981765934670825,-17.564838645625894
4.524524524524525,117.55513716187345,95.99113510425516,25.981765934670825,-17.765038845826094
4.544544544544545,118.07529263604103,95.63547867090529,25.981765934670825,-17.965239046026294
4.564564564564565,118.59544811020861,95.27581422553939,25.981765934670825,-18.165439246226494
4.584584584584585,119.11560358437619,94.91214176815748,25.981765934670825,-18.365639446426695
4.604604604604605,119.63575905854377,94.54446129875956,25.981765934670825,-18.565839646626895
4.624624624624625,120.15591453271135,94.1727728173456,25.981765934670825,-18.766039846827095
4.644644644644645,120.67607000687893,93.79707632391563,25.981765934670825,-18.966240047027295
4.664664664664665,121.19622548104651,93.41737181846965,25.981765934670825,-19.166440247227495
4.684684684684685,121.71638095521409,93.03365930100763,25.981765934670825,-19.366640447427695
4.704704704704705,122.23653642938167,92.6459387715296,25.981765934670825,-19.566840647627895
4.724724724724725,122.75669190354925,92.25421023003555,25.981765934670825,-19.767040847828095
4.744744744744745,123.27684737771683,91.85847367652548,25.981765934670825,-19.967241048028296
4.764764764764765,123.79700285188441,91.45872911099939,25.981765934670825,-20.167441248228496
4.784784784784785,124.317158326052,91.05497653345728,25.981765934670825,-20.367641448428696
4.804804804804805,124.83731380021958,90.64721594389914,25.981765934670825,-20.567841648628896
4.824824824824825,125.35746927438716,90.23544734232499,25.981765934670825,-20.768041848829096
4.844844844844845,125.87762474855474,89.81967072873482,25.981765934670825,-20.968242049029296
4.864864864864865,126.39778022272232,89.39988610312862,25.981765934670825,-21.168442249229496
4.884884884884885,126.9179356968899,88.97609346550641,25.981765934670825,-21.368642449429696
4.904904904904905,127.43809117105748,88.54829281586818,25.981765934670825,-21.568842649629897
4.924924924924925,127.95824664522506,88.11648415421392,25.981765934670825,-21.769042849830097
4.944944944944945,128.47840211939265,87.68066748054365,25.981765934670825,-21.969243050030297
4.964964964964965,128.99855759356024,87.24084279485736,25.981765934670825,-22.169443250230497
4.984984984984985,129.51871306772782,86.79701009715505,25.981765934670825,-22.369643450430697
5.005005005005005,130.0388685418954,86.34916938743672,25.981765934670825,-22.569843650630897
5.025025025025025,130.55902401606298,85.89732066570237,25.981765934670825,-22.770043850831097
5.045045045045045,131.07917949023056,85.441463931952,25.981765934670825,-22.970244051031298
5.065065065065065,131.59933496439814,84.9815991861856,25.981765934670825,-23.170444251231498
5.085085085085085,132.11949043856572,84.5177264284032,25.981765934670825,-23.370644451431698
5.105105105105105,132.6396459127333,84.04984565860477,25.981765934670825,-23.570844651631898
5.125125125125125,133.15980138690088,83.57795687679031,25.981765934670825,-23.771044851832098
5.145145145145145,133.67995686106846,83.10206008295984,25.981765934670825,-23.971245052032298
5.165165165165165,134.20011233523604,82.62215527711335,25.981765934670825,-24.1714452522325
5.185185185185185,134.72026780940362,82.13824245925083,25.981765934670825,-24.3716454524327
5.205205205205205,135.2404232835712,81.6503216293723,25.981765934670825,-24.5718456526329
5.225225225225225,135.76057875773878,81.15839278747775,25.981765934670825,-24.7720458528331
5.245245245245245,136.28073423190637,80.66245593356717,25.981765934670825,-24.9722460530333
5.265265265265265,136.80088970607395,80.16251106764058,25.981765934670825,-25.1724462532335
5.285285285285285,137.32104518024153,79.65855818969797,25.981765934670825,-25.3726464534337
5.305305305305305,137.8412006544091,79.15059729973933,25.981765934670825,-25.5728466536339
5.325325325325325,138.3613561285767,78.63862839776468,25.981765934670825,-25.7730468538341
5.345345345345346,138.88151160274427,78.122651483774,25.981765934670825,-25.9732470540343
5.365365365365365,139.40166707691185,77.60266655776732,25.981765934670825,-26.1734472542345
5.385385385385385,139.92182255107943,77.0786736197446,25.981765934670825,-26.3736474544347
5.405405405405405,140.441978025247,76.55067266970588,25.981765934670825,-26.5738476546349
5.425425425425425,140.9621334994146,76.01866370765113,25.981765934670825,-26.7740478548351
5.445445445445446,141.48228897358217,75.48264673358035,25.981765934670825,-26.9742480550353
5.465465465465465,142.00244444774975,74.94262174749356,25.981765934670825,-27.1744482552355
5.485485485485485,142.52259992191733,74.39858874939075,25.981765934670825,-27.3746484554357
5.505505505505505,143.0427553960849,73.85054773927192,25.981765934670825,-27.5748486556359
5.525525525525525,143.5629108702525,73.29849871713706,25.981765934670825,-27.7750488558361
5.545545545545546,144.08306634442008,72.7424416829862,25.981765934670825,-27.9752490560363
5.565565565565565,144.60322181858766,72.1823766368193,25.981765934670825,-28.1754492562365
5.585585585585585,145.12337729275524,71.61830357863639,25.981765934670825,-28.3756494564367
5.605605605605605,145.64353276692282,71.05022250843746,25.981765934670825,-28.5758496566369
5.625625625625625,146.1636882410904,70.4781334262225,25.981765934670825,-28.7760498568371
5.645645645645646,146.68384371525798,69.90203633199152,25.981765934670825,-28.9762500570373
5.665665665665665,147.20399918942556,69.32193122574454,25.981765934670825,-29.1764502572375
5.685685685685685,147.72415466359314,68.73781810748152,25.981765934670825,-29.3766504574377
5.7057057057057055,148.24431013776072,68.14969697720248,25.981765934670825,-29.5768506576379
5.7257257257257255,148.7644656119283,67.55756783490743,25.981765934670825,-29.777050857838102
5.745745745745746,149.28462108609588,66.96143068059635,25.981765934670825,-29.977251058038302
5.7657657657657655,149.80477656026346,66.36128551426926,25.981765934670825,-30.177451258238502
5.7857857857857855,150.32493203443104,65.75713233592614,25.981765934670825,-30.377651458438702
5.8058058058058055,150.84508750859862,65.14897114556702,25.981765934670825,-30.577851658638902
5.8258258258258255,151.3652429827662,64.53680194319186,25.981765934670825,-30.778051858839103
5.845845845845846,151.88539845693379,63.92062472880069,25.981765934670825,-30.978252059039303
5.865865865865866,152.40555393110137,63.300439502393495,25.981765934670825,-31.178452259239503
5.885885885885886,152.92570940526895,62.676246263970285,25.981765934670825,-31.378652459439703
5.905905905905906,153.44586487943653,62.04804501353105,25.981765934670825,-31.578852659639903
5.925925925925926,153.9660203536041,61.4158357510758,25.981765934670825,-31.779052859840103
5.9459459459459465,154.4861758277717,60.779618476604526,25.981765934670825,-31.979253060040303
5.965965965965966,155.00633130193927,60.13939319011723,25.981765934670825,-32.17945326024051
5.9859859859859865,155.52648677610685,59.495159891613916,25.981765934670825,-32.37965346044071
6.006006006006006,156.04664225027443,58.846918581094585,25.981765934670825,-32.57985366064091
6.026026026026026,156.566797724442,58.19466925855923,25.981765934670825,-32.78005386084111
6.046046046046047,157.0869531986096,57.53841192400785,25.981765934670825,-32.98025406104131
6.066066066066066,157.60710867277717,56.87814657744046,25.981765934670825,-33.18045426124151
6.086086086086087,158.12726414694475,56.213873218857046,25.981765934670825,-33.38065446144171
6.106106106106106,158.64741962111233,55.545591848257615,25.981765934670825,-33.58085466164191
6.126126126126126,159.16757509527991,54.87330246564216,25.981765934670825,-33.78105486184211
6.146146146146147,159.6877305694475,54.197005071010686,25.981765934670825,-33.98125506204231
6.166166166166166,160.20788604361508,53.516699664363195,25.981765934670825,-34.18145526224251
6.186186186186187,160.72804151778266,52.83238624569968,25.981765934670825,-34.38165546244271
6.206206206206206,161.24819699195024,52.144064815020144,25.981765934670825,-34.58185566264291
6.226226226226226,161.76835246611782,51.45173537232459,25.981765934670825,-34.78205586284311
6.246246246246247,162.2885079402854,50.75539791761302,25.981765934670825,-34.98225606304331
6.266266266266266,162.80866341445298,50.05505245088543,25.981765934670825,-35.18245626324351
6.286286286286287,163.32881888862056,49.350698972141814,25.981765934670825,-35.38265646344371
6.306306306306306,163.84897436278814,48.64233748138218,25.981765934670825,-35.58285666364391
6.326326326326326,164.36912983695572,47.92996797860653,25.981765934670825,-35.78305686384411
6.346346346346347,164.8892853111233,47.21359046381485,25.981765934670825,-35.98325706404431
6.366366366366366,165.40944078529088,46.49320493700716,25.981765934670825,-36.18345726424451
6.386386386386387,165.92959625945846,45.768811398183445,25.981765934670825,-36.38365746444471
6.406406406406406,166.44975173362604,45.04040984734371,25.981765934670825,-36.58385766464491
6.426426426426426,166.96990720779363,44.30800028448795,25.981765934670825,-36.78405786484511
6.446446446446447,167.4900626819612,43.57158270961618,25.981765934670825,-36.98425806504531
6.466466466466466,168.0102181561288,42.831157122728385,25.981765934670825,-37.18445826524551
6.486486486486487,168.53037363029637,42.086723523824574,25.981765934670825,-37.38465846544571
6.506506506506506,169.05052910446395,41.33828191290474,25.981765934670825,-37.58485866564591
6.526526526526526,169.57068457863153,40.585832289968884,25.981765934670825,-37.78505886584611
6.546546546546547,170.0908400527991,39.82937465501701,25.981765934670825,-37.98525906604631
6.566566566566566,170.6109955269667,39.06890900804912,25.981765934670825,-38.18545926624651
6.586586586586587,171.13115100113427,38.3044353490652,25.981765934670825,-38.38565946644671
6.606606606606606,171.65130647530185,37.53595367806527,25.981765934670825,-38.58585966664691
6.626626626626627,172.17146194946943,36.763463995049314,25.981765934670825,-38.78605986684711
6.646646646646647,172.691617423637,35.98696630001734,25.981765934670825,-38.98626006704731
6.666666666666666,173.2117728978046,35.20646059296935,25.981765934670825,-39.18646026724751
6.686686686686687,173.73192837197217,34.421946873905334,25.981765934670825,-39.38666046744771
6.706706706706706,174.25208384613975,33.6334251428253,25.981765934670825,-39.58686066764791
6.726726726726727,174.77223932030734,32.84089539972925,25.981765934670825,-39.78706086784811
6.746746746746747,175.29239479447492,32.04435764461717,25.981765934670825,-39.98726106804831
6.766766766766766,175.8125502686425,31.243811877489076,25.981765934670825,-40.18746126824851
6.786786786786787,176.33270574281008,30.43925809834496,25.981765934670825,-40.38766146844871
6.806806806806806,176.85286121697766,29.630696307184827,25.981765934670825,-40.58786166864891
6.826826826826827,177.37301669114524,28.818126504008674,25.981765934670825,-40.78806186884911
6.846846846846847,177.89317216531282,28.0015486888165,25.981765934670825,-40.98826206904931
6.866866866866866,178.4133276394804,27.180962861608304,25.981765934670825,-41.18846226924951
6.886886886886887,178.93348311364798,26.35636902238409,25.981765934670825,-41.38866246944971
6.906906906906906,179.45363858781556,25.527767171143857,25.981765934670825,-41.58886266964991
6.926926926926927,179.97379406198314,24.6951573078876,25.981765934670825,-41.78906286985011
6.946946946946947,180.49394953615072,23.858539432615327,25.981765934670825,-41.98926307005031
6.966966966966966,181.0141050103183,23.017913545327033,25.981765934670825,-42.18946327025051
6.986986986986987,181.53426048448588,22.17327964602272,25.981765934670825,-42.389663470450714
7.007007007007006,182.05441595865346,21.324637734702385,25.981765934670825,-42.589863670650914
7.027027027027027,182.57457143282105,20.47198781136603,25.981765934670825,-42.790063870851114
7.047047047047047,183.09472690698863,19.615329876013657,25.981765934670825,-42.990264071051314
7.067067067067066,183.6148823811562,18.75466392864526,25.981765934670825,-43.190464271251514
7.087087087087087,184.1350378553238,17.889989969260846,25.981765934670825,-43.390664471451714
7.107107107107106,184.65519332949137,17.02130799786041,25.981765934670825,-43.590864671651914
7.127127127127127,185.17534880365895,16.148618014443958,25.981765934670825,-43.791064871852114
7.147147147147147,185.69550427782653,15.271920019011484,25.981765934670825,-43.991265072052315
7.167167167167166,186.2156597519941,14.391214011562989,25.981765934670825,-44.191465272252515
7.187187187187187,186.7358152261617,13.506499992098474,25.981765934670825,-44.391665472452715
7.207207207207206,187.25597070032927,12.61777796061794,25.981765934670825,-44.591865672652915
7.227227227227227,187.77612617449685,11.725047917121385,25.981765934670825,-44.792065872853115
7.247247247247247,188.29628164866443,10.82830986160881,25.981765934670825,-44.992266073053315
7.267267267267268,188.816437122832,9.927563794080216,25.981765934670825,-45.192466273253515
7.287287287287287,189.3365925969996,9.022809714535601,25.981765934670825,-45.392666473453716
7.3073073073073065,189.85674807116717,8.114047622974965,25.981765934670825,-45.592866673653916
7.327327327327327,190.37690354533476,7.20127751939831,25.981765934670825,-45.793066873854116
7.347347347347347,190.89705901950234,6.284499403805635,25.981765934670825,-45.993267074054316
7.367367367367368,191.41721449366992,5.363713276196941,25.981765934670825,-46.193467274254516
7.387387387387387,191.9373699678375,4.438919136572226,25.981765934670825,-46.393667474454716
7.4074074074074066,192.45752544200508,3.5101169849314906,25.981765934670825,-46.593867674654916
7.4274274274274275,192.97768091617266,2.5773068212747354,25.981765934670825,-46.794067874855116
7.4474474474474475,193.49783639034024,1.6404886456019603,25.981765934670825,-46.99426807505532
7.467467467467468,194.01799186450782,0.6996624579131652,25.981765934670825,-47.19446827525552
7.4874874874874875,194.5381473386754,-0.24517174179165002,25.981765934670825,-47.39466847545572
7.507507507507507,195.05830281284298,-1.1940139535124852,25.981765934670825,-47.59486867565592
7.5275275275275275,195.57845828701056,-2.1468641772493404,25.981765934670825,-47.79506887585612
7.5475475475475475,196.09861376117814,-3.103722413002216,25.981765934670825,-47.99526907605632
7.567567567567568,196.61876923534572,-4.064588660771111,25.981765934670825,-48.19546927625652
7.587587587587588,197.1389247095133,-5.029462920556027,25.981765934670825,-48.39566947645672
7.607607607607607,197.65908018368089,-5.998345192356962,25.981765934670825,-48.59586967665692
7.627627627627628,198.17923565784847,-6.971235476173917,25.981765934670825,-48.79606987685712
7.647647647647648,198.69939113201605,-7.9481337720068925,25.981765934670825,-48.99627007705732
7.6676676676676685,199.21954660618363,-8.929040079855888,25.981765934670825,-49.19647027725752
7.687687687687688,199.7397020803512,-9.913954399720904,25.981765934670825,-49.39667047745772
7.707707707707707,200.2598575545188,-10.902876731601939,25.981765934670825,-49.59687067765792
7.727727727727728,200.78001302868637,-11.895807075498995,25.981765934670825,-49.79707087785812
7.747747747747748,201.30016850285395,-12.89274543141207,25.981765934670825,-49.99727107805832
7.767767767767769,201.82032397702153,-13.893691799341166,25.981765934670825,-50.19747127825852
7.787787787787788,202.3404794511891,-14.898646179286281,25.981765934670825,-50.39767147845872
7.807807807807807,202.8606349253567,-15.907608571247417,25.981765934670825,-50.59787167865892
7.827827827827828,203.38079039952427,-16.920578975224572,25.981765934670825,-50.79807187885912
7.847847847847848,203.90094587369185,-17.937557391217748,25.981765934670825,-50.99827207905932
7.867867867867869,204.42110134785943,-18.958543819226943,25.981765934670825,-51.19847227925952
7.887887887887888,204.94125682202701,-19.983538259252157,25.981765934670825,-51.39867247945972
7.907907907907909,205.4614122961946,-21.012540711293394,25.981765934670825,-51.59887267965992
7.927927927927928,205.98156777036218,-22.04555117535065,25.981765934670825,-51.79907287986012
7.947947947947948,206.50172324452976,-23.082569651423924,25.981765934670825,-51.99927308006032
7.967967967967969,207.02187871869734,-24.123596139513218,25.981765934670825,-52.19947328026052
7.987987987987988,207.54203419286492,-25.168630639618534,25.981765934670825,-52.39967348046072
8.008008008008009,208.0621896670325,-26.21767315173987,25.981765934670825,-52.59987368066092
8.028028028028029,208.58234514120008,-27.270723675877225,25.981765934670825,-52.80007388086112
8.048048048048047,209.10250061536766,-28.327782212030602,25.981765934670825,-53.00027408106132
8.068068068068069,209.62265608953524,-29.3888487602,25.981765934670825,-53.20047428126152
8.088088088088089,210.14281156370282,-30.453923320385414,25.981765934670825,-53.40067448146172
8.108108108108109,210.6629670378704,-31.52300589258685,25.981765934670825,-53.60087468166192
8.128128128128129,211.18312251203798,-32.596096476804306,25.981765934670825,-53.80107488186212
8.148148148148147,211.70327798620556,-33.67319507303778,25.981765934670825,-54.00127508206232
8.168168168168169,212.22343346037314,-34.75430168128728,25.981765934670825,-54.20147528226252
8.188188188188189,212.74358893454072,-35.839416301552795,25.981765934670825,-54.40167548246272
8.208208208208209,213.2637444087083,-36.92853893383433,25.981765934670825,-54.60187568266292
8.228228228228229,213.7838998828759,-38.021669578131885,25.981765934670825,-54.80207588286312
8.248248248248247,214.30405535704347,-39.11880823444546,25.981765934670825,-55.00227608306332
8.268268268268269,214.82421083121105,-40.21995490277506,25.981765934670825,-55.20247628326352
8.288288288288289,215.34436630537863,-41.32510958312067,25.981765934670825,-55.40267648346372
8.308308308308309,215.8645217795462,-42.43427227548231,25.981765934670825,-55.60287668366392
8.328328328328329,216.3846772537138,-43.547442979859966,25.981765934670825,-55.80307688386412
8.348348348348347,216.90483272788137,-44.66462169625364,25.981765934670825,-56.00327708406432
8.368368368368369,217.42498820204895,-45.78580842466334,25.981765934670825,-56.20347728426452
8.388388388388389,217.94514367621653,-46.911003165089056,25.981765934670825,-56.40367748446472
8.408408408408409,218.4652991503841,-48.04020591753079,25.981765934670825,-56.60387768466492
8.428428428428429,218.9854546245517,-49.17341668198855,25.981765934670825,-56.80407788486512
8.448448448448449,219.50561009871927,-50.31063545846232,25.981765934670825,-57.00427808506532
8.468468468468469,220.02576557288685,-51.45186224695212,25.981765934670825,-57.20447828526552
8.488488488488489,220.54592104705443,-52.597097047457936,25.981765934670825,-57.40467848546572
8.508508508508509,221.06607652122202,-53.74633985997977,25.981765934670825,-57.60487868566592
8.528528528528529,221.5862319953896,-54.89959068451763,25.981765934670825,-57.80507888586612
8.548548548548549,222.10638746955718,-56.056849521071506,25.981765934670825,-58.005279086066324
8.568568568568569,222.62654294372476,-57.2181163696414,25.981765934670825,-58.205479286266524
8.588588588588589,223.14669841789234,-58.38339123022732,25.981765934670825,-58.405679486466724
8.608608608608609,223.66685389205992,-59.55267410282926,25.981765934670825,-58.605879686666924
8.62862862862863,224.1870093662275,-60.72596498744721,25.981765934670825,-58.806079886867124
8.64864864864865,224.70716484039508,-61.90326388408119,25.981765934670825,-59.006280087067324
8.66866866866867,225.22732031456266,-63.084570792731185,25.981765934670825,-59.206480287267524
8.68868868868869,225.74747578873024,-64.2698857133972,25.981765934670825,-59.406680487467725
8.70870870870871,226.26763126289782,-65.45920864607923,25.981765934670825,-59.606880687667925
8.72872872872873,226.7877867370654,-66.6525395907773,25.981765934670825,-59.807080887868125
8.74874874874875,227.30794221123298,-67.84987854749137,25.981765934670825,-60.007281088068325
8.76876876876877,227.82809768540056,-69.05122551622146,25.981765934670825,-60.207481288268525
8.78878878878879,228.34825315956815,-70.25658049696759,25.981765934670825,-60.407681488468725
8.80880880880881,228.86840863373573,-71.46594348972972,25.981765934670825,-60.607881688668925
8.82882882882883,229.3885641079033,-72.67931449450788,25.981765934670825,-60.808081888869125
8.84884884884885,229.9087195820709,-73.89669351130206,25.981765934670825,-61.008282089069326
8.86886886886887,230.42887505623847,-75.11808054011226,25.981765934670825,-61.208482289269526
8.88888888888889,230.94903053040605,-76.34347558093847,25.981765934670825,-61.408682489469726
8.90890890890891,231.46918600457363,-77.5728786337807,25.981765934670825,-61.608882689669926
8.92892892892893,231.9893414787412,-78.80628969863896,25.981765934670825,-61.809082889870126
8.94894894894895,232.5094969529088,-80.04370877551324,25.981765934670825,-62.009283090070326
8.96896896896897,233.02965242707637,-81.28513586440353,25.981765934670825,-62.209483290270526
8.98898898898899,233.54980790124395,-82.53057096530985,25.981765934670825,-62.40968349047073
9.00900900900901,234.06996337541153,-83.78001407823218,25.981765934670825,-62.60988369067093
9.02902902902903,234.5901188495791,-85.03346520317054,25.981765934670825,-62.81008389087113
9.04904904904905,235.1102743237467,-86.29092434012492,25.981765934670825,-63.01028409107133
9.06906906906907,235.63042979791427,-87.55239148909531,25.981765934670825,-63.21048429127153
9.08908908908909,236.15058527208186,-88.81786665008173,25.981765934670825,-63.41068449147173
9.10910910910911,236.67074074624944,-90.08734982308417,25.981765934670825,-63.61088469167193
9.12912912912913,237.19089622041702,-91.36084100810262,25.981765934670825,-63.81108489187213
9.14914914914915,237.7110516945846,-92.6383402051371,25.981765934670825,-64.01128509207233
9.16916916916917,238.23120716875218,-93.9198474141876,25.981765934670825,-64.21148529227253
9.18918918918919,238.75136264291976,-95.20536263525412,25.981765934670825,-64.41168549247273
9.20920920920921,239.27151811708734,-96.49488586833665,25.981765934670825,-64.61188569267293
9.22922922922923,239.79167359125492,-97.78841711343522,25.981765934670825,-64.81208589287313
9.24924924924925,240.3118290654225,-99.0859563705498,25.981765934670825,-65.01228609307333
9.26926926926927,240.83198453959008,-100.38750363968039,25.981765934670825,-65.21248629327353
9.28928928928929,241.35214001375766,-101.69305892082701,25.981765934670825,-65.41268649347373
9.30930930930931,241.87229548792524,-103.00262221398965,25.981765934670825,-65.61288669367393
9.32932932932933,242.39245096209282,-104.31619351916831,25.981765934670825,-65.81308689387413
9.34934934934935,242.9126064362604,-105.63377283636298,25.981765934670825,-66.01328709407433
9.36936936936937,243.43276191042798,-106.95536016557368,25.981765934670825,-66.21348729427453
9.38938938938939,243.95291738459557,-108.2809555068004,25.981765934670825,-66.41368749447473
9.40940940940941,244.47307285876315,-109.61055886004313,25.981765934670825,-66.61388769467493
9.42942942942943,244.99322833293073,-110.94417022530189,25.981765934670825,-66.81408789487513
9.44944944944945,245.5133838070983,-112.28178960257667,25.981765934670825,-67.01428809507533
9.46946946946947,246.0335392812659,-113.62341699186746,25.981765934670825,-67.21448829527553
9.48948948948949,246.55369475543347,-114.96905239317428,25.981765934670825,-67.41468849547573
9.50950950950951,247.07385022960105,-116.31869580649712,25.981765934670825,-67.61488869567593
9.52952952952953,247.59400570376863,-117.67234723183597,25.981765934670825,-67.81508889587613
9.54954954954955,248.1141611779362,-119.03000666919085,25.981765934670825,-68.01528909607633
9.56956956956957,248.6343166521038,-120.39167411856175,25.981765934670825,-68.21548929627653
9.58958958958959,249.15447212627137,-121.75734957994867,25.981765934670825,-68.41568949647673
9.60960960960961,249.67462760043895,-123.12703305335161,25.981765934670825,-68.61588969667693
9.62962962962963,250.19478307460653,-124.50072453877057,25.981765934670825,-68.81608989687713
9.64964964964965,250.71493854877411,-125.87842403620554,25.981765934670825,-69.01629009707733
9.66966966966967,251.2350940229417,-127.26013154565655,25.981765934670825,-69.21649029727753
9.68968968968969,251.75524949710928,-128.64584706712355,25.981765934670825,-69.41669049747773
9.70970970970971,252.27540497127686,-130.0355706006066,25.981765934670825,-69.61689069767793
9.72972972972973,252.79556044544444,-131.42930214610567,25.981765934670825,-69.81709089787813
9.74974974974975,253.31571591961202,-132.82704170362075,25.981765934670825,-70.01729109807833
9.76976976976977,253.8358713937796,-134.22878927315185,25.981765934670825,-70.21749129827853
9.78978978978979,254.35602686794718,-135.63454485469896,25.981765934670825,-70.41769149847873
9.80980980980981,254.87618234211476,-137.0443084482621,25.981765934670825,-70.61789169867893
9.82982982982983,255.39633781628234,-138.45808005384126,25.981765934670825,-70.81809189887913
9.84984984984985,255.91649329044992,-139.87585967143644,25.981765934670825,-71.01829209907933
9.86986986986987,256.43664876461753,-141.29764730104765,25.981765934670825,-71.21849229927953
9.88988988988989,256.95680423878514,-142.72344294267486,25.981765934670825,-71.41869249947973
9.90990990990991,257.47695971295275,-144.1532465963181,25.981765934670825,-71.61889269967993
9.92992992992993,257.99711518712036,-145.58705826197735,25.981765934670825,-71.81909289988013
9.94994994994995,258.51727066128797,-147.0248779396526,25.981765934670825,-72.01929310008033
9.96996996996997,259.0374261354556,-148.46670562934392,25.981765934670825,-72.21949330028053
9.98998998998999,259.5575816096232,-149.91254133105124,25.981765934670825,-72.41969350048073
10.01001001001001,260.0777370837908,-151.36238504477458,25.981765934670825,-72.61989370068093
10.03003003003003,260.5978925579584,-152.81623677051394,25.981765934670825,-72.82009390088113
10.05005005005005,261.118048032126,-154.2740965082693,25.981765934670825,-73.02029410108133
10.07007007007007,261.6382035062936,-155.7359642580407,25.981765934670825,-73.22049430128153
10.09009009009009,262.15835898046123,-157.20184001982813,25.981765934670825,-73.42069450148173
10.11011011011011,262.67851445462884,-158.67172379363157,25.981765934670825,-73.62089470168193
10.13013013013013,263.19866992879645,-160.14561557945103,25.981765934670825,-73.82109490188213
10.15015015015015,263.71882540296406,-161.6235153772865,25.981765934670825,-74.02129510208233
10.17017017017017,264.23898087713167,-163.105423187138,25.981765934670825,-74.22149530228253
10.19019019019019,264.7591363512993,-164.5913390090055,25.981765934670825,-74.42169550248273
10.21021021021021,265.2792918254669,-166.08126284288906,25.981765934670825,-74.62189570268293
10.23023023023023,265.7994472996345,-167.57519468878863,25.981765934670825,-74.82209590288313
10.25025025025025,266.3196027738021,-169.0731345467042,25.981765934670825,-75.02229610308333
10.27027027027027,266.8397582479697,-170.5750824166358,25.981765934670825,-75.22249630328353
10.29029029029029,267.3599137221373,-172.08103829858342,25.981765934670825,-75.42269650348373
10.31031031031031,267.88006919630493,-173.59100219254705,25.981765934670825,-75.62289670368394
10.33033033033033,268.40022467047254,-175.1049740985267,25.981765934670825,-75.82309690388414
10.35035035035035,268.92038014464015,-176.62295401652239,25.981765934670825,-76.02329710408434
10.37037037037037,269.44053561880776,-178.1449419465341,25.981765934670825,-76.22349730428454
10.39039039039039,269.96069109297537,-179.6709378885618,25.981765934670825,-76.42369750448474
10.41041041041041,270.480846567143,-181.20094184260554,25.981765934670825,-76.62389770468494
10.43043043043043,271.0010020413106,-182.7349538086653,25.981765934670825,-76.82409790488514
10.45045045045045,271.5211575154782,-184.27297378674106,25.981765934670825,-77.02429810508534
10.47047047047047,272.0413129896458,-185.81500177683287,25.981765934670825,-77.22449830528554
10.49049049049049,272.5614684638134,-187.3610377789407,25.981765934670825,-77.42469850548574
10.51051051051051,273.081623937981,-188.91108179306454,25.981765934670825,-77.62489870568594
10.53053053053053,273.60177941214863,-190.4651338192044,25.981765934670825,-77.82509890588614
10.55055055055055,274.12193488631624,-192.02319385736027,25.981765934670825,-78.02529910608634
10.57057057057057,274.64209036048385,-193.58526190753216,25.981765934670825,-78.22549930628654
10.59059059059059,275.16224583465146,-195.1513379697201,25.981765934670825,-78.42569950648674
10.61061061061061,275.68240130881907,-196.72142204392404,25.981765934670825,-78.62589970668694
10.63063063063063,276.2025567829867,-198.295514130144,25.981765934670825,-78.82609990688714
10.65065065065065,276.7227122571543,-199.87361422837998,25.981765934670825,-79.02630010708734
10.67067067067067,277.2428677313219,-201.45572233863197,25.981765934670825,-79.22650030728754
10.690690690690692,277.7630232054895,-203.04183846089998,25.981765934670825,-79.42670050748774
10.71071071071071,278.2831786796571,-204.631962595184,25.981765934670825,-79.62690070768794
10.73073073073073,278.8033341538247,-206.22609474148408,25.981765934670825,-79.82710090788814
10.75075075075075,279.32348962799233,-207.82423489980016,25.981765934670825,-80.02730110808834
10.77077077077077,279.84364510215994,-209.42638307013226,25.981765934670825,-80.22750130828854
10.790790790790792,280.36380057632755,-211.03253925248038,25.981765934670825,-80.42770150848874
10.81081081081081,280.88395605049516,-212.6427034468445,25.981765934670825,-80.62790170868894
10.83083083083083,281.40411152466277,-214.25687565322465,25.981765934670825,-80.82810190888914
10.85085085085085,281.9242669988304,-215.87505587162084,25.981765934670825,-81.02830210908934
10.87087087087087,282.444422472998,-217.49724410203305,25.981765934670825,-81.22850230928954
10.890890890890892,282.9645779471656,-219.12344034446127,25.981765934670825,-81.42870250948974
10.91091091091091,283.4847334213332,-220.7536445989055,25.981765934670825,-81.62890270968994
10.93093093093093,284.0048888955008,-222.38785686536576,25.981765934670825,-81.82910290989014
10.95095095095095,284.5250443696684,-224.02607714384203,25.981765934670825,-82.02930311009034
10.97097097097097,285.04519984383603,-225.66830543433434,25.981765934670825,-82.22950331029054
10.990990990990992,285.56535531800364,-227.31454173684267,25.981765934670825,-82.42970351049074
11.01101101101101,286.08551079217125,-228.964786051367,25.981765934670825,-82.62990371069094
11.03103103103103,286.60566626633886,-230.61903837790737,25.981765934670825,-82.83010391089114
11.05105105105105,287.12582174050647,-232.27729871646375,25.981765934670825,-83.03030411109134
11.07107107107107,287.6459772146741,-233.93956706703614,25.981765934670825,-83.23050431129154
11.091091091091092,288.1661326888417,-235.60584342962454,25.981765934670825,-83.43070451149174
11.11111111111111,288.6862881630093,-237.276127804229,25.981765934670825,-83.63090471169194
11.13113113113113,289.2064436371769,-238.95042019084946,25.981765934670825,-83.83110491189214
11.15115115115115,289.7265991113445,-240.62872058948594,25.981765934670825,-84.03130511209234
11.17117117117117,290.2467545855121,-242.31102900013843,25.981765934670825,-84.23150531229254
11.191191191191193,290.76691005967973,-243.99734542280694,25.981765934670825,-84.43170551249274
11.21121121121121,291.28706553384734,-245.68766985749147,25.981765934670825,-84.63190571269294
11.23123123123123,291.80722100801495,-247.38200230419204,25.981765934670825,-84.83210591289314
11.25125125125125,292.32737648218256,-249.08034276290863,25.981765934670825,-85.03230611309334
11.27127127127127,292.84753195635017,-250.78269123364123,25.981765934670825,-85.23250631329354
11.291291291291293,293.3676874305178,-252.48904771638985,25.981765934670825,-85.43270651349374
11.31131131131131,293.8878429046854,-254.19941221115448,25.981765934670825,-85.63290671369394
11.33133133133133,294.407998378853,-255.91378471793513,25.981765934670825,-85.83310691389414
11.35135135135135,294.9281538530206,-257.6321652367318,25.981765934670825,-86.03330711409434
11.37137137137137,295.4483093271882,-259.3545537675445,25.981765934670825,-86.23350731429454
11.391391391391393,295.9684648013558,-261.08095031037317,25.981765934670825,-86.43370751449474
11.411411411411411,296.48862027552343,-262.81135486521794,25.981765934670825,-86.63390771469494
11.431431431431431,297.00877574969104,-264.5457674320787,25.981765934670825,-86.83410791489514
11.451451451451451,297.52893122385865,-266.2841880109555,25.981765934670825,-87.03430811509534
11.471471471471471,298.04908669802626,-268.02661660184833,25.981765934670825,-87.23450831529554
11.491491491491493,298.56924217219387,-269.77305320475716,25.981765934670825,-87.43470851549574
11.511511511511511,299.0893976463615,-271.523497819682,25.981765934670825,-87.63490871569594
11.531531531531531,299.6095531205291,-273.27795044662287,25.981765934670825,-87.83510891589614
11.551551551551551,300.1297085946967,-275.03641108557974,25.981765934670825,-88.03530911609634
11.571571571571571,300.6498640688643,-276.79887973655264,25.981765934670825,-88.23550931629654
11.591591591591593,301.1700195430319,-278.56535639954154,25.981765934670825,-88.43570951649674
11.611611611611611,301.6901750171995,-280.33584107454647,25.981765934670825,-88.63590971669694
11.631631631631631,302.21033049136713,-282.1103337615674,25.981765934670825,-88.83610991689714
11.651651651651651,302.73048596553474,-283.88883446060436,25.981765934670825,-89.03631011709734
11.671671671671671,303.25064143970235,-285.6713431716574,25.981765934670825,-89.23651031729754
11.691691691691693,303.77079691386996,-287.4578598947264,25.981765934670825,-89.43671051749774
11.711711711711711,304.29095238803757,-289.2483846298115,25.981765934670825,-89.63691071769794
11.731731731731731,304.8111078622052,-291.04291737691256,25.981765934670825,-89.83711091789814
11.751751751751751,305.3312633363728,-292.84145813602964,25.981765934670825,-90.03731111809834
11.771771771771771,305.8514188105404,-294.64400690716275,25.981765934670825,-90.23751131829854
11.791791791791793,306.371574284708,-296.45056369031187,25.981765934670825,-90.43771151849874
11.811811811811811,306.8917297588756,-298.261128485477,25.981765934670825,-90.63791171869894
11.831831831831831,307.4118852330432,-300.07570129265815,25.981765934670825,-90.83811191889914
11.851851851851851,307.93204070721083,-301.8942821118553,25.981765934670825,-91.03831211909934
11.871871871871871,308.45219618137844,-303.7168709430685,25.981765934670825,-91.23851231929955
11.891891891891893,308.97235165554605,-305.5434677862977,25.981765934670825,-91.43871251949975
11.911911911911911,309.49250712971366,-307.3740726415429,25.981765934670825,-91.63891271969995
11.931931931931931,310.01266260388127,-309.2086855088042,25.981765934670825,-91.83911291990015
11.951951951951951,310.5328180780489,-311.0473063880815,25.981765934670825,-92.03931312010035
11.971971971971973,311.0529735522165,-312.8899352793748,25.981765934670825,-92.23951332030055
11.991991991991993,311.5731290263841,-314.73657218268414,25.981765934670825,-92.43971352050075
12.012012012012011,312.0932845005517,-316.5872170980095,25.981765934670825,-92.63991372070095
12.032032032032031,312.6134399747193,-318.44187002535085,25.981765934670825,-92.84011392090115
12.052052052052051,313.1335954488869,-320.30053096470823,25.981765934670825,-93.04031412110135
12.072072072072073,313.65375092305453,-322.1631999160816,25.981765934670825,-93.24051432130155
12.092092092092093,314.17390639722214,-324.02987687947103,25.981765934670825,-93.44071452150175
12.112112112112111,314.69406187138975,-325.90056185487646,25.981765934670825,-93.64091472170195
12.132132132132131,315.21421734555736,-327.7752548422979,25.981765934670825,-93.84111492190215
12.152152152152151,315.73437281972497,-329.65395584173535,25.981765934670825,-94.04131512210235
12.172172172172173,316.2545282938926,-331.5366648531889,25.981765934670825,-94.24151532230255
12.192192192192193,316.7746837680602,-333.4233818766584,25.981765934670825,-94.44171552250275
12.212212212212211,317.2948392422278,-335.314106912144,25.981765934670825,-94.64191572270295
12.232232232232231,317.8149947163954,-337.20883995964556,25.981765934670825,-94.84211592290315
12.252252252252251,318.335150190563,-339.10758101916315,25.981765934670825,-95.04231612310335
12.272272272272273,318.8553056647306,-341.01033009069675,25.981765934670825,-95.24251632330355
12.292292292292293,319.37546113889823,-342.9170871742464,25.981765934670825,-95.44271652350375
12.312312312312311,319.89561661306584,-344.827852269812,25.981765934670825,-95.64291672370395
12.332332332332332,320.41577208723345,-346.74262537739367,25.981765934670825,-95.84311692390415
12.352352352352352,320.93592756140106,-348.66140649699133,25.981765934670825,-96.04331712410435
12.372372372372373,321.45608303556867,-350.584195628605,25.981765934670825,-96.24351732430455
12.392392392392393,321.9762385097363,-352.5109927722347,25.981765934670825,-96.44371752450475
12.412412412412412,322.4963939839039,-354.44179792788043,25.981765934670825,-96.64391772470495
12.432432432432432,323.0165494580715,-356.3766110955422,25.981765934670825,-96.84411792490515
12.452452452452452,323.5367049322391,-358.31543227522,25.981765934670825,-97.04431812510535
12.472472472472473,324.0568604064067,-360.25826146691384,25.981765934670825,-97.24451832530555
12.492492492492493,324.5770158805743,-362.20509867062367,25.981765934670825,-97.44471852550575
12.512512512512512,325.09717135474193,-364.1559438863495,25.981765934670825,-97.64491872570595
12.532532532532532,325.61732682890954,-366.1107971140914,25.981765934670825,-97.84511892590615
12.552552552552552,326.13748230307715,-368.06965835384926,25.981765934670825,-98.04531912610635
12.572572572572573,326.65763777724476,-370.03252760562316,25.981765934670825,-98.24551932630655
12.592592592592593,327.17779325141237,-371.99940486941307,25.981765934670825,-98.44571952650675
12.612612612612612,327.69794872558,-373.970290145219,25.981765934670825,-98.64591972670695
12.632632632632632,328.2181041997476,-375.94518343304094,25.981765934670825,-98.84611992690715
12.652652652652652,328.7382596739152,-377.9240847328789,25.981765934670825,-99.04632012710735
12.672672672672673,329.2584151480828,-379.90699404473287,25.981765934670825,-99.24652032730755
12.692692692692694,329.7785706222504,-381.8939113686029,25.981765934670825,-99.44672052750775
12.712712712712712,330.298726096418,-383.884836704489,25.981765934670825,-99.64692072770795
12.732732732732732,330.81888157058563,-385.87977005239105,25.981765934670825,-99.84712092790815
12.752752752752752,331.33903704475324,-387.87871141230914,25.981765934670825,-100.04732112810835
12.772772772772774,331.85919251892085,-389.88166078424325,25.981765934670825,-100.24752132830855
12.792792792792794,332.37934799308846,-391.8886181681934,25.981765934670825,-100.44772152850875
12.812812812812812,332.89950346725607,-393.8995835641595,25.981765934670825,-100.64792172870895
12.832832832832832,333.4196589414237,-395.91455697214167,25.981765934670825,-100.84812192890915
12.852852852852852,333.9398144155913,-397.93353839213984,25.981765934670825,-101.04832212910935
12.872872872872874,334.4599698897589,-399.956527824154,25.981765934670825,-101.24852232930955
12.892892892892894,334.9801253639265,-401.9835252681842,25.981765934670825,-101.44872252950975
12.912912912912912,335.5002808380941,-404.01453072423044,25.981765934670825,-101.64892272970995
12.932932932932932,336.0204363122617,-406.04954419229273,25.981765934670825,-101.84912292991015
12.952952952952952,336.54059178642933,-408.08856567237103,25.981765934670825,-102.04932313011035
12.972972972972974,337.06074726059694,-410.13159516446535,25.981765934670825,-102.24952333031055
12.992992992992994,337.58090273476455,-412.1786326685757,25.981765934670825,-102.44972353051075
13.013013013013012,338.10105820893216,-414.22967818470204,25.981765934670825,-102.64992373071095
13.033033033033032,338.62121368309977,-416.2847317128444,25.981765934670825,-102.85012393091115
13.053053053053052,339.1413691572674,-418.3437932530028,25.981765934670825,-103.05032413111135
13.073073073073074,339.661524631435,-420.4068628051772,25.981765934670825,-103.25052433131155
13.093093093093094,340.1816801056026,-422.4739403693676,25.981765934670825,-103.45072453151175
13.113113113113112,340.7018355797702,-424.545025945574,25.981765934670825,-103.65092473171195
13.133133133133132,341.2219910539378,-426.62011953379647,25.981765934670825,-103.85112493191215
13.153153153153154,341.7421465281054,-428.69922113403493,25.981765934670825,-104.05132513211235
13.173173173173174,342.26230200227303,-430.7823307462894,25.981765934670825,-104.25152533231255
13.193193193193194,342.78245747644064,-432.86944837055995,25.981765934670825,-104.45172553251275
13.213213213213212,343.30261295060825,-434.9605740068465,25.981765934670825,-104.65192573271295
13.233233233233232,343.82276842477586,-437.0557076551491,25.981765934670825,-104.85212593291315
13.253253253253254,344.34292389894347,-439.1548493154677,25.981765934670825,-105.05232613311335
13.273273273273274,344.8630793731111,-441.2579989878023,25.981765934670825,-105.25252633331355
13.293293293293294,345.3832348472787,-443.3651566721529,25.981765934670825,-105.45272653351375
13.313313313313312,345.9033903214463,-445.47632236851956,25.981765934670825,-105.65292673371395
13.333333333333332,346.4235457956139,-447.5914960769022,25.981765934670825,-105.85312693391415
13.353353353353354,346.9437012697815,-449.7106777973009,25.981765934670825,-106.05332713411435
13.373373373373374,347.4638567439491,-451.8338675297156,25.981765934670825,-106.25352733431455
13.393393393393394,347.98401221811673,-453.9610652741463,25.981765934670825,-106.45372753451475
13.413413413413412,348.50416769228434,-456.092271030593,25.981765934670825,-106.65392773471496
13.433433433433432,349.02432316645195,-458.22748479905573,25.981765934670825,-106.85412793491516
13.453453453453454,349.54447864061956,-460.36670657953454,25.981765934670825,-107.05432813511536
13.473473473473474,350.06463411478717,-462.50993637202936,25.981765934670825,-107.25452833531556
13.493493493493494,350.5847895889548,-464.6571741765402,25.981765934670825,-107.45472853551576
13.513513513513512,351.1049450631224,-466.80841999306705,25.981765934670825,-107.65492873571596
13.533533533533532,351.62510053729,-468.9636738216099,25.981765934670825,-107.85512893591616
13.553553553553554,352.1452560114576,-471.1229356621688,25.981765934670825,-108.05532913611636
13.573573573573574,352.6654114856252,-473.2862055147437,25.981765934670825,-108.25552933631656
13.593593593593594,353.1855669597928,-475.4534833793346,25.981765934670825,-108.45572953651676
13.613613613613612,353.70572243396043,-477.62476925594154,25.981765934670825,-108.65592973671696
13.633633633633632,354.22587790812804,-479.8000631445645,25.981765934670825,-108.85612993691716
13.653653653653654,354.74603338229565,-481.97936504520345,25.981765934670825,-109.05633013711736
13.673673673673674,355.26618885646326,-484.1626749578584,25.981765934670825,-109.25653033731756
13.693693693693694,355.78634433063087,-486.3499928825295,25.981765934670825,-109.45673053751776
13.713713713713712,356.3064998047985,-488.54131881921654,25.981765934670825,-109.65693073771796
13.733733733733732,356.8266552789661,-490.7366527679196,25.981765934670825,-109.85713093791816
13.753753753753754,357.3468107531337,-492.9359947286387,25.981765934670825,-110.05733113811836
13.773773773773774,357.8669662273013,-495.13934470137383,25.981765934670825,-110.25753133831856
13.793793793793794,358.3871217014689,-497.34670268612496,25.981765934670825,-110.45773153851876
13.813813813813812,358.9072771756365,-499.5580686828921,25.981765934670825,-110.65793173871896
13.833833833833832,359.42743264980413,-501.77344269167526,25.981765934670825,-110.85813193891916
13.853853853853854,359.94758812397174,-503.99282471247443,25.981765934670825,-111.05833213911936
13.873873873873874,360.46774359813935,-506.2162147452896,25.981765934670825,-111.25853233931956
13.893893893893894,360.98789907230696,-508.4436127901208,25.981765934670825,-111.45873253951976
13.913913913913913,361.50805454647457,-510.67501884696804,25.981765934670825,-111.65893273971996
13.933933933933933,362.0282100206422,-512.9104329158313,25.981765934670825,-111.85913293992016
13.953953953953954,362.5483654948098,-515.1498549967106,25.981765934670825,-112.05933314012036
13.973973973973974,363.0685209689774,-517.3932850896059,25.981765934670825,-112.25953334032056
13.993993993993994,363.588676443145,-519.6407231945172,25.981765934670825,-112.45973354052076
14.014014014014013,364.1088319173126,-521.8921693114446,25.981765934670825,-112.65993374072096
14.034034034034033,364.6289873914802,-524.147623440388,25.981765934670825,-112.86013394092116
14.054054054054054,365.14914286564783,-526.4070855813474,25.981765934670825,-113.06033414112136
14.074074074074074,365.66929833981544,-528.6705557343228,25.981765934670825,-113.26053434132156
14.094094094094094,366.18945381398305,-530.9380338993142,25.981765934670825,-113.46073454152176
14.114114114114113,366.70960928815066,-533.2095200763216,25.981765934670825,-113.66093474172196
14.134134134134133,367.22976476231827,-535.4850142653451,25.981765934670825,-113.86113494192216
14.154154154154154,367.7499202364859,-537.7645164663845,25.981765934670825,-114.06133514212236
14.174174174174174,368.2700757106535,-540.04802667944,25.981765934670825,-114.26153534232256
14.194194194194194,368.7902311848211,-542.3355449045115,25.981765934670825,-114.46173554252276
14.214214214214213,369.3103866589887,-544.627071141599,25.981765934670825,-114.66193574272296
14.234234234234233,369.8305421331563,-546.9226053907025,25.981765934670825,-114.86213594292316
14.254254254254255,370.3506976073239,-549.2221476518221,25.981765934670825,-115.06233614312336
14.274274274274275,370.87085308149153,-551.5256979249576,25.981765934670825,-115.26253634332356
14.294294294294295,371.39100855565914,-553.8332562101092,25.981765934670825,-115.46273654352376
14.314314314314313,371.91116402982675,-556.1448225072768,25.981765934670825,-115.66293674372396
14.334334334334333,372.43131950399436,-558.4603968164605,25.981765934670825,-115.86313694392416
14.354354354354355,372.95147497816197,-560.7799791376602,25.981765934670825,-116.06333714412436
14.374374374374375,373.4716304523296,-563.103569470876,25.981765934670825,-116.26353734432456
14.394394394394395,373.9917859264972,-565.4311678161077,25.981765934670825,-116.46373754452476
14.414414414414413,374.5119414006648,-567.7627741733555,25.981765934670825,-116.66393774472496
14.434434434434436,375.0320968748324,-570.0983885426193,25.981765934670825,-116.86413794492516
14.454454454454455,375.552252349,-572.4380109238991,25.981765934670825,-117.06433814512536
14.474474474474475,376.0724078231676,-574.781641317195,25.981765934670825,-117.26453834532556
14.494494494494495,376.59256329733523,-577.1292797225068,25.981765934670825,-117.46473854552576
14.514514514514513,377.11271877150284,-579.4809261398347,25.981765934670825,-117.66493874572596
14.534534534534536,377.63287424567045,-581.8365805691785,25.981765934670825,-117.86513894592616
14.554554554554555,378.15302971983806,-584.1962430105384,25.981765934670825,-118.06533914612636
14.574574574574575,378.67318519400567,-586.5599134639143,25.981765934670825,-118.26553934632656
14.594594594594595,379.1933406681733,-588.9275919293062,25.981765934670825,-118.46573954652676
14.614614614614613,379.7134961423409,-591.2992784067142,25.981765934670825,-118.66593974672696
14.634634634634637,380.2336516165085,-593.6749728961381,25.981765934670825,-118.86613994692716
14.654654654654655,380.7538070906761,-596.0546753975781,25.981765934670825,-119.06634014712736
14.674674674674675,381.2739625648437,-598.4383859110341,25.981765934670825,-119.26654034732756
14.694694694694695,381.7941180390113,-600.8261044365061,25.981765934670825,-119.46674054752776
14.714714714714713,382.31427351317893,-603.2178309739941,25.981765934670825,-119.66694074772796
14.734734734734737,382.83442898734654,-605.6135655234981,25.981765934670825,-119.86714094792816
14.754754754754755,383.35458446151415,-608.0133080850181,25.981765934670825,-120.06734114812836
14.774774774774775,383.87473993568176,-610.4170586585542,25.981765934670825,-120.26754134832856
14.794794794794795,384.39489540984937,-612.8248172441063,25.981765934670825,-120.46774154852876
14.814814814814813,384.915050884017,-615.2365838416744,25.981765934670825,-120.66794174872896
14.834834834834837,385.4352063581846,-617.6523584512586,25.981765934670825,-120.86814194892916
14.854854854854855,385.9553618323522,-620.0721410728588,25.981765934670825,-121.06834214912936
14.874874874874875,386.4755173065198,-622.4959317064751,25.981765934670825,-121.26854234932956
14.894894894894895,386.9956727806874,-624.9237303521073,25.981765934670825,-121.46874254952976
14.914914914914913,387.515828254855,-627.3555370097556,25.981765934670825,-121.66894274972996
14.934934934934937,388.03598372902263,-629.7913516794199,25.981765934670825,-121.86914294993016
14.954954954954955,388.55613920319024,-632.2311743611002,25.981765934670825,-122.06934315013036
14.974974974974975,389.07629467735785,-634.6750050547965,25.981765934670825,-122.26954335033057
14.994994994994995,389.59645015152546,-637.1228437605089,25.981765934670825,-122.46974355053077
15.015015015015013,390.11660562569307,-639.5746904782372,25.981765934670825,-122.66994375073097
15.035035035035037,390.6367610998607,-642.0305452079816,25.981765934670825,-122.87014395093117
15.055055055055055,391.1569165740283,-644.490407949742,25.981765934670825,-123.07034415113137
15.075075075075075,391.6770720481959,-646.9542787035184,25.981765934670825,-123.27054435133157
15.095095095095095,392.1972275223635,-649.4221574693108,25.981765934670825,-123.47074455153177
15.115115115115113,392.7173829965311,-651.8940442471193,25.981765934670825,-123.67094475173197
15.135135135135137,393.2375384706987,-654.3699390369437,25.981765934670825,-123.87114495193217
15.155155155155155,393.75769394486633,-656.8498418387842,25.981765934670825,-124.07134515213237
15.175175175175175,394.27784941903394,-659.3337526526407,25.981765934670825,-124.27154535233257
15.195195195195195,394.79800489320155,-661.8216714785132,25.981765934670825,-124.47174555253277
15.215215215215213,395.31816036736916,-664.3135983164017,25.981765934670825,-124.67194575273297
15.235235235235237,395.83831584153677,-666.8095331663062,25.981765934670825,-124.87214595293317
15.255255255255255,396.3584713157044,-669.3094760282268,25.981765934670825,-125.07234615313337
15.275275275275275,396.878626789872,-671.8134269021633,25.981765934670825,-125.27254635333357
15.295295295295295,397.3987822640396,-674.3213857881159,25.981765934670825,-125.47274655353377
15.315315315315313,397.9189377382072,-676.8333526860845,25.981765934670825,-125.67294675373397
15.335335335335337,398.4390932123748,-679.3493275960692,25.981765934670825,-125.87314695393417
15.355355355355355,398.9592486865424,-681.8693105180699,25.981765934670825,-126.07334715413437
15.375375375375375,399.47940416071003,-684.3933014520867,25.981765934670825,-126.27354735433457
15.395395395395395,399.99955963487764,-686.9213003981195,25.981765934670825,-126.47374755453477
15.415415415415413,400.51971510904525,-689.4533073561682,25.981765934670825,-126.67394775473497
15.435435435435437,401.03987058321286,-691.989322326233,25.981765934670825,-126.87414795493517
15.455455455455455,401.56002605738047,-694.5293453083139,25.981765934670825,-127.07434815513537
15.475475475475475,402.0801815315481,-697.0733763024107,25.981765934670825,-127.27454835533557
15.495495495495495,402.6003370057157,-699.6214153085235,25.981765934670825,-127.47474855553577
15.515515515515514,403.1204924798833,-702.1734623266524,25.981765934670825,-127.67494875573597
15.535535535535537,403.6406479540509,-704.7295173567973,25.981765934670825,-127.87514895593617
15.555555555555555,404.1608034282185,-707.2895803989582,25.981765934670825,-128.07534915613638
15.575575575575575,404.6809589023861,-709.8536514531351,25.981765934670825,-128.2755493563366
15.595595595595595,405.20111437655373,-712.421730519328,25.981765934670825,-128.4757495565368
15.615615615615614,405.72126985072134,-714.9938175975369,25.981765934670825,-128.67594975673703
15.635635635635637,406.24142532488895,-717.5699126877619,25.981765934670825,-128.87614995693724
15.655655655655655,406.76158079905656,-720.1500157900028,25.981765934670825,-129.07635015713745
15.675675675675675,407.28173627322417,-722.7341269042598,25.981765934670825,-129.27655035733767
15.695695695695695,407.8018917473918,-725.3222460305328,25.981765934670825,-129.47675055753788
15.715715715715717,408.3220472215594,-727.9143731688218,25.981765934670825,-129.6769507577381
15.735735735735737,408.842202695727,-730.5105083191269,25.981765934670825,-129.8771509579383
15.755755755755755,409.3623581698946,-733.1106514814479,25.981765934670825,-130.07735115813853
15.775775775775776,409.8825136440622,-735.714802655785,25.981765934670825,-130.27755135833874
15.795795795795796,410.4026691182298,-738.322961842138,25.981765934670825,-130.47775155853896
15.815815815815817,410.92282459239743,-740.9351290405071,25.981765934670825,-130.67795175873917
15.835835835835837,411.44298006656504,-743.5513042508924,25.981765934670825,-130.87815195893938
15.855855855855856,411.96313554073265,-746.1714874732936,25.981765934670825,-131.0783521591396
15.875875875875876,412.48329101490026,-748.7956787077109,25.981765934670825,-131.2785523593398
15.895895895895896,413.00344648906787,-751.4238779541441,25.981765934670825,-131.47875255954003
15.915915915915917,413.5236019632355,-754.0560852125934,25.981765934670825,-131.67895275974024
15.935935935935937,414.0437574374031,-756.6923004830587,25.981765934670825,-131.87915295994046
15.955955955955956,414.5639129115707,-759.33252376554,25.981765934670825,-132.07935316014067
15.975975975975976,415.0840683857383,-761.9767550600374,25.981765934670825,-132.27955336034088
15.995995995995996,415.6042238599059,-764.6249943665507,25.981765934670825,-132.4797535605411
16.016016016016017,416.1243793340735,-767.2772416850801,25.981765934670825,-132.6799537607413
16.036036036036037,416.64453480824113,-769.9334970156254,25.981765934670825,-132.88015396094153
16.056056056056057,417.16469028240874,-772.5937603581868,25.981765934670825,-133.08035416114174
16.076076076076077,417.68484575657635,-775.2580317127643,25.981765934670825,-133.28055436134196
16.096096096096094,418.20500123074396,-777.9263110793577,25.981765934670825,-133.48075456154217
16.116116116116117,418.72515670491157,-780.5985984579671,25.981765934670825,-133.68095476174238
16.136136136136138,419.2453121790792,-783.2748938485926,25.981765934670825,-133.8811549619426
16.156156156156158,419.7654676532468,-785.955197251234,25.981765934670825,-134.0813551621428
16.176176176176178,420.2856231274144,-788.6395086658915,25.981765934670825,-134.28155536234303
16.196196196196194,420.805778601582,-791.327828092565,25.981765934670825,-134.48175556254324
16.216216216216218,421.3259340757496,-794.0201555312545,25.981765934670825,-134.68195576274346
16.236236236236238,421.8460895499172,-796.7164909819601,25.981765934670825,-134.88215596294367
16.256256256256258,422.36624502408483,-799.4168344446816,25.981765934670825,-135.08235616314388
16.276276276276278,422.88640049825244,-802.1211859194192,25.981765934670825,-135.2825563633441
16.296296296296294,423.40655597242005,-804.8295454061728,25.981765934670825,-135.4827565635443
16.316316316316318,423.92671144658766,-807.5419129049425,25.981765934670825,-135.68295676374453
16.336336336336338,424.44686692075527,-810.2582884157282,25.981765934670825,-135.88315696394474
16.356356356356358,424.9670223949229,-812.9786719385299,25.981765934670825,-136.08335716414496
16.376376376376378,425.4871778690905,-815.7030634733477,25.981765934670825,-136.28355736434517
16.396396396396394,426.0073333432581,-818.4314630201815,25.981765934670825,-136.48375756454539
16.416416416416418,426.5274888174257,-821.1638705790313,25.981765934670825,-136.6839577647456
16.436436436436438,427.0476442915933,-823.900286149897,25.981765934670825,-136.8841579649458
16.456456456456458,427.5677997657609,-826.6407097327789,25.981765934670825,-137.08435816514603
16.476476476476478,428.08795523992853,-829.3851413276767,25.981765934670825,-137.28455836534624
16.496496496496494,428.60811071409614,-832.1335809345906,25.981765934670825,-137.48475856554646
16.516516516516518,429.12826618826375,-834.8860285535204,25.981765934670825,-137.68495876574667
16.536536536536538,429.64842166243136,-837.6424841844663,25.981765934670825,-137.88515896594689
16.556556556556558,430.16857713659897,-840.4029478274282,25.981765934670825,-138.0853591661471
16.576576576576578,430.6887326107666,-843.1674194824061,25.981765934670825,-138.28555936634731
16.596596596596594,431.2088880849342,-845.9358991494,25.981765934670825,-138.48575956654753
16.616616616616618,431.7290435591018,-848.70838682841,25.981765934670825,-138.68595976674774
16.636636636636638,432.2491990332694,-851.4848825194359,25.981765934670825,-138.88615996694796
16.656656656656658,432.769354507437,-854.2653862224779,25.981765934670825,-139.08636016714817
16.676676676676678,433.2895099816046,-857.0498979375359,25.981765934670825,-139.2865603673484
16.696696696696694,433.80966545577223,-859.8384176646099,25.981765934670825,-139.4867605675486
16.716716716716718,434.32982092993984,-862.6309454036999,25.981765934670825,-139.68696076774881
16.736736736736738,434.84997640410745,-865.427481154806,25.981765934670825,-139.88716096794903
16.756756756756758,435.37013187827506,-868.228024917928,25.981765934670825,-140.08736116814924
16.776776776776778,435.89028735244267,-871.0325766930662,25.981765934670825,-140.28756136834946
16.796796796796794,436.4104428266103,-873.8411364802204,25.981765934670825,-140.48776156854967
16.816816816816818,436.9305983007779,-876.6537042793906,25.981765934670825,-140.6879617687499
16.836836836836838,437.4507537749455,-879.4702800905768,25.981765934670825,-140.8881619689501
16.856856856856858,437.9709092491131,-882.290863913779,25.981765934670825,-141.08836216915032
16.876876876876878,438.4910647232807,-885.1154557489973,25.981765934670825,-141.28856236935053
16.896896896896898,439.0112201974483,-887.9440555962316,25.981765934670825,-141.48876256955074
16.916916916916918,439.53137567161593,-890.7766634554819,25.981765934670825,-141.68896276975096
16.936936936936938,440.05153114578354,-893.6132793267482,25.981765934670825,-141.88916296995117
16.956956956956958,440.57168661995115,-896.4539032100305,25.981765934670825,-142.0893631701514
16.976976976976978,441.09184209411876,-899.2985351053288,25.981765934670825,-142.2895633703516
16.996996996996998,441.61199756828637,-902.1471750126432,25.981765934670825,-142.48976357055182
17.017017017017018,442.132153042454,-904.9998229319735,25.981765934670825,-142.68996377075203
17.037037037037038,442.6523085166216,-907.8564788633199,25.981765934670825,-142.89016397095224
17.057057057057058,443.1724639907892,-910.7171428066823,25.981765934670825,-143.09036417115246
17.077077077077078,443.6926194649568,-913.5818147620607,25.981765934670825,-143.29056437135267
17.097097097097098,444.2127749391244,-916.4504947294552,25.981765934670825,-143.4907645715529
17.117117117117118,444.732930413292,-919.3231827088656,25.981765934670825,-143.6909647717531
17.137137137137138,445.25308588745963,-922.1998787002921,25.981765934670825,-143.89116497195332
17.157157157157158,445.77324136162724,-925.0805827037345,25.981765934670825,-144.09136517215353
17.177177177177178,446.29339683579485,-927.965294719193,25.981765934670825,-144.29156537235374
17.197197197197198,446.81355230996246,-930.8540147466675,25.981765934670825,-144.49176557255396
17.217217217217218,447.33370778413007,-933.746742786158,25.981765934670825,-144.69196577275417
17.237237237237238,447.8538632582977,-936.6434788376646,25.981765934670825,-144.8921659729544
17.25725725725726,448.3740187324653,-939.5442229011873,25.981765934670825,-145.0923661731546
17.27727727727728,448.8941742066329,-942.4489749767259,25.981765934670825,-145.29256637335482
17.2972972972973,449.4143296808005,-945.3577350642806,25.981765934670825,-145.49276657355503
17.31731731731732,449.9344851549681,-948.2705031638513,25.981765934670825,-145.69296677375524
17.33733733733734,450.4546406291357,-951.1872792754381,25.981765934670825,-145.89316697395546
17.35735735735736,450.97479610330333,-954.1080633990408,25.981765934670825,-146.09336717415567
17.37737737737738,451.49495157747094,-957.0328555346596,25.981765934670825,-146.2935673743559
17.3973973973974,452.01510705163855,-959.9616556822943,25.981765934670825,-146.4937675745561
17.41741741741742,452.53526252580616,-962.8944638419451,25.981765934670825,-146.69396777475632
17.43743743743744,453.05541799997377,-965.831280013612,25.981765934670825,-146.89416797495653
17.45745745745746,453.5755734741414,-968.7721041972948,25.981765934670825,-147.09436817515675
17.47747747747748,454.095728948309,-971.7169363929936,25.981765934670825,-147.29456837535696
17.4974974974975,454.6158844224766,-974.6657766007085,25.981765934670825,-147.49476857555717
17.51751751751752,455.1360398966442,-977.6186248204393,25.981765934670825,-147.6949687757574
17.53753753753754,455.6561953708118,-980.5754810521862,25.981765934670825,-147.8951689759576
17.55755755755756,456.1763508449794,-983.5363452959491,25.981765934670825,-148.09536917615782
17.57757757757758,456.69650631914703,-986.501217551728,25.981765934670825,-148.29556937635803
17.5975975975976,457.21666179331464,-989.470097819523,25.981765934670825,-148.49576957655825
17.61761761761762,457.73681726748225,-992.4429860993339,25.981765934670825,-148.69596977675846
17.63763763763764,458.25697274164986,-995.4198823911609,25.981765934670825,-148.89616997695867
17.65765765765766,458.77712821581747,-998.4007866950038,25.981765934670825,-149.0963701771589
17.67767767767768,459.2972836899851,-1001.3856990108628,25.981765934670825,-149.2965703773591
17.6976976976977,459.8174391641527,-1004.3746193387378,25.981765934670825,-149.49677057755932
17.71771771771772,460.3375946383203,-1007.3675476786289,25.981765934670825,-149.69697077775953
17.73773773773774,460.8577501124879,-1010.364484030536,25.981765934670825,-149.89717097795975
17.75775775775776,461.3779055866555,-1013.3654283944592,25.981765934670825,-150.09737117815996
17.77777777777778,461.8980610608231,-1016.3703807703984,25.981765934670825,-150.29757137836017
17.7977977977978,462.41821653499073,-1019.3793411583536,25.981765934670825,-150.4977715785604
17.81781781781782,462.93837200915834,-1022.3923095583248,25.981765934670825,-150.6979717787606
17.83783783783784,463.45852748332595,-1025.4092859703119,25.981765934670825,-150.89817197896082
17.85785785785786,463.97868295749356,-1028.4302703943151,25.981765934670825,-151.09837217916103
17.87787787787788,464.49883843166117,-1031.4552628303343,25.981765934670825,-151.29857237936125
17.8978978978979,465.0189939058288,-1034.4842632783696,25.981765934670825,-151.49877257956146
17.91791791791792,465.5391493799964,-1037.5172717384207,25.981765934670825,-151.69897277976168
17.93793793793794,466.059304854164,-1040.554288210488,25.981765934670825,-151.8991729799619
17.95795795795796,466.5794603283316,-1043.5953126945712,25.981765934670825,-152.0993731801621
17.97797797797798,467.0996158024992,-1046.6403451906706,25.981765934670825,-152.29957338036232
17.997997997998,467.6197712766668,-1049.689385698786,25.981765934670825,-152.49977358056253
18.01801801801802,468.13992675083443,-1052.7424342189174,25.981765934670825,-152.69997378076275
18.03803803803804,468.66008222500204,-1055.799490751065,25.981765934670825,-152.90017398096296
18.05805805805806,469.18023769916965,-1058.8605552952283,25.981765934670825,-153.10037418116318
18.07807807807808,469.70039317333726,-1061.9256278514079,25.981765934670825,-153.3005743813634
18.0980980980981,470.22054864750487,-1064.9947084196033,25.981765934670825,-153.5007745815636
18.11811811811812,470.7407041216725,-1068.0677969998148,25.981765934670825,-153.70097478176382
18.13813813813814,471.2608595958401,-1071.1448935920423,25.981765934670825,-153.90117498196403
18.15815815815816,471.7810150700077,-1074.225998196286,25.981765934670825,-154.10137518216425
18.17817817817818,472.3011705441753,-1077.3111108125454,25.981765934670825,-154.30157538236446
18.1981981981982,472.8213260183429,-1080.400231440821,25.981765934670825,-154.50177558256468
18.21821821821822,473.3414814925105,-1083.4933600811125,25.981765934670825,-154.7019757827649
18.23823823823824,473.86163696667813,-1086.5904967334202,25.981765934670825,-154.9021759829651
18.25825825825826,474.38179244084574,-1089.6916413977438,25.981765934670825,-155.10237618316532
18.27827827827828,474.90194791501335,-1092.7967940740834,25.981765934670825,-155.30257638336553
18.2982982982983,475.42210338918096,-1095.905954762439,25.981765934670825,-155.50277658356575
18.31831831831832,475.94225886334857,-1099.0191234628107,25.981765934670825,-155.70297678376596
18.33833833833834,476.4624143375162,-1102.1363001751984,25.981765934670825,-155.90317698396618
18.35835835835836,476.9825698116838,-1105.257484899602,25.981765934670825,-156.1033771841664
18.37837837837838,477.5027252858514,-1108.3826776360218,25.981765934670825,-156.3035773843666
18.3983983983984,478.022880760019,-1111.5118783844575,25.981765934670825,-156.50377758456682
18.41841841841842,478.5430362341866,-1114.6450871449092,25.981765934670825,-156.70397778476703
18.43843843843844,479.0631917083542,-1117.782303917377,25.981765934670825,-156.90417798496725
18.45845845845846,479.58334718252183,-1120.923528701861,25.981765934670825,-157.10437818516746
18.47847847847848,480.10350265668944,-1124.0687614983608,25.981765934670825,-157.30457838536768
18.4984984984985,480.62365813085705,-1127.2180023068768,25.981765934670825,-157.5047785855679
18.51851851851852,481.14381360502466,-1130.3712511274086,25.981765934670825,-157.7049787857681
18.53853853853854,481.66396907919227,-1133.5285079599566,25.981765934670825,-157.90517898596832
18.55855855855856,482.1841245533599,-1136.6897728045205,25.981765934670825,-158.10537918616853
18.57857857857858,482.7042800275275,-1139.8550456611006,25.981765934670825,-158.30557938636875
18.5985985985986,483.2244355016951,-1143.0243265296965,25.981765934670825,-158.50577958656896
18.61861861861862,483.7445909758627,-1146.1976154103086,25.981765934670825,-158.70597978676918
18.63863863863864,484.2647464500303,-1149.3749123029365,25.981765934670825,-158.9061799869694
18.65865865865866,484.7849019241979,-1152.5562172075806,25.981765934670825,-159.1063801871696
18.67867867867868,485.30505739836553,-1155.7415301242406,25.981765934670825,-159.30658038736982
18.6986986986987,485.82521287253314,-1158.9308510529168,25.981765934670825,-159.50678058757003
18.71871871871872,486.34536834670075,-1162.1241799936088,25.981765934670825,-159.70698078777025
18.73873873873874,486.86552382086836,-1165.321516946317,25.981765934670825,-159.90718098797046
18.75875875875876,487.38567929503597,-1168.522861911041,25.981765934670825,-160.10738118817068
18.77877877877878,487.9058347692036,-1171.7282148877812,25.981765934670825,-160.3075813883709
18.7987987987988,488.4259902433712,-1174.9375758765373,25.981765934670825,-160.5077815885711
18.81881881881882,488.9461457175388,-1178.1509448773095,25.981765934670825,-160.70798178877132
18.83883883883884,489.4663011917064,-1181.3683218900976,25.981765934670825,-160.90818198897153
18.85885885885886,489.986456665874,-1184.5897069149019,25.981765934670825,-161.10838218917175
18.87887887887888,490.5066121400416,-1187.815099951722,25.981765934670825,-161.30858238937196
18.8988988988989,491.02676761420923,-1191.0445010005583,25.981765934670825,-161.50878258957218
18.91891891891892,491.54692308837684,-1194.2779100614107,25.981765934670825,-161.7089827897724
18.93893893893894,492.06707856254445,-1197.515327134279,25.981765934670825,-161.9091829899726
18.95895895895896,492.58723403671206,-1200.7567522191634,25.981765934670825,-162.10938319017282
18.97897897897898,493.10738951087967,-1204.0021853160638,25.981765934670825,-162.30958339037304
18.998998998999,493.6275449850473,-1207.2516264249803,25.981765934670825,-162.50978359057325
19.01901901901902,494.1477004592149,-1210.5050755459126,25.981765934670825,-162.70998379077346
19.03903903903904,494.6678559333825,-1213.7625326788611,25.981765934670825,-162.91018399097368
19.05905905905906,495.1880114075501,-1217.0239978238255,25.981765934670825,-163.1103841911739
19.07907907907908,495.7081668817177,-1220.289470980806,25.981765934670825,-163.3105843913741
19.0990990990991,496.2283223558853,-1223.5589521498025,25.981765934670825,-163.51078459157432
19.11911911911912,496.74847783005293,-1226.832441330815,25.981765934670825,-163.71098479177454
19.13913913913914,497.26863330422054,-1230.1099385238435,25.981765934670825,-163.91118499197475
19.15915915915916,497.78878877838815,-1233.3914437288881,25.981765934670825,-164.11138519217496
19.17917917917918,498.30894425255576,-1236.6769569459486,25.981765934670825,-164.31158539237518
19.1991991991992,498.82909972672337,-1239.9664781750253,25.981765934670825,-164.5117855925754
19.21921921921922,499.349255200891,-1243.2600074161178,25.981765934670825,-164.7119857927756
19.23923923923924,499.8694106750586,-1246.5575446692264,25.981765934670825,-164.91218599297582
19.25925925925926,500.3895661492262,-1249.859089934351,25.981765934670825,-165.11238619317604
19.27927927927928,500.9097216233938,-1253.1646432114917,25.981765934670825,-165.31258639337625
19.2992992992993,501.4298770975614,-1256.4742045006483,25.981765934670825,-165.51278659357646
19.31931931931932,501.950032571729,-1259.787773801821,25.981765934670825,-165.71298679377668
19.33933933933934,502.47018804589663,-1263.1053511150096,25.981765934670825,-165.9131869939769
19.35935935935936,502.99034352006424,-1266.4269364402144,25.981765934670825,-166.1133871941771
19.37937937937938,503.51049899423185,-1269.752529777435,25.981765934670825,-166.31358739437732
19.3993993993994,504.03065446839946,-1273.0821311266718,25.981765934670825,-166.51378759457754
19.41941941941942,504.55080994256707,-1276.4157404879247,25.981765934670825,-166.71398779477775
19.43943943943944,505.0709654167347,-1279.7533578611935,25.981765934670825,-166.91418799497796
19.45945945945946,505.5911208909023,-1283.0949832464785,25.981765934670825,-167.11438819517818
19.47947947947948,506.1112763650699,-1286.4406166437793,25.981765934670825,-167.3145883953784
19.4994994994995,506.6314318392375,-1289.7902580530963,25.981765934670825,-167.5147885955786
19.51951951951952,507.1515873134051,-1293.1439074744292,25.981765934670825,-167.71498879577882
19.53953953953954,507.6717427875727,-1296.5015649077782,25.981765934670825,-167.91518899597904
19.55955955955956,508.19189826174033,-1299.863230353143,25.981765934670825,-168.11538919617925
19.57957957957958,508.71205373590794,-1303.2289038105241,25.981765934670825,-168.31558939637947
19.5995995995996,509.23220921007555,-1306.598585279921,25.981765934670825,-168.51578959657968
19.61961961961962,509.75236468424316,-1309.9722747613341,25.981765934670825,-168.7159897967799
19.63963963963964,510.27252015841077,-1313.349972254763,25.981765934670825,-168.9161899969801
19.65965965965966,510.7926756325784,-1316.7316777602082,25.981765934670825,-169.11639019718032
19.67967967967968,511.312831106746,-1320.1173912776692,25.981765934670825,-169.31659039738054
19.6996996996997,511.8329865809136,-1323.5071128071463,25.981765934670825,-169.51679059758075
19.71971971971972,512.3531420550812,-1326.9008423486393,25.981765934670825,-169.71699079778097
19.73973973973974,512.8732975292488,-1330.2985799021485,25.981765934670825,-169.91719099798118
19.75975975975976,513.3934530034164,-1333.7003254676736,25.981765934670825,-170.1173911981814
19.77977977977978,513.913608477584,-1337.1060790452148,25.981765934670825,-170.3175913983816
19.7997997997998,514.4337639517516,-1340.5158406347718,25.981765934670825,-170.51779159858182
19.81981981981982,514.9539194259193,-1343.929610236345,25.981765934670825,-170.71799179878204
19.83983983983984,515.4740749000869,-1347.3473878499342,25.981765934670825,-170.91819199898225
19.85985985985986,515.9942303742545,-1350.7691734755394,25.981765934670825,-171.11839219918247
19.87987987987988,516.5143858484221,-1354.1949671131608,25.981765934670825,-171.31859239938268
19.8998998998999,517.0345413225897,-1357.624768762798,25.981765934670825,-171.5187925995829
19.91991991991992,517.5546967967573,-1361.0585784244515,25.981765934670825,-171.7189927997831
19.93993993993994,518.0748522709249,-1364.4963960981208,25.981765934670825,-171.91919299998332
19.95995995995996,518.5950077450925,-1367.9382217838063,25.981765934670825,-172.11939320018354
19.97997997997998,519.1151632192601,-1371.3840554815076,25.981765934670825,-172.31959340038375
20.0,519.6353186934277,-1374.833897191225,25.981765934670825,-172.51979360058397
