t,xpos,ypos,vx,vy
0.0,0.0,78.66895814923053,64.44249602549588,65.88857479617674
0.02002002002002002,1.2901400605704882,79.98804873574058,64.44249602549588,65.68837459597654
0.04004004004004004,2.5802801211409765,81.3031313102346,64.44249602549588,65.48817439577634
0.06006006006006006,3.8704201817114647,82.6142058727126,64.44249602549588,65.28797419557614
0.08008008008008008,5.160560242281953,83.92127242317459,64.44249602549588,65.08777399537594
0.10010010010010009,6.450700302852441,85.22433096162055,64.44249602549588,64.88757379517574
0.12012012012012012,7.7408403634229295,86.5233814880505,64.44249602549588,64.68737359497554
0.14014014014014015,9.030980423993418,87.81842400246443,64.44249602549588,64.48717339477534
0.16016016016016016,10.321120484563906,89.10945850486233,64.44249602549588,64.28697319457514
0.18018018018018017,11.611260545134394,90.39648499524422,64.44249602549588,64.08677299437494
0.20020020020020018,12.901400605704882,91.67950347361008,64.44249602549588,63.88657279417474
0.22022022022022023,14.19154066627537,92.95851393995993,64.44249602549588,63.68637259397454
0.24024024024024024,15.481680726845859,94.23351639429376,64.44249602549588,63.48617239377434
0.2602602602602603,16.771820787416345,95.50451083661156,64.44249602549588,63.28597219357414
0.2802802802802803,18.061960847986832,96.77149726691334,64.44249602549588,63.08577199337394
0.3003003003003003,19.35210090855732,98.03447568519911,64.44249602549588,62.88557179317374
0.3203203203203203,20.642240969127805,99.29344609146885,64.44249602549588,62.68537159297354
0.3403403403403404,21.93238102969829,100.54840848572258,64.44249602549588,62.48517139277334
0.36036036036036034,23.222521090268778,101.79936286796028,64.44249602549588,62.28497119257314
0.3803803803803804,24.512661150839264,103.04630923818196,64.44249602549588,62.08477099237294
0.40040040040040037,25.80280121140975,104.28924759638763,64.44249602549588,61.88457079217274
0.42042042042042044,27.092941271980237,105.52817794257727,64.44249602549588,61.68437059197254
0.44044044044044045,28.383081332550724,106.76310027675089,64.44249602549588,61.48417039177234
0.4604604604604605,29.67322139312121,107.99401459890849,64.44249602549588,61.28397019157214
0.4804804804804805,30.963361453691697,109.22092090905008,64.44249602549588,61.08376999137194
0.5005005005005005,32.25350151426218,110.44381920717565,64.44249602549588,60.88356979117174
0.5205205205205206,33.54364157483267,111.66270949328519,64.44249602549588,60.68336959097154
0.5405405405405406,34.833781635403156,112.87759176737872,64.44249602549588,60.48316939077134
0.5605605605605606,36.12392169597364,114.08846602945623,64.44249602549588,60.28296919057114
0.5805805805805806,37.41406175654413,115.29533227951771,64.44249602549588,60.08276899037094
0.6006006006006006,38.704201817114615,116.49819051756317,64.44249602549588,59.88256879017074
0.6206206206206206,39.9943418776851,117.69704074359262,64.44249602549588,59.68236858997054
0.6406406406406406,41.28448193825559,118.89188295760604,64.44249602549588,59.48216838977034
0.6606606606606606,42.574621998826075,120.08271715960345,64.44249602549588,59.28196818957014
0.6806806806806808,43.86476205939656,121.26954334958484,64.44249602549588,59.081767989369936
0.7007007007007007,45.15490211996705,122.4523615275502,64.44249602549588,58.881567789169736
0.7207207207207207,46.445042180537534,123.63117169349954,64.44249602549588,58.681367588969536
0.7407407407407407,47.73518224110802,124.80597384743287,64.44249602549588,58.481167388769336
0.7607607607607608,49.02532230167851,125.97676798935017,64.44249602549588,58.280967188569136
0.7807807807807808,50.315462362248994,127.14355411925145,64.44249602549588,58.080766988368936
0.8008008008008007,51.60560242281948,128.3063322371367,64.44249602549588,57.880566788168736
0.8208208208208208,52.89574248338997,129.46510234300595,64.44249602549588,57.680366587968535
0.8408408408408409,54.18588254396045,130.6198644368592,64.44249602549588,57.480166387768335
0.8608608608608609,55.47602260453094,131.77061851869638,64.44249602549588,57.279966187568135
0.8808808808808809,56.766162665101426,132.91736458851756,64.44249602549588,57.079765987367935
0.9009009009009008,58.05630272567191,134.06010264632272,64.44249602549588,56.879565787167735
0.920920920920921,59.3464427862424,135.19883269211186,64.44249602549588,56.679365586967535
0.9409409409409409,60.636582846812885,136.333554725885,64.44249602549588,56.479165386767335
0.960960960960961,61.92672290738337,137.4642687476421,64.44249602549588,56.278965186567135
0.980980980980981,63.21686296795386,138.59097475738318,64.44249602549588,56.078764986366934
1.001001001001001,64.50700302852435,139.71367275510823,64.44249602549588,55.878564786166734
1.021021021021021,65.79714308909485,140.83236274081727,64.44249602549588,55.678364585966534
1.0410410410410411,67.08728314966534,141.9470447145103,64.44249602549588,55.478164385766334
1.0610610610610611,68.37742321023583,143.0577186761873,64.44249602549588,55.277964185566134
1.0810810810810811,69.66756327080633,144.1643846258483,64.44249602549588,55.077763985365934
1.1011011011011012,70.95770333137682,145.26704256349328,64.44249602549588,54.877563785165734
1.1211211211211212,72.24784339194731,146.3656924891222,64.44249602549588,54.67736358496553
1.1411411411411412,73.5379834525178,147.46033440273513,64.44249602549588,54.47716338476533
1.1611611611611612,74.8281235130883,148.55096830433203,64.44249602549588,54.27696318456513
1.1811811811811812,76.1182635736588,149.63759419391292,64.44249602549588,54.07676298436493
1.2012012012012012,77.40840363422929,150.7202120714778,64.44249602549588,53.87656278416473
1.2212212212212212,78.69854369479978,151.79882193702664,64.44249602549588,53.67636258396453
1.2412412412412412,79.98868375537027,152.87342379055946,64.44249602549588,53.47616238376433
1.2612612612612613,81.27882381594077,153.94401763207625,64.44249602549588,53.27596218356413
1.2812812812812813,82.56896387651126,155.01060346157703,64.44249602549588,53.07576198336393
1.3013013013013013,83.85910393708176,156.0731812790618,64.44249602549588,52.87556178316373
1.3213213213213213,85.14924399765225,157.13175108453055,64.44249602549588,52.67536158296353
1.3413413413413413,86.43938405822274,158.18631287798328,64.44249602549588,52.47516138276333
1.3613613613613615,87.72952411879324,159.23686665941997,64.44249602549588,52.27496118256313
1.3813813813813813,89.01966417936373,160.28341242884065,64.44249602549588,52.07476098236293
1.4014014014014013,90.30980423993422,161.3259501862453,64.44249602549588,51.87456078216273
1.4214214214214214,91.59994430050472,162.36447993163395,64.44249602549588,51.67436058196253
1.4414414414414414,92.89008436107521,163.39900166500658,64.44249602549588,51.47416038176233
1.4614614614614616,94.1802244216457,164.4295153863632,64.44249602549588,51.27396018156213
1.4814814814814814,95.4703644822162,165.4560210957038,64.44249602549588,51.07375998136193
1.5015015015015014,96.76050454278669,166.47851879302834,64.44249602549588,50.87355978116173
1.5215215215215216,98.05064460335718,167.49700847833688,64.44249602549588,50.67335958096153
1.5415415415415414,99.34078466392768,168.5114901516294,64.44249602549588,50.47315938076133
1.5615615615615617,100.63092472449817,169.5219638129059,64.44249602549588,50.27295918056113
1.5815815815815815,101.92106478506867,170.5284294621664,64.44249602549588,50.07275898036093
1.6016016016016015,103.21120484563916,171.53088709941088,64.44249602549588,49.87255878016073
1.6216216216216217,104.50134490620965,172.5293367246393,64.44249602549588,49.67235857996053
1.6416416416416415,105.79148496678015,173.52377833785172,64.44249602549588,49.47215837976033
1.6616616616616617,107.08162502735064,174.51421193904812,64.44249602549588,49.27195817956013
1.6816816816816818,108.37176508792113,175.5006375282285,64.44249602549588,49.07175797935993
1.7017017017017015,109.66190514849163,176.48305510539288,64.44249602549588,48.87155777915973
1.7217217217217218,110.95204520906212,177.46146467054123,64.44249602549588,48.67135757895953
1.7417417417417416,112.24218526963261,178.43586622367354,64.44249602549588,48.47115737875933
1.7617617617617618,113.53232533020311,179.40625976478984,64.44249602549588,48.27095717855913
1.7817817817817818,114.8224653907736,180.37264529389012,64.44249602549588,48.07075697835893
1.8018018018018016,116.1126054513441,181.33502281097438,64.44249602549588,47.87055677815873
1.8218218218218218,117.40274551191459,182.29339231604263,64.44249602549588,47.67035657795853
1.841841841841842,118.69288557248508,183.24775380909486,64.44249602549588,47.47015637775833
1.8618618618618619,119.98302563305558,184.19810729013108,64.44249602549588,47.26995617755813
1.8818818818818819,121.27316569362607,185.14445275915125,64.44249602549588,47.06975597735793
1.9019019019019017,122.56330575419656,186.0867902161554,64.44249602549588,46.86955577715773
1.921921921921922,123.85344581476706,187.02511966114355,64.44249602549588,46.66935557695753
1.9419419419419421,125.14358587533755,187.95944109411568,64.44249602549588,46.46915537675733
1.961961961961962,126.43372593590804,188.8897545150718,64.44249602549588,46.26895517655713
1.981981981981982,127.72386599647854,189.81605992401188,64.44249602549588,46.06875497635693
2.002002002002002,129.01400605704902,190.73835732093593,64.44249602549588,45.86855477615673
2.022022022022022,130.3041461176195,191.65664670584397,64.44249602549588,45.66835457595653
2.042042042042042,131.59428617818998,192.570928078736,64.44249602549588,45.46815437575633
2.0620620620620618,132.88442623876045,193.481201439612,64.44249602549588,45.26795417555613
2.0820820820820822,134.17456629933093,194.38746678847198,64.44249602549588,45.06775397535593
2.1021021021021022,135.4647063599014,195.28972412531596,64.44249602549588,44.86755377515573
2.1221221221221223,136.7548464204719,196.1879734501439,64.44249602549588,44.66735357495553
2.1421421421421423,138.04498648104237,197.0822147629558,64.44249602549588,44.46715337475533
2.1621621621621623,139.33512654161285,197.9724480637517,64.44249602549588,44.26695317455513
2.1821821821821823,140.62526660218333,198.85867335253158,64.44249602549588,44.06675297435493
2.2022022022022023,141.9154066627538,199.74089062929545,64.44249602549588,43.86655277415473
2.2222222222222223,143.2055467233243,200.6190998940433,64.44249602549588,43.666352573954526
2.2422422422422423,144.49568678389477,201.49330114677514,64.44249602549588,43.466152373754326
2.2622622622622623,145.78582684446525,202.36349438749093,64.44249602549588,43.265952173554126
2.2822822822822824,147.07596690503573,203.2296796161907,64.44249602549588,43.065751973353926
2.3023023023023024,148.3661069656062,204.09185683287447,64.44249602549588,42.865551773153726
2.3223223223223224,149.6562470261767,204.95002603754222,64.44249602549588,42.665351572953526
2.3423423423423424,150.94638708674717,205.80418723019395,64.44249602549588,42.465151372753326
2.3623623623623624,152.23652714731764,206.65434041082966,64.44249602549588,42.264951172553126
2.3823823823823824,153.52666720788812,207.50048557944933,64.44249602549588,42.064750972352925
2.4024024024024024,154.8168072684586,208.342622736053,64.44249602549588,41.864550772152725
2.4224224224224224,156.10694732902908,209.18075188064063,64.44249602549588,41.664350571952525
2.4424424424424425,157.39708738959956,210.01487301321225,64.44249602549588,41.464150371752325
2.4624624624624625,158.68722745017004,210.84498613376786,64.44249602549588,41.263950171552125
2.4824824824824825,159.97736751074052,211.67109124230745,64.44249602549588,41.063749971351925
2.5025025025025025,161.267507571311,212.493188338831,64.44249602549588,40.863549771151725
2.5225225225225225,162.55764763188148,213.31127742333854,64.44249602549588,40.663349570951524
2.5425425425425425,163.84778769245196,214.12535849583006,64.44249602549588,40.463149370751324
2.5625625625625625,165.13792775302244,214.93543155630556,64.44249602549588,40.262949170551124
2.5825825825825826,166.42806781359292,215.74149660476505,64.44249602549588,40.062748970350924
2.6026026026026026,167.7182078741634,216.54355364120852,64.44249602549588,39.862548770150724
2.6226226226226226,169.00834793473388,217.34160266563595,64.44249602549588,39.662348569950524
2.6426426426426426,170.29848799530436,218.13564367804736,64.44249602549588,39.462148369750324
2.6626626626626626,171.58862805587484,218.92567667844276,64.44249602549588,39.261948169550124
2.6826826826826826,172.87876811644531,219.71170166682214,64.44249602549588,39.06174796934992
2.7027027027027026,174.1689081770158,220.4937186431855,64.44249602549588,38.86154776914972
2.722722722722723,175.45904823758627,221.27172760753285,64.44249602549588,38.66134756894952
2.7427427427427427,176.74918829815675,222.0457285598642,64.44249602549588,38.46114736874932
2.7627627627627627,178.03932835872723,222.81572150017948,64.44249602549588,38.26094716854912
2.7827827827827827,179.3294684192977,223.58170642847875,64.44249602549588,38.06074696834892
2.8028028028028027,180.6196084798682,224.343683344762,64.44249602549588,37.86054676814872
2.822822822822823,181.90974854043867,225.10165224902926,64.44249602549588,37.66034656794852
2.8428428428428427,183.19988860100915,225.8556131412805,64.44249602549588,37.46014636774832
2.8628628628628627,184.49002866157963,226.6055660215157,64.44249602549588,37.25994616754812
2.8828828828828827,185.7801687221501,227.35151088973487,64.44249602549588,37.05974596734792
2.9029029029029028,187.0703087827206,228.09344774593802,64.44249602549588,36.85954576714772
2.922922922922923,188.36044884329107,228.83137659012516,64.44249602549588,36.65934556694752
2.942942942942943,189.65058890386155,229.56529742229628,64.44249602549588,36.45914536674732
2.962962962962963,190.94072896443203,230.2952102424514,64.44249602549588,36.25894516654712
2.982982982982983,192.2308690250025,231.02111505059048,64.44249602549588,36.05874496634692
3.003003003003003,193.52100908557298,231.74301184671353,64.44249602549588,35.85854476614672
3.0230230230230233,194.81114914614346,232.46090063082056,64.44249602549588,35.65834456594652
3.0430430430430433,196.10128920671394,233.17478140291158,64.44249602549588,35.45814436574632
3.063063063063063,197.39142926728442,233.88465416298658,64.44249602549588,35.25794416554612
3.083083083083083,198.6815693278549,234.59051891104556,64.44249602549588,35.05774396534592
3.103103103103103,199.97170938842538,235.29237564708853,64.44249602549588,34.85754376514572
3.1231231231231233,201.26184944899586,235.9902243711155,64.44249602549588,34.65734356494552
3.1431431431431434,202.55198950956634,236.6840650831264,64.44249602549588,34.45714336474532
3.163163163163163,203.84212957013682,237.3738977831213,64.44249602549588,34.25694316454512
3.183183183183183,205.1322696307073,238.05972247110017,64.44249602549588,34.05674296434492
3.203203203203203,206.42240969127778,238.74153914706304,64.44249602549588,33.85654276414472
3.2232232232232234,207.71254975184826,239.41934781100989,64.44249602549588,33.65634256394452
3.2432432432432434,209.00268981241874,240.09314846294072,64.44249602549588,33.45614236374432
3.263263263263263,210.29282987298922,240.7629411028555,64.44249602549588,33.25594216354412
3.283283283283283,211.5829699335597,241.42872573075428,64.44249602549588,33.05574196334392
3.303303303303303,212.87310999413017,242.09050234663704,64.44249602549588,32.85554176314372
3.3233233233233235,214.16325005470065,242.74827095050378,64.44249602549588,32.65534156294352
3.3433433433433435,215.45339011527113,243.4020315423545,64.44249602549588,32.45514136274332
3.3633633633633635,216.7435301758416,244.05178412218922,64.44249602549588,32.25494116254312
3.383383383383383,218.0336702364121,244.69752869000789,64.44249602549588,32.05474096234292
3.403403403403403,219.32381029698257,245.33926524581054,64.44249602549588,31.85454076214272
3.4234234234234235,220.61395035755305,245.97699378959717,64.44249602549588,31.65434056194252
3.4434434434434436,221.90409041812353,246.6107143213678,64.44249602549588,31.45414036174232
3.4634634634634636,223.194230478694,247.2404268411224,64.44249602549588,31.25394016154212
3.483483483483483,224.4843705392645,247.866131348861,64.44249602549588,31.05373996134192
3.503503503503503,225.77451059983497,248.48782784458356,64.44249602549588,30.853539761141718
3.5235235235235236,227.06465066040545,249.1055163282901,64.44249602549588,30.653339560941518
3.5435435435435436,228.35479072097593,249.7191967999806,64.44249602549588,30.453139360741318
3.5635635635635636,229.6449307815464,250.3288692596551,64.44249602549588,30.252939160541118
3.583583583583583,230.9350708421169,250.9345337073136,64.44249602549588,30.052738960340918
3.603603603603603,232.22521090268737,251.53619014295606,64.44249602549588,29.852538760140717
3.6236236236236237,233.51535096325784,252.1338385665825,64.44249602549588,29.652338559940517
3.6436436436436437,234.80549102382832,252.72747897819292,64.44249602549588,29.452138359740317
3.6636636636636637,236.0956310843988,253.3171113777873,64.44249602549588,29.251938159540117
3.683683683683684,237.38577114496928,253.9027357653657,64.44249602549588,29.051737959339917
3.7037037037037033,238.67591120553976,254.48435214092805,64.44249602549588,28.851537759139717
3.7237237237237237,239.96605126611024,255.0619605044744,64.44249602549588,28.651337558939517
3.7437437437437437,241.25619132668072,255.63556085600473,64.44249602549588,28.451137358739317
3.7637637637637638,242.5463313872512,256.205153195519,64.44249602549588,28.250937158539116
3.783783783783784,243.83647144782168,256.7707375230173,64.44249602549588,28.050736958338916
3.8038038038038033,245.12661150839216,257.3323138384996,64.44249602549588,27.850536758138716
3.823823823823824,246.41675156896264,257.88988214196587,64.44249602549588,27.650336557938516
3.843843843843844,247.70689162953312,258.44344243341607,64.44249602549588,27.450136357738316
3.863863863863864,248.9970316901036,258.99299471285025,64.44249602549588,27.249936157538116
3.8838838838838843,250.28717175067408,259.5385389802684,64.44249602549588,27.049735957337916
3.9039039039039034,251.57731181124456,260.08007523567056,64.44249602549588,26.849535757137716
3.923923923923924,252.86745187181504,260.6176034790567,64.44249602549588,26.649335556937515
3.943943943943944,254.15759193238551,261.1511237104268,64.44249602549588,26.449135356737315
3.963963963963964,255.447731992956,261.6806359297809,64.44249602549588,26.248935156537115
3.9839839839839843,256.7378720535265,262.206140137119,64.44249602549588,26.048734956336915
4.004004004004004,258.02801211409695,262.7276363324411,64.44249602549588,25.848534756136715
4.0240240240240235,259.31815217466743,263.24512451574714,64.44249602549588,25.648334555936515
4.044044044044044,260.6082922352379,263.7586046870372,64.44249602549588,25.448134355736315
4.064064064064064,261.8984322958084,264.2680768463112,64.44249602549588,25.247934155536115
4.084084084084084,263.18857235637887,264.77354099356916,64.44249602549588,25.047733955335914
4.104104104104104,264.47871241694935,265.2749971288111,64.44249602549588,24.847533755135714
4.1241241241241235,265.76885247751983,265.772445252037,64.44249602549588,24.647333554935514
4.1441441441441444,267.0589925380903,266.2658853632469,64.44249602549588,24.447133354735314
4.1641641641641645,268.3491325986608,266.7553174624408,64.44249602549588,24.246933154535114
4.1841841841841845,269.63927265923127,267.2407415496187,64.44249602549588,24.046732954334914
4.2042042042042045,270.92941271980175,267.72215762478055,64.44249602549588,23.846532754134714
4.2242242242242245,272.2195527803722,268.1995656879264,64.44249602549588,23.646332553934513
4.2442442442442445,273.5096928409427,268.6729657390562,64.44249602549588,23.446132353734313
4.2642642642642645,274.7998329015132,269.14235777817004,64.44249602549588,23.245932153534113
4.2842842842842845,276.08997296208366,269.60774180526784,64.44249602549588,23.045731953333913
4.3043043043043046,277.38011302265414,270.0691178203496,64.44249602549588,22.845531753133713
4.324324324324325,278.6702530832246,270.5264858234154,64.44249602549588,22.645331552933513
4.344344344344345,279.9603931437951,270.9798458144651,64.44249602549588,22.445131352733313
4.364364364364365,281.2505332043656,271.42919779349876,64.44249602549588,22.244931152533113
4.384384384384385,282.54067326493606,271.8745417605164,64.44249602549588,22.044730952332912
4.404404404404405,283.83081332550654,272.31587771551807,64.44249602549588,21.844530752132712
4.424424424424425,285.120953386077,272.7532056585037,64.44249602549588,21.644330551932512
4.444444444444445,286.4110934466475,273.1865255894733,64.44249602549588,21.444130351732312
4.464464464464465,287.701233507218,273.6158375084269,64.44249602549588,21.243930151532112
4.484484484484485,288.99137356778846,274.0411414153645,64.44249602549588,21.043729951331912
4.504504504504505,290.28151362835894,274.4624373102861,64.44249602549588,20.84352975113171
4.524524524524525,291.5716536889294,274.87972519319163,64.44249602549588,20.64332955093151
4.544544544544545,292.8617937494999,275.29300506408117,64.44249602549588,20.44312935073131
4.564564564564565,294.1519338100704,275.7022769229547,64.44249602549588,20.24292915053111
4.584584584584585,295.44207387064085,276.10754076981215,64.44249602549588,20.04272895033091
4.604604604604605,296.73221393121133,276.5087966046536,64.44249602549588,19.84252875013071
4.624624624624625,298.0223539917818,276.906044427479,64.44249602549588,19.64232854993051
4.644644644644645,299.3124940523523,277.2992842382884,64.44249602549588,19.44212834973031
4.664664664664665,300.6026341129228,277.6885160370818,64.44249602549588,19.24192814953011
4.684684684684685,301.89277417349325,278.07373982385917,64.44249602549588,19.04172794932991
4.704704704704705,303.18291423406373,278.45495559862053,64.44249602549588,18.84152774912971
4.724724724724725,304.4730542946342,278.8321633613659,64.44249602549588,18.64132754892951
4.744744744744745,305.7631943552047,279.2053631120952,64.44249602549588,18.44112734872931
4.764764764764765,307.05333441577517,279.5745548508085,64.44249602549588,18.24092714852911
4.784784784784785,308.34347447634565,279.9397385775058,64.44249602549588,18.04072694832891
4.804804804804805,309.6336145369161,280.3009142921871,64.44249602549588,17.84052674812871
4.824824824824825,310.9237545974866,280.65808199485235,64.44249602549588,17.64032654792851
4.844844844844845,312.2138946580571,281.01124168550155,64.44249602549588,17.44012634772831
4.864864864864865,313.50403471862757,281.3603933641347,64.44249602549588,17.23992614752811
4.884884884884885,314.79417477919804,281.7055370307519,64.44249602549588,17.03972594732791
4.904904904904905,316.0843148397685,282.04667268535303,64.44249602549588,16.83952574712771
4.924924924924925,317.374454900339,282.38380032793816,64.44249602549588,16.63932554692751
4.944944944944945,318.6645949609095,282.7169199585073,64.44249602549588,16.43912534672731
4.964964964964965,319.95473502147996,283.0460315770604,64.44249602549588,16.23892514652711
4.984984984984985,321.24487508205044,283.37113518359746,64.44249602549588,16.03872494632691
5.005005005005005,322.5350151426209,283.6922307781185,64.44249602549588,15.838524746126708
5.025025025025025,323.8251552031914,284.0093183606236,64.44249602549588,15.638324545926508
5.045045045045045,325.1152952637619,284.3223979311126,64.44249602549588,15.438124345726308
5.065065065065065,326.40543532433236,284.63146948958564,64.44249602549588,15.237924145526108
5.085085085085085,327.69557538490284,284.93653303604265,64.44249602549588,15.037723945325908
5.105105105105105,328.9857154454733,285.2375885704836,64.44249602549588,14.837523745125708
5.125125125125125,330.2758555060438,285.5346360929085,64.44249602549588,14.637323544925508
5.145145145145145,331.5659955666143,285.8276756033174,64.44249602549588,14.437123344725308
5.165165165165165,332.85613562718476,286.1167071017103,64.44249602549588,14.236923144525107
5.185185185185185,334.14627568775524,286.40173058808716,64.44249602549588,14.036722944324907
5.205205205205205,335.4364157483257,286.682746062448,64.44249602549588,13.836522744124707
5.225225225225225,336.7265558088962,286.95975352479286,64.44249602549588,13.636322543924507
5.245245245245245,338.0166958694667,287.2327529751217,64.44249602549588,13.436122343724307
5.265265265265265,339.30683593003715,287.5017444134345,64.44249602549588,13.235922143524107
5.285285285285285,340.59697599060763,287.7667278397313,64.44249602549588,13.035721943323907
5.305305305305305,341.8871160511781,288.02770325401207,64.44249602549588,12.835521743123707
5.325325325325325,343.1772561117486,288.28467065627683,64.44249602549588,12.635321542923506
5.345345345345346,344.46739617231907,288.5376300465255,64.44249602549588,12.435121342723306
5.365365365365365,345.75753623288955,288.7865814247582,64.44249602549588,12.234921142523106
5.385385385385385,347.04767629346003,289.03152479097486,64.44249602549588,12.034720942322906
5.405405405405405,348.3378163540305,289.2724601451755,64.44249602549588,11.834520742122706
5.425425425425425,349.627956414601,289.50938748736013,64.44249602549588,11.634320541922506
5.445445445445446,350.91809647517147,289.74230681752874,64.44249602549588,11.434120341722306
5.465465465465465,352.20823653574195,289.97121813568134,64.44249602549588,11.233920141522105
5.485485485485485,353.4983765963124,290.1961214418179,64.44249602549588,11.033719941321905
5.505505505505505,354.7885166568829,290.4170167359385,64.44249602549588,10.833519741121705
5.525525525525525,356.0786567174534,290.63390401804304,64.44249602549588,10.633319540921505
5.545545545545546,357.36879677802386,290.8467832881316,64.44249602549588,10.433119340721305
5.565565565565565,358.65893683859434,291.0556545462041,64.44249602549588,10.232919140521105
5.585585585585585,359.9490768991648,291.2605177922606,64.44249602549588,10.032718940320905
5.605605605605605,361.2392169597353,291.46137302630103,64.44249602549588,9.832518740120705
5.625625625625625,362.5293570203058,291.65822024832545,64.44249602549588,9.632318539920504
5.645645645645646,363.81949708087626,291.85105945833385,64.44249602549588,9.432118339720304
5.665665665665665,365.10963714144674,292.03989065632624,64.44249602549588,9.231918139520104
5.685685685685685,366.3997772020172,292.2247138423026,64.44249602549588,9.031717939319904
5.7057057057057055,367.6899172625877,292.40552901626296,64.44249602549588,8.831517739119704
5.7257257257257255,368.9800573231582,292.5823361782073,64.44249602549588,8.631317538919504
5.745745745745746,370.27019738372866,292.7551353281356,64.44249602549588,8.431117338719304
5.7657657657657655,371.56033744429914,292.92392646604793,64.44249602549588,8.230917138519104
5.7857857857857855,372.8504775048696,293.0887095919442,64.44249602549588,8.030716938318903
5.8058058058058055,374.1406175654401,293.2494847058245,64.44249602549588,7.830516738118703
5.8258258258258255,375.4307576260106,293.40625180768876,64.44249602549588,7.630316537918503
5.845845845845846,376.72089768658105,293.559010897537,64.44249602549588,7.430116337718303
5.865865865865866,378.01103774715153,293.7077619753692,64.44249602549588,7.229916137518103
5.885885885885886,379.301177807722,293.85250504118534,64.44249602549588,7.029715937317903
5.905905905905906,380.5913178682925,293.9932400949855,64.44249602549588,6.829515737117703
5.925925925925926,381.881457928863,294.1299671367696,64.44249602549588,6.6293155369175025
5.9459459459459465,383.17159798943345,294.2626861665377,64.44249602549588,6.429115336717302
5.965965965965966,384.46173805000393,294.3913971842898,64.44249602549588,6.228915136517102
5.9859859859859865,385.7518781105744,294.5161001900259,64.44249602549588,6.028714936316902
6.006006006006006,387.0420181711449,294.63679518374596,64.44249602549588,5.828514736116702
6.026026026026026,388.33215823171537,294.75348216545,64.44249602549588,5.628314535916502
6.046046046046047,389.62229829228585,294.86616113513804,64.44249602549588,5.428114335716302
6.066066066066066,390.9124383528563,294.97483209281006,64.44249602549588,5.227914135516102
6.086086086086087,392.2025784134268,295.07949503846606,64.44249602549588,5.0277139353159015
6.106106106106106,393.4927184739973,295.180149972106,64.44249602549588,4.827513735115701
6.126126126126126,394.78285853456777,295.2767968937299,64.44249602549588,4.627313534915501
6.146146146146147,396.07299859513824,295.3694358033378,64.44249602549588,4.427113334715301
6.166166166166166,397.3631386557087,295.4580667009297,64.44249602549588,4.226913134515101
6.186186186186187,398.6532787162792,295.54268958650556,64.44249602549588,4.026712934314901
6.206206206206206,399.9434187768497,295.6233044600654,64.44249602549588,3.8265127341147007
6.226226226226226,401.23355883742016,295.69991132160925,64.44249602549588,3.6263125339145006
6.246246246246247,402.52369889799064,295.77251017113707,64.44249602549588,3.4261123337143005
6.266266266266266,403.8138389585611,295.8411010086489,64.44249602549588,3.2259121335141003
6.286286286286287,405.1039790191316,295.90568383414467,64.44249602549588,3.0257119333139
6.306306306306306,406.3941190797021,295.96625864762444,64.44249602549588,2.8255117331137
6.326326326326326,407.68425914027256,296.0228254490882,64.44249602549588,2.6253115329135
6.346346346346347,408.97439920084304,296.07538423853595,64.44249602549588,2.4251113327133
6.366366366366366,410.2645392614135,296.1239350159676,64.44249602549588,2.2249111325130997
6.386386386386387,411.554679321984,296.1684777813833,64.44249602549588,2.0247109323128996
6.406406406406406,412.8448193825545,296.2090125347829,64.44249602549588,1.8245107321126994
6.426426426426426,414.13495944312496,296.24553927616654,64.44249602549588,1.6243105319124993
6.446446446446447,415.42509950369544,296.27805800553415,64.44249602549588,1.4241103317122992
6.466466466466466,416.7152395642659,296.30656872288574,64.44249602549588,1.223910131512099
6.486486486486487,418.0053796248364,296.3310714282213,64.44249602549588,1.023709931311899
6.506506506506506,419.2955196854069,296.3515661215409,64.44249602549588,0.8235097311116988
6.526526526526526,420.58565974597735,296.36805280284443,64.44249602549588,0.6233095309114987
6.546546546546547,421.87579980654783,296.38053147213196,64.44249602549588,0.42310933071129847
6.566566566566566,423.1659398671183,296.3890021294035,64.44249602549588,0.22290913051109829
6.586586586586587,424.4560799276888,296.393464774659,64.44249602549588,0.0227089303108981
6.606606606606606,425.74621998825927,296.39391940789847,64.44249602549588,-0.17749126988930208
6.626626626626627,427.03636004882975,296.3903660291219,64.44249602549588,-0.37769147008950227
6.646646646646647,428.32650010940023,296.3828046383293,64.44249602549588,-0.5778916702897025
6.666666666666666,429.6166401699707,296.37123523552066,64.44249602549588,-0.7780918704899027
6.686686686686687,430.9067802305412,296.355657820696,64.44249602549588,-0.9782920706901028
6.706706706706706,432.19692029111167,296.3360723938554,64.44249602549588,-1.178492270890303
6.726726726726727,433.48706035168215,296.3124789549987,64.44249602549588,-1.378692471090503
6.746746746746747,434.7772004122526,296.28487750412603,64.44249602549588,-1.5788926712907032
6.766766766766766,436.0673404728231,296.25326804123733,64.44249602549588,-1.7790928714909033
6.786786786786787,437.3574805333936,296.2176505663326,64.44249602549588,-1.9792930716911035
6.806806806806806,438.64762059396406,296.1780250794119,64.44249602549588,-2.1794932718913036
6.826826826826827,439.93776065453454,296.13439158047515,64.44249602549588,-2.3796934720915037
6.846846846846847,441.227900715105,296.0867500695224,64.44249602549588,-2.579893672291704
6.866866866866866,442.5180407756755,296.03510054655356,64.44249602549588,-2.780093872491904
6.886886886886887,443.808180836246,295.9794430115687,64.44249602549588,-2.980294072692104
6.906906906906906,445.09832089681646,295.91977746456786,64.44249602549588,-3.1804942728923042
6.926926926926927,446.38846095738694,295.856103905551,64.44249602549588,-3.3806944730925044
6.946946946946947,447.6786010179574,295.7884223345181,64.44249602549588,-3.5808946732927045
6.966966966966966,448.9687410785279,295.7167327514692,64.44249602549588,-3.7810948734929046
6.986986986986987,450.2588811390984,295.64103515640426,64.44249602549588,-3.9812950736931048
7.007007007007006,451.54902119966886,295.5613295493233,64.44249602549588,-4.181495273893305
7.027027027027027,452.83916126023934,295.47761593022636,64.44249602549588,-4.3816954740935055
7.047047047047047,454.1293013208098,295.3898942991134,64.44249602549588,-4.581895674293706
7.067067067067066,455.4194413813803,295.2981646559844,64.44249602549588,-4.782095874493906
7.087087087087087,456.7095814419508,295.2024270008394,64.44249602549588,-4.982296074694106
7.107107107107106,457.99972150252125,295.1026813336784,64.44249602549588,-5.182496274894306
7.127127127127127,459.28986156309173,294.9989276545013,64.44249602549588,-5.382696475094506
7.147147147147147,460.5800016236622,294.8911659633082,64.44249602549588,-5.582896675294706
7.167167167167166,461.8701416842327,294.7793962600991,64.44249602549588,-5.783096875494906
7.187187187187187,463.16028174480317,294.66361854487394,64.44249602549588,-5.9832970756951065
7.207207207207206,464.45042180537365,294.5438328176328,64.44249602549588,-6.183497275895307
7.227227227227227,465.74056186594413,294.4200390783756,64.44249602549588,-6.383697476095507
7.247247247247247,467.0307019265146,294.29223732710244,64.44249602549588,-6.583897676295707
7.267267267267268,468.3208419870851,294.16042756381324,64.44249602549588,-6.784097876495907
7.287287287287287,469.61098204765557,294.02460978850803,64.44249602549588,-6.984298076696107
7.3073073073073065,470.90112210822605,293.8847840011868,64.44249602549588,-7.184498276896307
7.327327327327327,472.1912621687965,293.74095020184956,64.44249602549588,-7.384698477096507
7.347347347347347,473.481402229367,293.5931083904963,64.44249602549588,-7.5848986772967075
7.367367367367368,474.7715422899375,293.441258567127,64.44249602549588,-7.785098877496908
7.387387387387387,476.06168235050797,293.2854007317417,64.44249602549588,-7.985299077697108
7.4074074074074066,477.35182241107844,293.1255348843403,64.44249602549588,-8.185499277897309
7.4274274274274275,478.6419624716489,292.96166102492293,64.44249602549588,-8.385699478097509
7.4474474474474475,479.9321025322194,292.79377915348954,64.44249602549588,-8.585899678297709
7.467467467467468,481.2222425927899,292.6218892700401,64.44249602549588,-8.78609987849791
7.4874874874874875,482.51238265336036,292.4459913745747,64.44249602549588,-8.98630007869811
7.507507507507507,483.80252271393084,292.26608546709326,64.44249602549588,-9.18650027889831
7.5275275275275275,485.0926627745013,292.0821715475958,64.44249602549588,-9.38670047909851
7.5475475475475475,486.3828028350718,291.89424961608233,64.44249602549588,-9.58690067929871
7.567567567567568,487.6729428956423,291.70231967255285,64.44249602549588,-9.78710087949891
7.587587587587588,488.96308295621276,291.50638171700734,64.44249602549588,-9.98730107969911
7.607607607607607,490.25322301678324,291.3064357494458,64.44249602549588,-10.18750127989931
7.627627627627628,491.5433630773537,291.10248176986823,64.44249602549588,-10.38770148009951
7.647647647647648,492.8335031379242,290.8945197782746,64.44249602549588,-10.58790168029971
7.6676676676676685,494.1236431984947,290.682549774665,64.44249602549588,-10.78810188049991
7.687687687687688,495.41378325906516,290.46657175903937,64.44249602549588,-10.98830208070011
7.707707707707707,496.70392331963563,290.2465857313977,64.44249602549588,-11.18850228090031
7.727727727727728,497.9940633802061,290.02259169174005,64.44249602549588,-11.38870248110051
7.747747747747748,499.2842034407766,289.79458964006636,64.44249602549588,-11.588902681300711
7.767767767767769,500.5743435013471,289.56257957637666,64.44249602549588,-11.789102881500911
7.787787787787788,501.86448356191755,289.32656150067095,64.44249602549588,-11.989303081701111
7.807807807807807,503.15462362248803,289.0865354129492,64.44249602549588,-12.189503281901311
7.827827827827828,504.4447636830585,288.84250131321147,64.44249602549588,-12.389703482101512
7.847847847847848,505.734903743629,288.5944592014577,64.44249602549588,-12.589903682301712
7.867867867867869,507.02504380419947,288.34240907768793,64.44249602549588,-12.790103882501912
7.887887887887888,508.31518386476995,288.0863509419021,64.44249602549588,-12.990304082702112
7.907907907907909,509.60532392534043,287.8262847941002,64.44249602549588,-13.190504282902312
7.927927927927928,510.8954639859109,287.56221063428234,64.44249602549588,-13.390704483102512
7.947947947947948,512.1856040464814,287.29412846244844,64.44249602549588,-13.590904683302712
7.967967967967969,513.4757441070519,287.02203827859853,64.44249602549588,-13.791104883502912
7.987987987987988,514.7658841676224,286.7459400827326,64.44249602549588,-13.991305083703113
8.008008008008009,516.0560242281929,286.46583387485066,64.44249602549588,-14.191505283903313
8.028028028028029,517.3461642887634,286.1817196549527,64.44249602549588,-14.391705484103513
8.048048048048047,518.6363043493338,285.8935974230387,64.44249602549588,-14.591905684303713
8.068068068068069,519.9264444099043,285.60146717910874,64.44249602549588,-14.792105884503913
8.088088088088089,521.2165844704748,285.30532892316273,64.44249602549588,-14.992306084704113
8.108108108108109,522.5067245310453,285.0051826552007,64.44249602549588,-15.192506284904313
8.128128128128129,523.7968645916158,284.7010283752227,64.44249602549588,-15.392706485104513
8.148148148148147,525.0870046521862,284.39286608322857,64.44249602549588,-15.592906685304714
8.168168168168169,526.3771447127567,284.08069577921844,64.44249602549588,-15.793106885504914
8.188188188188189,527.6672847733272,283.7645174631923,64.44249602549588,-15.993307085705114
8.208208208208209,528.9574248338977,283.44433113515015,64.44249602549588,-16.193507285905316
8.228228228228229,530.2475648944682,283.120136795092,64.44249602549588,-16.393707486105516
8.248248248248247,531.5377049550386,282.7919344430178,64.44249602549588,-16.593907686305716
8.268268268268269,532.8278450156091,282.4597240789276,64.44249602549588,-16.794107886505916
8.288288288288289,534.1179850761796,282.1235057028214,64.44249602549588,-16.994308086706116
8.308308308308309,535.4081251367501,281.78327931469914,64.44249602549588,-17.194508286906316
8.328328328328329,536.6982651973206,281.4390449145609,64.44249602549588,-17.394708487106517
8.348348348348347,537.988405257891,281.09080250240663,64.44249602549588,-17.594908687306717
8.368368368368369,539.2785453184615,280.73855207823635,64.44249602549588,-17.795108887506917
8.388388388388389,540.568685379032,280.38229364205,64.44249602549588,-17.995309087707117
8.408408408408409,541.8588254396025,280.02202719384763,64.44249602549588,-18.195509287907317
8.428428428428429,543.148965500173,279.65775273362925,64.44249602549588,-18.395709488107517
8.448448448448449,544.4391055607434,279.28947026139485,64.44249602549588,-18.595909688307717
8.468468468468469,545.7292456213139,278.91717977714444,64.44249602549588,-18.796109888507917
8.488488488488489,547.0193856818844,278.540881280878,64.44249602549588,-18.996310088708118
8.508508508508509,548.3095257424549,278.16057477259557,64.44249602549588,-19.196510288908318
8.528528528528529,549.5996658030253,277.7762602522971,64.44249602549588,-19.396710489108518
8.548548548548549,550.8898058635958,277.38793771998263,64.44249602549588,-19.596910689308718
8.568568568568569,552.1799459241663,276.99560717565214,64.44249602549588,-19.797110889508918
8.588588588588589,553.4700859847368,276.59926861930563,64.44249602549588,-19.997311089709118
8.608608608608609,554.7602260453073,276.1989220509431,64.44249602549588,-20.19751128990932
8.62862862862863,556.0503661058777,275.7945674705646,64.44249602549588,-20.39771149010952
8.64864864864865,557.3405061664482,275.38620487816996,64.44249602549588,-20.59791169030972
8.66866866866867,558.6306462270187,274.97383427375934,64.44249602549588,-20.79811189050992
8.68868868868869,559.9207862875892,274.5574556573327,64.44249602549588,-20.99831209071012
8.70870870870871,561.2109263481597,274.13706902889004,64.44249602549588,-21.19851229091032
8.72872872872873,562.5010664087301,273.71267438843137,64.44249602549588,-21.39871249111052
8.74874874874875,563.7912064693006,273.2842717359567,64.44249602549588,-21.59891269131072
8.76876876876877,565.0813465298711,272.851861071466,64.44249602549588,-21.79911289151092
8.78878878878879,566.3714865904416,272.41544239495926,64.44249602549588,-21.99931309171112
8.80880880880881,567.661626651012,271.9750157064365,64.44249602549588,-22.19951329191132
8.82882882882883,568.9517667115825,271.5305810058978,64.44249602549588,-22.39971349211152
8.84884884884885,570.241906772153,271.082138293343,64.44249602549588,-22.59991369231172
8.86886886886887,571.5320468327235,270.6296875687722,64.44249602549588,-22.80011389251192
8.88888888888889,572.822186893294,270.1732288321854,64.44249602549588,-23.00031409271212
8.90890890890891,574.1123269538645,269.7127620835825,64.44249602549588,-23.20051429291232
8.92892892892893,575.4024670144349,269.2482873229636,64.44249602549588,-23.40071449311252
8.94894894894895,576.6926070750054,268.7798045503287,64.44249602549588,-23.60091469331272
8.96896896896897,577.9827471355759,268.3073137656778,64.44249602549588,-23.80111489351292
8.98898898898899,579.2728871961464,267.8308149690109,64.44249602549588,-24.00131509371312
9.00900900900901,580.5630272567169,267.3503081603279,64.44249602549588,-24.20151529391332
9.02902902902903,581.8531673172873,266.86579333962896,64.44249602549588,-24.40171549411352
9.04904904904905,583.1433073778578,266.377270506914,64.44249602549588,-24.60191569431372
9.06906906906907,584.4334474384283,265.884739662183,64.44249602549588,-24.80211589451392
9.08908908908909,585.7235874989988,265.388200805436,64.44249602549588,-25.00231609471412
9.10910910910911,587.0137275595692,264.88765393667296,64.44249602549588,-25.20251629491432
9.12912912912913,588.3038676201397,264.3830990558939,64.44249602549588,-25.40271649511452
9.14914914914915,589.5940076807102,263.8745361630988,64.44249602549588,-25.602916695314722
9.16916916916917,590.8841477412807,263.3619652582877,64.44249602549588,-25.803116895514922
9.18918918918919,592.1742878018512,262.84538634146054,64.44249602549588,-26.003317095715122
9.20920920920921,593.4644278624216,262.3247994126174,64.44249602549588,-26.203517295915322
9.22922922922923,594.7545679229921,261.8002044717582,64.44249602549588,-26.403717496115522
9.24924924924925,596.0447079835626,261.271601518883,64.44249602549588,-26.603917696315722
9.26926926926927,597.3348480441331,260.7389905539918,64.44249602549588,-26.804117896515923
9.28928928928929,598.6249881047036,260.2023715770846,64.44249602549588,-27.004318096716123
9.30930930930931,599.915128165274,259.66174458816135,64.44249602549588,-27.204518296916323
9.32932932932933,601.2052682258445,259.1171095872221,64.44249602549588,-27.404718497116523
9.34934934934935,602.495408286415,258.56846657426684,64.44249602549588,-27.604918697316723
9.36936936936937,603.7855483469855,258.01581554929555,64.44249602549588,-27.805118897516923
9.38938938938939,605.075688407556,257.45915651230825,64.44249602549588,-28.005319097717123
9.40940940940941,606.3658284681264,256.8984894633049,64.44249602549588,-28.205519297917323
9.42942942942943,607.6559685286969,256.3338144022855,64.44249602549588,-28.405719498117524
9.44944944944945,608.9461085892674,255.76513132925012,64.44249602549588,-28.605919698317724
9.46946946946947,610.2362486498379,255.1924402441987,64.44249602549588,-28.806119898517924
9.48948948948949,611.5263887104084,254.61574114713127,64.44249602549588,-29.006320098718124
9.50950950950951,612.8165287709788,254.03503403804783,64.44249602549588,-29.206520298918324
9.52952952952953,614.1066688315493,253.45031891694836,64.44249602549588,-29.406720499118524
9.54954954954955,615.3968088921198,252.86159578383288,64.44249602549588,-29.606920699318724
9.56956956956957,616.6869489526903,252.2688646387014,64.44249602549588,-29.807120899518925
9.58958958958959,617.9770890132608,251.67212548155385,64.44249602549588,-30.007321099719125
9.60960960960961,619.2672290738312,251.0713783123903,64.44249602549588,-30.207521299919325
9.62962962962963,620.5573691344017,250.46662313121072,64.44249602549588,-30.407721500119525
9.64964964964965,621.8475091949722,249.85785993801514,64.44249602549588,-30.607921700319725
9.66966966966967,623.1376492555427,249.24508873280354,64.44249602549588,-30.808121900519925
9.68968968968969,624.4277893161131,248.62830951557592,64.44249602549588,-31.008322100720125
9.70970970970971,625.7179293766836,248.0075222863323,64.44249602549588,-31.208522300920325
9.72972972972973,627.0080694372541,247.3827270450726,64.44249602549588,-31.408722501120526
9.74974974974975,628.2982094978246,246.75392379179692,64.44249602549588,-31.608922701320726
9.76976976976977,629.5883495583951,246.12111252650521,64.44249602549588,-31.809122901520926
9.78978978978979,630.8784896189655,245.4842932491975,64.44249602549588,-32.00932310172113
9.80980980980981,632.168629679536,244.84346595987375,64.44249602549588,-32.20952330192133
9.82982982982983,633.4587697401065,244.198630658534,64.44249602549588,-32.40972350212153
9.84984984984985,634.748909800677,243.5497873451782,64.44249602549588,-32.60992370232173
9.86986986986987,636.0390498612475,242.8969360198064,64.44249602549588,-32.81012390252193
9.88988988988989,637.3291899218179,242.24007668241856,64.44249602549588,-33.01032410272213
9.90990990990991,638.6193299823884,241.57920933301472,64.44249602549588,-33.21052430292233
9.92992992992993,639.9094700429589,240.91433397159486,64.44249602549588,-33.41072450312253
9.94994994994995,641.1996101035294,240.24545059815898,64.44249602549588,-33.61092470332273
9.96996996996997,642.4897501640999,239.57255921270706,64.44249602549588,-33.81112490352293
9.98998998998999,643.7798902246703,238.89565981523913,64.44249602549588,-34.01132510372313
10.01001001001001,645.0700302852408,238.21475240575518,64.44249602549588,-34.21152530392333
10.03003003003003,646.3601703458113,237.5298369842552,64.44249602549588,-34.41172550412353
10.05005005005005,647.6503104063818,236.84091355073923,64.44249602549588,-34.61192570432373
10.07007007007007,648.9404504669523,236.14798210520723,64.44249602549588,-34.81212590452393
10.09009009009009,650.2305905275227,235.4510426476592,64.44249602549588,-35.01232610472413
10.11011011011011,651.5207305880932,234.75009517809514,64.44249602549588,-35.21252630492433
10.13013013013013,652.8108706486637,234.04513969651506,64.44249602549588,-35.41272650512453
10.15015015015015,654.1010107092342,233.33617620291898,64.44249602549588,-35.61292670532473
10.17017017017017,655.3911507698047,232.62320469730687,64.44249602549588,-35.81312690552493
10.19019019019019,656.6812908303751,231.90622517967876,64.44249602549588,-36.01332710572513
10.21021021021021,657.9714308909456,231.18523765003462,64.44249602549588,-36.21352730592533
10.23023023023023,659.2615709515161,230.46024210837444,64.44249602549588,-36.41372750612553
10.25025025025025,660.5517110120866,229.73123855469825,64.44249602549588,-36.61392770632573
10.27027027027027,661.841851072657,228.99822698900604,64.44249602549588,-36.81412790652593
10.29029029029029,663.1319911332275,228.26120741129782,64.44249602549588,-37.01432810672613
10.31031031031031,664.422131193798,227.52017982157358,64.44249602549588,-37.21452830692633
10.33033033033033,665.7122712543685,226.77514421983332,64.44249602549588,-37.41472850712653
10.35035035035035,667.002411314939,226.02610060607702,64.44249602549588,-37.61492870732673
10.37037037037037,668.2925513755094,225.2730489803047,64.44249602549588,-37.81512890752693
10.39039039039039,669.5826914360799,224.51598934251638,64.44249602549588,-38.01532910772713
10.41041041041041,670.8728314966504,223.75492169271203,64.44249602549588,-38.21552930792733
10.43043043043043,672.1629715572209,222.98984603089167,64.44249602549588,-38.415729508127534
10.45045045045045,673.4531116177914,222.2207623570553,64.44249602549588,-38.615929708327734
10.47047047047047,674.7432516783618,221.44767067120287,64.44249602549588,-38.816129908527934
10.49049049049049,676.0333917389323,220.67057097333443,64.44249602549588,-39.016330108728134
10.51051051051051,677.3235317995028,219.88946326344998,64.44249602549588,-39.216530308928334
10.53053053053053,678.6136718600733,219.10434754154952,64.44249602549588,-39.416730509128534
10.55055055055055,679.9038119206438,218.31522380763303,64.44249602549588,-39.616930709328734
10.57057057057057,681.1939519812142,217.52209206170053,64.44249602549588,-39.817130909528935
10.59059059059059,682.4840920417847,216.72495230375202,64.44249602549588,-40.017331109729135
10.61061061061061,683.7742321023552,215.92380453378746,64.44249602549588,-40.217531309929335
10.63063063063063,685.0643721629257,215.1186487518069,64.44249602549588,-40.417731510129535
10.65065065065065,686.3545122234962,214.3094849578103,64.44249602549588,-40.617931710329735
10.67067067067067,687.6446522840666,213.4963131517977,64.44249602549588,-40.818131910529935
10.690690690690692,688.9347923446371,212.67913333376907,64.44249602549588,-41.018332110730135
10.71071071071071,690.2249324052076,211.85794550372444,64.44249602549588,-41.218532310930335
10.73073073073073,691.5150724657781,211.03274966166376,64.44249602549588,-41.418732511130536
10.75075075075075,692.8052125263486,210.20354580758706,64.44249602549588,-41.618932711330736
10.77077077077077,694.095352586919,209.37033394149435,64.44249602549588,-41.819132911530936
10.790790790790792,695.3854926474895,208.53311406338563,64.44249602549588,-42.019333111731136
10.81081081081081,696.67563270806,207.69188617326088,64.44249602549588,-42.219533311931336
10.83083083083083,697.9657727686305,206.84665027112013,64.44249602549588,-42.419733512131536
10.85085085085085,699.255912829201,205.99740635696332,64.44249602549588,-42.619933712331736
10.87087087087087,700.5460528897714,205.1441544307905,64.44249602549588,-42.82013391253194
10.890890890890892,701.8361929503419,204.28689449260168,64.44249602549588,-43.02033411273214
10.91091091091091,703.1263330109124,203.42562654239683,64.44249602549588,-43.22053431293234
10.93093093093093,704.4164730714829,202.56035058017596,64.44249602549588,-43.42073451313254
10.95095095095095,705.7066131320533,201.69106660593908,64.44249602549588,-43.62093471333274
10.97097097097097,706.9967531926238,200.8177746196862,64.44249602549588,-43.82113491353294
10.990990990990992,708.2868932531943,199.94047462141725,64.44249602549588,-44.02133511373314
11.01101101101101,709.5770333137648,199.0591666111323,64.44249602549588,-44.22153531393334
11.03103103103103,710.8671733743353,198.17385058883133,64.44249602549588,-44.42173551413354
11.05105105105105,712.1573134349057,197.28452655451434,64.44249602549588,-44.62193571433374
11.07107107107107,713.4474534954762,196.39119450818134,64.44249602549588,-44.82213591453394
11.091091091091092,714.7375935560467,195.49385444983233,64.44249602549588,-45.02233611473414
11.11111111111111,716.0277336166172,194.59250637946727,64.44249602549588,-45.22253631493434
11.13113113113113,717.3178736771877,193.6871502970862,64.44249602549588,-45.42273651513454
11.15115115115115,718.6080137377581,192.7777862026891,64.44249602549588,-45.62293671533474
11.17117117117117,719.8981537983286,191.864414096276,64.44249602549588,-45.82313691553494
11.191191191191193,721.1882938588991,190.94703397784687,64.44249602549588,-46.02333711573514
11.21121121121121,722.4784339194696,190.02564584740173,64.44249602549588,-46.22353731593534
11.23123123123123,723.7685739800401,189.10024970494055,64.44249602549588,-46.42373751613554
11.25125125125125,725.0587140406105,188.17084555046335,64.44249602549588,-46.62393771633574
11.27127127127127,726.348854101181,187.23743338397014,64.44249602549588,-46.82413791653594
11.291291291291293,727.6389941617515,186.3000132054609,64.44249602549588,-47.02433811673614
11.31131131131131,728.929134222322,185.35858501493567,64.44249602549588,-47.22453831693634
11.33133133133133,730.2192742828925,184.4131488123944,64.44249602549588,-47.42473851713654
11.35135135135135,731.5094143434629,183.46370459783714,64.44249602549588,-47.62493871733674
11.37137137137137,732.7995544040334,182.51025237126382,64.44249602549588,-47.82513891753694
11.391391391391393,734.0896944646039,181.55279213267448,64.44249602549588,-48.02533911773714
11.411411411411411,735.3798345251744,180.59132388206913,64.44249602549588,-48.22553931793734
11.431431431431431,736.6699745857449,179.62584761944777,64.44249602549588,-48.42573951813754
11.451451451451451,737.9601146463153,178.6563633448104,64.44249602549588,-48.62593971833774
11.471471471471471,739.2502547068858,177.682871058157,64.44249602549588,-48.82613991853794
11.491491491491493,740.5403947674563,176.70537075948755,64.44249602549588,-49.02634011873814
11.511511511511511,741.8305348280268,175.7238624488021,64.44249602549588,-49.22654031893834
11.531531531531531,743.1206748885973,174.73834612610062,64.44249602549588,-49.42674051913854
11.551551551551551,744.4108149491677,173.74882179138314,64.44249602549588,-49.62694071933874
11.571571571571571,745.7009550097382,172.75528944464963,64.44249602549588,-49.82714091953894
11.591591591591593,746.9910950703087,171.75774908590012,64.44249602549588,-50.02734111973914
11.611611611611611,748.2812351308792,170.75620071513455,64.44249602549588,-50.22754131993934
11.631631631631631,749.5713751914496,169.75064433235298,64.44249602549588,-50.42774152013954
11.651651651651651,750.8615152520201,168.74107993755538,64.44249602549588,-50.62794172033974
11.671671671671671,752.1516553125906,167.72750753074178,64.44249602549588,-50.82814192053994
11.691691691691693,753.4417953731611,166.70992711191215,64.44249602549588,-51.02834212074014
11.711711711711711,754.7319354337316,165.6883386810665,64.44249602549588,-51.22854232094034
11.731731731731731,756.022075494302,164.66274223820486,64.44249602549588,-51.42874252114054
11.751751751751751,757.3122155548725,163.63313778332716,64.44249602549588,-51.62894272134074
11.771771771771771,758.602355615443,162.59952531643344,64.44249602549588,-51.82914292154094
11.791791791791793,759.8924956760135,161.5619048375237,64.44249602549588,-52.02934312174114
11.811811811811811,761.182635736584,160.52027634659797,64.44249602549588,-52.22954332194134
11.831831831831831,762.4727757971544,159.4746398436562,64.44249602549588,-52.42974352214154
11.851851851851851,763.7629158577249,158.42499532869843,64.44249602549588,-52.62994372234174
11.871871871871871,765.0530559182954,157.3713428017246,64.44249602549588,-52.83014392254194
11.891891891891893,766.3431959788659,156.31368226273477,64.44249602549588,-53.03034412274214
11.911911911911911,767.6333360394364,155.25201371172892,64.44249602549588,-53.23054432294234
11.931931931931931,768.9234761000068,154.18633714870705,64.44249602549588,-53.43074452314254
11.951951951951951,770.2136161605773,153.11665257366917,64.44249602549588,-53.63094472334274
11.971971971971973,771.5037562211478,152.04295998661527,64.44249602549588,-53.831144923542944
11.991991991991993,772.7938962817183,150.96525938754533,64.44249602549588,-54.031345123743144
12.012012012012011,774.0840363422888,149.88355077645937,64.44249602549588,-54.231545323943344
12.032032032032031,775.3741764028592,148.7978341533574,64.44249602549588,-54.431745524143544
12.052052052052051,776.6643164634297,147.7081095182394,64.44249602549588,-54.631945724343744
12.072072072072073,777.9544565240002,146.6143768711054,64.44249602549588,-54.832145924543944
12.092092092092093,779.2445965845707,145.5166362119554,64.44249602549588,-55.032346124744144
12.112112112112111,780.5347366451412,144.41488754078935,64.44249602549588,-55.232546324944344
12.132132132132131,781.8248767057116,143.30913085760727,64.44249602549588,-55.432746525144545
12.152152152152151,783.1150167662821,142.19936616240918,64.44249602549588,-55.632946725344745
12.172172172172173,784.4051568268526,141.08559345519507,64.44249602549588,-55.833146925544945
12.192192192192193,785.6952968874231,139.96781273596494,64.44249602549588,-56.033347125745145
12.212212212212211,786.9854369479935,138.8460240047188,64.44249602549588,-56.233547325945345
12.232232232232231,788.275577008564,137.72022726145664,64.44249602549588,-56.433747526145545
12.252252252252251,789.5657170691345,136.59042250617844,64.44249602549588,-56.633947726345745
12.272272272272273,790.855857129705,135.45660973888423,64.44249602549588,-56.834147926545945
12.292292292292293,792.1459971902755,134.318788959574,64.44249602549588,-57.034348126746146
12.312312312312311,793.436137250846,133.17696016824775,64.44249602549588,-57.234548326946346
12.332332332332332,794.7262773114164,132.03112336490548,64.44249602549588,-57.434748527146546
12.352352352352352,796.0164173719869,130.8812785495472,64.44249602549588,-57.634948727346746
12.372372372372373,797.3065574325574,129.72742572217288,64.44249602549588,-57.835148927546946
12.392392392392393,798.5966974931279,128.56956488278254,64.44249602549588,-58.035349127747146
12.412412412412412,799.8868375536983,127.40769603137619,64.44249602549588,-58.235549327947346
12.432432432432432,801.1769776142688,126.24181916795382,64.44249602549588,-58.43574952814755
12.452452452452452,802.4671176748393,125.07193429251544,64.44249602549588,-58.63594972834775
12.472472472472473,803.7572577354098,123.89804140506102,64.44249602549588,-58.83614992854795
12.492492492492493,805.0473977959803,122.72014050559059,64.44249602549588,-59.03635012874815
12.512512512512512,806.3375378565507,121.53823159410415,64.44249602549588,-59.23655032894835
12.532532532532532,807.6276779171212,120.35231467060167,64.44249602549588,-59.43675052914855
12.552552552552552,808.9178179776917,119.16238973508318,64.44249602549588,-59.63695072934875
12.572572572572573,810.2079580382622,117.96845678754867,64.44249602549588,-59.83715092954895
12.592592592592593,811.4980980988327,116.77051582799814,64.44249602549588,-60.03735112974915
12.612612612612612,812.7882381594031,115.56856685643159,64.44249602549588,-60.23755132994935
12.632632632632632,814.0783782199736,114.36260987284902,64.44249602549588,-60.43775153014955
12.652652652652652,815.3685182805441,113.15264487725042,64.44249602549588,-60.63795173034975
12.672672672672673,816.6586583411146,111.93867186963581,64.44249602549588,-60.83815193054995
12.692692692692694,817.948798401685,110.72069085000518,64.44249602549588,-61.03835213075015
12.712712712712712,819.2389384622555,109.49870181835854,64.44249602549588,-61.23855233095035
12.732732732732732,820.529078522826,108.27270477469587,64.44249602549588,-61.43875253115055
12.752752752752752,821.8192185833965,107.04269971901718,64.44249602549588,-61.63895273135075
12.772772772772774,823.109358643967,105.80868665132247,64.44249602549588,-61.83915293155095
12.792792792792794,824.3994987045375,104.57066557161174,64.44249602549588,-62.03935313175115
12.812812812812812,825.6896387651079,103.32863647988499,64.44249602549588,-62.23955333195135
12.832832832832832,826.9797788256784,102.08259937614223,64.44249602549588,-62.43975353215155
12.852852852852852,828.2699188862489,100.83255426038343,64.44249602549588,-62.63995373235175
12.872872872872874,829.5600589468194,99.57850113260862,64.44249602549588,-62.84015393255195
12.892892892892894,830.8501990073898,98.3204399928178,64.44249602549588,-63.04035413275215
12.912912912912912,832.1403390679603,97.05837084101094,64.44249602549588,-63.24055433295235
12.932932932932932,833.4304791285308,95.79229367718807,64.44249602549588,-63.44075453315255
12.952952952952952,834.7206191891013,94.52220850134918,64.44249602549588,-63.64095473335275
12.972972972972974,836.0107592496718,93.24811531349427,64.44249602549588,-63.84115493355295
12.992992992992994,837.3008993102422,91.97001411362334,64.44249602549588,-64.04135513375316
13.013013013013012,838.5910393708127,90.68790490173639,64.44249602549588,-64.24155533395336
13.033033033033032,839.8811794313832,89.40178767783341,64.44249602549588,-64.44175553415356
13.053053053053052,841.1713194919537,88.11166244191442,64.44249602549588,-64.64195573435376
13.073073073073074,842.4614595525242,86.81752919397941,64.44249602549588,-64.84215593455396
13.093093093093094,843.7515996130946,85.51938793402839,64.44249602549588,-65.04235613475416
13.113113113113112,845.0417396736651,84.21723866206133,64.44249602549588,-65.24255633495436
13.133133133133132,846.3318797342356,82.91108137807826,64.44249602549588,-65.44275653515456
13.153153153153154,847.6220197948061,81.60091608207918,64.44249602549588,-65.64295673535476
13.173173173173174,848.9121598553766,80.28674277406407,64.44249602549588,-65.84315693555496
13.193193193193194,850.202299915947,78.96856145403294,64.44249602549588,-66.04335713575516
13.213213213213212,851.4924399765175,77.64637212198579,64.44249602549588,-66.24355733595536
13.233233233233232,852.782580037088,76.32017477792262,64.44249602549588,-66.44375753615556
13.253253253253254,854.0727200976585,74.98996942184343,64.44249602549588,-66.64395773635576
13.273273273273274,855.362860158229,73.65575605374822,64.44249602549588,-66.84415793655596
13.293293293293294,856.6530002187994,72.31753467363698,64.44249602549588,-67.04435813675616
13.313313313313312,857.9431402793699,70.97530528150973,64.44249602549588,-67.24455833695636
13.333333333333332,859.2332803399404,69.62906787736647,64.44249602549588,-67.44475853715656
13.353353353353354,860.5234204005109,68.27882246120717,64.44249602549588,-67.64495873735676
13.373373373373374,861.8135604610814,66.92456903303186,64.44249602549588,-67.84515893755696
13.393393393393394,863.1037005216518,65.56630759284053,64.44249602549588,-68.04535913775716
13.413413413413412,864.3938405822223,64.20403814063317,64.44249602549588,-68.24555933795736
13.433433433433432,865.6839806427928,62.8377606764098,64.44249602549588,-68.44575953815756
13.453453453453454,866.9741207033633,61.46747520017041,64.44249602549588,-68.64595973835776
13.473473473473474,868.2642607639337,60.093181711915,64.44249602549588,-68.84615993855796
13.493493493493494,869.5544008245042,58.71488021164357,64.44249602549588,-69.04636013875816
13.513513513513512,870.8445408850747,57.33257069935612,64.44249602549588,-69.24656033895836
13.533533533533532,872.1346809456452,55.94625317505265,64.44249602549588,-69.44676053915856
13.553553553553554,873.4248210062157,54.55592763873316,64.44249602549588,-69.64696073935876
13.573573573573574,874.7149610667861,53.16159409039765,64.44249602549588,-69.84716093955896
13.593593593593594,876.0051011273566,51.76325253004612,64.44249602549588,-70.04736113975916
13.613613613613612,877.2952411879271,50.36090295767857,64.44249602549588,-70.24756133995936
13.633633633633632,878.5853812484976,48.954545373295,64.44249602549588,-70.44776154015956
13.653653653653654,879.8755213090681,47.544179776895405,64.44249602549588,-70.64796174035976
13.673673673673674,881.1656613696385,46.129806168479796,64.44249602549588,-70.84816194055996
13.693693693693694,882.455801430209,44.711424548048164,64.44249602549588,-71.04836214076016
13.713713713713712,883.7459414907795,43.28903491560051,64.44249602549588,-71.24856234096036
13.733733733733732,885.03608155135,41.86263727113684,64.44249602549588,-71.44876254116056
13.753753753753754,886.3262216119205,40.43223161465715,64.44249602549588,-71.64896274136076
13.773773773773774,887.6163616724909,38.99781794616144,64.44249602549588,-71.84916294156096
13.793793793793794,888.9065017330614,37.55939626564971,64.44249602549588,-72.04936314176116
13.813813813813812,890.1966417936319,36.11696657312196,64.44249602549588,-72.24956334196136
13.833833833833832,891.4867818542024,34.67052886857819,64.44249602549588,-72.44976354216156
13.853853853853854,892.7769219147729,33.2200831520184,64.44249602549588,-72.64996374236176
13.873873873873874,894.0670619753433,31.765629423442586,64.44249602549588,-72.85016394256196
13.893893893893894,895.3572020359138,30.307167682850757,64.44249602549588,-73.05036414276216
13.913913913913913,896.6473420964843,28.844697930242905,64.44249602549588,-73.25056434296236
13.933933933933933,897.9374821570548,27.378220165619034,64.44249602549588,-73.45076454316256
13.953953953953954,899.2276222176253,25.907734388979144,64.44249602549588,-73.65096474336276
13.973973973973974,900.5177622781957,24.43324060032323,64.44249602549588,-73.85116494356296
13.993993993993994,901.8079023387662,22.9547387996513,64.44249602549588,-74.05136514376316
14.014014014014013,903.0980423993367,21.472228986963348,64.44249602549588,-74.25156534396336
14.034034034034033,904.3881824599072,19.985711162259378,64.44249602549588,-74.45176554416356
14.054054054054054,905.6783225204776,18.495185325539385,64.44249602549588,-74.65196574436376
14.074074074074074,906.9684625810481,17.000651476803373,64.44249602549588,-74.85216594456396
14.094094094094094,908.2586026416186,15.502109616051342,64.44249602549588,-75.05236614476416
14.114114114114113,909.5487427021891,13.99955974328329,64.44249602549588,-75.25256634496436
14.134134134134133,910.8388827627596,12.49300185849922,64.44249602549588,-75.45276654516456
14.154154154154154,912.12902282333,10.982435961699128,64.44249602549588,-75.65296674536476
14.174174174174174,913.4191628839005,9.467862052883017,64.44249602549588,-75.85316694556496
14.194194194194194,914.709302944471,7.949280132050886,64.44249602549588,-76.05336714576516
14.214214214214213,915.9994430050415,6.426690199202734,64.44249602549588,-76.25356734596537
14.234234234234233,917.289583065612,4.9000922543385625,64.44249602549588,-76.45376754616557
14.254254254254255,918.5797231261824,3.369486297458371,64.44249602549588,-76.65396774636577
14.274274274274275,919.8698631867529,1.8348723285621595,64.44249602549588,-76.85416794656597
14.294294294294295,921.1600032473234,0.2962503476499281,64.44249602549588,-77.05436814676617
14.314314314314313,922.4501433078939,-1.2463796452783236,64.44249602549588,-77.25456834696637
14.334334334334333,923.7402833684644,-2.793017650222595,64.44249602549588,-77.45476854716657
14.354354354354355,925.0304234290348,-4.343663667182887,64.44249602549588,-77.65496874736677
14.374374374374375,926.3205634896053,-5.898317696159198,64.44249602549588,-77.85516894756697
14.394394394394395,927.6107035501758,-7.45697973715153,64.44249602549588,-78.05536914776717
14.414414414414413,928.9008436107463,-9.019649790159882,64.44249602549588,-78.25556934796737
14.434434434434436,930.1909836713168,-10.586327855184253,64.44249602549588,-78.45576954816757
14.454454454454455,931.4811237318872,-12.157013932224645,64.44249602549588,-78.65596974836777
14.474474474474475,932.7712637924577,-13.731708021281056,64.44249602549588,-78.85616994856797
14.494494494494495,934.0614038530282,-15.310410122353488,64.44249602549588,-79.05637014876817
14.514514514514513,935.3515439135987,-16.89312023544194,64.44249602549588,-79.25657034896837
14.534534534534536,936.6416839741692,-18.479838360546413,64.44249602549588,-79.45677054916857
14.554554554554555,937.9318240347396,-20.070564497666904,64.44249602549588,-79.65697074936877
14.574574574574575,939.2219640953101,-21.665298646803414,64.44249602549588,-79.85717094956897
14.594594594594595,940.5121041558806,-23.264040807955947,64.44249602549588,-80.05737114976917
14.614614614614613,941.8022442164511,-24.8667909811245,64.44249602549588,-80.25757134996937
14.634634634634637,943.0923842770216,-26.47354916630907,64.44249602549588,-80.45777155016957
14.654654654654655,944.382524337592,-28.084315363509663,64.44249602549588,-80.65797175036977
14.674674674674675,945.6726643981625,-29.699089572726276,64.44249602549588,-80.85817195056997
14.694694694694695,946.962804458733,-31.317871793958908,64.44249602549588,-81.05837215077017
14.714714714714713,948.2529445193035,-32.94066202720756,64.44249602549588,-81.25857235097037
14.734734734734737,949.543084579874,-34.56746027247223,64.44249602549588,-81.45877255117057
14.754754754754755,950.8332246404444,-36.19826652975292,64.44249602549588,-81.65897275137077
14.774774774774775,952.1233647010149,-37.83308079904963,64.44249602549588,-81.85917295157097
14.794794794794795,953.4135047615854,-39.47190308036237,64.44249602549588,-82.05937315177117
14.814814814814813,954.7036448221559,-41.11473337369112,64.44249602549588,-82.25957335197137
14.834834834834837,955.9937848827263,-42.76157167903589,64.44249602549588,-82.45977355217157
14.854854854854855,957.2839249432968,-44.412417996396684,64.44249602549588,-82.65997375237177
14.874874874874875,958.5740650038673,-46.067272325773494,64.44249602549588,-82.86017395257197
14.894894894894895,959.8642050644378,-47.72613466716633,64.44249602549588,-83.06037415277217
14.914914914914913,961.1543451250083,-49.38900502057518,64.44249602549588,-83.26057435297237
14.934934934934937,962.4444851855787,-51.055883386000055,64.44249602549588,-83.46077455317257
14.954954954954955,963.7346252461492,-52.72676976344095,64.44249602549588,-83.66097475337277
14.974974974974975,965.0247653067197,-54.40166415289786,64.44249602549588,-83.86117495357297
14.994994994994995,966.3149053672902,-56.08056655437079,64.44249602549588,-84.06137515377317
15.015015015015013,967.6050454278607,-57.763476967859745,64.44249602549588,-84.26157535397337
15.035035035035037,968.8951854884311,-59.450395393364715,64.44249602549588,-84.46177555417357
15.055055055055055,970.1853255490016,-61.14132183088571,64.44249602549588,-84.66197575437377
15.075075075075075,971.4754656095721,-62.836256280422724,64.44249602549588,-84.86217595457397
15.095095095095095,972.7656056701426,-64.53519874197576,64.44249602549588,-85.06237615477417
15.115115115115113,974.055745730713,-66.23814921554481,64.44249602549588,-85.26257635497437
15.135135135135137,975.3458857912835,-67.94510770112988,64.44249602549588,-85.46277655517457
15.155155155155155,976.636025851854,-69.65607419873098,64.44249602549588,-85.66297675537477
15.175175175175175,977.9261659124245,-71.37104870834808,64.44249602549588,-85.86317695557497
15.195195195195195,979.216305972995,-73.09003122998122,64.44249602549588,-86.06337715577517
15.215215215215213,980.5064460335655,-74.81302176363037,64.44249602549588,-86.26357735597537
15.235235235235237,981.7965860941359,-76.54002030929554,64.44249602549588,-86.46377755617557
15.255255255255255,983.0867261547064,-78.27102686697674,64.44249602549588,-86.66397775637577
15.275275275275275,984.3768662152769,-80.00604143667395,64.44249602549588,-86.86417795657597
15.295295295295295,985.6670062758474,-81.74506401838718,64.44249602549588,-87.06437815677617
15.315315315315313,986.9571463364178,-83.48809461211644,64.44249602549588,-87.26457835697637
15.335335335335337,988.2472863969883,-85.23513321786172,64.44249602549588,-87.46477855717657
15.355355355355355,989.5374264575588,-86.986179835623,64.44249602549588,-87.66497875737677
15.375375375375375,990.8275665181293,-88.74123446540032,64.44249602549588,-87.86517895757697
15.395395395395395,992.1177065786998,-90.50029710719366,64.44249602549588,-88.06537915777717
15.415415415415413,993.4078466392702,-92.26336776100301,64.44249602549588,-88.26557935797737
15.435435435435437,994.6979866998407,-94.03044642682838,64.44249602549588,-88.46577955817757
15.455455455455455,995.9881267604112,-95.80153310466977,64.44249602549588,-88.66597975837777
15.475475475475475,997.2782668209817,-97.57662779452718,64.44249602549588,-88.86617995857797
15.495495495495495,998.5684068815522,-99.35573049640061,64.44249602549588,-89.06638015877817
15.515515515515514,999.8585469421226,-101.13884121029007,64.44249602549588,-89.26658035897837
15.535535535535537,1001.1486870026931,-102.92595993619554,64.44249602549588,-89.46678055917857
15.555555555555555,1002.4388270632636,-104.71708667411703,64.44249602549588,-89.66698075937877
15.575575575575575,1003.7289671238341,-106.51222142405454,64.44249602549588,-89.86718095957897
15.595595595595595,1005.0191071844046,-108.31136418600808,64.44249602549588,-90.06738115977917
15.615615615615614,1006.309247244975,-110.11451495997763,64.44249602549588,-90.26758135997937
15.635635635635637,1007.5993873055455,-111.9216737459632,64.44249602549588,-90.46778156017957
15.655655655655655,1008.889527366116,-113.7328405439648,64.44249602549588,-90.66798176037977
15.675675675675675,1010.1796674266865,-115.54801535398241,64.44249602549588,-90.86818196057997
15.695695695695695,1011.469807487257,-117.36719817601605,64.44249602549588,-91.06838216078017
15.715715715715717,1012.7599475478274,-119.1903890100657,64.44249602549588,-91.26858236098037
15.735735735735737,1014.0500876083979,-121.01758785613137,64.44249602549588,-91.46878256118057
15.755755755755755,1015.3402276689684,-122.84879471421307,64.44249602549588,-91.66898276138078
15.775775775775776,1016.6303677295389,-124.68400958431079,64.44249602549588,-91.86918296158098
15.795795795795796,1017.9205077901094,-126.52323246642452,64.44249602549588,-92.06938316178118
15.815815815815817,1019.2106478506798,-128.36646336055426,64.44249602549588,-92.26958336198138
15.835835835835837,1020.5007879112503,-130.21370226670004,64.44249602549588,-92.46978356218158
15.855855855855856,1021.7909279718208,-132.06494918486183,64.44249602549588,-92.66998376238178
15.875875875875876,1023.0810680323913,-133.92020411503964,64.44249602549588,-92.87018396258198
15.895895895895896,1024.3712080929618,-135.77946705723346,64.44249602549588,-93.07038416278218
15.915915915915917,1025.6613481535323,-137.64273801144333,64.44249602549588,-93.27058436298238
15.935935935935937,1026.951488214103,-139.5100169776692,64.44249602549588,-93.47078456318258
15.955955955955956,1028.2416282746735,-141.3813039559111,64.44249602549588,-93.67098476338278
15.975975975975976,1029.5317683352441,-143.25659894616902,64.44249602549588,-93.87118496358298
15.995995995995996,1030.8219083958147,-145.13590194844295,64.44249602549588,-94.07138516378318
16.016016016016017,1032.1120484563853,-147.0192129627329,64.44249602549588,-94.27158536398338
16.036036036036037,1033.402188516956,-148.90653198903885,64.44249602549588,-94.47178556418358
16.056056056056057,1034.6923285775265,-150.79785902736086,64.44249602549588,-94.67198576438378
16.076076076076077,1035.982468638097,-152.69319407769888,64.44249602549588,-94.87218596458398
16.096096096096094,1037.2726086986677,-154.5925371400529,64.44249602549588,-95.07238616478418
16.116116116116117,1038.5627487592383,-156.49588821442296,64.44249602549588,-95.27258636498438
16.136136136136138,1039.8528888198089,-158.40324730080903,64.44249602549588,-95.47278656518458
16.156156156156158,1041.1430288803795,-160.3146143992111,64.44249602549588,-95.67298676538478
16.176176176176178,1042.43316894095,-162.22998950962923,64.44249602549588,-95.87318696558498
16.196196196196194,1043.7233090015206,-164.14937263206338,64.44249602549588,-96.07338716578518
16.216216216216218,1045.0134490620912,-166.07276376651353,64.44249602549588,-96.27358736598538
16.236236236236238,1046.3035891226618,-168.0001629129797,64.44249602549588,-96.47378756618558
16.256256256256258,1047.5937291832324,-169.9315700714619,64.44249602549588,-96.67398776638578
16.276276276276278,1048.883869243803,-171.8669852419601,64.44249602549588,-96.87418796658598
16.296296296296294,1050.1740093043736,-173.80640842447434,64.44249602549588,-97.07438816678618
16.316316316316318,1051.4641493649442,-175.7498396190046,64.44249602549588,-97.27458836698638
16.336336336336338,1052.7542894255148,-177.69727882555088,64.44249602549588,-97.47478856718658
16.356356356356358,1054.0444294860854,-179.64872604411318,64.44249602549588,-97.67498876738678
16.376376376376378,1055.334569546656,-181.60418127469148,64.44249602549588,-97.87518896758698
16.396396396396394,1056.6247096072266,-183.5636445172858,64.44249602549588,-98.07538916778718
16.416416416416418,1057.9148496677972,-185.52711577189615,64.44249602549588,-98.27558936798738
16.436436436436438,1059.2049897283678,-187.49459503852253,64.44249602549588,-98.47578956818758
16.456456456456458,1060.4951297889384,-189.46608231716493,64.44249602549588,-98.67598976838778
16.476476476476478,1061.785269849509,-191.44157760782335,64.44249602549588,-98.87618996858798
16.496496496496494,1063.0754099100795,-193.42108091049778,64.44249602549588,-99.07639016878818
16.516516516516518,1064.3655499706501,-195.40459222518822,64.44249602549588,-99.27659036898838
16.536536536536538,1065.6556900312207,-197.3921115518947,64.44249602549588,-99.47679056918858
16.556556556556558,1066.9458300917913,-199.3836388906172,64.44249602549588,-99.67699076938878
16.576576576576578,1068.235970152362,-201.3791742413557,64.44249602549588,-99.87719096958898
16.596596596596594,1069.5261102129325,-203.37871760411025,64.44249602549588,-100.07739116978918
16.616616616616618,1070.816250273503,-205.3822689788808,64.44249602549588,-100.27759136998938
16.636636636636638,1072.1063903340737,-207.38982836566737,64.44249602549588,-100.47779157018958
16.656656656656658,1073.3965303946443,-209.40139576446995,64.44249602549588,-100.67799177038978
16.676676676676678,1074.6866704552149,-211.41697117528858,64.44249602549588,-100.87819197058998
16.696696696696694,1075.9768105157855,-213.43655459812322,64.44249602549588,-101.07839217079018
16.716716716716718,1077.266950576356,-215.46014603297388,64.44249602549588,-101.27859237099038
16.736736736736738,1078.5570906369267,-217.48774547984056,64.44249602549588,-101.47879257119058
16.756756756756758,1079.8472306974973,-219.51935293872324,64.44249602549588,-101.67899277139078
16.776776776776778,1081.1373707580678,-221.55496840962195,64.44249602549588,-101.87919297159098
16.796796796796794,1082.4275108186384,-223.59459189253667,64.44249602549588,-102.07939317179118
16.816816816816818,1083.717650879209,-225.63822338746743,64.44249602549588,-102.27959337199138
16.836836836836838,1085.0077909397796,-227.6858628944142,64.44249602549588,-102.47979357219158
16.856856856856858,1086.2979310003502,-229.737510413377,64.44249602549588,-102.67999377239178
16.876876876876878,1087.5880710609208,-231.79316594435582,64.44249602549588,-102.88019397259198
16.896896896896898,1088.8782111214914,-233.85282948735065,64.44249602549588,-103.08039417279218
16.916916916916918,1090.168351182062,-235.9165010423615,64.44249602549588,-103.28059437299238
16.936936936936938,1091.4584912426326,-237.98418060938837,64.44249602549588,-103.48079457319258
16.956956956956958,1092.7486313032032,-240.05586818843128,64.44249602549588,-103.68099477339278
16.976976976976978,1094.0387713637738,-242.1315637794902,64.44249602549588,-103.88119497359298
16.996996996996998,1095.3289114243444,-244.21126738256513,64.44249602549588,-104.08139517379318
17.017017017017018,1096.619051484915,-246.29497899765607,64.44249602549588,-104.28159537399338
17.037037037037038,1097.9091915454856,-248.38269862476304,64.44249602549588,-104.48179557419358
17.057057057057058,1099.1993316060561,-250.47442626388604,64.44249602549588,-104.68199577439378
17.077077077077078,1100.4894716666267,-252.57016191502507,64.44249602549588,-104.88219597459398
17.097097097097098,1101.7796117271973,-254.6699055781801,64.44249602549588,-105.08239617479418
17.117117117117118,1103.069751787768,-256.7736572533512,64.44249602549588,-105.28259637499438
17.137137137137138,1104.3598918483385,-258.88141694053826,64.44249602549588,-105.48279657519458
17.157157157157158,1105.650031908909,-260.99318463974134,64.44249602549588,-105.68299677539478
17.177177177177178,1106.9401719694797,-263.10896035096044,64.44249602549588,-105.88319697559498
17.197197197197198,1108.2303120300503,-265.22874407419556,64.44249602549588,-106.08339717579518
17.217217217217218,1109.520452090621,-267.3525358094467,64.44249602549588,-106.28359737599538
17.237237237237238,1110.8105921511915,-269.48033555671384,64.44249602549588,-106.48379757619558
17.25725725725726,1112.100732211762,-271.61214331599706,64.44249602549588,-106.68399777639578
17.27727727727728,1113.3908722723327,-273.7479590872963,64.44249602549588,-106.88419797659598
17.2972972972973,1114.6810123329033,-275.88778287061155,64.44249602549588,-107.08439817679618
17.31731731731732,1115.9711523934739,-278.0316146659428,64.44249602549588,-107.28459837699639
17.33733733733734,1117.2612924540445,-280.1794544732901,64.44249602549588,-107.48479857719659
17.35735735735736,1118.551432514615,-282.3313022926534,64.44249602549588,-107.68499877739679
17.37737737737738,1119.8415725751856,-284.4871581240327,64.44249602549588,-107.88519897759699
17.3973973973974,1121.1317126357562,-286.64702196742803,64.44249602549588,-108.08539917779719
17.41741741741742,1122.4218526963268,-288.8108938228394,64.44249602549588,-108.28559937799739
17.43743743743744,1123.7119927568974,-290.97877369026673,64.44249602549588,-108.48579957819759
17.45745745745746,1125.002132817468,-293.1506615697101,64.44249602549588,-108.68599977839779
17.47747747747748,1126.2922728780386,-295.3265574611695,64.44249602549588,-108.88619997859799
17.4974974974975,1127.5824129386092,-297.50646136464496,64.44249602549588,-109.08640017879819
17.51751751751752,1128.8725529991798,-299.69037328013644,64.44249602549588,-109.28660037899839
17.53753753753754,1130.1626930597504,-301.87829320764394,64.44249602549588,-109.48680057919859
17.55755755755756,1131.452833120321,-304.07022114716744,64.44249602549588,-109.68700077939879
17.57757757757758,1132.7429731808916,-306.26615709870697,64.44249602549588,-109.88720097959899
17.5975975975976,1134.0331132414622,-308.4661010622625,64.44249602549588,-110.08740117979919
17.61761761761762,1135.3232533020328,-310.67005303783407,64.44249602549588,-110.28760137999939
17.63763763763764,1136.6133933626033,-312.87801302542164,64.44249602549588,-110.48780158019959
17.65765765765766,1137.903533423174,-315.0899810250252,64.44249602549588,-110.68800178039979
17.67767767767768,1139.1936734837445,-317.3059570366448,64.44249602549588,-110.88820198059999
17.6976976976977,1140.4838135443151,-319.52594106028045,64.44249602549588,-111.08840218080019
17.71771771771772,1141.7739536048857,-321.7499330959321,64.44249602549588,-111.28860238100039
17.73773773773774,1143.0640936654563,-323.9779331435997,64.44249602549588,-111.48880258120059
17.75775775775776,1144.354233726027,-326.20994120328345,64.44249602549588,-111.68900278140079
17.77777777777778,1145.6443737865975,-328.4459572749832,64.44249602549588,-111.88920298160099
17.7977977977978,1146.934513847168,-330.68598135869894,64.44249602549588,-112.08940318180119
17.81781781781782,1148.2246539077387,-332.9300134544307,64.44249602549588,-112.28960338200139
17.83783783783784,1149.5147939683093,-335.1780535621785,64.44249602549588,-112.48980358220159
17.85785785785786,1150.8049340288799,-337.4301016819423,64.44249602549588,-112.69000378240179
17.87787787787788,1152.0950740894505,-339.6861578137221,64.44249602549588,-112.89020398260199
17.8978978978979,1153.385214150021,-341.94622195751793,64.44249602549588,-113.09040418280219
17.91791791791792,1154.6753542105916,-344.2102941133298,64.44249602549588,-113.29060438300239
17.93793793793794,1155.9654942711622,-346.47837428115764,64.44249602549588,-113.49080458320259
17.95795795795796,1157.2556343317328,-348.7504624610015,64.44249602549588,-113.69100478340279
17.97797797797798,1158.5457743923034,-351.0265586528614,64.44249602549588,-113.89120498360299
17.997997997998,1159.835914452874,-353.3066628567373,64.44249602549588,-114.09140518380319
18.01801801801802,1161.1260545134446,-355.5907750726293,64.44249602549588,-114.29160538400339
18.03803803803804,1162.4161945740152,-357.8788953005373,64.44249602549588,-114.49180558420359
18.05805805805806,1163.7063346345858,-360.1710235404613,64.44249602549588,-114.69200578440379
18.07807807807808,1164.9964746951564,-362.46715979240133,64.44249602549588,-114.89220598460399
18.0980980980981,1166.286614755727,-364.7673040563574,64.44249602549588,-115.09240618480419
18.11811811811812,1167.5767548162976,-367.07145633232943,64.44249602549588,-115.29260638500439
18.13813813813814,1168.8668948768682,-369.3796166203175,64.44249602549588,-115.49280658520459
18.15815815815816,1170.1570349374388,-371.6917849203216,64.44249602549588,-115.69300678540479
18.17817817817818,1171.4471749980094,-374.0079612323417,64.44249602549588,-115.89320698560499
18.1981981981982,1172.73731505858,-376.3281455563778,64.44249602549588,-116.09340718580519
18.21821821821822,1174.0274551191505,-378.65233789242995,64.44249602549588,-116.29360738600539
18.23823823823824,1175.3175951797211,-380.9805382404981,64.44249602549588,-116.49380758620559
18.25825825825826,1176.6077352402917,-383.31274660058233,64.44249602549588,-116.69400778640579
18.27827827827828,1177.8978753008623,-385.64896297268257,64.44249602549588,-116.89420798660599
18.2982982982983,1179.188015361433,-387.9891873567988,64.44249602549588,-117.09440818680619
18.31831831831832,1180.4781554220035,-390.3334197529311,64.44249602549588,-117.29460838700639
18.33833833833834,1181.768295482574,-392.6816601610794,64.44249602549588,-117.49480858720659
18.35835835835836,1183.0584355431447,-395.0339085812437,64.44249602549588,-117.69500878740679
18.37837837837838,1184.3485756037153,-397.390165013424,64.44249602549588,-117.89520898760699
18.3983983983984,1185.6387156642859,-399.7504294576203,64.44249602549588,-118.09540918780719
18.41841841841842,1186.9288557248565,-402.1147019138327,64.44249602549588,-118.29560938800739
18.43843843843844,1188.218995785427,-404.48298238206104,64.44249602549588,-118.49580958820759
18.45845845845846,1189.5091358459977,-406.8552708623054,64.44249602549588,-118.69600978840779
18.47847847847848,1190.7992759065683,-409.2315673545658,64.44249602549588,-118.89620998860799
18.4984984984985,1192.0894159671388,-411.6118718588422,64.44249602549588,-119.09641018880819
18.51851851851852,1193.3795560277094,-413.9961843751347,64.44249602549588,-119.29661038900839
18.53853853853854,1194.66969608828,-416.3845049034432,64.44249602549588,-119.4968105892086
18.55855855855856,1195.9598361488506,-418.7768334437677,64.44249602549588,-119.6970107894088
18.57857857857858,1197.2499762094212,-421.17316999610824,64.44249602549588,-119.897210989609
18.5985985985986,1198.5401162699918,-423.5735145604648,64.44249602549588,-120.0974111898092
18.61861861861862,1199.8302563305624,-425.97786713683735,64.44249602549588,-120.2976113900094
18.63863863863864,1201.120396391133,-428.3862277252259,64.44249602549588,-120.4978115902096
18.65865865865866,1202.4105364517036,-430.7985963256305,64.44249602549588,-120.6980117904098
18.67867867867868,1203.7006765122742,-433.2149729380511,64.44249602549588,-120.89821199061
18.6986986986987,1204.9908165728448,-435.63535756248774,64.44249602549588,-121.0984121908102
18.71871871871872,1206.2809566334154,-438.0597501989404,64.44249602549588,-121.2986123910104
18.73873873873874,1207.571096693986,-440.48815084740903,64.44249602549588,-121.4988125912106
18.75875875875876,1208.8612367545566,-442.9205595078937,64.44249602549588,-121.6990127914108
18.77877877877878,1210.1513768151272,-445.35697618039444,64.44249602549588,-121.899212991611
18.7987987987988,1211.4415168756977,-447.7974008649112,64.44249602549588,-122.0994131918112
18.81881881881882,1212.7316569362683,-450.24183356144397,64.44249602549588,-122.2996133920114
18.83883883883884,1214.021796996839,-452.69027426999276,64.44249602549588,-122.4998135922116
18.85885885885886,1215.3119370574095,-455.14272299055756,64.44249602549588,-122.7000137924118
18.87887887887888,1216.6020771179801,-457.5991797231384,64.44249602549588,-122.900213992612
18.8988988988989,1217.8922171785507,-460.0596444677352,64.44249602549588,-123.1004141928122
18.91891891891892,1219.1823572391213,-462.52411722434806,64.44249602549588,-123.3006143930124
18.93893893893894,1220.472497299692,-464.9925979929769,64.44249602549588,-123.5008145932126
18.95895895895896,1221.7626373602625,-467.4650867736218,64.44249602549588,-123.7010147934128
18.97897897897898,1223.052777420833,-469.9415835662827,64.44249602549588,-123.901214993613
18.998998998999,1224.3429174814037,-472.4220883709596,64.44249602549588,-124.1014151938132
19.01901901901902,1225.6330575419743,-474.9066011876526,64.44249602549588,-124.3016153940134
19.03903903903904,1226.9231976025449,-477.3951220163616,64.44249602549588,-124.5018155942136
19.05905905905906,1228.2133376631155,-479.8876508570866,64.44249602549588,-124.7020157944138
19.07907907907908,1229.503477723686,-482.38418770982764,64.44249602549588,-124.902215994614
19.0990990990991,1230.7936177842566,-484.8847325745847,64.44249602549588,-125.1024161948142
19.11911911911912,1232.0837578448272,-487.38928545135775,64.44249602549588,-125.3026163950144
19.13913913913914,1233.3738979053978,-489.8978463401468,64.44249602549588,-125.5028165952146
19.15915915915916,1234.6640379659684,-492.4104152409519,64.44249602549588,-125.7030167954148
19.17917917917918,1235.954178026539,-494.926992153773,64.44249602549588,-125.903216995615
19.1991991991992,1237.2443180871096,-497.44757707861015,64.44249602549588,-126.1034171958152
19.21921921921922,1238.5344581476802,-499.9721700154633,64.44249602549588,-126.3036173960154
19.23923923923924,1239.8245982082508,-502.50077096433245,64.44249602549588,-126.5038175962156
19.25925925925926,1241.1147382688214,-505.0333799252176,64.44249602549588,-126.7040177964158
19.27927927927928,1242.404878329392,-507.56999689811886,64.44249602549588,-126.904217996616
19.2992992992993,1243.6950183899626,-510.1106218830361,64.44249602549588,-127.1044181968162
19.31931931931932,1244.9851584505332,-512.6552548799693,64.44249602549588,-127.3046183970164
19.33933933933934,1246.2752985111038,-515.2038958889186,64.44249602549588,-127.5048185972166
19.35935935935936,1247.5654385716743,-517.7565449098839,64.44249602549588,-127.7050187974168
19.37937937937938,1248.855578632245,-520.3132019428652,64.44249602549588,-127.905218997617
19.3993993993994,1250.1457186928155,-522.8738669878626,64.44249602549588,-128.1054191978172
19.41941941941942,1251.4358587533861,-525.4385400448759,64.44249602549588,-128.30561939801743
19.43943943943944,1252.7259988139567,-528.0072211139053,64.44249602549588,-128.50581959821764
19.45945945945946,1254.0161388745273,-530.5799101949507,64.44249602549588,-128.70601979841786
19.47947947947948,1255.306278935098,-533.1566072880121,64.44249602549588,-128.90621999861807
19.4994994994995,1256.5964189956685,-535.7373123930895,64.44249602549588,-129.10642019881828
19.51951951951952,1257.886559056239,-538.3220255101829,64.44249602549588,-129.3066203990185
19.53953953953954,1259.1766991168097,-540.9107466392924,64.44249602549588,-129.5068205992187
19.55955955955956,1260.4668391773803,-543.5034757804178,64.44249602549588,-129.70702079941893
19.57957957957958,1261.7569792379509,-546.1002129335593,64.44249602549588,-129.90722099961914
19.5995995995996,1263.0471192985215,-548.7009580987168,64.44249602549588,-130.10742119981936
19.61961961961962,1264.337259359092,-551.3057112758903,64.44249602549588,-130.30762140001957
19.63963963963964,1265.6273994196627,-553.9144724650799,64.44249602549588,-130.50782160021978
19.65965965965966,1266.9175394802332,-556.5272416662856,64.44249602549588,-130.70802180042
19.67967967967968,1268.2076795408038,-559.1440188795073,64.44249602549588,-130.9082220006202
19.6996996996997,1269.4978196013744,-561.7648041047449,64.44249602549588,-131.10842220082043
19.71971971971972,1270.787959661945,-564.3895973419986,64.44249602549588,-131.30862240102064
19.73973973973974,1272.0780997225156,-567.0183985912684,64.44249602549588,-131.50882260122086
19.75975975975976,1273.3682397830862,-569.6512078525541,64.44249602549588,-131.70902280142107
19.77977977977978,1274.6583798436568,-572.2880251258558,64.44249602549588,-131.90922300162129
19.7997997997998,1275.9485199042274,-574.9288504111736,64.44249602549588,-132.1094232018215
19.81981981981982,1277.238659964798,-577.5736837085074,64.44249602549588,-132.3096234020217
19.83983983983984,1278.5288000253686,-580.2225250178572,64.44249602549588,-132.50982360222193
19.85985985985986,1279.8189400859392,-582.875374339223,64.44249602549588,-132.71002380242214
19.87987987987988,1281.1090801465098,-585.5322316726048,64.44249602549588,-132.91022400262236
19.8998998998999,1282.3992202070804,-588.1930970180026,64.44249602549588,-133.11042420282257
19.91991991991992,1283.689360267651,-590.8579703754165,64.44249602549588,-133.31062440302279
19.93993993993994,1284.9795003282215,-593.5268517448463,64.44249602549588,-133.510824603223
19.95995995995996,1286.2696403887921,-596.1997411262922,64.44249602549588,-133.71102480342321
19.97997997997998,1287.5597804493627,-598.8766385197541,64.44249602549588,-133.91122500362343
20.0,1288.8499205099333,-601.557543925232,64.44249602549588,-134.11142520382364
