t,xpos,ypos,vx,vy
0.0,0.0,78.7923676825179,17.34270808471495,8.3585127024751
0.02002002002002002,0.3472013630573563,78.95970527415905,17.34270808471495,8.1583125022749
0.04004004004004004,0.6944027261147127,79.12303485378418,17.34270808471495,7.958112302074699
0.06006006006006006,1.041604089172069,79.28235642139327,17.34270808471495,7.757912101874499
0.08008008008008008,1.3888054522294253,79.43766997698636,17.34270808471495,7.557711901674299
0.10010010010010009,1.7360068152867816,79.58897552056342,17.34270808471495,7.357511701474099
0.12012012012012012,2.083208178344138,79.73627305212446,17.34270808471495,7.157311501273899
0.14014014014014015,2.4304095414014943,79.87956257166948,17.34270808471495,6.957111301073699
0.16016016016016016,2.7776109044588506,80.01884407919849,17.34270808471495,6.7569111008734986
0.18018018018018017,3.124812267516207,80.15411757471146,17.34270808471495,6.556710900673298
0.20020020020020018,3.472013630573563,80.28538305820842,17.34270808471495,6.356510700473098
0.22022022022022023,3.8192149936309194,80.41264052968937,17.34270808471495,6.156310500272898
0.24024024024024024,4.166416356688276,80.5358899891543,17.34270808471495,5.956110300072698
0.2602602602602603,4.513617719745633,80.6551314366032,17.34270808471495,5.755910099872498
0.2802802802802803,4.86081908280299,80.77036487203608,17.34270808471495,5.555709899672298
0.3003003003003003,5.208020445860346,80.88159029545295,17.34270808471495,5.355509699472098
0.3203203203203203,5.555221808917703,80.98880770685379,17.34270808471495,5.1553094992718975
0.3403403403403404,5.90242317197506,81.09201710623861,17.34270808471495,4.955109299071697
0.36036036036036034,6.249624535032416,81.19121849360742,17.34270808471495,4.754909098871497
0.3803803803803804,6.596825898089773,81.2864118689602,17.34270808471495,4.554708898671297
0.40040040040040037,6.94402726114713,81.37759723229696,17.34270808471495,4.354508698471097
0.42042042042042044,7.291228624204487,81.46477458361771,17.34270808471495,4.154308498270897
0.44044044044044045,7.638429987261843,81.54794392292243,17.34270808471495,3.9541082980706967
0.4604604604604605,7.9856313503192,81.62710525021113,17.34270808471495,3.7539080978704966
0.4804804804804805,8.332832713376556,81.70225856548382,17.34270808471495,3.5537078976702965
0.5005005005005005,8.680034076433913,81.77340386874047,17.34270808471495,3.3535076974700964
0.5205205205205206,9.02723543949127,81.84054115998111,17.34270808471495,3.1533074972698962
0.5405405405405406,9.374436802548626,81.90367043920574,17.34270808471495,2.953107297069696
0.5605605605605606,9.721638165605983,81.96279170641434,17.34270808471495,2.752907096869496
0.5805805805805806,10.06883952866334,82.01790496160692,17.34270808471495,2.552706896669296
0.6006006006006006,10.416040891720696,82.06901020478348,17.34270808471495,2.3525066964690957
0.6206206206206206,10.763242254778053,82.11610743594403,17.34270808471495,2.1523064962688956
0.6406406406406406,11.11044361783541,82.15919665508855,17.34270808471495,1.9521062960686955
0.6606606606606606,11.457644980892766,82.19827786221705,17.34270808471495,1.7519060958684953
0.6806806806806808,11.804846343950123,82.23335105732954,17.34270808471495,1.5517058956682952
0.7007007007007007,12.15204770700748,82.264416240426,17.34270808471495,1.351505695468095
0.7207207207207207,12.499249070064836,82.29147341150644,17.34270808471495,1.151305495267895
0.7407407407407407,12.846450433122193,82.31452257057087,17.34270808471495,0.9511052950676948
0.7607607607607608,13.19365179617955,82.33356371761927,17.34270808471495,0.7509050948674947
0.7807807807807808,13.540853159236907,82.34859685265165,17.34270808471495,0.5507048946672946
0.8008008008008007,13.888054522294263,82.35962197566802,17.34270808471495,0.35050469446709437
0.8208208208208208,14.23525588535162,82.36663908666836,17.34270808471495,0.15030449426689418
0.8408408408408409,14.582457248408977,82.36964818565268,17.34270808471495,-0.049895705933306
0.8608608608608609,14.929658611466333,82.36864927262098,17.34270808471495,-0.2500959061335062
0.8808808808808809,15.27685997452369,82.36364234757326,17.34270808471495,-0.45029610633370637
0.9009009009009008,15.624061337581047,82.35462741050952,17.34270808471495,-0.6504963065339066
0.920920920920921,15.971262700638404,82.34160446142977,17.34270808471495,-0.8506965067341068
0.9409409409409409,16.31846406369576,82.32457350033398,17.34270808471495,-1.050896706934307
0.960960960960961,16.665665426753115,82.30353452722218,17.34270808471495,-1.251096907134507
0.980980980980981,17.01286678981047,82.27848754209437,17.34270808471495,-1.4512971073347072
1.001001001001001,17.360068152867825,82.24943254495054,17.34270808471495,-1.6514973075349073
1.021021021021021,17.70726951592518,82.21636953579068,17.34270808471495,-1.8516975077351074
1.0410410410410411,18.054470878982535,82.1792985146148,17.34270808471495,-2.0518977079353076
1.0610610610610611,18.40167224203989,82.13821948142291,17.34270808471495,-2.2520979081355077
1.0810810810810811,18.748873605097245,82.09313243621499,17.34270808471495,-2.452298108335708
1.1011011011011012,19.0960749681546,82.04403737899105,17.34270808471495,-2.652498308535908
1.1211211211211212,19.443276331211955,81.9909343097511,17.34270808471495,-2.852698508736108
1.1411411411411412,19.79047769426931,81.93382322849511,17.34270808471495,-3.052898708936308
1.1611611611611612,20.137679057326665,81.87270413522312,17.34270808471495,-3.2530989091365083
1.1811811811811812,20.48488042038402,81.8075770299351,17.34270808471495,-3.4532991093367085
1.2012012012012012,20.832081783441375,81.73844191263106,17.34270808471495,-3.6534993095369086
1.2212212212212212,21.17928314649873,81.665298783311,17.34270808471495,-3.8536995097371087
1.2412412412412412,21.526484509556084,81.58814764197493,17.34270808471495,-4.053899709937309
1.2612612612612613,21.87368587261344,81.50698848862282,17.34270808471495,-4.254099910137509
1.2812812812812813,22.220887235670794,81.4218213232547,17.34270808471495,-4.45430011033771
1.3013013013013013,22.56808859872815,81.33264614587057,17.34270808471495,-4.65450031053791
1.3213213213213213,22.915289961785504,81.2394629564704,17.34270808471495,-4.85470051073811
1.3413413413413413,23.26249132484286,81.14227175505422,17.34270808471495,-5.05490071093831
1.3613613613613615,23.609692687900214,81.04107254162203,17.34270808471495,-5.25510091113851
1.3813813813813813,23.95689405095757,80.9358653161738,17.34270808471495,-5.45530111133871
1.4014014014014013,24.304095414014924,80.82665007870956,17.34270808471495,-5.65550131153891
1.4214214214214214,24.65129677707228,80.7134268292293,17.34270808471495,-5.8557015117391105
1.4414414414414414,24.998498140129634,80.59619556773303,17.34270808471495,-6.055901711939311
1.4614614614614616,25.34569950318699,80.47495629422073,17.34270808471495,-6.256101912139511
1.4814814814814814,25.692900866244344,80.34970900869241,17.34270808471495,-6.456302112339711
1.5015015015015014,26.0401022293017,80.22045371114808,17.34270808471495,-6.656502312539911
1.5215215215215216,26.387303592359054,80.08719040158772,17.34270808471495,-6.856702512740111
1.5415415415415414,26.73450495541641,79.94991908001134,17.34270808471495,-7.056902712940311
1.5615615615615617,27.081706318473763,79.80863974641895,17.34270808471495,-7.257102913140511
1.5815815815815815,27.42890768153112,79.66335240081052,17.34270808471495,-7.4573031133407115
1.6016016016016015,27.776109044588473,79.51405704318609,17.34270808471495,-7.657503313540912
1.6216216216216217,28.12331040764583,79.36075367354563,17.34270808471495,-7.857703513741112
1.6416416416416415,28.470511770703183,79.20344229188915,17.34270808471495,-8.057903713941313
1.6616616616616617,28.817713133760538,79.04212289821665,17.34270808471495,-8.258103914141513
1.6816816816816818,29.164914496817893,78.87679549252813,17.34270808471495,-8.458304114341713
1.7017017017017015,29.512115859875248,78.70746007482359,17.34270808471495,-8.658504314541913
1.7217217217217218,29.859317222932603,78.53411664510303,17.34270808471495,-8.858704514742113
1.7417417417417416,30.206518585989958,78.35676520336645,17.34270808471495,-9.058904714942313
1.7617617617617618,30.553719949047313,78.17540574961384,17.34270808471495,-9.259104915142514
1.7817817817817818,30.900921312104668,77.99003828384522,17.34270808471495,-9.459305115342714
1.8018018018018016,31.248122675162023,77.80066280606059,17.34270808471495,-9.659505315542914
1.8218218218218218,31.595324038219378,77.60727931625993,17.34270808471495,-9.859705515743114
1.841841841841842,31.942525401276733,77.40988781444325,17.34270808471495,-10.059905715943314
1.8618618618618619,32.28972676433409,77.20848830061055,17.34270808471495,-10.260105916143514
1.8818818818818819,32.63692812739145,77.00308077476184,17.34270808471495,-10.460306116343714
1.9019019019019017,32.98412949044881,76.7936652368971,17.34270808471495,-10.660506316543914
1.921921921921922,33.33133085350617,76.58024168701634,17.34270808471495,-10.860706516744115
1.9419419419419421,33.678532216563525,76.36281012511957,17.34270808471495,-11.060906716944315
1.961961961961962,34.02573357962088,76.14137055120676,17.34270808471495,-11.261106917144515
1.981981981981982,34.37293494267824,75.91592296527794,17.34270808471495,-11.461307117344715
2.002002002002002,34.7201363057356,75.68646736733311,17.34270808471495,-11.661507317544915
2.022022022022022,35.06733766879296,75.45300375737224,17.34270808471495,-11.861707517745115
2.042042042042042,35.41453903185032,75.21553213539536,17.34270808471495,-12.061907717945315
2.0620620620620618,35.761740394907676,74.97405250140247,17.34270808471495,-12.262107918145515
2.0820820820820822,36.108941757965034,74.72856485539354,17.34270808471495,-12.462308118345716
2.1021021021021022,36.45614312102239,74.4790691973686,17.34270808471495,-12.662508318545916
2.1221221221221223,36.80334448407975,74.22556552732765,17.34270808471495,-12.862708518746116
2.1421421421421423,37.15054584713711,73.96805384527066,17.34270808471495,-13.062908718946316
2.1621621621621623,37.49774721019447,73.70653415119766,17.34270808471495,-13.263108919146516
2.1821821821821823,37.84494857325183,73.44100644510864,17.34270808471495,-13.463309119346716
2.2022022022022023,38.192149936309185,73.17147072700361,17.34270808471495,-13.663509319546916
2.2222222222222223,38.539351299366544,72.89792699688255,17.34270808471495,-13.863709519747117
2.2422422422422423,38.8865526624239,72.62037525474547,17.34270808471495,-14.063909719947317
2.2622622622622623,39.23375402548126,72.33881550059237,17.34270808471495,-14.264109920147517
2.2822822822822824,39.58095538853862,72.05324773442325,17.34270808471495,-14.464310120347717
2.3023023023023024,39.92815675159598,71.76367195623811,17.34270808471495,-14.664510320547917
2.3223223223223224,40.275358114653336,71.47008816603696,17.34270808471495,-14.864710520748117
2.3423423423423424,40.622559477710695,71.17249636381977,17.34270808471495,-15.064910720948317
2.3623623623623624,40.96976084076805,70.87089654958658,17.34270808471495,-15.265110921148517
2.3823823823823824,41.31696220382541,70.56528872333736,17.34270808471495,-15.465311121348718
2.4024024024024024,41.66416356688277,70.25567288507212,17.34270808471495,-15.665511321548918
2.4224224224224224,42.01136492994013,69.94204903479086,17.34270808471495,-15.865711521749118
2.4424424424424425,42.35856629299749,69.62441717249358,17.34270808471495,-16.06591172194932
2.4624624624624625,42.705767656054846,69.30277729818027,17.34270808471495,-16.26611192214952
2.4824824824824825,43.052969019112204,68.97712941185095,17.34270808471495,-16.46631212234972
2.5025025025025025,43.40017038216956,68.64747351350562,17.34270808471495,-16.66651232254992
2.5225225225225225,43.74737174522692,68.31380960314425,17.34270808471495,-16.86671252275012
2.5425425425425425,44.09457310828428,67.97613768076687,17.34270808471495,-17.06691272295032
2.5625625625625625,44.44177447134164,67.63445774637347,17.34270808471495,-17.26711292315052
2.5825825825825826,44.788975834399,67.28876979996406,17.34270808471495,-17.46731312335072
2.6026026026026026,45.136177197456355,66.93907384153862,17.34270808471495,-17.66751332355092
2.6226226226226226,45.483378560513714,66.58536987109716,17.34270808471495,-17.86771352375112
2.6426426426426426,45.83057992357107,66.22765788863968,17.34270808471495,-18.06791372395132
2.6626626626626626,46.17778128662843,65.86593789416618,17.34270808471495,-18.26811392415152
2.6826826826826826,46.52498264968579,65.50020988767666,17.34270808471495,-18.46831412435172
2.7027027027027026,46.87218401274315,65.13047386917113,17.34270808471495,-18.66851432455192
2.722722722722723,47.219385375800506,64.75672983864956,17.34270808471495,-18.86871452475212
2.7427427427427427,47.566586738857865,64.37897779611198,17.34270808471495,-19.06891472495232
2.7627627627627627,47.91378810191522,63.99721774155838,17.34270808471495,-19.269114925152522
2.7827827827827827,48.26098946497258,63.61144967498876,17.34270808471495,-19.469315125352722
2.8028028028028027,48.60819082802994,63.22167359640312,17.34270808471495,-19.669515325552922
2.822822822822823,48.9553921910873,62.82788950580146,17.34270808471495,-19.869715525753122
2.8428428428428427,49.30259355414466,62.43009740318378,17.34270808471495,-20.069915725953322
2.8628628628628627,49.649794917202016,62.02829728855008,17.34270808471495,-20.270115926153522
2.8828828828828827,49.996996280259374,61.62248916190036,17.34270808471495,-20.470316126353723
2.9029029029029028,50.34419764331673,61.21267302323462,17.34270808471495,-20.670516326553923
2.922922922922923,50.69139900637409,60.79884887255286,17.34270808471495,-20.870716526754123
2.942942942942943,51.03860036943145,60.38101670985508,17.34270808471495,-21.070916726954323
2.962962962962963,51.38580173248881,59.95917653514128,17.34270808471495,-21.271116927154523
2.982982982982983,51.73300309554617,59.53332834841146,17.34270808471495,-21.471317127354723
3.003003003003003,52.080204458603525,59.10347214966562,17.34270808471495,-21.671517327554923
3.0230230230230233,52.427405821660884,58.66960793890376,17.34270808471495,-21.871717527755123
3.0430430430430433,52.77460718471824,58.231735716125876,17.34270808471495,-22.071917727955324
3.063063063063063,53.1218085477756,57.789855481331976,17.34270808471495,-22.272117928155524
3.083083083083083,53.46900991083296,57.343967234522054,17.34270808471495,-22.472318128355724
3.103103103103103,53.81621127389032,56.89407097569612,17.34270808471495,-22.672518328555924
3.1231231231231233,54.163412636947676,56.44016670485416,17.34270808471495,-22.872718528756124
3.1431431431431434,54.510614000005035,55.982254421996174,17.34270808471495,-23.072918728956324
3.163163163163163,54.85781536306239,55.520334127122176,17.34270808471495,-23.273118929156524
3.183183183183183,55.20501672611975,55.054405820232155,17.34270808471495,-23.473319129356724
3.203203203203203,55.55221808917711,54.58446950132611,17.34270808471495,-23.673519329556925
3.2232232232232234,55.89941945223447,54.11052517040405,17.34270808471495,-23.873719529757125
3.2432432432432434,56.24662081529183,53.63257282746597,17.34270808471495,-24.073919729957325
3.263263263263263,56.593822178349185,53.150612472511874,17.34270808471495,-24.274119930157525
3.283283283283283,56.941023541406544,52.664644105541754,17.34270808471495,-24.474320130357725
3.303303303303303,57.2882249044639,52.17466772655561,17.34270808471495,-24.674520330557925
3.3233233233233235,57.63542626752126,51.680683335553454,17.34270808471495,-24.874720530758125
3.3433433433433435,57.98262763057862,51.18269093253527,17.34270808471495,-25.074920730958326
3.3633633633633635,58.32982899363598,50.68069051750107,17.34270808471495,-25.275120931158526
3.383383383383383,58.677030356693336,50.17468209045085,17.34270808471495,-25.475321131358726
3.403403403403403,59.024231719750695,49.66466565138461,17.34270808471495,-25.675521331558926
3.4234234234234235,59.37143308280805,49.150641200302346,17.34270808471495,-25.875721531759126
3.4434434434434436,59.71863444586541,48.632608737204066,17.34270808471495,-26.075921731959326
3.4634634634634636,60.06583580892277,48.110568262089764,17.34270808471495,-26.276121932159526
3.483483483483483,60.41303717198013,47.584519774959446,17.34270808471495,-26.476322132359726
3.503503503503503,60.76023853503749,47.054463275813106,17.34270808471495,-26.676522332559927
3.5235235235235236,61.107439898094846,46.52039876465074,17.34270808471495,-26.876722532760127
3.5435435435435436,61.454641261152204,45.982326241472364,17.34270808471495,-27.076922732960327
3.5635635635635636,61.80184262420956,45.44024570627796,17.34270808471495,-27.277122933160527
3.583583583583583,62.14904398726692,44.89415715906754,17.34270808471495,-27.477323133360727
3.603603603603603,62.49624535032428,44.3440605998411,17.34270808471495,-27.677523333560927
3.6236236236236237,62.84344671338164,43.78995602859864,17.34270808471495,-27.877723533761127
3.6436436436436437,63.190648076439,43.23184344534016,17.34270808471495,-28.077923733961327
3.6636636636636637,63.537849439496355,42.66972285006566,17.34270808471495,-28.278123934161528
3.683683683683684,63.885050802553714,42.10359424277514,17.34270808471495,-28.478324134361728
3.7037037037037033,64.23225216561107,41.5334576234686,17.34270808471495,-28.678524334561928
3.7237237237237237,64.57945352866842,40.95931299214604,17.34270808471495,-28.878724534762128
3.7437437437437437,64.92665489172578,40.381160348807455,17.34270808471495,-29.078924734962328
3.7637637637637638,65.27385625478313,39.798999693452856,17.34270808471495,-29.27912493516253
3.783783783783784,65.62105761784048,39.212831026082235,17.34270808471495,-29.47932513536273
3.8038038038038033,65.96825898089783,38.62265434669559,17.34270808471495,-29.67952533556293
3.823823823823824,66.31546034395518,38.02846965529293,17.34270808471495,-29.87972553576313
3.843843843843844,66.66266170701253,37.43027695187425,17.34270808471495,-30.07992573596333
3.863863863863864,67.00986307006988,36.82807623643955,17.34270808471495,-30.28012593616353
3.8838838838838843,67.35706443312723,36.22186750898883,17.34270808471495,-30.48032613636373
3.9039039039039034,67.70426579618459,35.611650769522086,17.34270808471495,-30.68052633656393
3.923923923923924,68.05146715924194,34.99742601803933,17.34270808471495,-30.88072653676413
3.943943943943944,68.39866852229929,34.379193254540546,17.34270808471495,-31.08092673696433
3.963963963963964,68.74586988535664,33.75695247902574,17.34270808471495,-31.28112693716453
3.9839839839839843,69.09307124841399,33.13070369149492,17.34270808471495,-31.48132713736473
4.004004004004004,69.44027261147134,32.50044689194808,17.34270808471495,-31.68152733756493
4.0240240240240235,69.7874739745287,31.86618208038522,17.34270808471495,-31.88172753776513
4.044044044044044,70.13467533758605,31.22790925680634,17.34270808471495,-32.08192773796533
4.064064064064064,70.4818767006434,30.585628421211435,17.34270808471495,-32.28212793816553
4.084084084084084,70.82907806370075,29.939339573600513,17.34270808471495,-32.48232813836573
4.104104104104104,71.1762794267581,29.289042713973572,17.34270808471495,-32.68252833856593
4.1241241241241235,71.52348078981545,28.634737842330612,17.34270808471495,-32.88272853876613
4.1441441441441444,71.8706821528728,27.97642495867163,17.34270808471495,-33.08292873896633
4.1641641641641645,72.21788351593015,27.314104062996627,17.34270808471495,-33.28312893916653
4.1841841841841845,72.5650848789875,26.647775155305606,17.34270808471495,-33.48332913936673
4.2042042042042045,72.91228624204486,25.977438235598566,17.34270808471495,-33.68352933956693
4.2242242242242245,73.25948760510221,25.303093303875503,17.34270808471495,-33.88372953976713
4.2442442442442445,73.60668896815956,24.62474036013642,17.34270808471495,-34.08392973996733
4.2642642642642645,73.95389033121691,23.94237940438132,17.34270808471495,-34.28412994016753
4.2842842842842845,74.30109169427426,23.256010436610197,17.34270808471495,-34.48433014036773
4.3043043043043046,74.64829305733161,22.565633456823054,17.34270808471495,-34.68453034056793
4.324324324324325,74.99549442038897,21.871248465019892,17.34270808471495,-34.88473054076813
4.344344344344345,75.34269578344632,21.17285546120071,17.34270808471495,-35.08493074096833
4.364364364364365,75.68989714650367,20.470454445365508,17.34270808471495,-35.28513094116853
4.384384384384385,76.03709850956102,19.764045417514286,17.34270808471495,-35.48533114136873
4.404404404404405,76.38429987261837,19.053628377647044,17.34270808471495,-35.68553134156893
4.424424424424425,76.73150123567572,18.339203325763783,17.34270808471495,-35.88573154176913
4.444444444444445,77.07870259873307,17.6207702618645,17.34270808471495,-36.08593174196933
4.464464464464465,77.42590396179043,16.898329185949198,17.34270808471495,-36.28613194216953
4.484484484484485,77.77310532484778,16.171880098017876,17.34270808471495,-36.48633214236973
4.504504504504505,78.12030668790513,15.441422998070534,17.34270808471495,-36.68653234256993
4.524524524524525,78.46750805096248,14.706957886107173,17.34270808471495,-36.88673254277013
4.544544544544545,78.81470941401983,13.96848476212779,17.34270808471495,-37.08693274297033
4.564564564564565,79.16191077707718,13.226003626132389,17.34270808471495,-37.28713294317053
4.584584584584585,79.50911214013453,12.479514478120967,17.34270808471495,-37.48733314337073
4.604604604604605,79.85631350319188,11.729017318093526,17.34270808471495,-37.687533343570934
4.624624624624625,80.20351486624924,10.974512146050063,17.34270808471495,-37.887733543771134
4.644644644644645,80.55071622930659,10.21599896199058,17.34270808471495,-38.087933743971334
4.664664664664665,80.89791759236394,9.453477765915078,17.34270808471495,-38.288133944171534
4.684684684684685,81.24511895542129,8.686948557823555,17.34270808471495,-38.488334144371734
4.704704704704705,81.59232031847864,7.9164113377160135,17.34270808471495,-38.688534344571934
4.724724724724725,81.939521681536,7.1418661055924515,17.34270808471495,-38.888734544772134
4.744744744744745,82.28672304459334,6.36331286145287,17.34270808471495,-39.088934744972335
4.764764764764765,82.6339244076507,5.580751605297268,17.34270808471495,-39.289134945172535
4.784784784784785,82.98112577070805,4.794182337125646,17.34270808471495,-39.489335145372735
4.804804804804805,83.3283271337654,4.003605056938003,17.34270808471495,-39.689535345572935
4.824824824824825,83.67552849682275,3.209019764734341,17.34270808471495,-39.889735545773135
4.844844844844845,84.0227298598801,2.4104264605146586,17.34270808471495,-40.089935745973335
4.864864864864865,84.36993122293745,1.6078251442789562,17.34270808471495,-40.290135946173535
4.884884884884885,84.7171325859948,0.8012158160272338,17.34270808471495,-40.490336146373735
4.904904904904905,85.06433394905216,-0.009401524240508663,17.34270808471495,-40.690536346573936
4.924924924924925,85.4115353121095,-0.8240268765242711,17.34270808471495,-40.890736546774136
4.944944944944945,85.75873667516686,-1.6426602408240536,17.34270808471495,-41.090936746974336
4.964964964964965,86.10593803822421,-2.465301617139856,17.34270808471495,-41.291136947174536
4.984984984984985,86.45313940128156,-3.2919510054716783,17.34270808471495,-41.491337147374736
5.005005005005005,86.80034076433891,-4.122608405819521,17.34270808471495,-41.691537347574936
5.025025025025025,87.14754212739626,-4.957273818183383,17.34270808471495,-41.891737547775136
5.045045045045045,87.49474349045362,-5.795947242563265,17.34270808471495,-42.09193774797534
5.065065065065065,87.84194485351097,-6.638628678959168,17.34270808471495,-42.29213794817554
5.085085085085085,88.18914621656832,-7.48531812737109,17.34270808471495,-42.49233814837574
5.105105105105105,88.53634757962567,-8.336015587799032,17.34270808471495,-42.69253834857594
5.125125125125125,88.88354894268302,-9.190721060242995,17.34270808471495,-42.89273854877614
5.145145145145145,89.23075030574037,-10.049434544702978,17.34270808471495,-43.09293874897634
5.165165165165165,89.57795166879772,-10.91215604117898,17.34270808471495,-43.29313894917654
5.185185185185185,89.92515303185507,-11.778885549671003,17.34270808471495,-43.49333914937674
5.205205205205205,90.27235439491243,-12.649623070179045,17.34270808471495,-43.69353934957694
5.225225225225225,90.61955575796978,-13.524368602703108,17.34270808471495,-43.89373954977714
5.245245245245245,90.96675712102713,-14.40312214724319,17.34270808471495,-44.09393974997734
5.265265265265265,91.31395848408448,-15.285883703799293,17.34270808471495,-44.29413995017754
5.285285285285285,91.66115984714183,-16.172653272371416,17.34270808471495,-44.49434015037774
5.305305305305305,92.00836121019918,-17.06343085295956,17.34270808471495,-44.69454035057794
5.325325325325325,92.35556257325653,-17.95821644556372,17.34270808471495,-44.89474055077814
5.345345345345346,92.70276393631389,-18.857010050183906,17.34270808471495,-45.09494075097834
5.365365365365365,93.04996529937124,-19.75981166682011,17.34270808471495,-45.29514095117854
5.385385385385385,93.39716666242859,-20.666621295472332,17.34270808471495,-45.49534115137874
5.405405405405405,93.74436802548594,-21.577438936140574,17.34270808471495,-45.69554135157894
5.425425425425425,94.09156938854329,-22.49226458882484,17.34270808471495,-45.89574155177914
5.445445445445446,94.43877075160064,-23.41109825352512,17.34270808471495,-46.09594175197934
5.465465465465465,94.785972114658,-24.333939930241424,17.34270808471495,-46.29614195217954
5.485485485485485,95.13317347771535,-25.260789618973746,17.34270808471495,-46.49634215237974
5.505505505505505,95.4803748407727,-26.19164731972209,17.34270808471495,-46.69654235257994
5.525525525525525,95.82757620383005,-27.126513032486454,17.34270808471495,-46.89674255278014
5.545545545545546,96.1747775668874,-28.065386757266836,17.34270808471495,-47.09694275298034
5.565565565565565,96.52197892994475,-29.008268494063238,17.34270808471495,-47.29714295318054
5.585585585585585,96.8691802930021,-29.95515824287566,17.34270808471495,-47.49734315338074
5.605605605605605,97.21638165605945,-30.906056003704105,17.34270808471495,-47.69754335358094
5.625625625625625,97.5635830191168,-31.860961776548567,17.34270808471495,-47.89774355378114
5.645645645645646,97.91078438217416,-32.81987556140905,17.34270808471495,-48.09794375398134
5.665665665665665,98.25798574523151,-33.78279735828555,17.34270808471495,-48.29814395418154
5.685685685685685,98.60518710828886,-34.74972716717807,17.34270808471495,-48.49834415438174
5.7057057057057055,98.95238847134621,-35.72066498808662,17.34270808471495,-48.69854435458194
5.7257257257257255,99.29958983440356,-36.69561082101118,17.34270808471495,-48.89874455478214
5.745745745745746,99.64679119746091,-37.67456466595176,17.34270808471495,-49.09894475498234
5.7657657657657655,99.99399256051827,-38.65752652290837,17.34270808471495,-49.29914495518254
5.7857857857857855,100.34119392357562,-39.64449639188099,17.34270808471495,-49.49934515538274
5.8058058058058055,100.68839528663297,-40.63547427286964,17.34270808471495,-49.69954535558294
5.8258258258258255,101.03559664969032,-41.6304601658743,17.34270808471495,-49.89974555578314
5.845845845845846,101.38279801274767,-42.62945407089498,17.34270808471495,-50.09994575598334
5.865865865865866,101.72999937580502,-43.632455987931685,17.34270808471495,-50.30014595618354
5.885885885885886,102.07720073886237,-44.639465916984406,17.34270808471495,-50.50034615638374
5.905905905905906,102.42440210191972,-45.65048385805315,17.34270808471495,-50.70054635658394
5.925925925925926,102.77160346497708,-46.665509811137916,17.34270808471495,-50.90074655678414
5.9459459459459465,103.11880482803443,-47.6845437762387,17.34270808471495,-51.10094675698434
5.965965965965966,103.46600619109178,-48.7075857533555,17.34270808471495,-51.30114695718454
5.9859859859859865,103.81320755414913,-49.73463574248833,17.34270808471495,-51.50134715738474
6.006006006006006,104.16040891720648,-50.76569374363717,17.34270808471495,-51.70154735758494
6.026026026026026,104.50761028026383,-51.80075975680204,17.34270808471495,-51.90174755778514
6.046046046046047,104.85481164332118,-52.83983378198292,17.34270808471495,-52.10194775798534
6.066066066066066,105.20201300637854,-53.88291581917982,17.34270808471495,-52.30214795818554
6.086086086086087,105.54921436943589,-54.93000586839275,17.34270808471495,-52.50234815838574
6.106106106106106,105.89641573249324,-55.98110392962169,17.34270808471495,-52.70254835858594
6.126126126126126,106.24361709555059,-57.03621000286665,17.34270808471495,-52.90274855878614
6.146146146146147,106.59081845860794,-58.09532408812764,17.34270808471495,-53.102948758986344
6.166166166166166,106.93801982166529,-59.15844618540464,17.34270808471495,-53.303148959186544
6.186186186186187,107.28522118472264,-60.22557629469767,17.34270808471495,-53.503349159386744
6.206206206206206,107.63242254778,-61.29671441600671,17.34270808471495,-53.703549359586944
6.226226226226226,107.97962391083735,-62.37186054933177,17.34270808471495,-53.903749559787144
6.246246246246247,108.3268252738947,-63.45101469467286,17.34270808471495,-54.103949759987344
6.266266266266266,108.67402663695205,-64.53417685202996,17.34270808471495,-54.304149960187544
6.286286286286287,109.0212280000094,-65.62134702140308,17.34270808471495,-54.504350160387744
6.306306306306306,109.36842936306675,-66.71252520279222,17.34270808471495,-54.704550360587945
6.326326326326326,109.7156307261241,-67.80771139619739,17.34270808471495,-54.904750560788145
6.346346346346347,110.06283208918146,-68.90690560161858,17.34270808471495,-55.104950760988345
6.366366366366366,110.4100334522388,-70.01010781905578,17.34270808471495,-55.305150961188545
6.386386386386387,110.75723481529616,-71.117318048509,17.34270808471495,-55.505351161388745
6.406406406406406,111.10443617835351,-72.22853628997825,17.34270808471495,-55.705551361588945
6.426426426426426,111.45163754141086,-73.34376254346351,17.34270808471495,-55.905751561789145
6.446446446446447,111.79883890446821,-74.4629968089648,17.34270808471495,-56.105951761989346
6.466466466466466,112.14604026752556,-75.58623908648211,17.34270808471495,-56.306151962189546
6.486486486486487,112.49324163058292,-76.71348937601543,17.34270808471495,-56.506352162389746
6.506506506506506,112.84044299364027,-77.84474767756477,17.34270808471495,-56.706552362589946
6.526526526526526,113.18764435669762,-78.98001399113014,17.34270808471495,-56.906752562790146
6.546546546546547,113.53484571975497,-80.11928831671152,17.34270808471495,-57.106952762990346
6.566566566566566,113.88204708281232,-81.26257065430892,17.34270808471495,-57.307152963190546
6.586586586586587,114.22924844586967,-82.40986100392234,17.34270808471495,-57.507353163390746
6.606606606606606,114.57644980892702,-83.56115936555179,17.34270808471495,-57.70755336359095
6.626626626626627,114.92365117198437,-84.71646573919725,17.34270808471495,-57.90775356379115
6.646646646646647,115.27085253504173,-85.87578012485874,17.34270808471495,-58.10795376399135
6.666666666666666,115.61805389809908,-87.03910252253624,17.34270808471495,-58.30815396419155
6.686686686686687,115.96525526115643,-88.20643293222976,17.34270808471495,-58.50835416439175
6.706706706706706,116.31245662421378,-89.37777135393931,17.34270808471495,-58.70855436459195
6.726726726726727,116.65965798727113,-90.55311778766487,17.34270808471495,-58.90875456479215
6.746746746746747,117.00685935032848,-91.73247223340645,17.34270808471495,-59.10895476499235
6.766766766766766,117.35406071338583,-92.91583469116406,17.34270808471495,-59.30915496519255
6.786786786786787,117.70126207644319,-94.10320516093769,17.34270808471495,-59.50935516539275
6.806806806806806,118.04846343950054,-95.29458364272733,17.34270808471495,-59.70955536559295
6.826826826826827,118.39566480255789,-96.489970136533,17.34270808471495,-59.90975556579315
6.846846846846847,118.74286616561524,-97.68936464235469,17.34270808471495,-60.10995576599335
6.866866866866866,119.09006752867259,-98.89276716019239,17.34270808471495,-60.31015596619355
6.886886886886887,119.43726889172994,-100.10017769004611,17.34270808471495,-60.51035616639375
6.906906906906906,119.7844702547873,-101.31159623191586,17.34270808471495,-60.71055636659395
6.926926926926927,120.13167161784465,-102.52702278580162,17.34270808471495,-60.91075656679415
6.946946946946947,120.478872980902,-103.7464573517034,17.34270808471495,-61.11095676699435
6.966966966966966,120.82607434395935,-104.9698999296212,17.34270808471495,-61.31115696719455
6.986986986986987,121.1732757070167,-106.19735051955503,17.34270808471495,-61.51135716739475
7.007007007007006,121.52047707007405,-107.42880912150487,17.34270808471495,-61.71155736759495
7.027027027027027,121.8676784331314,-108.66427573547074,17.34270808471495,-61.91175756779515
7.047047047047047,122.21487979618875,-109.90375036145262,17.34270808471495,-62.11195776799535
7.067067067067066,122.5620811592461,-111.14723299945052,17.34270808471495,-62.31215796819555
7.087087087087087,122.90928252230346,-112.39472364946445,17.34270808471495,-62.51235816839575
7.107107107107106,123.25648388536081,-113.6462223114944,17.34270808471495,-62.71255836859595
7.127127127127127,123.60368524841816,-114.90172898554036,17.34270808471495,-62.91275856879615
7.147147147147147,123.95088661147551,-116.16124367160235,17.34270808471495,-63.11295876899635
7.167167167167166,124.29808797453286,-117.42476636968036,17.34270808471495,-63.31315896919655
7.187187187187187,124.64528933759021,-118.69229707977438,17.34270808471495,-63.51335916939675
7.207207207207206,124.99249070064756,-119.96383580188443,17.34270808471495,-63.71355936959695
7.227227227227227,125.33969206370492,-121.2393825360105,17.34270808471495,-63.91375956979715
7.247247247247247,125.68689342676227,-122.51893728215258,17.34270808471495,-64.11395976999735
7.267267267267268,126.03409478981962,-123.80250004031069,17.34270808471495,-64.31415997019755
7.287287287287287,126.38129615287697,-125.09007081048482,17.34270808471495,-64.51436017039775
7.3073073073073065,126.72849751593432,-126.38164959267496,17.34270808471495,-64.71456037059795
7.327327327327327,127.07569887899167,-127.67723638688112,17.34270808471495,-64.91476057079815
7.347347347347347,127.42290024204902,-128.9768311931033,17.34270808471495,-65.11496077099835
7.367367367367368,127.77010160510638,-130.2804340113415,17.34270808471495,-65.31516097119855
7.387387387387387,128.11730296816373,-131.58804484159572,17.34270808471495,-65.51536117139875
7.4074074074074066,128.4645043312211,-132.89966368386595,17.34270808471495,-65.71556137159895
7.4274274274274275,128.81170569427846,-134.21529053815223,17.34270808471495,-65.91576157179915
7.4474474474474475,129.15890705733582,-135.53492540445453,17.34270808471495,-66.11596177199935
7.467467467467468,129.5061084203932,-136.85856828277284,17.34270808471495,-66.31616197219955
7.4874874874874875,129.85330978345056,-138.18621917310716,17.34270808471495,-66.51636217239975
7.507507507507507,130.20051114650792,-139.5178780754575,17.34270808471495,-66.71656237259995
7.5275275275275275,130.5477125095653,-140.85354498982386,17.34270808471495,-66.91676257280015
7.5475475475475475,130.89491387262265,-142.19321991620623,17.34270808471495,-67.11696277300035
7.567567567567568,131.24211523568002,-143.53690285460465,17.34270808471495,-67.31716297320055
7.587587587587588,131.58931659873738,-144.88459380501908,17.34270808471495,-67.51736317340075
7.607607607607607,131.93651796179475,-146.23629276744953,17.34270808471495,-67.71756337360095
7.627627627627628,132.28371932485211,-147.591999741896,17.34270808471495,-67.91776357380115
7.647647647647648,132.63092068790948,-148.95171472835847,17.34270808471495,-68.11796377400135
7.6676676676676685,132.97812205096685,-150.31543772683696,17.34270808471495,-68.31816397420155
7.687687687687688,133.3253234140242,-151.6831687373315,17.34270808471495,-68.51836417440175
7.707707707707707,133.67252477708158,-153.05490775984205,17.34270808471495,-68.71856437460195
7.727727727727728,134.01972614013894,-154.43065479436862,17.34270808471495,-68.91876457480215
7.747747747747748,134.3669275031963,-155.8104098409112,17.34270808471495,-69.11896477500235
7.767767767767769,134.71412886625367,-157.1941728994698,17.34270808471495,-69.31916497520255
7.787787787787788,135.06133022931104,-158.58194397004442,17.34270808471495,-69.51936517540275
7.807807807807807,135.4085315923684,-159.97372305263508,17.34270808471495,-69.71956537560295
7.827827827827828,135.75573295542577,-161.36951014724175,17.34270808471495,-69.91976557580315
7.847847847847848,136.10293431848314,-162.76930525386445,17.34270808471495,-70.11996577600335
7.867867867867869,136.4501356815405,-164.17310837250315,17.34270808471495,-70.32016597620355
7.887887887887888,136.79733704459787,-165.58091950315787,17.34270808471495,-70.52036617640375
7.907907907907909,137.14453840765523,-166.9927386458286,17.34270808471495,-70.72056637660395
7.927927927927928,137.4917397707126,-168.40856580051536,17.34270808471495,-70.92076657680416
7.947947947947948,137.83894113376996,-169.82840096721816,17.34270808471495,-71.12096677700436
7.967967967967969,138.18614249682733,-171.25224414593697,17.34270808471495,-71.32116697720456
7.987987987987988,138.5333438598847,-172.6800953366718,17.34270808471495,-71.52136717740476
8.008008008008009,138.88054522294206,-174.11195453942264,17.34270808471495,-71.72156737760496
8.028028028028029,139.22774658599943,-175.5478217541895,17.34270808471495,-71.92176757780516
8.048048048048047,139.5749479490568,-176.98769698097237,17.34270808471495,-72.12196777800536
8.068068068068069,139.92214931211416,-178.4315802197713,17.34270808471495,-72.32216797820556
8.088088088088089,140.26935067517152,-179.87947147058622,17.34270808471495,-72.52236817840576
8.108108108108109,140.6165520382289,-181.33137073341717,17.34270808471495,-72.72256837860596
8.128128128128129,140.96375340128625,-182.78727800826414,17.34270808471495,-72.92276857880616
8.148148148148147,141.31095476434362,-184.24719329512712,17.34270808471495,-73.12296877900636
8.168168168168169,141.65815612740099,-185.7111165940061,17.34270808471495,-73.32316897920656
8.188188188188189,142.00535749045835,-187.17904790490115,17.34270808471495,-73.52336917940676
8.208208208208209,142.35255885351572,-188.6509872278122,17.34270808471495,-73.72356937960696
8.228228228228229,142.69976021657308,-190.12693456273928,17.34270808471495,-73.92376957980716
8.248248248248247,143.04696157963045,-191.60688990968237,17.34270808471495,-74.12396978000736
8.268268268268269,143.3941629426878,-193.09085326864147,17.34270808471495,-74.32416998020756
8.288288288288289,143.74136430574518,-194.57882463961658,17.34270808471495,-74.52437018040776
8.308308308308309,144.08856566880254,-196.07080402260772,17.34270808471495,-74.72457038060796
8.328328328328329,144.4357670318599,-197.5667914176149,17.34270808471495,-74.92477058080816
8.348348348348347,144.78296839491728,-199.0667868246381,17.34270808471495,-75.12497078100836
8.368368368368369,145.13016975797464,-200.5707902436773,17.34270808471495,-75.32517098120856
8.388388388388389,145.477371121032,-202.07880167473252,17.34270808471495,-75.52537118140876
8.408408408408409,145.82457248408937,-203.59082111780376,17.34270808471495,-75.72557138160896
8.428428428428429,146.17177384714674,-205.106848572891,17.34270808471495,-75.92577158180916
8.448448448448449,146.5189752102041,-206.6268840399943,17.34270808471495,-76.12597178200936
8.468468468468469,146.86617657326147,-208.15092751911362,17.34270808471495,-76.32617198220956
8.488488488488489,147.21337793631884,-209.67897901024895,17.34270808471495,-76.52637218240976
8.508508508508509,147.5605792993762,-211.2110385134003,17.34270808471495,-76.72657238260996
8.528528528528529,147.90778066243357,-212.74710602856766,17.34270808471495,-76.92677258281016
8.548548548548549,148.25498202549093,-214.28718155575103,17.34270808471495,-77.12697278301036
8.568568568568569,148.6021833885483,-215.83126509495045,17.34270808471495,-77.32717298321056
8.588588588588589,148.94938475160566,-217.3793566461659,17.34270808471495,-77.52737318341076
8.608608608608609,149.29658611466303,-218.93145620939734,17.34270808471495,-77.72757338361096
8.62862862862863,149.6437874777204,-220.4875637846448,17.34270808471495,-77.92777358381116
8.64864864864865,149.99098884077776,-222.0476793719083,17.34270808471495,-78.12797378401136
8.66866866866867,150.33819020383513,-223.61180297118779,17.34270808471495,-78.32817398421156
8.68868868868869,150.6853915668925,-225.1799345824833,17.34270808471495,-78.52837418441176
8.70870870870871,151.03259292994986,-226.75207420579486,17.34270808471495,-78.72857438461196
8.72872872872873,151.37979429300722,-228.32822184112243,17.34270808471495,-78.92877458481216
8.74874874874875,151.7269956560646,-229.90837748846602,17.34270808471495,-79.12897478501236
8.76876876876877,152.07419701912195,-231.49254114782562,17.34270808471495,-79.32917498521256
8.78878878878879,152.42139838217932,-233.08071281920124,17.34270808471495,-79.52937518541276
8.80880880880881,152.76859974523668,-234.67289250259287,17.34270808471495,-79.72957538561296
8.82882882882883,153.11580110829405,-236.26908019800055,17.34270808471495,-79.92977558581316
8.84884884884885,153.46300247135142,-237.86927590542425,17.34270808471495,-80.12997578601336
8.86886886886887,153.81020383440878,-239.47347962486396,17.34270808471495,-80.33017598621356
8.88888888888889,154.15740519746615,-241.08169135631968,17.34270808471495,-80.53037618641376
8.90890890890891,154.5046065605235,-242.69391109979142,17.34270808471495,-80.73057638661396
8.92892892892893,154.85180792358088,-244.31013885527918,17.34270808471495,-80.93077658681416
8.94894894894895,155.19900928663824,-245.93037462278298,17.34270808471495,-81.13097678701436
8.96896896896897,155.5462106496956,-247.5546184023028,17.34270808471495,-81.33117698721456
8.98898898898899,155.89341201275298,-249.18287019383862,17.34270808471495,-81.53137718741476
9.00900900900901,156.24061337581034,-250.81512999739047,17.34270808471495,-81.73157738761496
9.02902902902903,156.5878147388677,-252.45139781295833,17.34270808471495,-81.93177758781516
9.04904904904905,156.93501610192507,-254.0916736405422,17.34270808471495,-82.13197778801536
9.06906906906907,157.28221746498244,-255.7359574801421,17.34270808471495,-82.33217798821556
9.08908908908909,157.6294188280398,-257.38424933175804,17.34270808471495,-82.53237818841576
9.10910910910911,157.97662019109717,-259.03654919538997,17.34270808471495,-82.73257838861596
9.12912912912913,158.32382155415453,-260.6928570710379,17.34270808471495,-82.93277858881616
9.14914914914915,158.6710229172119,-262.3531729587019,17.34270808471495,-83.13297878901636
9.16916916916917,159.01822428026927,-264.01749685838195,17.34270808471495,-83.33317898921656
9.18918918918919,159.36542564332663,-265.685828770078,17.34270808471495,-83.53337918941676
9.20920920920921,159.712627006384,-267.35816869379005,17.34270808471495,-83.73357938961696
9.22922922922923,160.05982836944136,-269.0345166295181,17.34270808471495,-83.93377958981716
9.24924924924925,160.40702973249873,-270.7148725772622,17.34270808471495,-84.13397979001736
9.26926926926927,160.7542310955561,-272.3992365370223,17.34270808471495,-84.33417999021756
9.28928928928929,161.10143245861346,-274.08760850879844,17.34270808471495,-84.53438019041776
9.30930930930931,161.44863382167082,-275.7799884925906,17.34270808471495,-84.73458039061796
9.32932932932933,161.7958351847282,-277.4763764883987,17.34270808471495,-84.93478059081816
9.34934934934935,162.14303654778556,-279.1767724962229,17.34270808471495,-85.13498079101836
9.36936936936937,162.49023791084292,-280.8811765160631,17.34270808471495,-85.33518099121856
9.38938938938939,162.8374392739003,-282.58958854791933,17.34270808471495,-85.53538119141876
9.40940940940941,163.18464063695765,-284.3020085917916,17.34270808471495,-85.73558139161896
9.42942942942943,163.53184200001502,-286.0184366476799,17.34270808471495,-85.93578159181916
9.44944944944945,163.87904336307238,-287.7388727155842,17.34270808471495,-86.13598179201936
9.46946946946947,164.22624472612975,-289.4633167955045,17.34270808471495,-86.33618199221957
9.48948948948949,164.57344608918712,-291.19176888744084,17.34270808471495,-86.53638219241977
9.50950950950951,164.92064745224448,-292.9242289913932,17.34270808471495,-86.73658239261997
9.52952952952953,165.26784881530185,-294.66069710736156,17.34270808471495,-86.93678259282017
9.54954954954955,165.6150501783592,-296.40117323534594,17.34270808471495,-87.13698279302037
9.56956956956957,165.96225154141658,-298.14565737534633,17.34270808471495,-87.33718299322057
9.58958958958959,166.30945290447394,-299.89414952736274,17.34270808471495,-87.53738319342077
9.60960960960961,166.6566542675313,-301.64664969139517,17.34270808471495,-87.73758339362097
9.62962962962963,167.00385563058867,-303.4031578674436,17.34270808471495,-87.93778359382117
9.64964964964965,167.35105699364604,-305.1636740555081,17.34270808471495,-88.13798379402137
9.66966966966967,167.6982583567034,-306.92819825558865,17.34270808471495,-88.33818399422157
9.68968968968969,168.04545971976077,-308.6967304676852,17.34270808471495,-88.53838419442177
9.70970970970971,168.39266108281814,-310.46927069179776,17.34270808471495,-88.73858439462197
9.72972972972973,168.7398624458755,-312.24581892792634,17.34270808471495,-88.93878459482217
9.74974974974975,169.08706380893287,-314.0263751760709,17.34270808471495,-89.13898479502237
9.76976976976977,169.43426517199023,-315.81093943623154,17.34270808471495,-89.33918499522257
9.78978978978979,169.7814665350476,-317.59951170840816,17.34270808471495,-89.53938519542277
9.80980980980981,170.12866789810496,-319.3920919926008,17.34270808471495,-89.73958539562297
9.82982982982983,170.47586926116233,-321.18868028880945,17.34270808471495,-89.93978559582317
9.84984984984985,170.8230706242197,-322.9892765970341,17.34270808471495,-90.13998579602337
9.86986986986987,171.17027198727706,-324.7938809172748,17.34270808471495,-90.34018599622357
9.88988988988989,171.51747335033443,-326.6024932495315,17.34270808471495,-90.54038619642377
9.90990990990991,171.8646747133918,-328.4151135938043,17.34270808471495,-90.74058639662397
9.92992992992993,172.21187607644916,-330.23174195009307,17.34270808471495,-90.94078659682417
9.94994994994995,172.55907743950652,-332.05237831839787,17.34270808471495,-91.14098679702437
9.96996996996997,172.9062788025639,-333.8770226987187,17.34270808471495,-91.34118699722457
9.98998998998999,173.25348016562126,-335.7056750910555,17.34270808471495,-91.54138719742477
10.01001001001001,173.60068152867862,-337.5383354954084,17.34270808471495,-91.74158739762497
10.03003003003003,173.947882891736,-339.37500391177724,17.34270808471495,-91.94178759782517
10.05005005005005,174.29508425479335,-341.2156803401621,17.34270808471495,-92.14198779802537
10.07007007007007,174.64228561785072,-343.060364780563,17.34270808471495,-92.34218799822557
10.09009009009009,174.98948698090808,-344.90905723297993,17.34270808471495,-92.54238819842577
10.11011011011011,175.33668834396545,-346.76175769741286,17.34270808471495,-92.74258839862597
10.13013013013013,175.68388970702281,-348.6184661738618,17.34270808471495,-92.94278859882617
10.15015015015015,176.03109107008018,-350.4791826623268,17.34270808471495,-93.14298879902637
10.17017017017017,176.37829243313755,-352.34390716280785,17.34270808471495,-93.34318899922657
10.19019019019019,176.7254937961949,-354.2126396753049,17.34270808471495,-93.54338919942677
10.21021021021021,177.07269515925228,-356.08538019981796,17.34270808471495,-93.74358939962697
10.23023023023023,177.41989652230964,-357.96212873634704,17.34270808471495,-93.94378959982717
10.25025025025025,177.767097885367,-359.84288528489213,17.34270808471495,-94.14398980002737
10.27027027027027,178.11429924842437,-361.72764984545324,17.34270808471495,-94.34419000022757
10.29029029029029,178.46150061148174,-363.61642241803037,17.34270808471495,-94.54439020042777
10.31031031031031,178.8087019745391,-365.5092030026235,17.34270808471495,-94.74459040062797
10.33033033033033,179.15590333759647,-367.40599159923266,17.34270808471495,-94.94479060082817
10.35035035035035,179.50310470065384,-369.30678820785784,17.34270808471495,-95.14499080102837
10.37037037037037,179.8503060637112,-371.211592828499,17.34270808471495,-95.34519100122857
10.39039039039039,180.19750742676857,-373.1204054611562,17.34270808471495,-95.54539120142877
10.41041041041041,180.54470878982593,-375.0332261058295,17.34270808471495,-95.74559140162897
10.43043043043043,180.8919101528833,-376.9500547625188,17.34270808471495,-95.94579160182917
10.45045045045045,181.23911151594066,-378.8708914312241,17.34270808471495,-96.14599180202937
10.47047047047047,181.58631287899803,-380.7957361119454,17.34270808471495,-96.34619200222957
10.49049049049049,181.9335142420554,-382.72458880468275,17.34270808471495,-96.54639220242977
10.51051051051051,182.28071560511276,-384.6574495094361,17.34270808471495,-96.74659240262997
10.53053053053053,182.62791696817013,-386.5943182262055,17.34270808471495,-96.94679260283017
10.55055055055055,182.9751183312275,-388.53519495499086,17.34270808471495,-97.14699280303037
10.57057057057057,183.32231969428486,-390.48007969579226,17.34270808471495,-97.34719300323057
10.59059059059059,183.66952105734222,-392.42897244860967,17.34270808471495,-97.54739320343077
10.61061061061061,184.0167224203996,-394.3818732134431,17.34270808471495,-97.74759340363097
10.63063063063063,184.36392378345695,-396.33878199029255,17.34270808471495,-97.94779360383117
10.65065065065065,184.71112514651432,-398.299698779158,17.34270808471495,-98.14799380403137
10.67067067067067,185.05832650957169,-400.26462358003954,17.34270808471495,-98.34819400423157
10.690690690690692,185.40552787262905,-402.2335563929371,17.34270808471495,-98.54839420443177
10.71071071071071,185.75272923568642,-404.20649721785065,17.34270808471495,-98.74859440463197
10.73073073073073,186.09993059874378,-406.18344605478023,17.34270808471495,-98.94879460483217
10.75075075075075,186.44713196180115,-408.16440290372583,17.34270808471495,-99.14899480503237
10.77077077077077,186.7943333248585,-410.14936776468744,17.34270808471495,-99.34919500523257
10.790790790790792,187.14153468791588,-412.13834063766507,17.34270808471495,-99.54939520543277
10.81081081081081,187.48873605097324,-414.1313215226587,17.34270808471495,-99.74959540563297
10.83083083083083,187.8359374140306,-416.12831041966837,17.34270808471495,-99.94979560583317
10.85085085085085,188.18313877708798,-418.12930732869404,17.34270808471495,-100.14999580603337
10.87087087087087,188.53034014014534,-420.13431224973573,17.34270808471495,-100.35019600623357
10.890890890890892,188.8775415032027,-422.14332518279343,17.34270808471495,-100.55039620643377
10.91091091091091,189.22474286626007,-424.1563461278672,17.34270808471495,-100.75059640663397
10.93093093093093,189.57194422931744,-426.173375084957,17.34270808471495,-100.95079660683417
10.95095095095095,189.9191455923748,-428.1944120540628,17.34270808471495,-101.15099680703437
10.97097097097097,190.26634695543217,-430.21945703518463,17.34270808471495,-101.35119700723457
10.990990990990992,190.61354831848953,-432.24851002832247,17.34270808471495,-101.55139720743477
11.01101101101101,190.9607496815469,-434.2815710334763,17.34270808471495,-101.75159740763497
11.03103103103103,191.30795104460427,-436.3186400506462,17.34270808471495,-101.95179760783518
11.05105105105105,191.65515240766163,-438.3597170798321,17.34270808471495,-102.15199780803538
11.07107107107107,192.002353770719,-440.404802121034,17.34270808471495,-102.35219800823558
11.091091091091092,192.34955513377636,-442.4538951742519,17.34270808471495,-102.55239820843578
11.11111111111111,192.69675649683373,-444.50699623948583,17.34270808471495,-102.75259840863598
11.13113113113113,193.0439578598911,-446.5641053167358,17.34270808471495,-102.95279860883618
11.15115115115115,193.39115922294846,-448.62522240600174,17.34270808471495,-103.15299880903638
11.17117117117117,193.73836058600583,-450.6903475072838,17.34270808471495,-103.35319900923658
11.191191191191193,194.0855619490632,-452.7594806205818,17.34270808471495,-103.55339920943678
11.21121121121121,194.43276331212056,-454.8326217458959,17.34270808471495,-103.75359940963698
11.23123123123123,194.77996467517792,-456.909770883226,17.34270808471495,-103.95379960983718
11.25125125125125,195.1271660382353,-458.99092803257207,17.34270808471495,-104.15399981003738
11.27127127127127,195.47436740129265,-461.0760931939342,17.34270808471495,-104.35420001023758
11.291291291291293,195.82156876435002,-463.1652663673123,17.34270808471495,-104.55440021043778
11.31131131131131,196.16877012740738,-465.25844755270646,17.34270808471495,-104.75460041063798
11.33133133133133,196.51597149046475,-467.3556367501166,17.34270808471495,-104.95480061083818
11.35135135135135,196.86317285352212,-469.4568339595428,17.34270808471495,-105.15500081103838
11.37137137137137,197.21037421657948,-471.562039180985,17.34270808471495,-105.35520101123858
11.391391391391393,197.55757557963685,-473.6712524144432,17.34270808471495,-105.55540121143878
11.411411411411411,197.9047769426942,-475.7844736599174,17.34270808471495,-105.75560141163898
11.431431431431431,198.25197830575158,-477.9017029174077,17.34270808471495,-105.95580161183918
11.451451451451451,198.59917966880894,-480.022940186914,17.34270808471495,-106.15600181203938
11.471471471471471,198.9463810318663,-482.14818546843634,17.34270808471495,-106.35620201223958
11.491491491491493,199.29358239492367,-484.2774387619747,17.34270808471495,-106.55640221243978
11.511511511511511,199.64078375798104,-486.41070006752904,17.34270808471495,-106.75660241263998
11.531531531531531,199.9879851210384,-488.5479693850994,17.34270808471495,-106.95680261284018
11.551551551551551,200.33518648409577,-490.6892467146858,17.34270808471495,-107.15700281304038
11.571571571571571,200.68238784715314,-492.8345320562882,17.34270808471495,-107.35720301324058
11.591591591591593,201.0295892102105,-494.9838254099066,17.34270808471495,-107.55740321344078
11.611611611611611,201.37679057326787,-497.13712677554105,17.34270808471495,-107.75760341364098
11.631631631631631,201.72399193632523,-499.2944361531915,17.34270808471495,-107.95780361384118
11.651651651651651,202.0711932993826,-501.45575354285796,17.34270808471495,-108.15800381404138
11.671671671671671,202.41839466243997,-503.6210789445405,17.34270808471495,-108.35820401424158
11.691691691691693,202.76559602549733,-505.79041235823905,17.34270808471495,-108.55840421444178
11.711711711711711,203.1127973885547,-507.9637537839536,17.34270808471495,-108.75860441464198
11.731731731731731,203.45999875161206,-510.1411032216842,17.34270808471495,-108.95880461484218
11.751751751751751,203.80720011466943,-512.3224606714308,17.34270808471495,-109.15900481504238
11.771771771771771,204.1544014777268,-514.5078261331934,17.34270808471495,-109.35920501524258
11.791791791791793,204.50160284078416,-516.6971996069719,17.34270808471495,-109.55940521544278
11.811811811811811,204.84880420384152,-518.8905810927666,17.34270808471495,-109.75960541564298
11.831831831831831,205.1960055668989,-521.0879705905774,17.34270808471495,-109.95980561584318
11.851851851851851,205.54320692995626,-523.2893681004041,17.34270808471495,-110.16000581604338
11.871871871871871,205.89040829301362,-525.4947736222468,17.34270808471495,-110.36020601624358
11.891891891891893,206.237609656071,-527.7041871561056,17.34270808471495,-110.56040621644378
11.911911911911911,206.58481101912835,-529.9176087019804,17.34270808471495,-110.76060641664398
11.931931931931931,206.93201238218572,-532.1350382598712,17.34270808471495,-110.96080661684418
11.951951951951951,207.27921374524308,-534.356475829778,17.34270808471495,-111.16100681704438
11.971971971971973,207.62641510830045,-536.5819214117008,17.34270808471495,-111.36120701724458
11.991991991991993,207.97361647135781,-538.8113750056397,17.34270808471495,-111.56140721744478
12.012012012012011,208.32081783441518,-541.0448366115945,17.34270808471495,-111.76160741764498
12.032032032032031,208.66801919747255,-543.2823062295654,17.34270808471495,-111.96180761784518
12.052052052052051,209.0152205605299,-545.5237838595523,17.34270808471495,-112.16200781804538
12.072072072072073,209.36242192358728,-547.7692695015552,17.34270808471495,-112.36220801824558
12.092092092092093,209.70962328664464,-550.0187631555741,17.34270808471495,-112.56240821844578
12.112112112112111,210.056824649702,-552.272264821609,17.34270808471495,-112.76260841864598
12.132132132132131,210.40402601275937,-554.52977449966,17.34270808471495,-112.96280861884618
12.152152152152151,210.75122737581674,-556.791292189727,17.34270808471495,-113.16300881904638
12.172172172172173,211.0984287388741,-559.0568178918099,17.34270808471495,-113.36320901924658
12.192192192192193,211.44563010193147,-561.3263516059089,17.34270808471495,-113.56340921944678
12.212212212212211,211.79283146498884,-563.599893332024,17.34270808471495,-113.76360941964698
12.232232232232231,212.1400328280462,-565.877443070155,17.34270808471495,-113.96380961984718
12.252252252252251,212.48723419110357,-568.159000820302,17.34270808471495,-114.16400982004738
12.272272272272273,212.83443555416093,-570.4445665824651,17.34270808471495,-114.36421002024758
12.292292292292293,213.1816369172183,-572.7341403566442,17.34270808471495,-114.56441022044778
12.312312312312311,213.52883828027566,-575.0277221428394,17.34270808471495,-114.76461042064798
12.332332332332332,213.87603964333303,-577.3253119410506,17.34270808471495,-114.96481062084818
12.352352352352352,214.2232410063904,-579.6269097512778,17.34270808471495,-115.16501082104838
12.372372372372373,214.57044236944776,-581.9325155735211,17.34270808471495,-115.36521102124858
12.392392392392393,214.91764373250513,-584.2421294077803,17.34270808471495,-115.56541122144878
12.412412412412412,215.2648450955625,-586.5557512540556,17.34270808471495,-115.76561142164898
12.432432432432432,215.61204645861986,-588.8733811123469,17.34270808471495,-115.96581162184918
12.452452452452452,215.95924782167722,-591.1950189826542,17.34270808471495,-116.16601182204938
12.472472472472473,216.3064491847346,-593.5206648649776,17.34270808471495,-116.36621202224958
12.492492492492493,216.65365054779195,-595.8503187593169,17.34270808471495,-116.56641222244978
12.512512512512512,217.00085191084932,-598.1839806656723,17.34270808471495,-116.76661242264998
12.532532532532532,217.3480532739067,-600.5216505840436,17.34270808471495,-116.96681262285018
12.552552552552552,217.69525463696405,-602.863328514431,17.34270808471495,-117.16701282305038
12.572572572572573,218.04245600002142,-605.2090144568344,17.34270808471495,-117.36721302325059
12.592592592592593,218.38965736307878,-607.5587084112539,17.34270808471495,-117.56741322345079
12.612612612612612,218.73685872613615,-609.9124103776893,17.34270808471495,-117.76761342365099
12.632632632632632,219.0840600891935,-612.2701203561408,17.34270808471495,-117.96781362385119
12.652652652652652,219.43126145225088,-614.6318383466082,17.34270808471495,-118.16801382405139
12.672672672672673,219.77846281530825,-616.9975643490917,17.34270808471495,-118.36821402425159
12.692692692692694,220.1256641783656,-619.3672983635912,17.34270808471495,-118.56841422445179
12.712712712712712,220.47286554142298,-621.7410403901067,17.34270808471495,-118.76861442465199
12.732732732732732,220.82006690448034,-624.1187904286382,17.34270808471495,-118.96881462485219
12.752752752752752,221.1672682675377,-626.5005484791858,17.34270808471495,-119.16901482505239
12.772772772772774,221.51446963059507,-628.8863145417494,17.34270808471495,-119.36921502525259
12.792792792792794,221.86167099365244,-631.2760886163289,17.34270808471495,-119.56941522545279
12.812812812812812,222.2088723567098,-633.6698707029246,17.34270808471495,-119.76961542565299
12.832832832832832,222.55607371976717,-636.0676608015364,17.34270808471495,-119.96981562585319
12.852852852852852,222.90327508282454,-638.4694589121641,17.34270808471495,-120.17001582605339
12.872872872872874,223.2504764458819,-640.8752650348079,17.34270808471495,-120.37021602625359
12.892892892892894,223.59767780893927,-643.2850791694676,17.34270808471495,-120.57041622645379
12.912912912912912,223.94487917199663,-645.6989013161434,17.34270808471495,-120.77061642665399
12.932932932932932,224.292080535054,-648.1167314748352,17.34270808471495,-120.97081662685419
12.952952952952952,224.63928189811136,-650.538569645543,17.34270808471495,-121.17101682705439
12.972972972972974,224.98648326116873,-652.9644158282669,17.34270808471495,-121.37121702725459
12.992992992992994,225.3336846242261,-655.3942700230067,17.34270808471495,-121.57141722745479
13.013013013013012,225.68088598728346,-657.8281322297626,17.34270808471495,-121.77161742765499
13.033033033033032,226.02808735034083,-660.2660024485344,17.34270808471495,-121.97181762785519
13.053053053053052,226.3752887133982,-662.7078806793223,17.34270808471495,-122.17201782805539
13.073073073073074,226.72249007645556,-665.1537669221262,17.34270808471495,-122.37221802825559
13.093093093093094,227.06969143951292,-667.6036611769462,17.34270808471495,-122.57241822845579
13.113113113113112,227.4168928025703,-670.0575634437821,17.34270808471495,-122.77261842865599
13.133133133133132,227.76409416562765,-672.515473722634,17.34270808471495,-122.97281862885619
13.153153153153154,228.11129552868502,-674.977392013502,17.34270808471495,-123.17301882905639
13.173173173173174,228.45849689174239,-677.443318316386,17.34270808471495,-123.37321902925659
13.193193193193194,228.80569825479975,-679.913252631286,17.34270808471495,-123.57341922945679
13.213213213213212,229.15289961785712,-682.387194958202,17.34270808471495,-123.77361942965699
13.233233233233232,229.50010098091448,-684.8651452971341,17.34270808471495,-123.97381962985719
13.253253253253254,229.84730234397185,-687.3471036480821,17.34270808471495,-124.17401983005739
13.273273273273274,230.1945037070292,-689.8330700110462,17.34270808471495,-124.37422003025759
13.293293293293294,230.54170507008658,-692.3230443860263,17.34270808471495,-124.57442023045779
13.313313313313312,230.88890643314394,-694.8170267730225,17.34270808471495,-124.77462043065799
13.333333333333332,231.2361077962013,-697.3150171720347,17.34270808471495,-124.97482063085819
13.353353353353354,231.58330915925868,-699.8170155830629,17.34270808471495,-125.17502083105839
13.373373373373374,231.93051052231604,-702.3230220061072,17.34270808471495,-125.37522103125859
13.393393393393394,232.2777118853734,-704.8330364411675,17.34270808471495,-125.57542123145879
13.413413413413412,232.62491324843077,-707.3470588882437,17.34270808471495,-125.77562143165899
13.433433433433432,232.97211461148814,-709.865089347336,17.34270808471495,-125.97582163185919
13.453453453453454,233.3193159745455,-712.3871278184444,17.34270808471495,-126.17602183205939
13.473473473473474,233.66651733760287,-714.9131743015687,17.34270808471495,-126.37622203225959
13.493493493493494,234.01371870066023,-717.443228796709,17.34270808471495,-126.57642223245979
13.513513513513512,234.3609200637176,-719.9772913038654,17.34270808471495,-126.77662243265999
13.533533533533532,234.70812142677497,-722.5153618230378,17.34270808471495,-126.97682263286019
13.553553553553554,235.05532278983233,-725.0574403542262,17.34270808471495,-127.17702283306039
13.573573573573574,235.4025241528897,-727.6035268974306,17.34270808471495,-127.37722303326059
13.593593593593594,235.74972551594706,-730.153621452651,17.34270808471495,-127.57742323346079
13.613613613613612,236.09692687900443,-732.7077240198875,17.34270808471495,-127.77762343366099
13.633633633633632,236.4441282420618,-735.2658345991399,17.34270808471495,-127.97782363386119
13.653653653653654,236.79132960511916,-737.8279531904084,17.34270808471495,-128.1780238340614
13.673673673673674,237.13853096817652,-740.3940797936929,17.34270808471495,-128.37822403426162
13.693693693693694,237.4857323312339,-742.9642144089934,17.34270808471495,-128.57842423446183
13.713713713713712,237.83293369429126,-745.5383570363099,17.34270808471495,-128.77862443466205
13.733733733733732,238.18013505734862,-748.1165076756424,17.34270808471495,-128.97882463486226
13.753753753753754,238.527336420406,-750.698666326991,17.34270808471495,-129.17902483506248
13.773773773773774,238.87453778346335,-753.2848329903555,17.34270808471495,-129.3792250352627
13.793793793793794,239.22173914652072,-755.8750076657361,17.34270808471495,-129.5794252354629
13.813813813813812,239.56894050957808,-758.4691903531328,17.34270808471495,-129.77962543566312
13.833833833833832,239.91614187263545,-761.0673810525456,17.34270808471495,-129.97982563586334
13.853853853853854,240.26334323569282,-763.6695797639743,17.34270808471495,-130.18002583606355
13.873873873873874,240.61054459875018,-766.275786487419,17.34270808471495,-130.38022603626376
13.893893893893894,240.95774596180755,-768.8860012228798,17.34270808471495,-130.58042623646398
13.913913913913913,241.3049473248649,-771.5002239703566,17.34270808471495,-130.7806264366642
13.933933933933933,241.65214868792228,-774.1184547298494,17.34270808471495,-130.9808266368644
13.953953953953954,241.99935005097964,-776.7406935013582,17.34270808471495,-131.18102683706462
13.973973973973974,242.346551414037,-779.3669402848831,17.34270808471495,-131.38122703726484
13.993993993993994,242.69375277709437,-781.9971950804239,17.34270808471495,-131.58142723746505
14.014014014014013,243.04095414015174,-784.6314578879808,17.34270808471495,-131.78162743766526
14.034034034034033,243.3881555032091,-787.2697287075537,17.34270808471495,-131.98182763786548
14.054054054054054,243.73535686626647,-789.9120075391426,17.34270808471495,-132.1820278380657
14.074074074074074,244.08255822932384,-792.5582943827475,17.34270808471495,-132.3822280382659
14.094094094094094,244.4297595923812,-795.2085892383684,17.34270808471495,-132.58242823846612
14.114114114114113,244.77696095543857,-797.8628921060053,17.34270808471495,-132.78262843866634
14.134134134134133,245.12416231849593,-800.5212029856583,17.34270808471495,-132.98282863886655
14.154154154154154,245.4713636815533,-803.1835218773273,17.34270808471495,-133.18302883906676
14.174174174174174,245.81856504461066,-805.8498487810123,17.34270808471495,-133.38322903926698
14.194194194194194,246.16576640766803,-808.5201836967133,17.34270808471495,-133.5834292394672
14.214214214214213,246.5129677707254,-811.1945266244303,17.34270808471495,-133.7836294396674
14.234234234234233,246.86016913378276,-813.8728775641633,17.34270808471495,-133.98382963986762
14.254254254254255,247.20737049684013,-816.5552365159124,17.34270808471495,-134.18402984006784
14.274274274274275,247.5545718598975,-819.2416034796775,17.34270808471495,-134.38423004026805
14.294294294294295,247.90177322295486,-821.9319784554586,17.34270808471495,-134.58443024046827
14.314314314314313,248.24897458601222,-824.6263614432559,17.34270808471495,-134.78463044066848
14.334334334334333,248.5961759490696,-827.3247524430691,17.34270808471495,-134.9848306408687
14.354354354354355,248.94337731212696,-830.0271514548983,17.34270808471495,-135.1850308410689
14.374374374374375,249.29057867518432,-832.7335584787436,17.34270808471495,-135.38523104126912
14.394394394394395,249.6377800382417,-835.4439735146049,17.34270808471495,-135.58543124146934
14.414414414414413,249.98498140129905,-838.1583965624822,17.34270808471495,-135.78563144166955
14.434434434434436,250.33218276435642,-840.8768276223755,17.34270808471495,-135.98583164186977
14.454454454454455,250.67938412741378,-843.5992666942848,17.34270808471495,-136.18603184206998
14.474474474474475,251.02658549047115,-846.3257137782101,17.34270808471495,-136.3862320422702
14.494494494494495,251.37378685352851,-849.0561688741515,17.34270808471495,-136.5864322424704
14.514514514514513,251.72098821658588,-851.7906319821088,17.34270808471495,-136.78663244267062
14.534534534534536,252.06818957964325,-854.5291031020822,17.34270808471495,-136.98683264287084
14.554554554554555,252.4153909427006,-857.2715822340716,17.34270808471495,-137.18703284307105
14.574574574574575,252.76259230575798,-860.018069378077,17.34270808471495,-137.38723304327127
14.594594594594595,253.10979366881534,-862.7685645340985,17.34270808471495,-137.58743324347148
14.614614614614613,253.4569950318727,-865.5230677021359,17.34270808471495,-137.7876334436717
14.634634634634637,253.80419639493007,-868.2815788821894,17.34270808471495,-137.9878336438719
14.654654654654655,254.15139775798744,-871.0440980742588,17.34270808471495,-138.18803384407212
14.674674674674675,254.4985991210448,-873.8106252783443,17.34270808471495,-138.38823404427234
14.694694694694695,254.84580048410217,-876.5811604944458,17.34270808471495,-138.58843424447255
14.714714714714713,255.19300184715954,-879.3557037225634,17.34270808471495,-138.78863444467277
14.734734734734737,255.5402032102169,-882.1342549626969,17.34270808471495,-138.98883464487298
14.754754754754755,255.88740457327427,-884.9168142148465,17.34270808471495,-139.1890348450732
14.774774774774775,256.2346059363316,-887.7033814790121,17.34270808471495,-139.3892350452734
14.794794794794795,256.58180729938897,-890.4939567551938,17.34270808471495,-139.58943524547362
14.814814814814813,256.92900866244634,-893.2885400433915,17.34270808471495,-139.78963544567384
14.834834834834837,257.2762100255037,-896.0871313436053,17.34270808471495,-139.98983564587405
14.854854854854855,257.62341138856107,-898.889730655835,17.34270808471495,-140.19003584607427
14.874874874874875,257.97061275161843,-901.6963379800808,17.34270808471495,-140.39023604627448
14.894894894894895,258.3178141146758,-904.5069533163426,17.34270808471495,-140.5904362464747
14.914914914914913,258.66501547773316,-907.3215766646204,17.34270808471495,-140.7906364466749
14.934934934934937,259.01221684079053,-910.1402080249142,17.34270808471495,-140.99083664687512
14.954954954954955,259.3594182038479,-912.962847397224,17.34270808471495,-141.19103684707534
14.974974974974975,259.70661956690526,-915.7894947815498,17.34270808471495,-141.39123704727555
14.994994994994995,260.0538209299626,-918.6201501778917,17.34270808471495,-141.59143724747577
15.015015015015013,260.40102229302,-921.4548135862495,17.34270808471495,-141.79163744767598
15.035035035035037,260.74822365607736,-924.2934850066234,17.34270808471495,-141.9918376478762
15.055055055055055,261.0954250191347,-927.1361644390133,17.34270808471495,-142.1920378480764
15.075075075075075,261.4426263821921,-929.9828518834192,17.34270808471495,-142.39223804827662
15.095095095095095,261.78982774524945,-932.8335473398412,17.34270808471495,-142.59243824847684
15.115115115115113,262.1370291083068,-935.6882508082791,17.34270808471495,-142.79263844867705
15.135135135135137,262.4842304713642,-938.5469622887331,17.34270808471495,-142.99283864887727
15.155155155155155,262.83143183442155,-941.4096817812031,17.34270808471495,-143.19303884907748
15.175175175175175,263.1786331974789,-944.276409285689,17.34270808471495,-143.3932390492777
15.195195195195195,263.5258345605363,-947.1471448021911,17.34270808471495,-143.5934392494779
15.215215215215213,263.87303592359365,-950.0218883307091,17.34270808471495,-143.79363944967812
15.235235235235237,264.220237286651,-952.9006398712431,17.34270808471495,-143.99383964987834
15.255255255255255,264.5674386497084,-955.7833994237933,17.34270808471495,-144.19403985007855
15.275275275275275,264.91464001276574,-958.6701669883595,17.34270808471495,-144.39424005027877
15.295295295295295,265.2618413758231,-961.5609425649417,17.34270808471495,-144.59444025047898
15.315315315315313,265.6090427388805,-964.4557261535399,17.34270808471495,-144.7946404506792
15.335335335335337,265.95624410193784,-967.3545177541541,17.34270808471495,-144.9948406508794
15.355355355355355,266.3034454649952,-970.2573173667844,17.34270808471495,-145.19504085107963
15.375375375375375,266.6506468280526,-973.1641249914306,17.34270808471495,-145.39524105127984
15.395395395395395,266.99784819110994,-976.0749406280929,17.34270808471495,-145.59544125148005
15.415415415415413,267.3450495541673,-978.9897642767712,17.34270808471495,-145.79564145168027
15.435435435435437,267.69225091722467,-981.9085959374655,17.34270808471495,-145.99584165188048
15.455455455455455,268.03945228028203,-984.8314356101758,17.34270808471495,-146.1960418520807
15.475475475475475,268.3866536433394,-987.7582832949022,17.34270808471495,-146.3962420522809
15.495495495495495,268.73385500639677,-990.6891389916445,17.34270808471495,-146.59644225248113
15.515515515515514,269.08105636945413,-993.6240027004029,17.34270808471495,-146.79664245268134
15.535535535535537,269.4282577325115,-996.5628744211773,17.34270808471495,-146.99684265288155
15.555555555555555,269.77545909556886,-999.5057541539677,17.34270808471495,-147.19704285308177
15.575575575575575,270.1226604586262,-1002.4526418987741,17.34270808471495,-147.39724305328198
15.595595595595595,270.4698618216836,-1005.4035376555966,17.34270808471495,-147.5974432534822
15.615615615615614,270.81706318474096,-1008.358441424435,17.34270808471495,-147.7976434536824
15.635635635635637,271.1642645477983,-1011.3173532052895,17.34270808471495,-147.99784365388263
15.655655655655655,271.5114659108557,-1014.28027299816,17.34270808471495,-148.19804385408284
15.675675675675675,271.85866727391306,-1017.2472008030464,17.34270808471495,-148.39824405428305
15.695695695695695,272.2058686369704,-1020.218136619949,17.34270808471495,-148.59844425448327
15.715715715715717,272.5530700000278,-1023.1930804488676,17.34270808471495,-148.79864445468348
15.735735735735737,272.90027136308515,-1026.1720322898022,17.34270808471495,-148.9988446548837
15.755755755755755,273.2474727261425,-1029.154992142753,17.34270808471495,-149.1990448550839
15.775775775775776,273.5946740891999,-1032.1419600077195,17.34270808471495,-149.39924505528413
15.795795795795796,273.94187545225725,-1035.1329358847022,17.34270808471495,-149.59944525548434
15.815815815815817,274.2890768153146,-1038.1279197737008,17.34270808471495,-149.79964545568455
15.835835835835837,274.636278178372,-1041.1269116747155,17.34270808471495,-149.99984565588477
15.855855855855856,274.98347954142935,-1044.1299115877462,17.34270808471495,-150.20004585608498
15.875875875875876,275.3306809044867,-1047.136919512793,17.34270808471495,-150.4002460562852
15.895895895895896,275.6778822675441,-1050.1479354498556,17.34270808471495,-150.6004462564854
15.915915915915917,276.02508363060144,-1053.1629593989344,17.34270808471495,-150.80064645668563
15.935935935935937,276.3722849936588,-1056.181991360029,17.34270808471495,-151.00084665688584
15.955955955955956,276.7194863567162,-1059.20503133314,17.34270808471495,-151.20104685708606
15.975975975975976,277.06668771977354,-1062.2320793182669,17.34270808471495,-151.40124705728627
15.995995995995996,277.4138890828309,-1065.2631353154097,17.34270808471495,-151.60144725748648
16.016016016016017,277.76109044588827,-1068.2981993245687,17.34270808471495,-151.8016474576867
16.036036036036037,278.10829180894564,-1071.3372713457436,17.34270808471495,-152.0018476578869
16.056056056056057,278.455493172003,-1074.3803513789346,17.34270808471495,-152.20204785808713
16.076076076076077,278.80269453506037,-1077.4274394241415,17.34270808471495,-152.40224805828734
16.096096096096094,279.14989589811773,-1080.4785354813646,17.34270808471495,-152.60244825848756
16.116116116116117,279.4970972611751,-1083.5336395506035,17.34270808471495,-152.80264845868777
16.136136136136138,279.84429862423247,-1086.5927516318586,17.34270808471495,-153.00284865888798
16.156156156156158,280.19149998728983,-1089.6558717251296,17.34270808471495,-153.2030488590882
16.176176176176178,280.5387013503472,-1092.7229998304167,17.34270808471495,-153.4032490592884
16.196196196196194,280.88590271340456,-1095.7941359477197,17.34270808471495,-153.60344925948863
16.216216216216218,281.2331040764619,-1098.8692800770389,17.34270808471495,-153.80364945968884
16.236236236236238,281.5803054395193,-1101.948432218374,17.34270808471495,-154.00384965988906
16.256256256256258,281.92750680257666,-1105.031592371725,17.34270808471495,-154.20404986008927
16.276276276276278,282.274708165634,-1108.1187605370922,17.34270808471495,-154.40425006028948
16.296296296296294,282.6219095286914,-1111.2099367144754,17.34270808471495,-154.6044502604897
16.316316316316318,282.96911089174876,-1114.3051209038745,17.34270808471495,-154.8046504606899
16.336336336336338,283.3163122548061,-1117.4043131052897,17.34270808471495,-155.00485066089013
16.356356356356358,283.6635136178635,-1120.5075133187208,17.34270808471495,-155.20505086109034
16.376376376376378,284.01071498092085,-1123.614721544168,17.34270808471495,-155.40525106129056
16.396396396396394,284.3579163439782,-1126.7259377816313,17.34270808471495,-155.60545126149077
16.416416416416418,284.7051177070356,-1129.8411620311106,17.34270808471495,-155.80565146169099
16.436436436436438,285.05231907009295,-1132.960394292606,17.34270808471495,-156.0058516618912
16.456456456456458,285.3995204331503,-1136.0836345661173,17.34270808471495,-156.2060518620914
16.476476476476478,285.7467217962077,-1139.2108828516448,17.34270808471495,-156.40625206229163
16.496496496496494,286.09392315926505,-1142.3421391491881,17.34270808471495,-156.60645226249184
16.516516516516518,286.4411245223224,-1145.4774034587476,17.34270808471495,-156.80665246269206
16.536536536536538,286.7883258853798,-1148.616675780323,17.34270808471495,-157.00685266289227
16.556556556556558,287.13552724843714,-1151.7599561139145,17.34270808471495,-157.20705286309249
16.576576576576578,287.4827286114945,-1154.907244459522,17.34270808471495,-157.4072530632927
16.596596596596594,287.8299299745519,-1158.0585408171455,17.34270808471495,-157.6074532634929
16.616616616616618,288.17713133760924,-1161.213845186785,17.34270808471495,-157.80765346369313
16.636636636636638,288.5243327006666,-1164.3731575684405,17.34270808471495,-158.00785366389334
16.656656656656658,288.87153406372397,-1167.536477962112,17.34270808471495,-158.20805386409356
16.676676676676678,289.21873542678134,-1170.7038063677996,17.34270808471495,-158.40825406429377
16.696696696696694,289.5659367898387,-1173.8751427855032,17.34270808471495,-158.608454264494
16.716716716716718,289.91313815289607,-1177.0504872152228,17.34270808471495,-158.8086544646942
16.736736736736738,290.26033951595343,-1180.2298396569583,17.34270808471495,-159.00885466489441
16.756756756756758,290.6075408790108,-1183.41320011071,17.34270808471495,-159.20905486509463
16.776776776776778,290.95474224206816,-1186.6005685764776,17.34270808471495,-159.40925506529484
16.796796796796794,291.30194360512553,-1189.7919450542613,17.34270808471495,-159.60945526549506
16.816816816816818,291.6491449681829,-1192.987329544061,17.34270808471495,-159.80965546569527
16.836836836836838,291.99634633124026,-1196.1867220458766,17.34270808471495,-160.0098556658955
16.856856856856858,292.3435476942976,-1199.3901225597083,17.34270808471495,-160.2100558660957
16.876876876876878,292.690749057355,-1202.597531085556,17.34270808471495,-160.41025606629591
16.896896896896898,293.03795042041236,-1205.8089476234197,17.34270808471495,-160.61045626649613
16.916916916916918,293.3851517834697,-1209.0243721732995,17.34270808471495,-160.81065646669634
16.936936936936938,293.7323531465271,-1212.2438047351955,17.34270808471495,-161.01085666689656
16.956956956956958,294.07955450958445,-1215.4672453091073,17.34270808471495,-161.21105686709677
16.976976976976978,294.4267558726418,-1218.6946938950352,17.34270808471495,-161.411257067297
16.996996996996998,294.7739572356992,-1221.926150492979,17.34270808471495,-161.6114572674972
17.017017017017018,295.12115859875655,-1225.161615102939,17.34270808471495,-161.81165746769742
17.037037037037038,295.4683599618139,-1228.401087724915,17.34270808471495,-162.01185766789763
17.057057057057058,295.8155613248713,-1231.644568358907,17.34270808471495,-162.21205786809784
17.077077077077078,296.16276268792865,-1234.892057004915,17.34270808471495,-162.41225806829806
17.097097097097098,296.509964050986,-1238.143553662939,17.34270808471495,-162.61245826849827
17.117117117117118,296.8571654140434,-1241.399058332979,17.34270808471495,-162.8126584686985
17.137137137137138,297.20436677710074,-1244.658571015035,17.34270808471495,-163.0128586688987
17.157157157157158,297.5515681401581,-1247.922091709107,17.34270808471495,-163.21305886909892
17.177177177177178,297.8987695032155,-1251.1896204151951,17.34270808471495,-163.41325906929913
17.197197197197198,298.24597086627284,-1254.4611571332991,17.34270808471495,-163.61345926949934
17.217217217217218,298.5931722293302,-1257.7367018634193,17.34270808471495,-163.81365946969956
17.237237237237238,298.9403735923876,-1261.0162546055553,17.34270808471495,-164.01385966989977
17.25725725725726,299.28757495544494,-1264.2998153597075,17.34270808471495,-164.2140598701
17.27727727727728,299.6347763185023,-1267.5873841258756,17.34270808471495,-164.4142600703002
17.2972972972973,299.98197768155967,-1270.8789609040598,17.34270808471495,-164.61446027050042
17.31731731731732,300.32917904461704,-1274.17454569426,17.34270808471495,-164.81466047070063
17.33733733733734,300.6763804076744,-1277.4741384964761,17.34270808471495,-165.01486067090084
17.35735735735736,301.02358177073177,-1280.7777393107083,17.34270808471495,-165.21506087110106
17.37737737737738,301.37078313378913,-1284.0853481369566,17.34270808471495,-165.41526107130127
17.3973973973974,301.7179844968465,-1287.396964975221,17.34270808471495,-165.6154612715015
17.41741741741742,302.06518585990386,-1290.7125898255013,17.34270808471495,-165.8156614717017
17.43743743743744,302.41238722296123,-1294.0322226877977,17.34270808471495,-166.01586167190192
17.45745745745746,302.7595885860186,-1297.35586356211,17.34270808471495,-166.21606187210213
17.47747747747748,303.10678994907596,-1300.6835124484385,17.34270808471495,-166.41626207230235
17.4974974974975,303.4539913121333,-1304.0151693467828,17.34270808471495,-166.61646227250256
17.51751751751752,303.8011926751907,-1307.3508342571433,17.34270808471495,-166.81666247270277
17.53753753753754,304.14839403824806,-1310.6905071795197,17.34270808471495,-167.016862672903
17.55755755755756,304.4955954013054,-1314.0341881139123,17.34270808471495,-167.2170628731032
17.57757757757758,304.8427967643628,-1317.3818770603207,17.34270808471495,-167.41726307330342
17.5975975975976,305.18999812742015,-1320.7335740187452,17.34270808471495,-167.61746327350363
17.61761761761762,305.5371994904775,-1324.0892789891857,17.34270808471495,-167.81766347370385
17.63763763763764,305.8844008535349,-1327.4489919716423,17.34270808471495,-168.01786367390406
17.65765765765766,306.23160221659225,-1330.8127129661148,17.34270808471495,-168.21806387410427
17.67767767767768,306.5788035796496,-1334.1804419726034,17.34270808471495,-168.4182640743045
17.6976976976977,306.926004942707,-1337.552178991108,17.34270808471495,-168.6184642745047
17.71771771771772,307.27320630576435,-1340.9279240216285,17.34270808471495,-168.81866447470492
17.73773773773774,307.6204076688217,-1344.307677064165,17.34270808471495,-169.01886467490513
17.75775775775776,307.9676090318791,-1347.6914381187178,17.34270808471495,-169.21906487510535
17.77777777777778,308.31481039493644,-1351.0792071852864,17.34270808471495,-169.41926507530556
17.7977977977978,308.6620117579938,-1354.470984263871,17.34270808471495,-169.61946527550577
17.81781781781782,309.0092131210512,-1357.8667693544717,17.34270808471495,-169.819665475706
17.83783783783784,309.35641448410854,-1361.2665624570884,17.34270808471495,-170.0198656759062
17.85785785785786,309.7036158471659,-1364.6703635717213,17.34270808471495,-170.22006587610642
17.87787787787788,310.0508172102233,-1368.07817269837,17.34270808471495,-170.42026607630663
17.8978978978979,310.39801857328064,-1371.489989837035,17.34270808471495,-170.62046627650685
17.91791791791792,310.745219936338,-1374.9058149877158,17.34270808471495,-170.82066647670706
17.93793793793794,311.09242129939537,-1378.3256481504127,17.34270808471495,-171.02086667690727
17.95795795795796,311.43962266245273,-1381.7494893251255,17.34270808471495,-171.2210668771075
17.97797797797798,311.7868240255101,-1385.1773385118545,17.34270808471495,-171.4212670773077
17.997997997998,312.13402538856747,-1388.6091957105994,17.34270808471495,-171.62146727750792
18.01801801801802,312.48122675162483,-1392.0450609213603,17.34270808471495,-171.82166747770813
18.03803803803804,312.8284281146822,-1395.4849341441372,17.34270808471495,-172.02186767790835
18.05805805805806,313.17562947773956,-1398.9288153789303,17.34270808471495,-172.22206787810856
18.07807807807808,313.5228308407969,-1402.3767046257392,17.34270808471495,-172.42226807830878
18.0980980980981,313.8700322038543,-1405.8286018845643,17.34270808471495,-172.622468278509
18.11811811811812,314.21723356691166,-1409.2845071554052,17.34270808471495,-172.8226684787092
18.13813813813814,314.564434929969,-1412.7444204382623,17.34270808471495,-173.02286867890942
18.15815815815816,314.9116362930264,-1416.2083417331353,17.34270808471495,-173.22306887910963
18.17817817817818,315.25883765608376,-1419.6762710400244,17.34270808471495,-173.42326907930985
18.1981981981982,315.6060390191411,-1423.1482083589294,17.34270808471495,-173.62346927951006
18.21821821821822,315.9532403821985,-1426.6241536898506,17.34270808471495,-173.82366947971028
18.23823823823824,316.30044174525585,-1430.1041070327876,17.34270808471495,-174.0238696799105
18.25825825825826,316.6476431083132,-1433.5880683877408,17.34270808471495,-174.2240698801107
18.27827827827828,316.9948444713706,-1437.07603775471,17.34270808471495,-174.42427008031092
18.2982982982983,317.34204583442795,-1440.568015133695,17.34270808471495,-174.62447028051113
18.31831831831832,317.6892471974853,-1444.0640005246962,17.34270808471495,-174.82467048071135
18.33833833833834,318.0364485605427,-1447.5639939277135,17.34270808471495,-175.02487068091156
18.35835835835836,318.38364992360005,-1451.0679953427468,17.34270808471495,-175.22507088111178
18.37837837837838,318.7308512866574,-1454.576004769796,17.34270808471495,-175.425271081312
18.3983983983984,319.0780526497148,-1458.0880222088615,17.34270808471495,-175.6254712815122
18.41841841841842,319.42525401277214,-1461.6040476599428,17.34270808471495,-175.82567148171242
18.43843843843844,319.7724553758295,-1465.1240811230402,17.34270808471495,-176.02587168191263
18.45845845845846,320.1196567388869,-1468.6481225981536,17.34270808471495,-176.22607188211285
18.47847847847848,320.46685810194424,-1472.176172085283,17.34270808471495,-176.42627208231306
18.4984984984985,320.8140594650016,-1475.7082295844284,17.34270808471495,-176.62647228251328
18.51851851851852,321.16126082805897,-1479.24429509559,17.34270808471495,-176.8266724827135
18.53853853853854,321.50846219111634,-1482.7843686187673,17.34270808471495,-177.0268726829137
18.55855855855856,321.8556635541737,-1486.3284501539608,17.34270808471495,-177.22707288311392
18.57857857857858,322.20286491723107,-1489.8765397011703,17.34270808471495,-177.42727308331413
18.5985985985986,322.55006628028843,-1493.4286372603958,17.34270808471495,-177.62747328351435
18.61861861861862,322.8972676433458,-1496.9847428316373,17.34270808471495,-177.82767348371456
18.63863863863864,323.24446900640316,-1500.5448564148949,17.34270808471495,-178.02787368391478
18.65865865865866,323.59167036946053,-1504.1089780101684,17.34270808471495,-178.228073884115
18.67867867867868,323.9388717325179,-1507.677107617458,17.34270808471495,-178.4282740843152
18.6986986986987,324.28607309557526,-1511.2492452367635,17.34270808471495,-178.62847428451542
18.71871871871872,324.6332744586326,-1514.8253908680852,17.34270808471495,-178.82867448471563
18.73873873873874,324.98047582169,-1518.4055445114227,17.34270808471495,-179.02887468491585
18.75875875875876,325.32767718474736,-1521.9897061667764,17.34270808471495,-179.22907488511606
18.77877877877878,325.6748785478047,-1525.577875834146,17.34270808471495,-179.42927508531628
18.7987987987988,326.0220799108621,-1529.1700535135317,17.34270808471495,-179.6294752855165
18.81881881881882,326.36928127391946,-1532.7662392049335,17.34270808471495,-179.8296754857167
18.83883883883884,326.7164826369768,-1536.3664329083513,17.34270808471495,-180.02987568591692
18.85885885885886,327.0636840000342,-1539.9706346237851,17.34270808471495,-180.23007588611713
18.87887887887888,327.41088536309155,-1543.578844351235,17.34270808471495,-180.43027608631735
18.8988988988989,327.7580867261489,-1547.1910620907008,17.34270808471495,-180.63047628651756
18.91891891891892,328.1052880892063,-1550.8072878421826,17.34270808471495,-180.83067648671778
18.93893893893894,328.45248945226365,-1554.4275216056806,17.34270808471495,-181.030876686918
18.95895895895896,328.799690815321,-1558.0517633811944,17.34270808471495,-181.2310768871182
18.97897897897898,329.1468921783784,-1561.6800131687244,17.34270808471495,-181.43127708731842
18.998998998999,329.49409354143575,-1565.3122709682702,17.34270808471495,-181.63147728751863
19.01901901901902,329.8412949044931,-1568.9485367798322,17.34270808471495,-181.83167748771885
19.03903903903904,330.1884962675505,-1572.5888106034101,17.34270808471495,-182.03187768791906
19.05905905905906,330.53569763060784,-1576.2330924390042,17.34270808471495,-182.23207788811928
19.07907907907908,330.8828989936652,-1579.881382286614,17.34270808471495,-182.4322780883195
19.0990990990991,331.2301003567226,-1583.5336801462402,17.34270808471495,-182.6324782885197
19.11911911911912,331.57730171977994,-1587.1899860178821,17.34270808471495,-182.83267848871992
19.13913913913914,331.9245030828373,-1590.8502999015402,17.34270808471495,-183.03287868892014
19.15915915915916,332.27170444589467,-1594.5146217972142,17.34270808471495,-183.23307888912035
19.17917917917918,332.61890580895204,-1598.1829517049043,17.34270808471495,-183.43327908932056
19.1991991991992,332.9661071720094,-1601.8552896246104,17.34270808471495,-183.63347928952078
19.21921921921922,333.31330853506677,-1605.5316355563325,17.34270808471495,-183.833679489721
19.23923923923924,333.66050989812413,-1609.2119895000706,17.34270808471495,-184.0338796899212
19.25925925925926,334.0077112611815,-1612.8963514558247,17.34270808471495,-184.23407989012142
19.27927927927928,334.35491262423886,-1616.5847214235948,17.34270808471495,-184.43428009032164
19.2992992992993,334.70211398729623,-1620.277099403381,17.34270808471495,-184.63448029052185
19.31931931931932,335.0493153503536,-1623.9734853951834,17.34270808471495,-184.83468049072206
19.33933933933934,335.39651671341096,-1627.6738793990016,17.34270808471495,-185.03488069092228
19.35935935935936,335.7437180764683,-1631.378281414836,17.34270808471495,-185.2350808911225
19.37937937937938,336.0909194395257,-1635.0866914426863,17.34270808471495,-185.4352810913227
19.3993993993994,336.43812080258306,-1638.7991094825527,17.34270808471495,-185.63548129152292
19.41941941941942,336.7853221656404,-1642.515535534435,17.34270808471495,-185.83568149172314
19.43943943943944,337.1325235286978,-1646.2359695983334,17.34270808471495,-186.03588169192335
19.45945945945946,337.47972489175515,-1649.9604116742478,17.34270808471495,-186.23608189212356
19.47947947947948,337.8269262548125,-1653.6888617621782,17.34270808471495,-186.43628209232378
19.4994994994995,338.1741276178699,-1657.4213198621246,17.34270808471495,-186.636482292524
19.51951951951952,338.52132898092725,-1661.1577859740871,17.34270808471495,-186.8366824927242
19.53953953953954,338.8685303439846,-1664.8982600980655,17.34270808471495,-187.03688269292442
19.55955955955956,339.215731707042,-1668.64274223406,17.34270808471495,-187.23708289312464
19.57957957957958,339.56293307009935,-1672.3912323820705,17.34270808471495,-187.43728309332485
19.5995995995996,339.9101344331567,-1676.143730542097,17.34270808471495,-187.63748329352507
19.61961961961962,340.2573357962141,-1679.9002367141395,17.34270808471495,-187.83768349372528
19.63963963963964,340.60453715927144,-1683.660750898198,17.34270808471495,-188.0378836939255
19.65965965965966,340.9517385223288,-1687.4252730942726,17.34270808471495,-188.2380838941257
19.67967967967968,341.2989398853862,-1691.1938033023632,17.34270808471495,-188.43828409432592
19.6996996996997,341.64614124844354,-1694.9663415224697,17.34270808471495,-188.63848429452614
19.71971971971972,341.9933426115009,-1698.7428877545924,17.34270808471495,-188.83868449472635
19.73973973973974,342.3405439745583,-1702.523441998731,17.34270808471495,-189.03888469492657
19.75975975975976,342.68774533761564,-1706.3080042548856,17.34270808471495,-189.23908489512678
19.77977977977978,343.034946700673,-1710.0965745230565,17.34270808471495,-189.439285095327
19.7997997997998,343.38214806373037,-1713.8891528032432,17.34270808471495,-189.6394852955272
19.81981981981982,343.72934942678773,-1717.685739095446,17.34270808471495,-189.83968549572742
19.83983983983984,344.0765507898451,-1721.4863333996648,17.34270808471495,-190.03988569592764
19.85985985985986,344.42375215290247,-1725.2909357158996,17.34270808471495,-190.24008589612785
19.87987987987988,344.77095351595983,-1729.0995460441504,17.34270808471495,-190.44028609632807
19.8998998998999,345.1181548790172,-1732.9121643844173,17.34270808471495,-190.64048629652828
19.91991991991992,345.46535624207456,-1736.7287907367001,17.34270808471495,-190.8406864967285
19.93993993993994,345.81255760513193,-1740.549425100999,17.34270808471495,-191.0408866969287
19.95995995995996,346.1597589681893,-1744.374067477314,17.34270808471495,-191.24108689712892
19.97997997997998,346.50696033124666,-1748.202717865645,17.34270808471495,-191.44128709732914
20.0,346.854161694304,-1752.0353762659918,17.34270808471495,-191.64148729752935
