t,xpos,ypos,vx,vy
0.0,0.0,78.98075390468728,55.97874786515574,14.970454276414028
0.02002002002002002,1.1206956529560708,79.28046269900987,55.97874786515574,14.770254076213828
0.04004004004004004,2.2413913059121415,79.57616348131646,55.97874786515574,14.570053876013628
0.06006006006006006,3.362086958868212,79.86785625160702,55.97874786515574,14.369853675813427
0.08008008008008008,4.482782611824283,80.15554100988156,55.97874786515574,14.169653475613227
0.10010010010010009,5.603478264780354,80.43921775614008,55.97874786515574,13.969453275413027
0.12012012012012012,6.724173917736425,80.71888649038259,55.97874786515574,13.769253075212827
0.14014014014014015,7.844869570692496,80.99454721260906,55.97874786515574,13.569052875012627
0.16016016016016016,8.965565223648566,81.26619992281952,55.97874786515574,13.368852674812427
0.18018018018018017,10.086260876604637,81.53384462101397,55.97874786515574,13.168652474612227
0.20020020020020018,11.206956529560708,81.7974813071924,55.97874786515574,12.968452274412027
0.22022022022022023,12.327652182516779,82.0571099813548,55.97874786515574,12.768252074211826
0.24024024024024024,13.44834783547285,82.31273064350118,55.97874786515574,12.568051874011626
0.2602602602602603,14.569043488428921,82.56434329363155,55.97874786515574,12.367851673811426
0.2802802802802803,15.689739141384992,82.81194793174589,55.97874786515574,12.167651473611226
0.3003003003003003,16.810434794341063,83.05554455784421,55.97874786515574,11.967451273411026
0.3203203203203203,17.931130447297132,83.29513317192652,55.97874786515574,11.767251073210826
0.3403403403403404,19.0518261002532,83.5307137739928,55.97874786515574,11.567050873010626
0.36036036036036034,20.17252175320927,83.76228636404306,55.97874786515574,11.366850672810425
0.3803803803803804,21.29321740616534,83.98985094207731,55.97874786515574,11.166650472610225
0.40040040040040037,22.41391305912141,84.21340750809553,55.97874786515574,10.966450272410025
0.42042042042042044,23.53460871207748,84.43295606209773,55.97874786515574,10.766250072209825
0.44044044044044045,24.655304365033547,84.64849660408392,55.97874786515574,10.566049872009625
0.4604604604604605,25.776000017989617,84.86002913405407,55.97874786515574,10.365849671809425
0.4804804804804805,26.896695670945686,85.06755365200821,55.97874786515574,10.165649471609225
0.5005005005005005,28.017391323901755,85.27107015794634,55.97874786515574,9.965449271409025
0.5205205205205206,29.138086976857824,85.47057865186844,55.97874786515574,9.765249071208824
0.5405405405405406,30.258782629813894,85.66607913377452,55.97874786515574,9.565048871008624
0.5605605605605606,31.379478282769963,85.85757160366458,55.97874786515574,9.364848670808424
0.5805805805805806,32.50017393572603,86.04505606153863,55.97874786515574,9.164648470608224
0.6006006006006006,33.620869588682105,86.22853250739665,55.97874786515574,8.964448270408024
0.6206206206206206,34.74156524163818,86.40800094123865,55.97874786515574,8.764248070207824
0.6406406406406406,35.86226089459425,86.58346136306464,55.97874786515574,8.564047870007624
0.6606606606606606,36.98295654755032,86.7549137728746,55.97874786515574,8.363847669807424
0.6806806806806808,38.103652200506396,86.92235817066855,55.97874786515574,8.163647469607223
0.7007007007007007,39.22434785346247,87.08579455644647,55.97874786515574,7.963447269407023
0.7207207207207207,40.34504350641854,87.24522293020837,55.97874786515574,7.763247069206823
0.7407407407407407,41.465739159374614,87.40064329195425,55.97874786515574,7.563046869006623
0.7607607607607608,42.58643481233069,87.55205564168412,55.97874786515574,7.362846668806423
0.7807807807807808,43.70713046528676,87.69945997939796,55.97874786515574,7.162646468606223
0.8008008008008007,44.82782611824283,87.84285630509578,55.97874786515574,6.962446268406023
0.8208208208208208,45.948521771198905,87.98224461877759,55.97874786515574,6.7622460682058225
0.8408408408408409,47.06921742415498,88.11762492044336,55.97874786515574,6.562045868005622
0.8608608608608609,48.18991307711105,88.24899721009312,55.97874786515574,6.361845667805422
0.8808808808808809,49.31060873006712,88.37636148772687,55.97874786515574,6.161645467605222
0.9009009009009008,50.431304383023196,88.49971775334458,55.97874786515574,5.961445267405022
0.920920920920921,51.55200003597927,88.61906600694628,55.97874786515574,5.761245067204822
0.9409409409409409,52.67269568893534,88.73440624853197,55.97874786515574,5.561044867004622
0.960960960960961,53.793391341891414,88.84573847810164,55.97874786515574,5.360844666804422
0.980980980980981,54.91408699484749,88.95306269565528,55.97874786515574,5.1606444666042215
1.001001001001001,56.03478264780356,89.0563789011929,55.97874786515574,4.960444266404021
1.021021021021021,57.15547830075963,89.15568709471451,55.97874786515574,4.760244066203821
1.0410410410410411,58.276173953715706,89.25098727622009,55.97874786515574,4.560043866003621
1.0610610610610611,59.39686960667178,89.34227944570965,55.97874786515574,4.359843665803421
1.0810810810810811,60.51756525962785,89.4295636031832,55.97874786515574,4.159643465603221
1.1011011011011012,61.638260912583924,89.51283974864072,55.97874786515574,3.9594432654030207
1.1211211211211212,62.75895656554,89.59210788208222,55.97874786515574,3.7592430652028206
1.1411411411411412,63.87965221849607,89.6673680035077,55.97874786515574,3.5590428650026205
1.1611611611611612,65.00034787145213,89.73862011291716,55.97874786515574,3.3588426648024203
1.1811811811811812,66.12104352440821,89.8058642103106,55.97874786515574,3.15864246460222
1.2012012012012012,67.24173917736428,89.86910029568803,55.97874786515574,2.95844226440202
1.2212212212212212,68.36243483032035,89.92832836904942,55.97874786515574,2.75824206420182
1.2412412412412412,69.48313048327643,89.9835484303948,55.97874786515574,2.55804186400162
1.2612612612612613,70.6038261362325,90.03476047972417,55.97874786515574,2.3578416638014197
1.2812812812812813,71.72452178918857,90.0819645170375,55.97874786515574,2.1576414636012196
1.3013013013013013,72.84521744214464,90.12516054233483,55.97874786515574,1.9574412634010194
1.3213213213213213,73.96591309510072,90.16434855561613,55.97874786515574,1.7572410632008193
1.3413413413413413,75.08660874805679,90.19952855688142,55.97874786515574,1.5570408630006192
1.3613613613613615,76.20730440101286,90.23070054613068,55.97874786515574,1.356840662800419
1.3813813813813813,77.32800005396894,90.25786452336392,55.97874786515574,1.156640462600219
1.4014014014014013,78.44869570692501,90.28102048858115,55.97874786515574,0.9564402624000188
1.4214214214214214,79.56939135988108,90.30016844178235,55.97874786515574,0.7562400621998187
1.4414414414414414,80.69008701283715,90.31530838296753,55.97874786515574,0.5560398619996185
1.4614614614614616,81.81078266579323,90.3264403121367,55.97874786515574,0.35583966179941834
1.4814814814814814,82.9314783187493,90.33356422928983,55.97874786515574,0.15563946159921815
1.5015015015015014,84.05217397170537,90.33668013442696,55.97874786515574,-0.04456073860098203
1.5215215215215216,85.17286962466144,90.33578802754806,55.97874786515574,-0.24476093880118222
1.5415415415415414,86.29356527761752,90.33088790865314,55.97874786515574,-0.4449611390013824
1.5615615615615617,87.41426093057359,90.3219797777422,55.97874786515574,-0.6451613392015826
1.5815815815815815,88.53495658352966,90.30906363481525,55.97874786515574,-0.8453615394017828
1.6016016016016015,89.65565223648574,90.29213947987226,55.97874786515574,-1.045561739601983
1.6216216216216217,90.77634788944181,90.27120731291326,55.97874786515574,-1.245761939802183
1.6416416416416415,91.89704354239788,90.24626713393825,55.97874786515574,-1.4459621400023832
1.6616616616616617,93.01773919535395,90.2173189429472,55.97874786515574,-1.6461623402025833
1.6816816816816818,94.13843484831003,90.18436273994014,55.97874786515574,-1.8463625404027835
1.7017017017017015,95.2591305012661,90.14739852491707,55.97874786515574,-2.0465627406029836
1.7217217217217218,96.37982615422217,90.10642629787796,55.97874786515574,-2.2467629408031837
1.7417417417417416,97.50052180717825,90.06144605882284,55.97874786515574,-2.446963141003384
1.7617617617617618,98.62121746013432,90.0124578077517,55.97874786515574,-2.647163341203584
1.7817817817817818,99.74191311309039,89.95946154466455,55.97874786515574,-2.847363541403784
1.8018018018018016,100.86260876604646,89.90245726956137,55.97874786515574,-3.0475637416039842
1.8218218218218218,101.98330441900254,89.84144498244217,55.97874786515574,-3.2477639418041844
1.841841841841842,103.10400007195861,89.77642468330696,55.97874786515574,-3.4479641420043845
1.8618618618618619,104.22469572491468,89.70739637215571,55.97874786515574,-3.6481643422045846
1.8818818818818819,105.34539137787075,89.63436004898846,55.97874786515574,-3.8483645424047848
1.9019019019019017,106.46608703082683,89.55731571380518,55.97874786515574,-4.048564742604985
1.921921921921922,107.5867826837829,89.47626336660588,55.97874786515574,-4.2487649428051855
1.9419419419419421,108.70747833673897,89.39120300739056,55.97874786515574,-4.448965143005386
1.961961961961962,109.82817398969505,89.30213463615922,55.97874786515574,-4.649165343205586
1.981981981981982,110.94886964265112,89.20905825291186,55.97874786515574,-4.849365543405786
2.002002002002002,112.06956529560719,89.11197385764848,55.97874786515574,-5.049565743605986
2.022022022022022,113.19026094856326,89.01088145036908,55.97874786515574,-5.249765943806186
2.042042042042042,114.31095660151934,88.90578103107366,55.97874786515574,-5.449966144006386
2.0620620620620618,115.43165225447541,88.79667259976222,55.97874786515574,-5.650166344206586
2.0820820820820822,116.55234790743148,88.68355615643476,55.97874786515574,-5.8503665444067865
2.1021021021021022,117.67304356038755,88.56643170109128,55.97874786515574,-6.050566744606987
2.1221221221221223,118.79373921334363,88.44529923373177,55.97874786515574,-6.250766944807187
2.1421421421421423,119.9144348662997,88.32015875435626,55.97874786515574,-6.450967145007387
2.1621621621621623,121.03513051925577,88.19101026296472,55.97874786515574,-6.651167345207587
2.1821821821821823,122.15582617221185,88.05785375955716,55.97874786515574,-6.851367545407787
2.2022022022022023,123.27652182516792,87.92068924413358,55.97874786515574,-7.051567745607987
2.2222222222222223,124.39721747812399,87.77951671669399,55.97874786515574,-7.251767945808187
2.2422422422422423,125.51791313108006,87.63433617723837,55.97874786515574,-7.4519681460083875
2.2622622622622623,126.63860878403614,87.48514762576673,55.97874786515574,-7.652168346208588
2.2822822822822824,127.75930443699221,87.33195106227907,55.97874786515574,-7.852368546408788
2.3023023023023024,128.88000008994828,87.17474648677539,55.97874786515574,-8.052568746608989
2.3223223223223224,130.00069574290436,87.01353389925569,55.97874786515574,-8.252768946809189
2.3423423423423424,131.12139139586043,86.84831329971998,55.97874786515574,-8.452969147009389
2.3623623623623624,132.2420870488165,86.67908468816823,55.97874786515574,-8.65316934720959
2.3823823823823824,133.36278270177257,86.50584806460047,55.97874786515574,-8.85336954740979
2.4024024024024024,134.48347835472865,86.3286034290167,55.97874786515574,-9.05356974760999
2.4224224224224224,135.60417400768472,86.14735078141689,55.97874786515574,-9.25376994781019
2.4424424424424425,136.7248696606408,85.96209012180107,55.97874786515574,-9.45397014801039
2.4624624624624625,137.84556531359686,85.77282145016923,55.97874786515574,-9.65417034821059
2.4824824824824825,138.96626096655294,85.57954476652137,55.97874786515574,-9.85437054841079
2.5025025025025025,140.086956619509,85.38226007085748,55.97874786515574,-10.05457074861099
2.5225225225225225,141.20765227246508,85.18096736317759,55.97874786515574,-10.25477094881119
2.5425425425425425,142.32834792542116,84.97566664348167,55.97874786515574,-10.45497114901139
2.5625625625625625,143.44904357837723,84.76635791176973,55.97874786515574,-10.65517134921159
2.5825825825825826,144.5697392313333,84.55304116804177,55.97874786515574,-10.85537154941179
2.6026026026026026,145.69043488428937,84.3357164122978,55.97874786515574,-11.05557174961199
2.6226226226226226,146.81113053724545,84.1143836445378,55.97874786515574,-11.25577194981219
2.6426426426426426,147.93182619020152,83.88904286476178,55.97874786515574,-11.455972150012391
2.6626626626626626,149.0525218431576,83.65969407296974,55.97874786515574,-11.656172350212591
2.6826826826826826,150.17321749611366,83.42633726916168,55.97874786515574,-11.856372550412791
2.7027027027027026,151.29391314906974,83.1889724533376,55.97874786515574,-12.056572750612991
2.722722722722723,152.4146088020258,82.9475996254975,55.97874786515574,-12.256772950813192
2.7427427427427427,153.53530445498188,82.70221878564138,55.97874786515574,-12.456973151013392
2.7627627627627627,154.65600010793796,82.45282993376924,55.97874786515574,-12.657173351213592
2.7827827827827827,155.77669576089403,82.19943306988108,55.97874786515574,-12.857373551413792
2.8028028028028027,156.8973914138501,81.9420281939769,55.97874786515574,-13.057573751613992
2.822822822822823,158.01808706680617,81.6806153060567,55.97874786515574,-13.257773951814192
2.8428428428428427,159.13878271976225,81.41519440612048,55.97874786515574,-13.457974152014392
2.8628628628628627,160.25947837271832,81.14576549416823,55.97874786515574,-13.658174352214592
2.8828828828828827,161.3801740256744,80.87232857019997,55.97874786515574,-13.858374552414793
2.9029029029029028,162.50086967863047,80.59488363421569,55.97874786515574,-14.058574752614993
2.922922922922923,163.62156533158654,80.3134306862154,55.97874786515574,-14.258774952815193
2.942942942942943,164.7422609845426,80.02796972619907,55.97874786515574,-14.458975153015393
2.962962962962963,165.86295663749868,79.73850075416674,55.97874786515574,-14.659175353215593
2.982982982982983,166.98365229045476,79.44502377011838,55.97874786515574,-14.859375553415793
3.003003003003003,168.10434794341083,79.147538774054,55.97874786515574,-15.059575753615993
3.0230230230230233,169.2250435963669,78.8460457659736,55.97874786515574,-15.259775953816193
3.0430430430430433,170.34573924932297,78.54054474587718,55.97874786515574,-15.459976154016394
3.063063063063063,171.46643490227905,78.23103571376474,55.97874786515574,-15.660176354216594
3.083083083083083,172.58713055523512,77.91751866963628,55.97874786515574,-15.860376554416794
3.103103103103103,173.7078262081912,77.5999936134918,55.97874786515574,-16.060576754616996
3.1231231231231233,174.82852186114727,77.2784605453313,55.97874786515574,-16.260776954817196
3.1431431431431434,175.94921751410334,76.95291946515478,55.97874786515574,-16.460977155017396
3.163163163163163,177.0699131670594,76.62337037296224,55.97874786515574,-16.661177355217596
3.183183183183183,178.19060882001548,76.28981326875368,55.97874786515574,-16.861377555417796
3.203203203203203,179.31130447297156,75.9522481525291,55.97874786515574,-17.061577755617996
3.2232232232232234,180.43200012592763,75.6106750242885,55.97874786515574,-17.261777955818197
3.2432432432432434,181.5526957788837,75.26509388403187,55.97874786515574,-17.461978156018397
3.263263263263263,182.67339143183978,74.91550473175923,55.97874786515574,-17.662178356218597
3.283283283283283,183.79408708479585,74.56190756747057,55.97874786515574,-17.862378556418797
3.303303303303303,184.91478273775192,74.20430239116588,55.97874786515574,-18.062578756618997
3.3233233233233235,186.035478390708,73.84268920284518,55.97874786515574,-18.262778956819197
3.3433433433433435,187.15617404366407,73.47706800250846,55.97874786515574,-18.462979157019397
3.3633633633633635,188.27686969662014,73.10743879015573,55.97874786515574,-18.663179357219597
3.383383383383383,189.3975653495762,72.73380156578696,55.97874786515574,-18.863379557419798
3.403403403403403,190.51826100253228,72.35615632940218,55.97874786515574,-19.063579757619998
3.4234234234234235,191.63895665548836,71.97450308100139,55.97874786515574,-19.263779957820198
3.4434434434434436,192.75965230844443,71.58884182058456,55.97874786515574,-19.463980158020398
3.4634634634634636,193.8803479614005,71.19917254815172,55.97874786515574,-19.664180358220598
3.483483483483483,195.00104361435658,70.80549526370287,55.97874786515574,-19.864380558420798
3.503503503503503,196.12173926731265,70.40780996723798,55.97874786515574,-20.064580758621
3.5235235235235236,197.24243492026872,70.00611665875708,55.97874786515574,-20.2647809588212
3.5435435435435436,198.3631305732248,69.60041533826016,55.97874786515574,-20.4649811590214
3.5635635635635636,199.48382622618087,69.19070600574722,55.97874786515574,-20.6651813592216
3.583583583583583,200.60452187913694,68.77698866121825,55.97874786515574,-20.8653815594218
3.603603603603603,201.725217532093,68.35926330467328,55.97874786515574,-21.065581759622
3.6236236236236237,202.84591318504908,67.93752993611227,55.97874786515574,-21.2657819598222
3.6436436436436437,203.96660883800516,67.51178855553525,55.97874786515574,-21.4659821600224
3.6636636636636637,205.08730449096123,67.08203916294221,55.97874786515574,-21.6661823602226
3.683683683683684,206.2080001439173,66.64828175833314,55.97874786515574,-21.8663825604228
3.7037037037037033,207.32869579687338,66.21051634170806,55.97874786515574,-22.066582760623
3.7237237237237237,208.44939144982945,65.76874291306696,55.97874786515574,-22.2667829608232
3.7437437437437437,209.57008710278552,65.32296147240984,55.97874786515574,-22.4669831610234
3.7637637637637638,210.6907827557416,64.8731720197367,55.97874786515574,-22.6671833612236
3.783783783783784,211.81147840869767,64.41937455504754,55.97874786515574,-22.8673835614238
3.8038038038038033,212.93217406165374,63.96156907834236,55.97874786515574,-23.067583761624
3.823823823823824,214.0528697146098,63.49975558962116,55.97874786515574,-23.2677839618242
3.843843843843844,215.17356536756589,63.03393408888394,55.97874786515574,-23.4679841620244
3.863863863863864,216.29426102052196,62.564104576130696,55.97874786515574,-23.6681843622246
3.8838838838838843,217.41495667347803,62.09026705136144,55.97874786515574,-23.8683845624248
3.9039039039039034,218.5356523264341,61.612421514576155,55.97874786515574,-24.068584762625
3.923923923923924,219.65634797939018,61.13056796577485,55.97874786515574,-24.2687849628252
3.943943943943944,220.77704363234625,60.64470640495753,55.97874786515574,-24.4689851630254
3.963963963963964,221.89773928530232,60.15483683212419,55.97874786515574,-24.6691853632256
3.9839839839839843,223.0184349382584,59.660959247274825,55.97874786515574,-24.8693855634258
4.004004004004004,224.13913059121447,59.163073650409444,55.97874786515574,-25.069585763626
4.0240240240240235,225.25982624417054,58.66118004152804,55.97874786515574,-25.2697859638262
4.044044044044044,226.3805218971266,58.15527842063062,55.97874786515574,-25.469986164026402
4.064064064064064,227.50121755008269,57.64536878771718,55.97874786515574,-25.670186364226602
4.084084084084084,228.62191320303876,57.13145114278772,55.97874786515574,-25.870386564426802
4.104104104104104,229.74260885599483,56.61352548584224,55.97874786515574,-26.070586764627002
4.1241241241241235,230.8633045089509,56.09159181688074,55.97874786515574,-26.270786964827202
4.1441441441441444,231.98400016190698,55.56565013590321,55.97874786515574,-26.470987165027402
4.1641641641641645,233.10469581486305,55.03570044290967,55.97874786515574,-26.671187365227603
4.1841841841841845,234.22539146781912,54.50174273790011,55.97874786515574,-26.871387565427803
4.2042042042042045,235.3460871207752,53.96377702087453,55.97874786515574,-27.071587765628003
4.2242242242242245,236.46678277373127,53.42180329183293,55.97874786515574,-27.271787965828203
4.2442442442442445,237.58747842668734,52.875821550775306,55.97874786515574,-27.471988166028403
4.2642642642642645,238.7081740796434,52.32583179770167,55.97874786515574,-27.672188366228603
4.2842842842842845,239.8288697325995,51.771834032612006,55.97874786515574,-27.872388566428803
4.3043043043043046,240.94956538555556,51.21382825550632,55.97874786515574,-28.072588766629003
4.324324324324325,242.07026103851163,50.65181446638462,55.97874786515574,-28.272788966829204
4.344344344344345,243.1909566914677,50.0857926652469,55.97874786515574,-28.472989167029404
4.364364364364365,244.31165234442378,49.515762852093154,55.97874786515574,-28.673189367229604
4.384384384384385,245.43234799737985,48.94172502692339,55.97874786515574,-28.873389567429804
4.404404404404405,246.55304365033592,48.36367918973761,55.97874786515574,-29.073589767630004
4.424424424424425,247.673739303292,47.78162534053581,55.97874786515574,-29.273789967830204
4.444444444444445,248.79443495624807,47.19556347931799,55.97874786515574,-29.473990168030404
4.464464464464465,249.91513060920414,46.605493606084146,55.97874786515574,-29.674190368230605
4.484484484484485,251.0358262621602,46.011415720834286,55.97874786515574,-29.874390568430805
4.504504504504505,252.1565219151163,45.413329823568404,55.97874786515574,-30.074590768631005
4.524524524524525,253.27721756807236,44.8112359142865,55.97874786515574,-30.274790968831205
4.544544544544545,254.39791322102843,44.20513399298858,55.97874786515574,-30.474991169031405
4.564564564564565,255.5186088739845,43.595024059674635,55.97874786515574,-30.675191369231605
4.584584584584585,256.6393045269406,42.98090611434468,55.97874786515574,-30.875391569431805
4.604604604604605,257.7600001798966,42.362780156998696,55.97874786515574,-31.075591769632005
4.624624624624625,258.88069583285267,41.74064618763669,55.97874786515574,-31.275791969832206
4.644644644644645,260.0013914858087,41.11450420625867,55.97874786515574,-31.475992170032406
4.664664664664665,261.12208713876475,40.48435421286463,55.97874786515574,-31.676192370232606
4.684684684684685,262.2427827917208,39.850196207454566,55.97874786515574,-31.876392570432806
4.704704704704705,263.36347844467684,39.212030190028486,55.97874786515574,-32.076592770633006
4.724724724724725,264.4841740976329,38.56985616058638,55.97874786515574,-32.276792970833206
4.744744744744745,265.60486975058893,37.92367411912826,55.97874786515574,-32.476993171033406
4.764764764764765,266.725565403545,37.27348406565412,55.97874786515574,-32.67719337123361
4.784784784784785,267.846261056501,36.61928600016395,55.97874786515574,-32.87739357143381
4.804804804804805,268.96695670945707,35.961079922657774,55.97874786515574,-33.07759377163401
4.824824824824825,270.0876523624131,35.29886583313557,55.97874786515574,-33.27779397183421
4.844844844844845,271.20834801536915,34.63264373159735,55.97874786515574,-33.47799417203441
4.864864864864865,272.3290436683252,33.96241361804311,55.97874786515574,-33.67819437223461
4.884884884884885,273.44973932128124,33.288175492472845,55.97874786515574,-33.87839457243481
4.904904904904905,274.5704349742373,32.60992935488656,55.97874786515574,-34.07859477263501
4.924924924924925,275.69113062719333,31.92767520528426,55.97874786515574,-34.27879497283521
4.944944944944945,276.8118262801494,31.241413043665936,55.97874786515574,-34.47899517303541
4.964964964964965,277.9325219331054,30.551142870031594,55.97874786515574,-34.67919537323561
4.984984984984985,279.05321758606146,29.856864684381232,55.97874786515574,-34.87939557343581
5.005005005005005,280.1739132390175,29.15857848671485,55.97874786515574,-35.07959577363601
5.025025025025025,281.29460889197355,28.456284277032445,55.97874786515574,-35.27979597383621
5.045045045045045,282.4153045449296,27.749982055334023,55.97874786515574,-35.47999617403641
5.065065065065065,283.53600019788564,27.03967182161958,55.97874786515574,-35.68019637423661
5.085085085085085,284.6566958508417,26.325353575889118,55.97874786515574,-35.88039657443681
5.105105105105105,285.77739150379773,25.607027318142634,55.97874786515574,-36.08059677463701
5.125125125125125,286.8980871567538,24.884693048380132,55.97874786515574,-36.28079697483721
5.145145145145145,288.0187828097098,24.15835076660161,55.97874786515574,-36.48099717503741
5.165165165165165,289.13947846266586,23.428000472807067,55.97874786515574,-36.68119737523761
5.185185185185185,290.2601741156219,22.693642166996504,55.97874786515574,-36.88139757543781
5.205205205205205,291.38086976857795,21.955275849169922,55.97874786515574,-37.08159777563801
5.225225225225225,292.501565421534,21.21290151932732,55.97874786515574,-37.28179797583821
5.245245245245245,293.62226107449004,20.466519177468697,55.97874786515574,-37.48199817603841
5.265265265265265,294.7429567274461,19.716128823594055,55.97874786515574,-37.68219837623861
5.285285285285285,295.86365238040213,18.961730457703393,55.97874786515574,-37.88239857643881
5.305305305305305,296.9843480333582,18.203324079796708,55.97874786515574,-38.08259877663901
5.325325325325325,298.1050436863142,17.440909689874005,55.97874786515574,-38.28279897683921
5.345345345345346,299.22573933927026,16.674487287935282,55.97874786515574,-38.48299917703941
5.365365365365365,300.3464349922263,15.904056873980538,55.97874786515574,-38.68319937723961
5.385385385385385,301.46713064518235,15.129618448009776,55.97874786515574,-38.88339957743981
5.405405405405405,302.5878262981384,14.351172010022992,55.97874786515574,-39.08359977764001
5.425425425425425,303.70852195109444,13.56871756002019,55.97874786515574,-39.28379997784021
5.445445445445446,304.8292176040505,12.782255098001366,55.97874786515574,-39.48400017804041
5.465465465465465,305.94991325700653,11.991784623966524,55.97874786515574,-39.68420037824061
5.485485485485485,307.0706089099626,11.19730613791566,55.97874786515574,-39.88440057844081
5.505505505505505,308.1913045629186,10.398819639848778,55.97874786515574,-40.08460077864101
5.525525525525525,309.31200021587466,9.596325129765875,55.97874786515574,-40.28480097884121
5.545545545545546,310.4326958688307,8.789822607666952,55.97874786515574,-40.48500117904141
5.565565565565565,311.55339152178675,7.979312073552009,55.97874786515574,-40.68520137924161
5.585585585585585,312.6740871747428,7.164793527421046,55.97874786515574,-40.88540157944181
5.605605605605605,313.79478282769884,6.346266969274063,55.97874786515574,-41.08560177964201
5.625625625625625,314.9154784806549,5.52373239911106,55.97874786515574,-41.28580197984221
5.645645645645646,316.0361741336109,4.6971898169320365,55.97874786515574,-41.48600218004241
5.665665665665665,317.156869786567,3.8666392227369935,55.97874786515574,-41.68620238024261
5.685685685685685,318.277565439523,3.0320806165259304,55.97874786515574,-41.88640258044281
5.7057057057057055,319.39826109247906,2.193513998298847,55.97874786515574,-42.08660278064301
5.7257257257257255,320.5189567454351,1.3509393680557436,55.97874786515574,-42.28680298084321
5.745745745745746,321.63965239839115,0.5043567257966202,55.97874786515574,-42.48700318104341
5.7657657657657655,322.7603480513472,-0.3462339284785232,55.97874786515574,-42.68720338124361
5.7857857857857855,323.88104370430324,-1.2008325947696865,55.97874786515574,-42.88740358144381
5.8058058058058055,325.0017393572593,-2.05943927307687,55.97874786515574,-43.08760378164401
5.8258258258258255,326.1224350102153,-2.9220539634000735,55.97874786515574,-43.28780398184421
5.845845845845846,327.24313066317137,-3.788676665739297,55.97874786515574,-43.48800418204441
5.865865865865866,328.3638263161274,-4.659307380094541,55.97874786515574,-43.688204382244614
5.885885885885886,329.48452196908346,-5.533946106465804,55.97874786515574,-43.888404582444814
5.905905905905906,330.6052176220395,-6.412592844853088,55.97874786515574,-44.088604782645014
5.925925925925926,331.72591327499555,-7.2952475952563915,55.97874786515574,-44.288804982845214
5.9459459459459465,332.8466089279516,-8.181910357675715,55.97874786515574,-44.489005183045414
5.965965965965966,333.96730458090764,-9.07258113211106,55.97874786515574,-44.689205383245614
5.9859859859859865,335.0880002338637,-9.967259918562423,55.97874786515574,-44.889405583445814
6.006006006006006,336.2086958868197,-10.865946717029807,55.97874786515574,-45.089605783646014
6.026026026026026,337.32939153977577,-11.76864152751321,55.97874786515574,-45.289805983846215
6.046046046046047,338.4500871927318,-12.675344350012635,55.97874786515574,-45.490006184046415
6.066066066066066,339.57078284568786,-13.586055184528078,55.97874786515574,-45.690206384246615
6.086086086086087,340.6914784986439,-14.500774031059542,55.97874786515574,-45.890406584446815
6.106106106106106,341.81217415159995,-15.419500889607026,55.97874786515574,-46.090606784647015
6.126126126126126,342.932869804556,-16.342235760170528,55.97874786515574,-46.290806984847215
6.146146146146147,344.05356545751204,-17.268978642750053,55.97874786515574,-46.491007185047415
6.166166166166166,345.1742611104681,-18.199729537345597,55.97874786515574,-46.691207385247615
6.186186186186187,346.2949567634241,-19.13448844395716,55.97874786515574,-46.891407585447816
6.206206206206206,347.41565241638017,-20.073255362584742,55.97874786515574,-47.091607785648016
6.226226226226226,348.5363480693362,-21.016030293228347,55.97874786515574,-47.291807985848216
6.246246246246247,349.65704372229226,-21.96281323588797,55.97874786515574,-47.492008186048416
6.266266266266266,350.7777393752483,-22.913604190563614,55.97874786515574,-47.692208386248616
6.286286286286287,351.89843502820435,-23.86840315725528,55.97874786515574,-47.892408586448816
6.306306306306306,353.0191306811604,-24.827210135962964,55.97874786515574,-48.092608786649016
6.326326326326326,354.13982633411644,-25.79002512668667,55.97874786515574,-48.29280898684922
6.346346346346347,355.2605219870725,-26.75684812942639,55.97874786515574,-48.49300918704942
6.366366366366366,356.3812176400285,-27.727679144182137,55.97874786515574,-48.69320938724962
6.386386386386387,357.50191329298457,-28.7025181709539,55.97874786515574,-48.89340958744982
6.406406406406406,358.6226089459406,-29.681365209741685,55.97874786515574,-49.09360978765002
6.426426426426426,359.74330459889666,-30.664220260545488,55.97874786515574,-49.29380998785022
6.446446446446447,360.8640002518527,-31.651083323365313,55.97874786515574,-49.49401018805042
6.466466466466466,361.98469590480875,-32.64195439820116,55.97874786515574,-49.69421038825062
6.486486486486487,363.1053915577648,-33.636833485053025,55.97874786515574,-49.89441058845082
6.506506506506506,364.22608721072083,-34.63572058392091,55.97874786515574,-50.09461078865102
6.526526526526526,365.3467828636769,-35.63861569480481,55.97874786515574,-50.29481098885122
6.546546546546547,366.4674785166329,-36.64551881770474,55.97874786515574,-50.49501118905142
6.566566566566566,367.58817416958897,-37.656429952620684,55.97874786515574,-50.69521138925162
6.586586586586587,368.708869822545,-38.67134909955265,55.97874786515574,-50.89541158945182
6.606606606606606,369.82956547550106,-39.69027625850063,55.97874786515574,-51.09561178965202
6.626626626626627,370.9502611284571,-40.713211429464636,55.97874786515574,-51.29581198985222
6.646646646646647,372.07095678141314,-41.74015461244466,55.97874786515574,-51.49601219005242
6.666666666666666,373.1916524343692,-42.771105807440705,55.97874786515574,-51.69621239025262
6.686686686686687,374.31234808732523,-43.80606501445277,55.97874786515574,-51.89641259045282
6.706706706706706,375.4330437402813,-44.84503223348086,55.97874786515574,-52.09661279065302
6.726726726726727,376.5537393932373,-45.88800746452496,55.97874786515574,-52.29681299085322
6.746746746746747,377.67443504619337,-46.93499070758509,55.97874786515574,-52.49701319105342
6.766766766766766,378.7951306991494,-47.98598196266123,55.97874786515574,-52.69721339125362
6.786786786786787,379.91582635210546,-49.04098122975339,55.97874786515574,-52.89741359145382
6.806806806806806,381.0365220050615,-50.09998850886158,55.97874786515574,-53.09761379165402
6.826826826826827,382.15721765801754,-51.16300379998578,55.97874786515574,-53.29781399185422
6.846846846846847,383.2779133109736,-52.230027103126005,55.97874786515574,-53.49801419205442
6.866866866866866,384.39860896392963,-53.30105841828225,55.97874786515574,-53.69821439225462
6.886886886886887,385.5193046168857,-54.376097745454516,55.97874786515574,-53.89841459245482
6.906906906906906,386.6400002698417,-55.4551450846428,55.97874786515574,-54.09861479265502
6.926926926926927,387.76069592279777,-56.5382004358471,55.97874786515574,-54.29881499285522
6.946946946946947,388.8813915757538,-57.625263799067426,55.97874786515574,-54.49901519305542
6.966966966966966,390.00208722870985,-58.71633517430377,55.97874786515574,-54.69921539325562
6.986986986986987,391.1227828816659,-59.811414561556134,55.97874786515574,-54.89941559345582
7.007007007007006,392.24347853462194,-60.91050196082452,55.97874786515574,-55.09961579365602
7.027027027027027,393.364174187578,-62.013597372108926,55.97874786515574,-55.29981599385622
7.047047047047047,394.48486984053403,-63.12070079540935,55.97874786515574,-55.50001619405642
7.067067067067066,395.6055654934901,-64.2318122307258,55.97874786515574,-55.70021639425662
7.087087087087087,396.7262611464461,-65.34693167805825,55.97874786515574,-55.90041659445682
7.107107107107106,397.84695679940216,-66.46605913740675,55.97874786515574,-56.10061679465702
7.127127127127127,398.9676524523582,-67.58919460877125,55.97874786515574,-56.30081699485722
7.147147147147147,400.08834810531425,-68.71633809215177,55.97874786515574,-56.50101719505742
7.167167167167166,401.2090437582703,-69.84748958754832,55.97874786515574,-56.70121739525762
7.187187187187187,402.32973941122634,-70.98264909496089,55.97874786515574,-56.90141759545782
7.207207207207206,403.4504350641824,-72.12181661438947,55.97874786515574,-57.10161779565802
7.227227227227227,404.57113071713843,-73.26499214583407,55.97874786515574,-57.30181799585822
7.247247247247247,405.6918263700945,-74.4121756892947,55.97874786515574,-57.50201819605842
7.267267267267268,406.8125220230505,-75.56336724477134,55.97874786515574,-57.70221839625862
7.287287287287287,407.93321767600656,-76.718566812264,55.97874786515574,-57.90241859645882
7.3073073073073065,409.0539133289626,-77.87777439177269,55.97874786515574,-58.10261879665902
7.327327327327327,410.17460898191865,-79.0409899832974,55.97874786515574,-58.30281899685922
7.347347347347347,411.2953046348747,-80.20821358683811,55.97874786515574,-58.50301919705942
7.367367367367368,412.41600028783074,-81.37944520239486,55.97874786515574,-58.70321939725962
7.387387387387387,413.5366959407868,-82.55468482996763,55.97874786515574,-58.90341959745982
7.4074074074074066,414.65739159374283,-83.73393246955641,55.97874786515574,-59.10361979766002
7.4274274274274275,415.7780872466989,-84.91718812116122,55.97874786515574,-59.303819997860224
7.4474474474474475,416.8987828996549,-86.10445178478204,55.97874786515574,-59.504020198060424
7.467467467467468,418.01947855261096,-87.29572346041888,55.97874786515574,-59.704220398260624
7.4874874874874875,419.140174205567,-88.49100314807175,55.97874786515574,-59.904420598460824
7.507507507507507,420.26086985852305,-89.69029084774064,55.97874786515574,-60.104620798661024
7.5275275275275275,421.3815655114791,-90.89358655942554,55.97874786515574,-60.304820998861224
7.5475475475475475,422.50226116443514,-92.10089028312647,55.97874786515574,-60.505021199061424
7.567567567567568,423.6229568173912,-93.31220201884342,55.97874786515574,-60.705221399261625
7.587587587587588,424.74365247034723,-94.52752176657638,55.97874786515574,-60.905421599461825
7.607607607607607,425.8643481233033,-95.74684952632538,55.97874786515574,-61.105621799662025
7.627627627627628,426.9850437762593,-96.97018529809039,55.97874786515574,-61.305821999862225
7.647647647647648,428.10573942921536,-98.19752908187141,55.97874786515574,-61.506022200062425
7.6676676676676685,429.2264350821714,-99.42888087766845,55.97874786515574,-61.706222400262625
7.687687687687688,430.34713073512745,-100.66424068548152,55.97874786515574,-61.906422600462825
7.707707707707707,431.4678263880835,-101.9036085053106,55.97874786515574,-62.106622800663025
7.727727727727728,432.58852204103954,-103.1469843371557,55.97874786515574,-62.306823000863226
7.747747747747748,433.7092176939956,-104.39436818101683,55.97874786515574,-62.507023201063426
7.767767767767769,434.8299133469516,-105.64576003689398,55.97874786515574,-62.707223401263626
7.787787787787788,435.9506089999077,-106.90115990478714,55.97874786515574,-62.907423601463826
7.807807807807807,437.0713046528637,-108.16056778469633,55.97874786515574,-63.107623801664026
7.827827827827828,438.19200030581976,-109.42398367662153,55.97874786515574,-63.307824001864226
7.847847847847848,439.3126959587758,-110.69140758056275,55.97874786515574,-63.508024202064426
7.867867867867869,440.43339161173185,-111.96283949652,55.97874786515574,-63.70822440226463
7.887887887887888,441.5540872646879,-113.23827942449327,55.97874786515574,-63.90842460246483
7.907907907907909,442.67478291764394,-114.51772736448255,55.97874786515574,-64.10862480266503
7.927927927927928,443.7954785706,-115.80118331648787,55.97874786515574,-64.30882500286523
7.947947947947948,444.916174223556,-117.08864728050919,55.97874786515574,-64.50902520306543
7.967967967967969,446.03686987651207,-118.38011925654654,55.97874786515574,-64.70922540326563
7.987987987987988,447.1575655294681,-119.67559924459991,55.97874786515574,-64.90942560346583
8.008008008008009,448.27826118242416,-120.9750872446693,55.97874786515574,-65.10962580366603
8.028028028028029,449.3989568353802,-122.2785832567547,55.97874786515574,-65.30982600386623
8.048048048048047,450.51965248833625,-123.58608728085612,55.97874786515574,-65.51002620406643
8.068068068068069,451.6403481412923,-124.89759931697357,55.97874786515574,-65.71022640426663
8.088088088088089,452.76104379424834,-126.21311936510703,55.97874786515574,-65.91042660446683
8.108108108108109,453.8817394472044,-127.53264742525651,55.97874786515574,-66.11062680466704
8.128128128128129,455.0024351001604,-128.85618349742202,55.97874786515574,-66.31082700486724
8.148148148148147,456.12313075311647,-130.18372758160356,55.97874786515574,-66.51102720506744
8.168168168168169,457.2438264060725,-131.51527967780112,55.97874786515574,-66.71122740526764
8.188188188188189,458.36452205902856,-132.8508397860147,55.97874786515574,-66.91142760546784
8.208208208208209,459.4852177119846,-134.19040790624427,55.97874786515574,-67.11162780566804
8.228228228228229,460.60591336494065,-135.53398403848988,55.97874786515574,-67.31182800586824
8.248248248248247,461.7266090178967,-136.8815681827515,55.97874786515574,-67.51202820606844
8.268268268268269,462.84730467085274,-138.23316033902913,55.97874786515574,-67.71222840626864
8.288288288288289,463.9680003238088,-139.5887605073228,55.97874786515574,-67.91242860646884
8.308308308308309,465.0886959767648,-140.9483686876325,55.97874786515574,-68.11262880666904
8.328328328328329,466.20939162972087,-142.3119848799582,55.97874786515574,-68.31282900686924
8.348348348348347,467.3300872826769,-143.67960908429993,55.97874786515574,-68.51302920706944
8.368368368368369,468.45078293563296,-145.05124130065767,55.97874786515574,-68.71322940726964
8.388388388388389,469.571478588589,-146.42688152903142,55.97874786515574,-68.91342960746984
8.408408408408409,470.69217424154505,-147.80652976942122,55.97874786515574,-69.11362980767004
8.428428428428429,471.8128698945011,-149.19018602182703,55.97874786515574,-69.31383000787024
8.448448448448449,472.93356554745714,-150.57785028624886,55.97874786515574,-69.51403020807044
8.468468468468469,474.0542612004132,-151.9695225626867,55.97874786515574,-69.71423040827064
8.488488488488489,475.1749568533692,-153.36520285114057,55.97874786515574,-69.91443060847084
8.508508508508509,476.29565250632527,-154.76489115161044,55.97874786515574,-70.11463080867104
8.528528528528529,477.4163481592813,-156.16858746409636,55.97874786515574,-70.31483100887124
8.548548548548549,478.53704381223736,-157.5762917885983,55.97874786515574,-70.51503120907144
8.568568568568569,479.6577394651934,-158.98800412511625,55.97874786515574,-70.71523140927164
8.588588588588589,480.77843511814945,-160.40372447365021,55.97874786515574,-70.91543160947184
8.608608608608609,481.8991307711055,-161.8234528342002,55.97874786515574,-71.11563180967204
8.62862862862863,483.01982642406153,-163.2471892067662,55.97874786515574,-71.31583200987224
8.64864864864865,484.1405220770176,-164.6749335913482,55.97874786515574,-71.51603221007244
8.66866866866867,485.2612177299736,-166.10668598794626,55.97874786515574,-71.71623241027264
8.68868868868869,486.38191338292967,-167.54244639656034,55.97874786515574,-71.91643261047284
8.70870870870871,487.5026090358857,-168.98221481719042,55.97874786515574,-72.11663281067304
8.72872872872873,488.62330468884176,-170.42599124983653,55.97874786515574,-72.31683301087324
8.74874874874875,489.7440003417978,-171.87377569449865,55.97874786515574,-72.51703321107344
8.76876876876877,490.86469599475384,-173.32556815117678,55.97874786515574,-72.71723341127364
8.78878878878879,491.9853916477099,-174.78136861987096,55.97874786515574,-72.91743361147384
8.80880880880881,493.10608730066593,-176.24117710058115,55.97874786515574,-73.11763381167404
8.82882882882883,494.226782953622,-177.70499359330736,55.97874786515574,-73.31783401187424
8.84884884884885,495.347478606578,-179.1728180980496,55.97874786515574,-73.51803421207444
8.86886886886887,496.46817425953407,-180.64465061480783,55.97874786515574,-73.71823441227464
8.88888888888889,497.5888699124901,-182.1204911435821,55.97874786515574,-73.91843461247484
8.90890890890891,498.70956556544616,-183.6003396843724,55.97874786515574,-74.11863481267504
8.92892892892893,499.8302612184022,-185.0841962371787,55.97874786515574,-74.31883501287524
8.94894894894895,500.95095687135824,-186.57206080200103,55.97874786515574,-74.51903521307544
8.96896896896897,502.0716525243143,-188.06393337883938,55.97874786515574,-74.71923541327564
8.98898898898899,503.19234817727033,-189.55981396769374,55.97874786515574,-74.91943561347584
9.00900900900901,504.3130438302264,-191.05970256856412,55.97874786515574,-75.11963581367604
9.02902902902903,505.4337394831824,-192.5635991814505,55.97874786515574,-75.31983601387624
9.04904904904905,506.55443513613847,-194.07150380635295,55.97874786515574,-75.52003621407644
9.06906906906907,507.6751307890945,-195.5834164432714,55.97874786515574,-75.72023641427664
9.08908908908909,508.79582644205055,-197.09933709220587,55.97874786515574,-75.92043661447684
9.10910910910911,509.9165220950066,-198.61926575315636,55.97874786515574,-76.12063681467704
9.12912912912913,511.03721774796264,-200.14320242612285,55.97874786515574,-76.32083701487724
9.14914914914915,512.1579134009187,-201.67114711110537,55.97874786515574,-76.52103721507744
9.16916916916917,513.2786090538748,-203.20309980810393,55.97874786515574,-76.72123741527764
9.18918918918919,514.3993047068309,-204.7390605171185,55.97874786515574,-76.92143761547784
9.20920920920921,515.520000359787,-206.2790292381491,55.97874786515574,-77.12163781567804
9.22922922922923,516.6406960127431,-207.8230059711957,55.97874786515574,-77.32183801587824
9.24924924924925,517.7613916656992,-209.37099071625832,55.97874786515574,-77.52203821607844
9.26926926926927,518.8820873186553,-210.92298347333696,55.97874786515574,-77.72223841627864
9.28928928928929,520.0027829716114,-212.47898424243164,55.97874786515574,-77.92243861647884
9.30930930930931,521.1234786245675,-214.03899302354233,55.97874786515574,-78.12263881667904
9.32932932932933,522.2441742775236,-215.60300981666904,55.97874786515574,-78.32283901687924
9.34934934934935,523.3648699304797,-217.17103462181177,55.97874786515574,-78.52303921707944
9.36936936936937,524.4855655834358,-218.7430674389705,55.97874786515574,-78.72323941727964
9.38938938938939,525.6062612363919,-220.31910826814527,55.97874786515574,-78.92343961747984
9.40940940940941,526.726956889348,-221.89915710933604,55.97874786515574,-79.12363981768004
9.42942942942943,527.8476525423041,-223.48321396254286,55.97874786515574,-79.32384001788024
9.44944944944945,528.9683481952602,-225.0712788277657,55.97874786515574,-79.52404021808044
9.46946946946947,530.0890438482163,-226.66335170500454,55.97874786515574,-79.72424041828064
9.48948948948949,531.2097395011724,-228.2594325942594,55.97874786515574,-79.92444061848084
9.50950950950951,532.3304351541285,-229.8595214955303,55.97874786515574,-80.12464081868104
9.52952952952953,533.4511308070846,-231.46361840881718,55.97874786515574,-80.32484101888124
9.54954954954955,534.5718264600407,-233.07172333412012,55.97874786515574,-80.52504121908144
9.56956956956957,535.6925221129968,-234.68383627143908,55.97874786515574,-80.72524141928164
9.58958958958959,536.8132177659529,-236.29995722077405,55.97874786515574,-80.92544161948184
9.60960960960961,537.933913418909,-237.92008618212503,55.97874786515574,-81.12564181968204
9.62962962962963,539.0546090718651,-239.54422315549203,55.97874786515574,-81.32584201988224
9.64964964964965,540.1753047248212,-241.17236814087505,55.97874786515574,-81.52604222008245
9.66966966966967,541.2960003777773,-242.8045211382741,55.97874786515574,-81.72624242028265
9.68968968968969,542.4166960307334,-244.4406821476892,55.97874786515574,-81.92644262048285
9.70970970970971,543.5373916836895,-246.08085116912028,55.97874786515574,-82.12664282068305
9.72972972972973,544.6580873366456,-247.7250282025674,55.97874786515574,-82.32684302088325
9.74974974974975,545.7787829896017,-249.3732132480305,55.97874786515574,-82.52704322108345
9.76976976976977,546.8994786425578,-251.02540630550965,55.97874786515574,-82.72724342128365
9.78978978978979,548.0201742955139,-252.68160737500483,55.97874786515574,-82.92744362148385
9.80980980980981,549.14086994847,-254.34181645651603,55.97874786515574,-83.12764382168405
9.82982982982983,550.2615656014261,-256.00603355004324,55.97874786515574,-83.32784402188425
9.84984984984985,551.3822612543822,-257.67425865558647,55.97874786515574,-83.52804422208445
9.86986986986987,552.5029569073383,-259.3464917731457,55.97874786515574,-83.72824442228465
9.88988988988989,553.6236525602944,-261.022732902721,55.97874786515574,-83.92844462248485
9.90990990990991,554.7443482132505,-262.70298204431225,55.97874786515574,-84.12864482268505
9.92992992992993,555.8650438662066,-264.38723919791954,55.97874786515574,-84.32884502288525
9.94994994994995,556.9857395191627,-266.07550436354285,55.97874786515574,-84.52904522308545
9.96996996996997,558.1064351721188,-267.76777754118217,55.97874786515574,-84.72924542328565
9.98998998998999,559.2271308250749,-269.46405873083756,55.97874786515574,-84.92944562348585
10.01001001001001,560.347826478031,-271.164347932509,55.97874786515574,-85.12964582368605
10.03003003003003,561.4685221309871,-272.8686451461964,55.97874786515574,-85.32984602388625
10.05005005005005,562.5892177839432,-274.57695037189984,55.97874786515574,-85.53004622408645
10.07007007007007,563.7099134368993,-276.2892636096193,55.97874786515574,-85.73024642428665
10.09009009009009,564.8306090898554,-278.00558485935477,55.97874786515574,-85.93044662448685
10.11011011011011,565.9513047428115,-279.72591412110626,55.97874786515574,-86.13064682468705
10.13013013013013,567.0720003957676,-281.45025139487376,55.97874786515574,-86.33084702488725
10.15015015015015,568.1926960487237,-283.1785966806573,55.97874786515574,-86.53104722508745
10.17017017017017,569.3133917016798,-284.9109499784568,55.97874786515574,-86.73124742528765
10.19019019019019,570.434087354636,-286.64731128827236,55.97874786515574,-86.93144762548785
10.21021021021021,571.554783007592,-288.3876806101039,55.97874786515574,-87.13164782568805
10.23023023023023,572.6754786605482,-290.1320579439515,55.97874786515574,-87.33184802588825
10.25025025025025,573.7961743135043,-291.88044328981516,55.97874786515574,-87.53204822608845
10.27027027027027,574.9168699664604,-293.63283664769483,55.97874786515574,-87.73224842628865
10.29029029029029,576.0375656194165,-295.3892380175905,55.97874786515574,-87.93244862648885
10.31031031031031,577.1582612723726,-297.1496473995022,55.97874786515574,-88.13264882668905
10.33033033033033,578.2789569253287,-298.91406479342993,55.97874786515574,-88.33284902688925
10.35035035035035,579.3996525782848,-300.68249019937366,55.97874786515574,-88.53304922708945
10.37037037037037,580.5203482312409,-302.4549236173334,55.97874786515574,-88.73324942728965
10.39039039039039,581.641043884197,-304.23136504730917,55.97874786515574,-88.93344962748985
10.41041041041041,582.7617395371531,-306.01181448930095,55.97874786515574,-89.13364982769005
10.43043043043043,583.8824351901092,-307.79627194330874,55.97874786515574,-89.33385002789025
10.45045045045045,585.0031308430653,-309.58473740933255,55.97874786515574,-89.53405022809045
10.47047047047047,586.1238264960214,-311.37721088737237,55.97874786515574,-89.73425042829065
10.49049049049049,587.2445221489775,-313.17369237742827,55.97874786515574,-89.93445062849085
10.51051051051051,588.3652178019336,-314.9741818795002,55.97874786515574,-90.13465082869105
10.53053053053053,589.4859134548897,-316.7786793935881,55.97874786515574,-90.33485102889125
10.55055055055055,590.6066091078458,-318.58718491969205,55.97874786515574,-90.53505122909145
10.57057057057057,591.7273047608019,-320.399698457812,55.97874786515574,-90.73525142929165
10.59059059059059,592.848000413758,-322.216220007948,55.97874786515574,-90.93545162949185
10.61061061061061,593.9686960667141,-324.03674957009997,55.97874786515574,-91.13565182969205
10.63063063063063,595.0893917196702,-325.861287144268,55.97874786515574,-91.33585202989225
10.65065065065065,596.2100873726263,-327.689832730452,55.97874786515574,-91.53605223009245
10.67067067067067,597.3307830255824,-329.52238632865203,55.97874786515574,-91.73625243029265
10.690690690690692,598.4514786785385,-331.3589479388681,55.97874786515574,-91.93645263049285
10.71071071071071,599.5721743314946,-333.19951756110015,55.97874786515574,-92.13665283069305
10.73073073073073,600.6928699844507,-335.04409519534823,55.97874786515574,-92.33685303089325
10.75075075075075,601.8135656374068,-336.8926808416124,55.97874786515574,-92.53705323109345
10.77077077077077,602.9342612903629,-338.74527449989256,55.97874786515574,-92.73725343129365
10.790790790790792,604.054956943319,-340.60187617018875,55.97874786515574,-92.93745363149385
10.81081081081081,605.1756525962751,-342.46248585250095,55.97874786515574,-93.13765383169405
10.83083083083083,606.2963482492312,-344.32710354682916,55.97874786515574,-93.33785403189425
10.85085085085085,607.4170439021873,-346.1957292531734,55.97874786515574,-93.53805423209445
10.87087087087087,608.5377395551434,-348.06836297153365,55.97874786515574,-93.73825443229465
10.890890890890892,609.6584352080995,-349.9450047019099,55.97874786515574,-93.93845463249485
10.91091091091091,610.7791308610556,-351.8256544443022,55.97874786515574,-94.13865483269505
10.93093093093093,611.8998265140117,-353.7103121987105,55.97874786515574,-94.33885503289525
10.95095095095095,613.0205221669678,-355.5989779651348,55.97874786515574,-94.53905523309545
10.97097097097097,614.1412178199239,-357.4916517435751,55.97874786515574,-94.73925543329565
10.990990990990992,615.26191347288,-359.38833353403146,55.97874786515574,-94.93945563349585
11.01101101101101,616.3826091258361,-361.2890233365039,55.97874786515574,-95.13965583369605
11.03103103103103,617.5033047787922,-363.1937211509923,55.97874786515574,-95.33985603389625
11.05105105105105,618.6240004317483,-365.10242697749675,55.97874786515574,-95.54005623409645
11.07107107107107,619.7446960847044,-367.0151408160172,55.97874786515574,-95.74025643429665
11.091091091091092,620.8653917376605,-368.9318626665537,55.97874786515574,-95.94045663449685
11.11111111111111,621.9860873906166,-370.8525925291062,55.97874786515574,-96.14065683469705
11.13113113113113,623.1067830435727,-372.7773304036747,55.97874786515574,-96.34085703489725
11.15115115115115,624.2274786965288,-374.7060762902592,55.97874786515574,-96.54105723509745
11.17117117117117,625.3481743494849,-376.63883018885974,55.97874786515574,-96.74125743529765
11.191191191191193,626.468870002441,-378.5755920994763,55.97874786515574,-96.94145763549785
11.21121121121121,627.5895656553971,-380.51636202210886,55.97874786515574,-97.14165783569806
11.23123123123123,628.7102613083532,-382.46113995675745,55.97874786515574,-97.34185803589826
11.25125125125125,629.8309569613093,-384.4099259034221,55.97874786515574,-97.54205823609846
11.27127127127127,630.9516526142654,-386.3627198621028,55.97874786515574,-97.74225843629866
11.291291291291293,632.0723482672215,-388.31952183279947,55.97874786515574,-97.94245863649886
11.31131131131131,633.1930439201776,-390.28033181551217,55.97874786515574,-98.14265883669906
11.33133133133133,634.3137395731337,-392.2451498102409,55.97874786515574,-98.34285903689926
11.35135135135135,635.4344352260898,-394.2139758169856,55.97874786515574,-98.54305923709946
11.37137137137137,636.5551308790459,-396.1868098357464,55.97874786515574,-98.74325943729966
11.391391391391393,637.675826532002,-398.16365186652314,55.97874786515574,-98.94345963749986
11.411411411411411,638.7965221849581,-400.1445019093159,55.97874786515574,-99.14365983770006
11.431431431431431,639.9172178379142,-402.1293599641247,55.97874786515574,-99.34386003790026
11.451451451451451,641.0379134908703,-404.11822603094953,55.97874786515574,-99.54406023810046
11.471471471471471,642.1586091438264,-406.11110010979036,55.97874786515574,-99.74426043830066
11.491491491491493,643.2793047967825,-408.1079822006472,55.97874786515574,-99.94446063850086
11.511511511511511,644.4000004497386,-410.1088723035201,55.97874786515574,-100.14466083870106
11.531531531531531,645.5206961026947,-412.11377041840905,55.97874786515574,-100.34486103890126
11.551551551551551,646.6413917556508,-414.122676545314,55.97874786515574,-100.54506123910146
11.571571571571571,647.7620874086069,-416.13559068423496,55.97874786515574,-100.74526143930166
11.591591591591593,648.882783061563,-418.15251283517193,55.97874786515574,-100.94546163950186
11.611611611611611,650.0034787145191,-420.1734429981249,55.97874786515574,-101.14566183970206
11.631631631631631,651.1241743674752,-422.19838117309394,55.97874786515574,-101.34586203990226
11.651651651651651,652.2448700204313,-424.22732736007896,55.97874786515574,-101.54606224010246
11.671671671671671,653.3655656733874,-426.26028155908,55.97874786515574,-101.74626244030266
11.691691691691693,654.4862613263435,-428.29724377009705,55.97874786515574,-101.94646264050286
11.711711711711711,655.6069569792996,-430.3382139931301,55.97874786515574,-102.14666284070306
11.731731731731731,656.7276526322557,-432.3831922281792,55.97874786515574,-102.34686304090326
11.751751751751751,657.8483482852118,-434.4321784752443,55.97874786515574,-102.54706324110346
11.771771771771771,658.9690439381679,-436.4851727343255,55.97874786515574,-102.74726344130366
11.791791791791793,660.089739591124,-438.5421750054227,55.97874786515574,-102.94746364150386
11.811811811811811,661.2104352440801,-440.6031852885359,55.97874786515574,-103.14766384170406
11.831831831831831,662.3311308970362,-442.6682035836651,55.97874786515574,-103.34786404190426
11.851851851851851,663.4518265499923,-444.73722989081034,55.97874786515574,-103.54806424210446
11.871871871871871,664.5725222029484,-446.8102642099716,55.97874786515574,-103.74826444230466
11.891891891891893,665.6932178559045,-448.88730654114886,55.97874786515574,-103.94846464250486
11.911911911911911,666.8139135088607,-450.96835688434214,55.97874786515574,-104.14866484270506
11.931931931931931,667.9346091618168,-453.05341523955144,55.97874786515574,-104.34886504290526
11.951951951951951,669.0553048147729,-455.14248160677676,55.97874786515574,-104.54906524310546
11.971971971971973,670.176000467729,-457.2355559860181,55.97874786515574,-104.74926544330566
11.991991991991993,671.296696120685,-459.33263837727543,55.97874786515574,-104.94946564350586
12.012012012012011,672.4173917736412,-461.43372878054885,55.97874786515574,-105.14966584370606
12.032032032032031,673.5380874265973,-463.5388271958383,55.97874786515574,-105.34986604390626
12.052052052052051,674.6587830795534,-465.64793362314373,55.97874786515574,-105.55006624410646
12.072072072072073,675.7794787325095,-467.7610480624652,55.97874786515574,-105.75026644430666
12.092092092092093,676.9001743854656,-469.8781705138027,55.97874786515574,-105.95046664450686
12.112112112112111,678.0208700384217,-471.99930097715617,55.97874786515574,-106.15066684470706
12.132132132132131,679.1415656913778,-474.1244394525257,55.97874786515574,-106.35086704490726
12.152152152152151,680.2622613443339,-476.2535859399112,55.97874786515574,-106.55106724510746
12.172172172172173,681.38295699729,-478.38674043931275,55.97874786515574,-106.75126744530766
12.192192192192193,682.5036526502461,-480.5239029507303,55.97874786515574,-106.95146764550786
12.212212212212211,683.6243483032022,-482.6650734741639,55.97874786515574,-107.15166784570806
12.232232232232231,684.7450439561583,-484.81025200961346,55.97874786515574,-107.35186804590826
12.252252252252251,685.8657396091144,-486.95943855707907,55.97874786515574,-107.55206824610846
12.272272272272273,686.9864352620705,-489.11263311656074,55.97874786515574,-107.75226844630866
12.292292292292293,688.1071309150266,-491.26983568805844,55.97874786515574,-107.95246864650886
12.312312312312311,689.2278265679827,-493.43104627157214,55.97874786515574,-108.15266884670906
12.332332332332332,690.3485222209388,-495.59626486710187,55.97874786515574,-108.35286904690926
12.352352352352352,691.4692178738949,-497.7654914746476,55.97874786515574,-108.55306924710946
12.372372372372373,692.589913526851,-499.93872609420936,55.97874786515574,-108.75326944730966
12.392392392392393,693.7106091798071,-502.1159687257871,55.97874786515574,-108.95346964750986
12.412412412412412,694.8313048327632,-504.2972193693809,55.97874786515574,-109.15366984771006
12.432432432432432,695.9520004857193,-506.4824780249907,55.97874786515574,-109.35387004791026
12.452452452452452,697.0726961386754,-508.6717446926165,55.97874786515574,-109.55407024811046
12.472472472472473,698.1933917916315,-510.86501937225836,55.97874786515574,-109.75427044831066
12.492492492492493,699.3140874445876,-513.0623020639163,55.97874786515574,-109.95447064851086
12.512512512512512,700.4347830975437,-515.2635927675901,55.97874786515574,-110.15467084871106
12.532532532532532,701.5554787504998,-517.46889148328,55.97874786515574,-110.35487104891126
12.552552552552552,702.6761744034559,-519.6781982109859,55.97874786515574,-110.55507124911146
12.572572572572573,703.796870056412,-521.8915129507078,55.97874786515574,-110.75527144931166
12.592592592592593,704.9175657093681,-524.1088357024457,55.97874786515574,-110.95547164951186
12.612612612612612,706.0382613623242,-526.3301664661997,55.97874786515574,-111.15567184971206
12.632632632632632,707.1589570152803,-528.5555052419696,55.97874786515574,-111.35587204991226
12.652652652652652,708.2796526682364,-530.7848520297557,55.97874786515574,-111.55607225011246
12.672672672672673,709.4003483211925,-533.0182068295578,55.97874786515574,-111.75627245031266
12.692692692692694,710.5210439741486,-535.2555696413759,55.97874786515574,-111.95647265051286
12.712712712712712,711.6417396271047,-537.4969404652101,55.97874786515574,-112.15667285071306
12.732732732732732,712.7624352800608,-539.7423193010602,55.97874786515574,-112.35687305091326
12.752752752752752,713.8831309330169,-541.9917061489264,55.97874786515574,-112.55707325111347
12.772772772772774,715.003826585973,-544.2451010088085,55.97874786515574,-112.75727345131367
12.792792792792794,716.1245222389291,-546.5025038807067,55.97874786515574,-112.95747365151387
12.812812812812812,717.2452178918852,-548.763914764621,55.97874786515574,-113.15767385171407
12.832832832832832,718.3659135448413,-551.0293336605512,55.97874786515574,-113.35787405191427
12.852852852852852,719.4866091977974,-553.2987605684974,55.97874786515574,-113.55807425211447
12.872872872872874,720.6073048507535,-555.5721954884597,55.97874786515574,-113.75827445231467
12.892892892892894,721.7280005037096,-557.8496384204379,55.97874786515574,-113.95847465251487
12.912912912912912,722.8486961566657,-560.1310893644322,55.97874786515574,-114.15867485271507
12.932932932932932,723.9693918096218,-562.4165483204425,55.97874786515574,-114.35887505291527
12.952952952952952,725.0900874625779,-564.7060152884688,55.97874786515574,-114.55907525311547
12.972972972972974,726.210783115534,-566.9994902685112,55.97874786515574,-114.75927545331567
12.992992992992994,727.3314787684901,-569.2969732605695,55.97874786515574,-114.95947565351587
13.013013013013012,728.4521744214462,-571.5984642646439,55.97874786515574,-115.15967585371607
13.033033033033032,729.5728700744023,-573.9039632807343,55.97874786515574,-115.35987605391627
13.053053053053052,730.6935657273584,-576.2134703088407,55.97874786515574,-115.56007625411647
13.073073073073074,731.8142613803145,-578.5269853489631,55.97874786515574,-115.76027645431667
13.093093093093094,732.9349570332706,-580.8445084011015,55.97874786515574,-115.96047665451687
13.113113113113112,734.0556526862267,-583.166039465256,55.97874786515574,-116.16067685471707
13.133133133133132,735.1763483391828,-585.4915785414264,55.97874786515574,-116.36087705491727
13.153153153153154,736.2970439921389,-587.821125629613,55.97874786515574,-116.56107725511747
13.173173173173174,737.417739645095,-590.1546807298156,55.97874786515574,-116.76127745531767
13.193193193193194,738.5384352980511,-592.4922438420342,55.97874786515574,-116.96147765551787
13.213213213213212,739.6591309510072,-594.8338149662688,55.97874786515574,-117.16167785571807
13.233233233233232,740.7798266039633,-597.1793941025195,55.97874786515574,-117.36187805591827
13.253253253253254,741.9005222569194,-599.5289812507862,55.97874786515574,-117.56207825611847
13.273273273273274,743.0212179098755,-601.8825764110688,55.97874786515574,-117.76227845631867
13.293293293293294,744.1419135628316,-604.2401795833675,55.97874786515574,-117.96247865651887
13.313313313313312,745.2626092157877,-606.6017907676822,55.97874786515574,-118.16267885671907
13.333333333333332,746.3833048687438,-608.967409964013,55.97874786515574,-118.36287905691927
13.353353353353354,747.5040005216999,-611.3370371723597,55.97874786515574,-118.56307925711947
13.373373373373374,748.624696174656,-613.7106723927225,55.97874786515574,-118.76327945731967
13.393393393393394,749.7453918276121,-616.0883156251012,55.97874786515574,-118.96347965751987
13.413413413413412,750.8660874805682,-618.469966869496,55.97874786515574,-119.16367985772007
13.433433433433432,751.9867831335243,-620.8556261259068,55.97874786515574,-119.36388005792027
13.453453453453454,753.1074787864804,-623.2452933943337,55.97874786515574,-119.56408025812047
13.473473473473474,754.2281744394365,-625.6389686747765,55.97874786515574,-119.76428045832067
13.493493493493494,755.3488700923926,-628.0366519672353,55.97874786515574,-119.96448065852087
13.513513513513512,756.4695657453487,-630.4383432717102,55.97874786515574,-120.16468085872107
13.533533533533532,757.5902613983048,-632.8440425882011,55.97874786515574,-120.36488105892127
13.553553553553554,758.710957051261,-635.253749916708,55.97874786515574,-120.56508125912147
13.573573573573574,759.831652704217,-637.6674652572309,55.97874786515574,-120.76528145932167
13.593593593593594,760.9523483571732,-640.0851886097698,55.97874786515574,-120.96548165952187
13.613613613613612,762.0730440101293,-642.5069199743248,55.97874786515574,-121.16568185972207
13.633633633633632,763.1937396630854,-644.9326593508957,55.97874786515574,-121.36588205992227
13.653653653653654,764.3144353160415,-647.3624067394828,55.97874786515574,-121.56608226012247
13.673673673673674,765.4351309689976,-649.7961621400859,55.97874786515574,-121.76628246032267
13.693693693693694,766.5558266219537,-652.233925552705,55.97874786515574,-121.96648266052287
13.713713713713712,767.6765222749098,-654.6756969773402,55.97874786515574,-122.16668286072307
13.733733733733732,768.7972179278659,-657.1214764139913,55.97874786515574,-122.36688306092327
13.753753753753754,769.917913580822,-659.5712638626585,55.97874786515574,-122.56708326112347
13.773773773773774,771.0386092337781,-662.0250593233417,55.97874786515574,-122.76728346132367
13.793793793793794,772.1593048867342,-664.4828627960409,55.97874786515574,-122.96748366152387
13.813813813813812,773.2800005396903,-666.9446742807561,55.97874786515574,-123.16768386172407
13.833833833833832,774.4006961926464,-669.4104937774873,55.97874786515574,-123.36788406192427
13.853853853853854,775.5213918456025,-671.8803212862346,55.97874786515574,-123.56808426212447
13.873873873873874,776.6420874985586,-674.3541568069978,55.97874786515574,-123.76828446232467
13.893893893893894,777.7627831515147,-676.8320003397771,55.97874786515574,-123.96848466252487
13.913913913913913,778.8834788044708,-679.3138518845724,55.97874786515574,-124.16868486272507
13.933933933933933,780.0041744574269,-681.7997114413837,55.97874786515574,-124.36888506292527
13.953953953953954,781.124870110383,-684.289579010211,55.97874786515574,-124.56908526312547
13.973973973973974,782.2455657633391,-686.7834545910544,55.97874786515574,-124.76928546332567
13.993993993993994,783.3662614162952,-689.2813381839137,55.97874786515574,-124.96948566352587
14.014014014014013,784.4869570692513,-691.7832297887891,55.97874786515574,-125.16968586372607
14.034034034034033,785.6076527222074,-694.2891294056805,55.97874786515574,-125.36988606392627
14.054054054054054,786.7283483751635,-696.7990370345879,55.97874786515574,-125.57008626412647
14.074074074074074,787.8490440281196,-699.3129526755113,55.97874786515574,-125.77028646432667
14.094094094094094,788.9697396810757,-701.8308763284507,55.97874786515574,-125.97048666452687
14.114114114114113,790.0904353340318,-704.3528079934061,55.97874786515574,-126.17068686472707
14.134134134134133,791.2111309869879,-706.8787476703776,55.97874786515574,-126.37088706492727
14.154154154154154,792.331826639944,-709.4086953593651,55.97874786515574,-126.57108726512747
14.174174174174174,793.4525222929001,-711.9426510603687,55.97874786515574,-126.77128746532767
14.194194194194194,794.5732179458562,-714.4806147733883,55.97874786515574,-126.97148766552787
14.214214214214213,795.6939135988123,-717.022586498424,55.97874786515574,-127.17168786572807
14.234234234234233,796.8146092517684,-719.5685662354756,55.97874786515574,-127.37188806592827
14.254254254254255,797.9353049047245,-722.1185539845433,55.97874786515574,-127.57208826612847
14.274274274274275,799.0560005576806,-724.672549745627,55.97874786515574,-127.77228846632867
14.294294294294295,800.1766962106367,-727.2305535187267,55.97874786515574,-127.97248866652888
14.314314314314313,801.2973918635928,-729.7925653038424,55.97874786515574,-128.1726888667291
14.334334334334333,802.4180875165489,-732.3585851009741,55.97874786515574,-128.3728890669293
14.354354354354355,803.538783169505,-734.9286129101218,55.97874786515574,-128.57308926712952
14.374374374374375,804.6594788224611,-737.5026487312856,55.97874786515574,-128.77328946732973
14.394394394394395,805.7801744754172,-740.0806925644654,55.97874786515574,-128.97348966752995
14.414414414414413,806.9008701283733,-742.6627444096612,55.97874786515574,-129.17368986773016
14.434434434434436,808.0215657813294,-745.248804266873,55.97874786515574,-129.37389006793038
14.454454454454455,809.1422614342855,-747.8388721361008,55.97874786515574,-129.5740902681306
14.474474474474475,810.2629570872416,-750.4329480173446,55.97874786515574,-129.7742904683308
14.494494494494495,811.3836527401977,-753.0310319106045,55.97874786515574,-129.97449066853102
14.514514514514513,812.5043483931538,-755.6331238158804,55.97874786515574,-130.17469086873123
14.534534534534536,813.6250440461099,-758.2392237331723,55.97874786515574,-130.37489106893145
14.554554554554555,814.745739699066,-760.8493316624802,55.97874786515574,-130.57509126913166
14.574574574574575,815.8664353520221,-763.4634476038041,55.97874786515574,-130.77529146933188
14.594594594594595,816.9871310049782,-766.081571557144,55.97874786515574,-130.9754916695321
14.614614614614613,818.1078266579343,-768.7037035225,55.97874786515574,-131.1756918697323
14.634634634634637,819.2285223108904,-771.3298434998719,55.97874786515574,-131.37589206993252
14.654654654654655,820.3492179638465,-773.95999148926,55.97874786515574,-131.57609227013273
14.674674674674675,821.4699136168026,-776.5941474906641,55.97874786515574,-131.77629247033295
14.694694694694695,822.5906092697587,-779.2323115040842,55.97874786515574,-131.97649267053316
14.714714714714713,823.7113049227148,-781.8744835295204,55.97874786515574,-132.17669287073338
14.734734734734737,824.8320005756709,-784.5206635669725,55.97874786515574,-132.3768930709336
14.754754754754755,825.952696228627,-787.1708516164407,55.97874786515574,-132.5770932711338
14.774774774774775,827.0733918815831,-789.8250476779249,55.97874786515574,-132.77729347133402
14.794794794794795,828.1940875345392,-792.4832517514251,55.97874786515574,-132.97749367153423
14.814814814814813,829.3147831874953,-795.1454638369413,55.97874786515574,-133.17769387173445
14.834834834834837,830.4354788404514,-797.8116839344735,55.97874786515574,-133.37789407193466
14.854854854854855,831.5561744934075,-800.4819120440218,55.97874786515574,-133.57809427213488
14.874874874874875,832.6768701463636,-803.156148165586,55.97874786515574,-133.7782944723351
14.894894894894895,833.7975657993197,-805.8343922991663,55.97874786515574,-133.9784946725353
14.914914914914913,834.9182614522758,-808.5166444447626,55.97874786515574,-134.17869487273552
14.934934934934937,836.0389571052319,-811.2029046023749,55.97874786515574,-134.37889507293573
14.954954954954955,837.159652758188,-813.8931727720033,55.97874786515574,-134.57909527313595
14.974974974974975,838.2803484111441,-816.5874489536476,55.97874786515574,-134.77929547333616
14.994994994994995,839.4010440641002,-819.285733147308,55.97874786515574,-134.97949567353638
15.015015015015013,840.5217397170563,-821.9880253529843,55.97874786515574,-135.1796958737366
15.035035035035037,841.6424353700124,-824.6943255706767,55.97874786515574,-135.3798960739368
15.055055055055055,842.7631310229685,-827.4046338003851,55.97874786515574,-135.58009627413702
15.075075075075075,843.8838266759246,-830.1189500421095,55.97874786515574,-135.78029647433723
15.095095095095095,845.0045223288807,-832.83727429585,55.97874786515574,-135.98049667453745
15.115115115115113,846.1252179818368,-835.5596065616064,55.97874786515574,-136.18069687473766
15.135135135135137,847.2459136347929,-838.285946839379,55.97874786515574,-136.38089707493788
15.155155155155155,848.366609287749,-841.0162951291676,55.97874786515574,-136.5810972751381
15.175175175175175,849.4873049407051,-843.7506514309722,55.97874786515574,-136.7812974753383
15.195195195195195,850.6080005936612,-846.4890157447928,55.97874786515574,-136.98149767553852
15.215215215215213,851.7286962466173,-849.2313880706295,55.97874786515574,-137.18169787573873
15.235235235235237,852.8493918995734,-851.9777684084821,55.97874786515574,-137.38189807593895
15.255255255255255,853.9700875525295,-854.7281567583508,55.97874786515574,-137.58209827613916
15.275275275275275,855.0907832054856,-857.4825531202355,55.97874786515574,-137.78229847633938
15.295295295295295,856.2114788584418,-860.2409574941362,55.97874786515574,-137.9824986765396
15.315315315315313,857.3321745113979,-863.0033698800529,55.97874786515574,-138.1826988767398
15.335335335335337,858.452870164354,-865.7697902779856,55.97874786515574,-138.38289907694002
15.355355355355355,859.57356581731,-868.5402186879344,55.97874786515574,-138.58309927714024
15.375375375375375,860.6942614702662,-871.3146551098991,55.97874786515574,-138.78329947734045
15.395395395395395,861.8149571232223,-874.0930995438799,55.97874786515574,-138.98349967754066
15.415415415415413,862.9356527761784,-876.8755519898767,55.97874786515574,-139.18369987774088
15.435435435435437,864.0563484291345,-879.6620124478895,55.97874786515574,-139.3839000779411
15.455455455455455,865.1770440820906,-882.4524809179184,55.97874786515574,-139.5841002781413
15.475475475475475,866.2977397350467,-885.2469573999632,55.97874786515574,-139.78430047834152
15.495495495495495,867.4184353880028,-888.0454418940241,55.97874786515574,-139.98450067854174
15.515515515515514,868.5391310409589,-890.8479344001009,55.97874786515574,-140.18470087874195
15.535535535535537,869.659826693915,-893.6544349181938,55.97874786515574,-140.38490107894216
15.555555555555555,870.7805223468711,-896.4649434483027,55.97874786515574,-140.58510127914238
15.575575575575575,871.9012179998272,-899.2794599904277,55.97874786515574,-140.7853014793426
15.595595595595595,873.0219136527833,-902.0979845445686,55.97874786515574,-140.9855016795428
15.615615615615614,874.1426093057394,-904.9205171107257,55.97874786515574,-141.18570187974302
15.635635635635637,875.2633049586955,-907.7470576888987,55.97874786515574,-141.38590207994324
15.655655655655655,876.3840006116516,-910.5776062790878,55.97874786515574,-141.58610228014345
15.675675675675675,877.5046962646077,-913.4121628812929,55.97874786515574,-141.78630248034366
15.695695695695695,878.6253919175638,-916.2507274955141,55.97874786515574,-141.98650268054388
15.715715715715717,879.7460875705199,-919.0933001217512,55.97874786515574,-142.1867028807441
15.735735735735737,880.866783223476,-921.9398807600044,55.97874786515574,-142.3869030809443
15.755755755755755,881.9874788764321,-924.7904694102735,55.97874786515574,-142.58710328114452
15.775775775775776,883.1081745293882,-927.6450660725587,55.97874786515574,-142.78730348134474
15.795795795795796,884.2288701823443,-930.5036707468599,55.97874786515574,-142.98750368154495
15.815815815815817,885.3495658353004,-933.3662834331772,55.97874786515574,-143.18770388174516
15.835835835835837,886.4702614882565,-936.2329041315104,55.97874786515574,-143.38790408194538
15.855855855855856,887.5909571412126,-939.1035328418596,55.97874786515574,-143.5881042821456
15.875875875875876,888.7116527941687,-941.9781695642249,55.97874786515574,-143.7883044823458
15.895895895895896,889.8323484471248,-944.8568142986062,55.97874786515574,-143.98850468254602
15.915915915915917,890.9530441000809,-947.7394670450035,55.97874786515574,-144.18870488274624
15.935935935935937,892.073739753037,-950.6261278034168,55.97874786515574,-144.38890508294645
15.955955955955956,893.1944354059931,-953.5167965738461,55.97874786515574,-144.58910528314667
15.975975975975976,894.3151310589492,-956.4114733562915,55.97874786515574,-144.78930548334688
15.995995995995996,895.4358267119053,-959.3101581507528,55.97874786515574,-144.9895056835471
16.016016016016017,896.5565223648614,-962.2128509572302,55.97874786515574,-145.1897058837473
16.036036036036037,897.6772180178175,-965.1195517757236,55.97874786515574,-145.38990608394752
16.056056056056057,898.7979136707736,-968.030260606233,55.97874786515574,-145.59010628414774
16.076076076076077,899.9186093237297,-970.9449774487586,55.97874786515574,-145.79030648434795
16.096096096096094,901.0393049766858,-973.8637023033001,55.97874786515574,-145.99050668454817
16.116116116116117,902.1600006296419,-976.7864351698577,55.97874786515574,-146.19070688474838
16.136136136136138,903.280696282598,-979.7131760484313,55.97874786515574,-146.3909070849486
16.156156156156158,904.4013919355541,-982.6439249390208,55.97874786515574,-146.5911072851488
16.176176176176178,905.5220875885102,-985.5786818416265,55.97874786515574,-146.79130748534902
16.196196196196194,906.6427832414663,-988.5174467562481,55.97874786515574,-146.99150768554924
16.216216216216218,907.7634788944224,-991.4602196828857,55.97874786515574,-147.19170788574945
16.236236236236238,908.8841745473785,-994.4070006215394,55.97874786515574,-147.39190808594967
16.256256256256258,910.0048702003346,-997.3577895722091,55.97874786515574,-147.59210828614988
16.276276276276278,911.1255658532907,-1000.3125865348948,55.97874786515574,-147.7923084863501
16.296296296296294,912.2462615062468,-1003.2713915095965,55.97874786515574,-147.9925086865503
16.316316316316318,913.3669571592029,-1006.2342044963142,55.97874786515574,-148.19270888675052
16.336336336336338,914.487652812159,-1009.2010254950479,55.97874786515574,-148.39290908695074
16.356356356356358,915.6083484651151,-1012.1718545057977,55.97874786515574,-148.59310928715095
16.376376376376378,916.7290441180712,-1015.1466915285635,55.97874786515574,-148.79330948735117
16.396396396396394,917.8497397710273,-1018.1255365633452,55.97874786515574,-148.99350968755138
16.416416416416418,918.9704354239834,-1021.108389610143,55.97874786515574,-149.1937098877516
16.436436436436438,920.0911310769395,-1024.0952506689569,55.97874786515574,-149.3939100879518
16.456456456456458,921.2118267298956,-1027.0861197397867,55.97874786515574,-149.59411028815202
16.476476476476478,922.3325223828517,-1030.0809968226326,55.97874786515574,-149.79431048835224
16.496496496496494,923.4532180358078,-1033.0798819174945,55.97874786515574,-149.99451068855245
16.516516516516518,924.5739136887639,-1036.0827750243725,55.97874786515574,-150.19471088875267
16.536536536536538,925.69460934172,-1039.0896761432664,55.97874786515574,-150.39491108895288
16.556556556556558,926.8153049946761,-1042.1005852741764,55.97874786515574,-150.5951112891531
16.576576576576578,927.9360006476322,-1045.1155024171023,55.97874786515574,-150.7953114893533
16.596596596596594,929.0566963005883,-1048.1344275720444,55.97874786515574,-150.99551168955352
16.616616616616618,930.1773919535444,-1051.1573607390023,55.97874786515574,-151.19571188975374
16.636636636636638,931.2980876065005,-1054.1843019179764,55.97874786515574,-151.39591208995395
16.656656656656658,932.4187832594566,-1057.2152511089664,55.97874786515574,-151.59611229015417
16.676676676676678,933.5394789124127,-1060.2502083119725,55.97874786515574,-151.79631249035438
16.696696696696694,934.6601745653688,-1063.2891735269945,55.97874786515574,-151.9965126905546
16.716716716716718,935.7808702183249,-1066.3321467540327,55.97874786515574,-152.1967128907548
16.736736736736738,936.901565871281,-1069.3791279930867,55.97874786515574,-152.39691309095502
16.756756756756758,938.0222615242371,-1072.430117244157,55.97874786515574,-152.59711329115524
16.776776776776778,939.1429571771932,-1075.485114507243,55.97874786515574,-152.79731349135545
16.796796796796794,940.2636528301493,-1078.5441197823452,55.97874786515574,-152.99751369155567
16.816816816816818,941.3843484831054,-1081.6071330694635,55.97874786515574,-153.19771389175588
16.836836836836838,942.5050441360615,-1084.6741543685978,55.97874786515574,-153.3979140919561
16.856856856856858,943.6257397890176,-1087.7451836797482,55.97874786515574,-153.5981142921563
16.876876876876878,944.7464354419737,-1090.8202210029144,55.97874786515574,-153.79831449235652
16.896896896896898,945.8671310949298,-1093.8992663380968,55.97874786515574,-153.99851469255674
16.916916916916918,946.987826747886,-1096.9823196852951,55.97874786515574,-154.19871489275695
16.936936936936938,948.108522400842,-1100.0693810445096,55.97874786515574,-154.39891509295717
16.956956956956958,949.2292180537981,-1103.16045041574,55.97874786515574,-154.59911529315738
16.976976976976978,950.3499137067543,-1106.2555277989863,55.97874786515574,-154.7993154933576
16.996996996996998,951.4706093597104,-1109.3546131942487,55.97874786515574,-154.9995156935578
17.017017017017018,952.5913050126665,-1112.4577066015272,55.97874786515574,-155.19971589375803
17.037037037037038,953.7120006656226,-1115.5648080208216,55.97874786515574,-155.39991609395824
17.057057057057058,954.8326963185787,-1118.6759174521321,55.97874786515574,-155.60011629415845
17.077077077077078,955.9533919715348,-1121.7910348954586,55.97874786515574,-155.80031649435867
17.097097097097098,957.0740876244909,-1124.910160350801,55.97874786515574,-156.00051669455888
17.117117117117118,958.194783277447,-1128.0332938181596,55.97874786515574,-156.2007168947591
17.137137137137138,959.3154789304031,-1131.1604352975341,55.97874786515574,-156.4009170949593
17.157157157157158,960.4361745833592,-1134.2915847889246,55.97874786515574,-156.60111729515953
17.177177177177178,961.5568702363153,-1137.4267422923313,55.97874786515574,-156.80131749535974
17.197197197197198,962.6775658892714,-1140.5659078077538,55.97874786515574,-157.00151769555995
17.217217217217218,963.7982615422275,-1143.7090813351924,55.97874786515574,-157.20171789576017
17.237237237237238,964.9189571951836,-1146.856262874647,55.97874786515574,-157.40191809596038
17.25725725725726,966.0396528481397,-1150.0074524261177,55.97874786515574,-157.6021182961606
17.27727727727728,967.1603485010958,-1153.1626499896045,55.97874786515574,-157.8023184963608
17.2972972972973,968.2810441540519,-1156.3218555651072,55.97874786515574,-158.00251869656103
17.31731731731732,969.401739807008,-1159.485069152626,55.97874786515574,-158.20271889676124
17.33733733733734,970.5224354599641,-1162.6522907521608,55.97874786515574,-158.40291909696145
17.35735735735736,971.6431311129202,-1165.8235203637116,55.97874786515574,-158.60311929716167
17.37737737737738,972.7638267658763,-1168.9987579872784,55.97874786515574,-158.80331949736188
17.3973973973974,973.8845224188324,-1172.1780036228613,55.97874786515574,-159.0035196975621
17.41741741741742,975.0052180717885,-1175.36125727046,55.97874786515574,-159.2037198977623
17.43743743743744,976.1259137247446,-1178.548518930075,55.97874786515574,-159.40392009796253
17.45745745745746,977.2466093777007,-1181.7397886017059,55.97874786515574,-159.60412029816274
17.47747747747748,978.3673050306568,-1184.9350662853528,55.97874786515574,-159.80432049836296
17.4974974974975,979.4880006836129,-1188.1343519810157,55.97874786515574,-160.00452069856317
17.51751751751752,980.608696336569,-1191.3376456886947,55.97874786515574,-160.20472089876338
17.53753753753754,981.7293919895251,-1194.5449474083896,55.97874786515574,-160.4049210989636
17.55755755755756,982.8500876424812,-1197.7562571401006,55.97874786515574,-160.6051212991638
17.57757757757758,983.9707832954373,-1200.9715748838275,55.97874786515574,-160.80532149936403
17.5975975975976,985.0914789483934,-1204.1909006395706,55.97874786515574,-161.00552169956424
17.61761761761762,986.2121746013495,-1207.4142344073296,55.97874786515574,-161.20572189976446
17.63763763763764,987.3328702543056,-1210.6415761871046,55.97874786515574,-161.40592209996467
17.65765765765766,988.4535659072617,-1213.8729259788956,55.97874786515574,-161.60612230016488
17.67767767767768,989.5742615602178,-1217.1082837827028,55.97874786515574,-161.8063225003651
17.6976976976977,990.6949572131739,-1220.3476495985258,55.97874786515574,-162.0065227005653
17.71771771771772,991.81565286613,-1223.591023426365,55.97874786515574,-162.20672290076553
17.73773773773774,992.9363485190861,-1226.83840526622,55.97874786515574,-162.40692310096574
17.75775775775776,994.0570441720422,-1230.0897951180912,55.97874786515574,-162.60712330116596
17.77777777777778,995.1777398249983,-1233.3451929819785,55.97874786515574,-162.80732350136617
17.7977977977978,996.2984354779544,-1236.6045988578817,55.97874786515574,-163.00752370156638
17.81781781781782,997.4191311309105,-1239.868012745801,55.97874786515574,-163.2077239017666
17.83783783783784,998.5398267838666,-1243.1354346457363,55.97874786515574,-163.4079241019668
17.85785785785786,999.6605224368227,-1246.4068645576876,55.97874786515574,-163.60812430216703
17.87787787787788,1000.7812180897788,-1249.682302481655,55.97874786515574,-163.80832450236724
17.8978978978979,1001.9019137427349,-1252.9617484176383,55.97874786515574,-164.00852470256746
17.91791791791792,1003.022609395691,-1256.2452023656376,55.97874786515574,-164.20872490276767
17.93793793793794,1004.1433050486471,-1259.532664325653,55.97874786515574,-164.40892510296788
17.95795795795796,1005.2640007016032,-1262.8241342976844,55.97874786515574,-164.6091253031681
17.97797797797798,1006.3846963545593,-1266.1196122817319,55.97874786515574,-164.8093255033683
17.997997997998,1007.5053920075154,-1269.4190982777952,55.97874786515574,-165.00952570356853
18.01801801801802,1008.6260876604715,-1272.7225922858747,55.97874786515574,-165.20972590376874
18.03803803803804,1009.7467833134276,-1276.0300943059701,55.97874786515574,-165.40992610396896
18.05805805805806,1010.8674789663837,-1279.3416043380817,55.97874786515574,-165.61012630416917
18.07807807807808,1011.9881746193398,-1282.657122382209,55.97874786515574,-165.81032650436939
18.0980980980981,1013.1088702722959,-1285.9766484383526,55.97874786515574,-166.0105267045696
18.11811811811812,1014.229565925252,-1289.300182506512,55.97874786515574,-166.2107269047698
18.13813813813814,1015.3502615782081,-1292.6277245866877,55.97874786515574,-166.41092710497003
18.15815815815816,1016.4709572311642,-1295.9592746788792,55.97874786515574,-166.61112730517024
18.17817817817818,1017.5916528841203,-1299.2948327830868,55.97874786515574,-166.81132750537046
18.1981981981982,1018.7123485370764,-1302.6343988993103,55.97874786515574,-167.01152770557067
18.21821821821822,1019.8330441900325,-1305.97797302755,55.97874786515574,-167.21172790577089
18.23823823823824,1020.9537398429886,-1309.3255551678058,55.97874786515574,-167.4119281059711
18.25825825825826,1022.0744354959447,-1312.6771453200774,55.97874786515574,-167.61212830617131
18.27827827827828,1023.1951311489008,-1316.0327434843653,55.97874786515574,-167.81232850637153
18.2982982982983,1024.315826801857,-1319.392349660669,55.97874786515574,-168.01252870657174
18.31831831831832,1025.436522454813,-1322.7559638489888,55.97874786515574,-168.21272890677196
18.33833833833834,1026.5572181077691,-1326.1235860493246,55.97874786515574,-168.41292910697217
18.35835835835836,1027.6779137607252,-1329.4952162616764,55.97874786515574,-168.6131293071724
18.37837837837838,1028.7986094136813,-1332.8708544860442,55.97874786515574,-168.8133295073726
18.3983983983984,1029.9193050666374,-1336.2505007224281,55.97874786515574,-169.01352970757281
18.41841841841842,1031.0400007195935,-1339.634154970828,55.97874786515574,-169.21372990777303
18.43843843843844,1032.1606963725496,-1343.0218172312439,55.97874786515574,-169.41393010797324
18.45845845845846,1033.2813920255057,-1346.4134875036757,55.97874786515574,-169.61413030817346
18.47847847847848,1034.4020876784618,-1349.8091657881237,55.97874786515574,-169.81433050837367
18.4984984984985,1035.522783331418,-1353.2088520845875,55.97874786515574,-170.0145307085739
18.51851851851852,1036.643478984374,-1356.6125463930675,55.97874786515574,-170.2147309087741
18.53853853853854,1037.7641746373301,-1360.0202487135634,55.97874786515574,-170.41493110897432
18.55855855855856,1038.8848702902862,-1363.4319590460755,55.97874786515574,-170.61513130917453
18.57857857857858,1040.0055659432423,-1366.8476773906034,55.97874786515574,-170.81533150937474
18.5985985985986,1041.1262615961984,-1370.2674037471475,55.97874786515574,-171.01553170957496
18.61861861861862,1042.2469572491545,-1373.6911381157074,55.97874786515574,-171.21573190977517
18.63863863863864,1043.3676529021106,-1377.1188804962835,55.97874786515574,-171.4159321099754
18.65865865865866,1044.4883485550668,-1380.5506308888755,55.97874786515574,-171.6161323101756
18.67867867867868,1045.6090442080229,-1383.9863892934836,55.97874786515574,-171.81633251037582
18.6986986986987,1046.729739860979,-1387.4261557101079,55.97874786515574,-172.01653271057603
18.71871871871872,1047.850435513935,-1390.869930138748,55.97874786515574,-172.21673291077624
18.73873873873874,1048.9711311668912,-1394.3177125794043,55.97874786515574,-172.41693311097646
18.75875875875876,1050.0918268198473,-1397.7695030320765,55.97874786515574,-172.61713331117667
18.77877877877878,1051.2125224728034,-1401.2253014967648,55.97874786515574,-172.8173335113769
18.7987987987988,1052.3332181257595,-1404.685107973469,55.97874786515574,-173.0175337115771
18.81881881881882,1053.4539137787156,-1408.1489224621894,55.97874786515574,-173.21773391177732
18.83883883883884,1054.5746094316717,-1411.6167449629256,55.97874786515574,-173.41793411197753
18.85885885885886,1055.6953050846278,-1415.088575475678,55.97874786515574,-173.61813431217774
18.87887887887888,1056.8160007375839,-1418.5644140004463,55.97874786515574,-173.81833451237796
18.8988988988989,1057.93669639054,-1422.0442605372307,55.97874786515574,-174.01853471257817
18.91891891891892,1059.057392043496,-1425.528115086031,55.97874786515574,-174.2187349127784
18.93893893893894,1060.1780876964522,-1429.0159776468474,55.97874786515574,-174.4189351129786
18.95895895895896,1061.2987833494083,-1432.5078482196798,55.97874786515574,-174.61913531317882
18.97897897897898,1062.4194790023644,-1436.0037268045282,55.97874786515574,-174.81933551337903
18.998998998999,1063.5401746553205,-1439.5036134013926,55.97874786515574,-175.01953571357924
19.01901901901902,1064.6608703082766,-1443.007508010273,55.97874786515574,-175.21973591377946
19.03903903903904,1065.7815659612327,-1446.5154106311695,55.97874786515574,-175.41993611397967
19.05905905905906,1066.9022616141888,-1450.027321264082,55.97874786515574,-175.6201363141799
19.07907907907908,1068.0229572671449,-1453.5432399090105,55.97874786515574,-175.8203365143801
19.0990990990991,1069.143652920101,-1457.063166565955,55.97874786515574,-176.02053671458032
19.11911911911912,1070.264348573057,-1460.5871012349155,55.97874786515574,-176.22073691478053
19.13913913913914,1071.3850442260132,-1464.115043915892,55.97874786515574,-176.42093711498075
19.15915915915916,1072.5057398789693,-1467.6469946088846,55.97874786515574,-176.62113731518096
19.17917917917918,1073.6264355319254,-1471.1829533138932,55.97874786515574,-176.82133751538117
19.1991991991992,1074.7471311848815,-1474.722920030918,55.97874786515574,-177.0215377155814
19.21921921921922,1075.8678268378376,-1478.2668947599586,55.97874786515574,-177.2217379157816
19.23923923923924,1076.9885224907937,-1481.8148775010154,55.97874786515574,-177.42193811598182
19.25925925925926,1078.1092181437498,-1485.366868254088,55.97874786515574,-177.62213831618203
19.27927927927928,1079.229913796706,-1488.922867019177,55.97874786515574,-177.82233851638225
19.2992992992993,1080.350609449662,-1492.4828737962816,55.97874786515574,-178.02253871658246
19.31931931931932,1081.471305102618,-1496.0468885854025,55.97874786515574,-178.22273891678267
19.33933933933934,1082.5920007555742,-1499.6149113865392,55.97874786515574,-178.4229391169829
19.35935935935936,1083.7126964085303,-1503.186942199692,55.97874786515574,-178.6231393171831
19.37937937937938,1084.8333920614864,-1506.762981024861,55.97874786515574,-178.82333951738332
19.3993993993994,1085.9540877144425,-1510.3430278620458,55.97874786515574,-179.02353971758353
19.41941941941942,1087.0747833673986,-1513.9270827112466,55.97874786515574,-179.22373991778375
19.43943943943944,1088.1954790203547,-1517.5151455724636,55.97874786515574,-179.42394011798396
19.45945945945946,1089.3161746733108,-1521.1072164456964,55.97874786515574,-179.62414031818417
19.47947947947948,1090.436870326267,-1524.7032953309454,55.97874786515574,-179.8243405183844
19.4994994994995,1091.557565979223,-1528.3033822282102,55.97874786515574,-180.0245407185846
19.51951951951952,1092.678261632179,-1531.9074771374912,55.97874786515574,-180.22474091878482
19.53953953953954,1093.7989572851352,-1535.5155800587881,55.97874786515574,-180.42494111898503
19.55955955955956,1094.9196529380913,-1539.1276909921012,55.97874786515574,-180.62514131918525
19.57957957957958,1096.0403485910474,-1542.7438099374301,55.97874786515574,-180.82534151938546
19.5995995995996,1097.1610442440035,-1546.3639368947752,55.97874786515574,-181.02554171958568
19.61961961961962,1098.2817398969596,-1549.9880718641361,55.97874786515574,-181.2257419197859
19.63963963963964,1099.4024355499157,-1553.6162148455132,55.97874786515574,-181.4259421199861
19.65965965965966,1100.5231312028718,-1557.2483658389065,55.97874786515574,-181.62614232018632
19.67967967967968,1101.643826855828,-1560.8845248443156,55.97874786515574,-181.82634252038653
19.6996996996997,1102.764522508784,-1564.5246918617408,55.97874786515574,-182.02654272058675
19.71971971971972,1103.88521816174,-1568.168866891182,55.97874786515574,-182.22674292078696
19.73973973973974,1105.0059138146962,-1571.8170499326393,55.97874786515574,-182.42694312098718
19.75975975975976,1106.1266094676523,-1575.4692409861125,55.97874786515574,-182.6271433211874
19.77977977977978,1107.2473051206084,-1579.1254400516018,55.97874786515574,-182.8273435213876
19.7997997997998,1108.3680007735645,-1582.785647129107,55.97874786515574,-183.02754372158782
19.81981981981982,1109.4886964265206,-1586.4498622186284,55.97874786515574,-183.22774392178803
19.83983983983984,1110.6093920794767,-1590.1180853201656,55.97874786515574,-183.42794412198825
19.85985985985986,1111.7300877324328,-1593.790316433719,55.97874786515574,-183.62814432218846
19.87987987987988,1112.850783385389,-1597.4665555592883,55.97874786515574,-183.82834452238868
19.8998998998999,1113.971479038345,-1601.1468026968737,55.97874786515574,-184.0285447225889
19.91991991991992,1115.0921746913011,-1604.831057846475,55.97874786515574,-184.2287449227891
19.93993993993994,1116.2128703442572,-1608.5193210080924,55.97874786515574,-184.42894512298932
19.95995995995996,1117.3335659972133,-1612.2115921817258,55.97874786515574,-184.62914532318953
19.97997997997998,1118.4542616501694,-1615.9078713673753,55.97874786515574,-184.82934552338975
20.0,1119.5749573031255,-1619.6081585650406,55.97874786515574,-185.02954572358996
