t,xpos,ypos,vx,vy
0.0,0.0,79.55770438921769,0.6912141276737338,2.6871490539339917
0.02002002002002002,0.013838120674148824,79.61150116707422,0.6912141276737338,2.4869488537337916
0.04004004004004004,0.02767624134829765,79.66128993291474,0.6912141276737338,2.2867486535335915
0.06006006006006006,0.041514362022446474,79.70707068673924,0.6912141276737338,2.0865484533333913
0.08008008008008008,0.0553524826965953,79.74884342854772,0.6912141276737338,1.8863482531331912
0.10010010010010009,0.06919060337074412,79.78660815834017,0.6912141276737338,1.686148052932991
0.12012012012012012,0.08302872404489295,79.82036487611661,0.6912141276737338,1.485947852732791
0.14014014014014015,0.09686684471904178,79.85011358187703,0.6912141276737338,1.2857476525325908
0.16016016016016016,0.11070496539319061,79.87585427562142,0.6912141276737338,1.0855474523323907
0.18018018018018017,0.12454308606733944,79.8975869573498,0.6912141276737338,0.8853472521321906
0.20020020020020018,0.13838120674148827,79.91531162706215,0.6912141276737338,0.6851470519319904
0.22022022022022023,0.1522193274156371,79.92902828475849,0.6912141276737338,0.48494685173179025
0.24024024024024024,0.16605744808978593,79.93873693043881,0.6912141276737338,0.28474665153159007
0.2602602602602603,0.17989556876393475,79.9444375641031,0.6912141276737338,0.08454645133138988
0.2802802802802803,0.19373368943808358,79.94613018575137,0.6912141276737338,-0.1156537488688103
0.3003003003003003,0.2075718101122324,79.94381479538363,0.6912141276737338,-0.3158539490690105
0.3203203203203203,0.22140993078638124,79.93749139299986,0.6912141276737338,-0.5160541492692107
0.3403403403403404,0.23524805146053007,79.92715997860007,0.6912141276737338,-0.7162543494694109
0.36036036036036034,0.2490861721346789,79.91282055218427,0.6912141276737338,-0.916454549669611
0.3803803803803804,0.26292429280882773,79.89447311375245,0.6912141276737338,-1.1166547498698112
0.40040040040040037,0.27676241348297653,79.8721176633046,0.6912141276737338,-1.3168549500700113
0.42042042042042044,0.29060053415712533,79.84575420084074,0.6912141276737338,-1.5170551502702114
0.44044044044044045,0.30443865483127414,79.81538272636087,0.6912141276737338,-1.7172553504704116
0.4604604604604605,0.31827677550542294,79.78100323986496,0.6912141276737338,-1.9174555506706117
0.4804804804804805,0.33211489617957174,79.74261574135303,0.6912141276737338,-2.117655750870812
0.5005005005005005,0.34595301685372054,79.7002202308251,0.6912141276737338,-2.317855951071012
0.5205205205205206,0.35979113752786934,79.65381670828113,0.6912141276737338,-2.518056151271212
0.5405405405405406,0.37362925820201814,79.60340517372114,0.6912141276737338,-2.718256351471412
0.5605605605605606,0.38746737887616695,79.54898562714514,0.6912141276737338,-2.9184565516716123
0.5805805805805806,0.40130549955031575,79.49055806855311,0.6912141276737338,-3.1186567518718125
0.6006006006006006,0.41514362022446455,79.42812249794507,0.6912141276737338,-3.3188569520720126
0.6206206206206206,0.42898174089861335,79.36167891532101,0.6912141276737338,-3.5190571522722127
0.6406406406406406,0.44281986157276215,79.29122732068092,0.6912141276737338,-3.719257352472413
0.6606606606606606,0.45665798224691095,79.21676771402481,0.6912141276737338,-3.919457552672613
0.6806806806806808,0.47049610292105976,79.13830009535269,0.6912141276737338,-4.119657752872813
0.7007007007007007,0.48433422359520856,79.05582446466454,0.6912141276737338,-4.319857953073013
0.7207207207207207,0.49817234426935736,78.96934082196037,0.6912141276737338,-4.520058153273213
0.7407407407407407,0.5120104649435062,78.87884916724019,0.6912141276737338,-4.7202583534734135
0.7607607607607608,0.525848585617655,78.78434950050399,0.6912141276737338,-4.920458553673614
0.7807807807807808,0.5396867062918038,78.68584182175177,0.6912141276737338,-5.120658753873814
0.8008008008008007,0.5535248269659526,78.58332613098352,0.6912141276737338,-5.320858954074014
0.8208208208208208,0.5673629476401014,78.47680242819926,0.6912141276737338,-5.521059154274214
0.8408408408408409,0.5812010683142502,78.36627071339898,0.6912141276737338,-5.721259354474414
0.8608608608608609,0.595039188988399,78.25173098658267,0.6912141276737338,-5.921459554674614
0.8808808808808809,0.6088773096625478,78.13318324775035,0.6912141276737338,-6.121659754874814
0.9009009009009008,0.6227154303366966,78.010627496902,0.6912141276737338,-6.3218599550750145
0.920920920920921,0.6365535510108454,77.88406373403764,0.6912141276737338,-6.522060155275215
0.9409409409409409,0.6503916716849942,77.75349195915726,0.6912141276737338,-6.722260355475415
0.960960960960961,0.664229792359143,77.61891217226085,0.6912141276737338,-6.922460555675615
0.980980980980981,0.6780679130332918,77.48032437334842,0.6912141276737338,-7.122660755875815
1.001001001001001,0.6919060337074406,77.33772856241998,0.6912141276737338,-7.322860956076015
1.021021021021021,0.7057441543815894,77.19112473947551,0.6912141276737338,-7.523061156276215
1.0410410410410411,0.7195822750557382,77.04051290451503,0.6912141276737338,-7.723261356476415
1.0610610610610611,0.733420395729887,76.88589305753852,0.6912141276737338,-7.923461556676616
1.0810810810810811,0.7472585164040358,76.727265198546,0.6912141276737338,-8.123661756876816
1.1011011011011012,0.7610966370781846,76.56462932753745,0.6912141276737338,-8.323861957077016
1.1211211211211212,0.7749347577523334,76.39798544451288,0.6912141276737338,-8.524062157277216
1.1411411411411412,0.7887728784264822,76.2273335494723,0.6912141276737338,-8.724262357477416
1.1611611611611612,0.802610999100631,76.0526736424157,0.6912141276737338,-8.924462557677616
1.1811811811811812,0.8164491197747799,75.87400572334307,0.6912141276737338,-9.124662757877816
1.2012012012012012,0.8302872404489287,75.69132979225444,0.6912141276737338,-9.324862958078016
1.2212212212212212,0.8441253611230775,75.50464584914977,0.6912141276737338,-9.525063158278217
1.2412412412412412,0.8579634817972263,75.31395389402908,0.6912141276737338,-9.725263358478417
1.2612612612612613,0.8718016024713751,75.11925392689238,0.6912141276737338,-9.925463558678617
1.2812812812812813,0.8856397231455239,74.92054594773965,0.6912141276737338,-10.125663758878817
1.3013013013013013,0.8994778438196727,74.71782995657091,0.6912141276737338,-10.325863959079017
1.3213213213213213,0.9133159644938215,74.51110595338615,0.6912141276737338,-10.526064159279217
1.3413413413413413,0.9271540851679703,74.30037393818536,0.6912141276737338,-10.726264359479417
1.3613613613613615,0.9409922058421191,74.08563391096855,0.6912141276737338,-10.926464559679617
1.3813813813813813,0.9548303265162679,73.86688587173573,0.6912141276737338,-11.126664759879818
1.4014014014014013,0.9686684471904167,73.64412982048688,0.6912141276737338,-11.326864960080018
1.4214214214214214,0.9825065678645655,73.41736575722202,0.6912141276737338,-11.527065160280218
1.4414414414414414,0.9963446885387143,73.18659368194113,0.6912141276737338,-11.727265360480418
1.4614614614614616,1.010182809212863,72.95181359464422,0.6912141276737338,-11.927465560680618
1.4814814814814814,1.024020929887012,72.7130254953313,0.6912141276737338,-12.127665760880818
1.5015015015015014,1.037859050561161,72.47022938400235,0.6912141276737338,-12.327865961081018
1.5215215215215216,1.0516971712353098,72.2234252606574,0.6912141276737338,-12.528066161281219
1.5415415415415414,1.0655352919094587,71.9726131252964,0.6912141276737338,-12.728266361481419
1.5615615615615617,1.0793734125836076,71.7177929779194,0.6912141276737338,-12.928466561681619
1.5815815815815815,1.0932115332577566,71.45896481852638,0.6912141276737338,-13.128666761881819
1.6016016016016015,1.1070496539319055,71.19612864711733,0.6912141276737338,-13.328866962082019
1.6216216216216217,1.1208877746060544,70.92928446369227,0.6912141276737338,-13.52906716228222
1.6416416416416415,1.1347258952802033,70.65843226825119,0.6912141276737338,-13.72926736248242
1.6616616616616617,1.1485640159543522,70.38357206079408,0.6912141276737338,-13.92946756268262
1.6816816816816818,1.1624021366285011,70.10470384132095,0.6912141276737338,-14.12966776288282
1.7017017017017015,1.17624025730265,69.82182760983181,0.6912141276737338,-14.32986796308302
1.7217217217217218,1.190078377976799,69.53494336632664,0.6912141276737338,-14.53006816328322
1.7417417417417416,1.2039164986509479,69.24405111080546,0.6912141276737338,-14.73026836348342
1.7617617617617618,1.2177546193250968,68.94915084326826,0.6912141276737338,-14.93046856368362
1.7817817817817818,1.2315927399992457,68.65024256371503,0.6912141276737338,-15.13066876388382
1.8018018018018016,1.2454308606733946,68.34732627214578,0.6912141276737338,-15.33086896408402
1.8218218218218218,1.2592689813475435,68.04040196856052,0.6912141276737338,-15.53106916428422
1.841841841841842,1.2731071020216924,67.72946965295922,0.6912141276737338,-15.73126936448442
1.8618618618618619,1.2869452226958413,67.41452932534192,0.6912141276737338,-15.93146956468462
1.8818818818818819,1.3007833433699902,67.0955809857086,0.6912141276737338,-16.131669764884823
1.9019019019019017,1.3146214640441392,66.77262463405924,0.6912141276737338,-16.331869965085023
1.921921921921922,1.328459584718288,66.44566027039387,0.6912141276737338,-16.532070165285223
1.9419419419419421,1.342297705392437,66.11468789471249,0.6912141276737338,-16.732270365485423
1.961961961961962,1.356135826066586,65.77970750701509,0.6912141276737338,-16.932470565685623
1.981981981981982,1.3699739467407348,65.44071910730166,0.6912141276737338,-17.132670765885823
2.002002002002002,1.3838120674148837,65.09772269557222,0.6912141276737338,-17.332870966086023
2.022022022022022,1.3976501880890326,64.75071827182676,0.6912141276737338,-17.533071166286224
2.042042042042042,1.4114883087631815,64.39970583606527,0.6912141276737338,-17.733271366486424
2.0620620620620618,1.4253264294373305,64.04468538828776,0.6912141276737338,-17.933471566686624
2.0820820820820822,1.4391645501114794,63.68565692849423,0.6912141276737338,-18.133671766886824
2.1021021021021022,1.4530026707856283,63.32262045668469,0.6912141276737338,-18.333871967087024
2.1221221221221223,1.4668407914597772,62.95557597285912,0.6912141276737338,-18.534072167287224
2.1421421421421423,1.480678912133926,62.584523477017534,0.6912141276737338,-18.734272367487424
2.1621621621621623,1.494517032808075,62.20946296915993,0.6912141276737338,-18.934472567687624
2.1821821821821823,1.508355153482224,61.8303944492863,0.6912141276737338,-19.134672767887825
2.2022022022022023,1.5221932741563728,61.44731791739665,0.6912141276737338,-19.334872968088025
2.2222222222222223,1.5360313948305218,61.06023337349099,0.6912141276737338,-19.535073168288225
2.2422422422422423,1.5498695155046707,60.6691408175693,0.6912141276737338,-19.735273368488425
2.2622622622622623,1.5637076361788196,60.2740402496316,0.6912141276737338,-19.935473568688625
2.2822822822822824,1.5775457568529685,59.87493166967787,0.6912141276737338,-20.135673768888825
2.3023023023023024,1.5913838775271174,59.47181507770812,0.6912141276737338,-20.335873969089025
2.3223223223223224,1.6052219982012663,59.06469047372236,0.6912141276737338,-20.536074169289225
2.3423423423423424,1.6190601188754152,58.65355785772057,0.6912141276737338,-20.736274369489426
2.3623623623623624,1.6328982395495641,58.23841722970276,0.6912141276737338,-20.936474569689626
2.3823823823823824,1.646736360223713,57.81926858966894,0.6912141276737338,-21.136674769889826
2.4024024024024024,1.660574480897862,57.39611193761909,0.6912141276737338,-21.336874970090026
2.4224224224224224,1.6744126015720109,56.968947273553226,0.6912141276737338,-21.537075170290226
2.4424424424424425,1.6882507222461598,56.53777459747134,0.6912141276737338,-21.737275370490426
2.4624624624624625,1.7020888429203087,56.10259390937343,0.6912141276737338,-21.937475570690626
2.4824824824824825,1.7159269635944576,55.66340520925951,0.6912141276737338,-22.137675770890826
2.5025025025025025,1.7297650842686065,55.22020849712956,0.6912141276737338,-22.337875971091027
2.5225225225225225,1.7436032049427554,54.77300377298359,0.6912141276737338,-22.538076171291227
2.5425425425425425,1.7574413256169044,54.32179103682161,0.6912141276737338,-22.738276371491427
2.5625625625625625,1.7712794462910533,53.8665702886436,0.6912141276737338,-22.938476571691627
2.5825825825825826,1.7851175669652022,53.40734152844957,0.6912141276737338,-23.138676771891827
2.6026026026026026,1.798955687639351,52.944104756239525,0.6912141276737338,-23.338876972092027
2.6226226226226226,1.8127938083135,52.47685997201346,0.6912141276737338,-23.539077172292227
2.6426426426426426,1.826631928987649,52.005607175771374,0.6912141276737338,-23.739277372492428
2.6626626626626626,1.8404700496617978,51.53034636751327,0.6912141276737338,-23.939477572692628
2.6826826826826826,1.8543081703359467,51.05107754723914,0.6912141276737338,-24.139677772892828
2.7027027027027026,1.8681462910100957,50.567800714948994,0.6912141276737338,-24.339877973093028
2.722722722722723,1.8819844116842446,50.08051587064283,0.6912141276737338,-24.540078173293228
2.7427427427427427,1.8958225323583935,49.58922301432064,0.6912141276737338,-24.740278373493428
2.7627627627627627,1.9096606530325424,49.09392214598243,0.6912141276737338,-24.94047857369363
2.7827827827827827,1.9234987737066913,48.594613265628205,0.6912141276737338,-25.14067877389383
2.8028028028028027,1.9373368943808402,48.09129637325796,0.6912141276737338,-25.34087897409403
2.822822822822823,1.9511750150549891,47.583971468871695,0.6912141276737338,-25.54107917429423
2.8428428428428427,1.965013135729138,47.07263855246941,0.6912141276737338,-25.74127937449443
2.8628628628628627,1.978851256403287,46.5572976240511,0.6912141276737338,-25.94147957469463
2.8828828828828827,1.9926893770774359,46.037948683616776,0.6912141276737338,-26.14167977489483
2.9029029029029028,2.0065274977515846,45.514591731166426,0.6912141276737338,-26.34187997509503
2.922922922922923,2.0203656184257333,44.98722676670006,0.6912141276737338,-26.54208017529523
2.942942942942943,2.034203739099882,44.455853790217674,0.6912141276737338,-26.74228037549543
2.962962962962963,2.0480418597740306,43.920472801719264,0.6912141276737338,-26.94248057569563
2.982982982982983,2.0618799804481793,43.38108380120484,0.6912141276737338,-27.14268077589583
3.003003003003003,2.075718101122328,42.83768678867439,0.6912141276737338,-27.34288097609603
3.0230230230230233,2.0895562217964767,42.290281764127926,0.6912141276737338,-27.54308117629623
3.0430430430430433,2.1033943424706254,41.73886872756544,0.6912141276737338,-27.74328137649643
3.063063063063063,2.117232463144774,41.18344767898693,0.6912141276737338,-27.94348157669663
3.083083083083083,2.131070583818923,40.624018618392405,0.6912141276737338,-28.14368177689683
3.103103103103103,2.1449087044930715,40.06058154578186,0.6912141276737338,-28.34388197709703
3.1231231231231233,2.15874682516722,39.49313646115529,0.6912141276737338,-28.54408217729723
3.1431431431431434,2.172584945841369,38.9216833645127,0.6912141276737338,-28.74428237749743
3.163163163163163,2.1864230665155175,38.346222255854094,0.6912141276737338,-28.94448257769763
3.183183183183183,2.2002611871896662,37.76675313517947,0.6912141276737338,-29.14468277789783
3.203203203203203,2.214099307863815,37.183276002488824,0.6912141276737338,-29.34488297809803
3.2232232232232234,2.2279374285379636,36.595790857782156,0.6912141276737338,-29.54508317829823
3.2432432432432434,2.2417755492121123,36.00429770105947,0.6912141276737338,-29.74528337849843
3.263263263263263,2.255613669886261,35.408796532320764,0.6912141276737338,-29.94548357869863
3.283283283283283,2.2694517905604097,34.809287351566034,0.6912141276737338,-30.14568377889883
3.303303303303303,2.2832899112345584,34.20577015879529,0.6912141276737338,-30.345883979099032
3.3233233233233235,2.297128031908707,33.59824495400852,0.6912141276737338,-30.546084179299232
3.3433433433433435,2.3109661525828558,32.98671173720573,0.6912141276737338,-30.746284379499432
3.3633633633633635,2.3248042732570044,32.371170508386925,0.6912141276737338,-30.946484579699632
3.383383383383383,2.338642393931153,31.751621267552096,0.6912141276737338,-31.146684779899832
3.403403403403403,2.352480514605302,31.12806401470125,0.6912141276737338,-31.346884980100032
3.4234234234234235,2.3663186352794505,30.50049874983438,0.6912141276737338,-31.547085180300233
3.4434434434434436,2.380156755953599,29.868925472951496,0.6912141276737338,-31.747285380500433
3.4634634634634636,2.393994876627748,29.233344184052587,0.6912141276737338,-31.947485580700633
3.483483483483483,2.4078329973018966,28.59375488313766,0.6912141276737338,-32.14768578090084
3.503503503503503,2.4216711179760453,27.950157570206713,0.6912141276737338,-32.34788598110104
3.5235235235235236,2.435509238650194,27.302552245259744,0.6912141276737338,-32.54808618130124
3.5435435435435436,2.4493473593243427,26.650938908296755,0.6912141276737338,-32.74828638150144
3.5635635635635636,2.4631854799984914,25.995317559317748,0.6912141276737338,-32.94848658170164
3.583583583583583,2.47702360067264,25.33568819832272,0.6912141276737338,-33.14868678190184
3.603603603603603,2.4908617213467887,24.672050825311672,0.6912141276737338,-33.34888698210204
3.6236236236236237,2.5046998420209374,24.004405440284604,0.6912141276737338,-33.54908718230224
3.6436436436436437,2.518537962695086,23.332752043241516,0.6912141276737338,-33.74928738250244
3.6636636636636637,2.532376083369235,22.65709063418241,0.6912141276737338,-33.94948758270264
3.683683683683684,2.5462142040433835,21.97742121310728,0.6912141276737338,-34.14968778290284
3.7037037037037033,2.560052324717532,21.293743780016133,0.6912141276737338,-34.34988798310304
3.7237237237237237,2.573890445391681,20.606058334908965,0.6912141276737338,-34.55008818330324
3.7437437437437437,2.5877285660658296,19.91436487778578,0.6912141276737338,-34.75028838350344
3.7637637637637638,2.6015666867399783,19.21866340864657,0.6912141276737338,-34.95048858370364
3.783783783783784,2.615404807414127,18.518953927491342,0.6912141276737338,-35.15068878390384
3.8038038038038033,2.6292429280882756,17.815236434320095,0.6912141276737338,-35.35088898410404
3.823823823823824,2.6430810487624243,17.107510929132825,0.6912141276737338,-35.55108918430424
3.843843843843844,2.656919169436573,16.395777411929537,0.6912141276737338,-35.75128938450444
3.863863863863864,2.6707572901107217,15.680035882710229,0.6912141276737338,-35.95148958470464
3.8838838838838843,2.6845954107848704,14.9602863414749,0.6912141276737338,-36.15168978490484
3.9039039039039034,2.698433531459019,14.236528788223552,0.6912141276737338,-36.35188998510504
3.923923923923924,2.712271652133168,13.508763222956183,0.6912141276737338,-36.55209018530524
3.943943943943944,2.7261097728073165,12.776989645672796,0.6912141276737338,-36.75229038550544
3.963963963963964,2.739947893481465,12.041208056373387,0.6912141276737338,-36.95249058570564
3.9839839839839843,2.753786014155614,11.30141845505796,0.6912141276737338,-37.15269078590584
4.004004004004004,2.7676241348297625,10.55762084172651,0.6912141276737338,-37.35289098610604
4.0240240240240235,2.7814622555039112,9.809815216379043,0.6912141276737338,-37.55309118630624
4.044044044044044,2.79530037617806,9.058001579015555,0.6912141276737338,-37.75329138650644
4.064064064064064,2.8091384968522086,8.302179929636047,0.6912141276737338,-37.95349158670664
4.084084084084084,2.8229766175263573,7.542350268240519,0.6912141276737338,-38.15369178690684
4.104104104104104,2.836814738200506,6.77851259482897,0.6912141276737338,-38.35389198710704
4.1241241241241235,2.8506528588746547,6.010666909401402,0.6912141276737338,-38.55409218730724
4.1441441441441444,2.8644909795488034,5.2388132119578135,0.6912141276737338,-38.75429238750744
4.1641641641641645,2.878329100222952,4.462951502498205,0.6912141276737338,-38.95449258770764
4.1841841841841845,2.8921672208971008,3.683081781022577,0.6912141276737338,-39.15469278790784
4.2042042042042045,2.9060053415712495,2.8992040475309286,0.6912141276737338,-39.35489298810804
4.2242242242242245,2.919843462245398,2.1113183020232604,0.6912141276737338,-39.55509318830824
4.2442442442442445,2.933681582919547,1.3194245444995718,0.6912141276737338,-39.75529338850844
4.2642642642642645,2.9475197035936955,0.5235227749598633,0.6912141276737338,-39.95549358870864
4.2842842842842845,2.961357824267844,-0.27638700659586524,0.6912141276737338,-40.15569378890884
4.3043043043043046,2.975195944941993,-1.0803048001676139,0.6912141276737338,-40.35589398910904
4.324324324324325,2.9890340656161416,-1.8882306057553824,0.6912141276737338,-40.55609418930924
4.344344344344345,3.0028721862902903,-2.700164423359171,0.6912141276737338,-40.75629438950944
4.364364364364365,3.016710306964439,-3.5161062529789797,0.6912141276737338,-40.95649458970964
4.384384384384385,3.0305484276385877,-4.336056094614809,0.6912141276737338,-41.15669478990984
4.404404404404405,3.0443865483127364,-5.160013948266657,0.6912141276737338,-41.35689499011004
4.424424424424425,3.058224668986885,-5.987979813934526,0.6912141276737338,-41.55709519031024
4.444444444444445,3.0720627896610337,-6.819953691618415,0.6912141276737338,-41.75729539051044
4.464464464464465,3.0859009103351824,-7.655935581318324,0.6912141276737338,-41.95749559071064
4.484484484484485,3.099739031009331,-8.495925483034252,0.6912141276737338,-42.15769579091084
4.504504504504505,3.11357715168348,-9.339923396766201,0.6912141276737338,-42.35789599111104
4.524524524524525,3.1274152723576285,-10.18792932251417,0.6912141276737338,-42.55809619131124
4.544544544544545,3.141253393031777,-11.039943260278159,0.6912141276737338,-42.75829639151144
4.564564564564565,3.155091513705926,-11.895965210058169,0.6912141276737338,-42.95849659171164
4.584584584584585,3.1689296343800746,-12.755995171854197,0.6912141276737338,-43.158696791911844
4.604604604604605,3.1827677550542233,-13.620033145666246,0.6912141276737338,-43.358896992112044
4.624624624624625,3.196605875728372,-14.488079131494315,0.6912141276737338,-43.559097192312244
4.644644644644645,3.2104439964025206,-15.360133129338404,0.6912141276737338,-43.759297392512444
4.664664664664665,3.2242821170766693,-16.236195139198514,0.6912141276737338,-43.959497592712644
4.684684684684685,3.238120237750818,-17.116265161074644,0.6912141276737338,-44.159697792912844
4.704704704704705,3.2519583584249667,-18.000343194966792,0.6912141276737338,-44.359897993113044
4.724724724724725,3.2657964790991154,-18.88842924087496,0.6912141276737338,-44.560098193313245
4.744744744744745,3.279634599773264,-19.78052329879915,0.6912141276737338,-44.760298393513445
4.764764764764765,3.293472720447413,-20.67662536873936,0.6912141276737338,-44.960498593713645
4.784784784784785,3.3073108411215615,-21.576735450695587,0.6912141276737338,-45.160698793913845
4.804804804804805,3.32114896179571,-22.480853544667838,0.6912141276737338,-45.360898994114045
4.824824824824825,3.334987082469859,-23.388979650656108,0.6912141276737338,-45.561099194314245
4.844844844844845,3.3488252031440076,-24.301113768660397,0.6912141276737338,-45.761299394514445
4.864864864864865,3.3626633238181562,-25.217255898680705,0.6912141276737338,-45.961499594714645
4.884884884884885,3.376501444492305,-26.137406040717035,0.6912141276737338,-46.161699794914846
4.904904904904905,3.3903395651664536,-27.061564194769385,0.6912141276737338,-46.361899995115046
4.924924924924925,3.4041776858406023,-27.989730360837754,0.6912141276737338,-46.562100195315246
4.944944944944945,3.418015806514751,-28.921904538922142,0.6912141276737338,-46.762300395515446
4.964964964964965,3.4318539271888997,-29.858086729022553,0.6912141276737338,-46.962500595715646
4.984984984984985,3.4456920478630484,-30.798276931138982,0.6912141276737338,-47.162700795915846
5.005005005005005,3.459530168537197,-31.74247514527143,0.6912141276737338,-47.362900996116046
5.025025025025025,3.4733682892113458,-32.6906813714199,0.6912141276737338,-47.563101196316246
5.045045045045045,3.4872064098854945,-33.642895609584386,0.6912141276737338,-47.76330139651645
5.065065065065065,3.501044530559643,-34.599117859764895,0.6912141276737338,-47.96350159671665
5.085085085085085,3.514882651233792,-35.55934812196143,0.6912141276737338,-48.16370179691685
5.105105105105105,3.5287207719079405,-36.523586396173975,0.6912141276737338,-48.36390199711705
5.125125125125125,3.5425588925820892,-37.491832682402546,0.6912141276737338,-48.56410219731725
5.145145145145145,3.556397013256238,-38.46408698064714,0.6912141276737338,-48.76430239751745
5.165165165165165,3.5702351339303866,-39.44034929090775,0.6912141276737338,-48.96450259771765
5.185185185185185,3.5840732546045353,-40.42061961318438,0.6912141276737338,-49.16470279791785
5.205205205205205,3.597911375278684,-41.404897947477025,0.6912141276737338,-49.36490299811805
5.225225225225225,3.6117494959528327,-42.393184293785694,0.6912141276737338,-49.56510319831825
5.245245245245245,3.6255876166269814,-43.385478652110386,0.6912141276737338,-49.76530339851845
5.265265265265265,3.63942573730113,-44.381781022451094,0.6912141276737338,-49.96550359871865
5.285285285285285,3.6532638579752787,-45.382091404807824,0.6912141276737338,-50.16570379891885
5.305305305305305,3.6671019786494274,-46.386409799180576,0.6912141276737338,-50.36590399911905
5.325325325325325,3.680940099323576,-47.394736205569345,0.6912141276737338,-50.56610419931925
5.345345345345346,3.694778219997725,-48.407070623974136,0.6912141276737338,-50.76630439951945
5.365365365365365,3.7086163406718735,-49.42341305439494,0.6912141276737338,-50.96650459971965
5.385385385385385,3.722454461346022,-50.44376349683177,0.6912141276737338,-51.16670479991985
5.405405405405405,3.736292582020171,-51.46812195128462,0.6912141276737338,-51.36690500012005
5.425425425425425,3.7501307026943196,-52.49648841775349,0.6912141276737338,-51.56710520032025
5.445445445445446,3.7639688233684683,-53.52886289623838,0.6912141276737338,-51.76730540052045
5.465465465465465,3.777806944042617,-54.56524538673929,0.6912141276737338,-51.96750560072065
5.485485485485485,3.7916450647167657,-55.60563588925622,0.6912141276737338,-52.16770580092085
5.505505505505505,3.8054831853909143,-56.65003440378917,0.6912141276737338,-52.36790600112105
5.525525525525525,3.819321306065063,-57.698440930338144,0.6912141276737338,-52.56810620132125
5.545545545545546,3.8331594267392117,-58.75085546890313,0.6912141276737338,-52.76830640152145
5.565565565565565,3.8469975474133604,-59.807278019484144,0.6912141276737338,-52.96850660172165
5.585585585585585,3.860835668087509,-60.86770858208117,0.6912141276737338,-53.16870680192185
5.605605605605605,3.874673788761658,-61.93214715669422,0.6912141276737338,-53.36890700212205
5.625625625625625,3.8885119094358065,-63.00059374332329,0.6912141276737338,-53.56910720232225
5.645645645645646,3.902350030109955,-64.07304834196839,0.6912141276737338,-53.76930740252245
5.665665665665665,3.916188150784104,-65.1495109526295,0.6912141276737338,-53.96950760272265
5.685685685685685,3.9300262714582526,-66.22998157530662,0.6912141276737338,-54.16970780292285
5.7057057057057055,3.9438643921324013,-67.31446020999978,0.6912141276737338,-54.36990800312305
5.7257257257257255,3.95770251280655,-68.40294685670895,0.6912141276737338,-54.57010820332325
5.745745745745746,3.9715406334806986,-69.49544151543414,0.6912141276737338,-54.77030840352345
5.7657657657657655,3.9853787541548473,-70.59194418617535,0.6912141276737338,-54.97050860372365
5.7857857857857855,3.999216874828996,-71.69245486893259,0.6912141276737338,-55.17070880392385
5.8058058058058055,4.013054995503145,-72.79697356370583,0.6912141276737338,-55.37090900412405
5.8258258258258255,4.026893116177294,-73.90550027049511,0.6912141276737338,-55.57110920432425
5.845845845845846,4.0407312368514425,-75.0180349893004,0.6912141276737338,-55.77130940452445
5.865865865865866,4.054569357525591,-76.13457772012171,0.6912141276737338,-55.97150960472465
5.885885885885886,4.06840747819974,-77.25512846295904,0.6912141276737338,-56.17170980492485
5.905905905905906,4.082245598873889,-78.37968721781239,0.6912141276737338,-56.37191000512505
5.925925925925926,4.096083719548037,-79.50825398468176,0.6912141276737338,-56.57211020532525
5.9459459459459465,4.109921840222186,-80.64082876356714,0.6912141276737338,-56.77231040552545
5.965965965965966,4.123759960896335,-81.77741155446856,0.6912141276737338,-56.97251060572565
5.9859859859859865,4.137598081570483,-82.91800235738599,0.6912141276737338,-57.17271080592585
6.006006006006006,4.151436202244632,-84.06260117231943,0.6912141276737338,-57.37291100612605
6.026026026026026,4.165274322918781,-85.21120799926891,0.6912141276737338,-57.57311120632625
6.046046046046047,4.179112443592929,-86.3638228382344,0.6912141276737338,-57.77331140652645
6.066066066066066,4.192950564267078,-87.5204456892159,0.6912141276737338,-57.97351160672665
6.086086086086087,4.206788684941227,-88.68107655221344,0.6912141276737338,-58.17371180692685
6.106106106106106,4.2206268056153755,-89.84571542722699,0.6912141276737338,-58.37391200712705
6.126126126126126,4.234464926289524,-91.01436231425656,0.6912141276737338,-58.57411220732725
6.146146146146147,4.248303046963673,-92.18701721330216,0.6912141276737338,-58.774312407527454
6.166166166166166,4.262141167637822,-93.36368012436377,0.6912141276737338,-58.974512607727654
6.186186186186187,4.27597928831197,-94.5443510474414,0.6912141276737338,-59.174712807927854
6.206206206206206,4.289817408986119,-95.72902998253505,0.6912141276737338,-59.374913008128054
6.226226226226226,4.303655529660268,-96.91771692964473,0.6912141276737338,-59.575113208328254
6.246246246246247,4.317493650334416,-98.11041188877041,0.6912141276737338,-59.775313408528454
6.266266266266266,4.331331771008565,-99.30711485991212,0.6912141276737338,-59.975513608728654
6.286286286286287,4.345169891682714,-100.50782584306985,0.6912141276737338,-60.175713808928855
6.306306306306306,4.359008012356862,-101.7125448382436,0.6912141276737338,-60.375914009129055
6.326326326326326,4.372846133031011,-102.92127184543337,0.6912141276737338,-60.576114209329255
6.346346346346347,4.38668425370516,-104.13400686463916,0.6912141276737338,-60.776314409529455
6.366366366366366,4.4005223743793085,-105.35074989586097,0.6912141276737338,-60.976514609729655
6.386386386386387,4.414360495053457,-106.5715009390988,0.6912141276737338,-61.176714809929855
6.406406406406406,4.428198615727606,-107.79625999435265,0.6912141276737338,-61.376915010130055
6.426426426426426,4.442036736401755,-109.02502706162252,0.6912141276737338,-61.577115210330255
6.446446446446447,4.455874857075903,-110.25780214090841,0.6912141276737338,-61.777315410530456
6.466466466466466,4.469712977750052,-111.49458523221033,0.6912141276737338,-61.977515610730656
6.486486486486487,4.483551098424201,-112.73537633552826,0.6912141276737338,-62.177715810930856
6.506506506506506,4.497389219098349,-113.9801754508622,0.6912141276737338,-62.377916011131056
6.526526526526526,4.511227339772498,-115.22898257821218,0.6912141276737338,-62.578116211331256
6.546546546546547,4.525065460446647,-116.48179771757817,0.6912141276737338,-62.778316411531456
6.566566566566566,4.538903581120795,-117.73862086896018,0.6912141276737338,-62.978516611731656
6.586586586586587,4.552741701794944,-118.99945203235822,0.6912141276737338,-63.17871681193186
6.606606606606606,4.566579822469093,-120.26429120777227,0.6912141276737338,-63.37891701213206
6.626626626626627,4.5804179431432415,-121.53313839520234,0.6912141276737338,-63.57911721233226
6.646646646646647,4.59425606381739,-122.80599359464843,0.6912141276737338,-63.77931741253246
6.666666666666666,4.608094184491539,-124.08285680611054,0.6912141276737338,-63.97951761273266
6.686686686686687,4.6219323051656875,-125.36372802958867,0.6912141276737338,-64.17971781293286
6.706706706706706,4.635770425839836,-126.64860726508282,0.6912141276737338,-64.37991801313306
6.726726726726727,4.649608546513985,-127.93749451259299,0.6912141276737338,-64.58011821333326
6.746746746746747,4.663446667188134,-129.2303897721192,0.6912141276737338,-64.78031841353346
6.766766766766766,4.677284787862282,-130.52729304366142,0.6912141276737338,-64.98051861373366
6.786786786786787,4.691122908536431,-131.82820432721965,0.6912141276737338,-65.18071881393386
6.806806806806806,4.70496102921058,-133.1331236227939,0.6912141276737338,-65.38091901413407
6.826826826826827,4.718799149884728,-134.44205093038417,0.6912141276737338,-65.58111921433427
6.846846846846847,4.732637270558877,-135.75498624999045,0.6912141276737338,-65.78131941453447
6.866866866866866,4.746475391233026,-137.07192958161275,0.6912141276737338,-65.98151961473467
6.886886886886887,4.7603135119071744,-138.3928809252511,0.6912141276737338,-66.18171981493487
6.906906906906906,4.774151632581323,-139.71784028090545,0.6912141276737338,-66.38192001513507
6.926926926926927,4.787989753255472,-141.04680764857582,0.6912141276737338,-66.58212021533527
6.946946946946947,4.8018278739296205,-142.3797830282622,0.6912141276737338,-66.78232041553547
6.966966966966966,4.815665994603769,-143.7167664199646,0.6912141276737338,-66.98252061573567
6.986986986986987,4.829504115277918,-145.05775782368303,0.6912141276737338,-67.18272081593587
7.007007007007006,4.843342235952067,-146.4027572394175,0.6912141276737338,-67.38292101613607
7.027027027027027,4.857180356626215,-147.75176466716798,0.6912141276737338,-67.58312121633627
7.047047047047047,4.871018477300364,-149.10478010693447,0.6912141276737338,-67.78332141653647
7.067067067067066,4.884856597974513,-150.46180355871698,0.6912141276737338,-67.98352161673667
7.087087087087087,4.898694718648661,-151.8228350225155,0.6912141276737338,-68.18372181693687
7.107107107107106,4.91253283932281,-153.18787449833005,0.6912141276737338,-68.38392201713707
7.127127127127127,4.926370959996959,-154.55692198616063,0.6912141276737338,-68.58412221733727
7.147147147147147,4.940209080671107,-155.92997748600723,0.6912141276737338,-68.78432241753747
7.167167167167166,4.954047201345256,-157.30704099786985,0.6912141276737338,-68.98452261773767
7.187187187187187,4.967885322019405,-158.68811252174848,0.6912141276737338,-69.18472281793787
7.207207207207206,4.9817234426935535,-160.07319205764313,0.6912141276737338,-69.38492301813807
7.227227227227227,4.995561563367702,-161.4622796055538,0.6912141276737338,-69.58512321833827
7.247247247247247,5.009399684041851,-162.85537516548047,0.6912141276737338,-69.78532341853847
7.267267267267268,5.023237804716,-164.2524787374232,0.6912141276737338,-69.98552361873867
7.287287287287287,5.037075925390148,-165.65359032138193,0.6912141276737338,-70.18572381893887
7.3073073073073065,5.050914046064297,-167.05870991735668,0.6912141276737338,-70.38592401913907
7.327327327327327,5.064752166738446,-168.46783752534745,0.6912141276737338,-70.58612421933927
7.347347347347347,5.078590287412594,-169.88097314535423,0.6912141276737338,-70.78632441953947
7.367367367367368,5.092428408086743,-171.29811677737703,0.6912141276737338,-70.98652461973967
7.387387387387387,5.106266528760892,-172.71926842141588,0.6912141276737338,-71.18672481993987
7.4074074074074066,5.12010464943504,-174.14442807747074,0.6912141276737338,-71.38692502014007
7.4274274274274275,5.133942770109189,-175.5735957455416,0.6912141276737338,-71.58712522034027
7.4474474474474475,5.147780890783338,-177.0067714256285,0.6912141276737338,-71.78732542054047
7.467467467467468,5.1616190114574865,-178.4439551177314,0.6912141276737338,-71.98752562074067
7.4874874874874875,5.175457132131635,-179.88514682185033,0.6912141276737338,-72.18772582094087
7.507507507507507,5.189295252805784,-181.3303465379853,0.6912141276737338,-72.38792602114107
7.5275275275275275,5.2031333734799325,-182.77955426613627,0.6912141276737338,-72.58812622134127
7.5475475475475475,5.216971494154081,-184.23277000630327,0.6912141276737338,-72.78832642154147
7.567567567567568,5.23080961482823,-185.68999375848628,0.6912141276737338,-72.98852662174167
7.587587587587588,5.244647735502379,-187.1512255226853,0.6912141276737338,-73.18872682194187
7.607607607607607,5.258485856176527,-188.61646529890035,0.6912141276737338,-73.38892702214207
7.627627627627628,5.272323976850676,-190.0857130871314,0.6912141276737338,-73.58912722234227
7.647647647647648,5.286162097524825,-191.5589688873785,0.6912141276737338,-73.78932742254247
7.6676676676676685,5.300000218198973,-193.03623269964163,0.6912141276737338,-73.98952762274267
7.687687687687688,5.313838338873122,-194.51750452392076,0.6912141276737338,-74.18972782294287
7.707707707707707,5.327676459547271,-196.0027843602159,0.6912141276737338,-74.38992802314307
7.727727727727728,5.3415145802214195,-197.49207220852708,0.6912141276737338,-74.59012822334327
7.747747747747748,5.355352700895568,-198.98536806885426,0.6912141276737338,-74.79032842354347
7.767767767767769,5.369190821569717,-200.48267194119748,0.6912141276737338,-74.99052862374367
7.787787787787788,5.3830289422438655,-201.98398382555672,0.6912141276737338,-75.19072882394387
7.807807807807807,5.396867062918014,-203.48930372193198,0.6912141276737338,-75.39092902414407
7.827827827827828,5.410705183592163,-204.99863163032325,0.6912141276737338,-75.59112922434427
7.847847847847848,5.424543304266312,-206.51196755073053,0.6912141276737338,-75.79132942454447
7.867867867867869,5.43838142494046,-208.02931148315383,0.6912141276737338,-75.99152962474467
7.887887887887888,5.452219545614609,-209.55066342759318,0.6912141276737338,-76.19172982494487
7.907907907907909,5.466057666288758,-211.07602338404854,0.6912141276737338,-76.39193002514507
7.927927927927928,5.479895786962906,-212.60539135251992,0.6912141276737338,-76.59213022534527
7.947947947947948,5.493733907637055,-214.1387673330073,0.6912141276737338,-76.79233042554547
7.967967967967969,5.507572028311204,-215.67615132551072,0.6912141276737338,-76.99253062574567
7.987987987987988,5.521410148985352,-217.21754333003014,0.6912141276737338,-77.19273082594587
8.008008008008009,5.535248269659501,-218.76294334656558,0.6912141276737338,-77.39293102614607
8.028028028028029,5.54908639033365,-220.31235137511706,0.6912141276737338,-77.59313122634627
8.048048048048047,5.5629245110077985,-221.86576741568456,0.6912141276737338,-77.79333142654647
8.068068068068069,5.576762631681947,-223.42319146826807,0.6912141276737338,-77.99353162674667
8.088088088088089,5.590600752356096,-224.9846235328676,0.6912141276737338,-78.19373182694687
8.108108108108109,5.604438873030245,-226.55006360948315,0.6912141276737338,-78.39393202714707
8.128128128128129,5.618276993704393,-228.1195116981147,0.6912141276737338,-78.59413222734727
8.148148148148147,5.632115114378542,-229.6929677987623,0.6912141276737338,-78.79433242754747
8.168168168168169,5.645953235052691,-231.27043191142593,0.6912141276737338,-78.99453262774767
8.188188188188189,5.659791355726839,-232.85190403610557,0.6912141276737338,-79.19473282794787
8.208208208208209,5.673629476400988,-234.43738417280122,0.6912141276737338,-79.39493302814807
8.228228228228229,5.687467597075137,-236.02687232151288,0.6912141276737338,-79.59513322834827
8.248248248248247,5.701305717749285,-237.62036848224056,0.6912141276737338,-79.79533342854847
8.268268268268269,5.715143838423434,-239.2178726549843,0.6912141276737338,-79.99553362874867
8.288288288288289,5.728981959097583,-240.81938483974403,0.6912141276737338,-80.19573382894887
8.308308308308309,5.7428200797717315,-242.4249050365198,0.6912141276737338,-80.39593402914907
8.328328328328329,5.75665820044588,-244.03443324531156,0.6912141276737338,-80.59613422934927
8.348348348348347,5.770496321120029,-245.64796946611935,0.6912141276737338,-80.79633442954947
8.368368368368369,5.7843344417941776,-247.26551369894315,0.6912141276737338,-80.99653462974968
8.388388388388389,5.798172562468326,-248.887065943783,0.6912141276737338,-81.19673482994988
8.408408408408409,5.812010683142475,-250.51262620063886,0.6912141276737338,-81.39693503015008
8.428428428428429,5.825848803816624,-252.14219446951074,0.6912141276737338,-81.59713523035028
8.448448448448449,5.839686924490772,-253.77577075039864,0.6912141276737338,-81.79733543055048
8.468468468468469,5.853525045164921,-255.41335504330254,0.6912141276737338,-81.99753563075068
8.488488488488489,5.86736316583907,-257.05494734822247,0.6912141276737338,-82.19773583095088
8.508508508508509,5.881201286513218,-258.7005476651584,0.6912141276737338,-82.39793603115108
8.528528528528529,5.895039407187367,-260.35015599411037,0.6912141276737338,-82.59813623135128
8.548548548548549,5.908877527861516,-262.00377233507834,0.6912141276737338,-82.79833643155148
8.568568568568569,5.9227156485356645,-263.6613966880623,0.6912141276737338,-82.99853663175168
8.588588588588589,5.936553769209813,-265.3230290530624,0.6912141276737338,-83.19873683195188
8.608608608608609,5.950391889883962,-266.98866943007846,0.6912141276737338,-83.39893703215208
8.62862862862863,5.9642300105581105,-268.65831781911055,0.6912141276737338,-83.59913723235228
8.64864864864865,5.978068131232259,-270.33197422015866,0.6912141276737338,-83.79933743255248
8.66866866866867,5.991906251906408,-272.0096386332228,0.6912141276737338,-83.99953763275268
8.68868868868869,6.005744372580557,-273.6913110583029,0.6912141276737338,-84.19973783295288
8.70870870870871,6.019582493254705,-275.37699149539907,0.6912141276737338,-84.39993803315308
8.72872872872873,6.033420613928854,-277.06667994451124,0.6912141276737338,-84.60013823335328
8.74874874874875,6.047258734603003,-278.7603764056394,0.6912141276737338,-84.80033843355348
8.76876876876877,6.061096855277151,-280.4580808787836,0.6912141276737338,-85.00053863375368
8.78878878878879,6.0749349759513,-282.15979336394383,0.6912141276737338,-85.20073883395388
8.80880880880881,6.088773096625449,-283.86551386112006,0.6912141276737338,-85.40093903415408
8.82882882882883,6.102611217299597,-285.5752423703123,0.6912141276737338,-85.60113923435428
8.84884884884885,6.116449337973746,-287.2889788915206,0.6912141276737338,-85.80133943455448
8.86886886886887,6.130287458647895,-289.00672342474496,0.6912141276737338,-86.00153963475468
8.88888888888889,6.1441255793220435,-290.7284759699853,0.6912141276737338,-86.20173983495488
8.90890890890891,6.157963699996192,-292.4542365272417,0.6912141276737338,-86.40194003515508
8.92892892892893,6.171801820670341,-294.18400509651406,0.6912141276737338,-86.60214023535528
8.94894894894895,6.18563994134449,-295.91778167780245,0.6912141276737338,-86.80234043555548
8.96896896896897,6.199478062018638,-297.65556627110686,0.6912141276737338,-87.00254063575568
8.98898898898899,6.213316182692787,-299.3973588764273,0.6912141276737338,-87.20274083595588
9.00900900900901,6.227154303366936,-301.14315949376373,0.6912141276737338,-87.40294103615608
9.02902902902903,6.240992424041084,-302.8929681231162,0.6912141276737338,-87.60314123635628
9.04904904904905,6.254830544715233,-304.64678476448466,0.6912141276737338,-87.80334143655648
9.06906906906907,6.268668665389382,-306.40460941786915,0.6912141276737338,-88.00354163675668
9.08908908908909,6.28250678606353,-308.1664420832697,0.6912141276737338,-88.20374183695688
9.10910910910911,6.296344906737679,-309.9322827606863,0.6912141276737338,-88.40394203715708
9.12912912912913,6.310183027411828,-311.7021314501189,0.6912141276737338,-88.60414223735728
9.14914914914915,6.3240211480859765,-313.4759881515675,0.6912141276737338,-88.80434243755748
9.16916916916917,6.337859268760125,-315.2538528650321,0.6912141276737338,-89.00454263775768
9.18918918918919,6.351697389434274,-317.03572559051275,0.6912141276737338,-89.20474283795788
9.20920920920921,6.365535510108423,-318.8216063280094,0.6912141276737338,-89.40494303815808
9.22922922922923,6.379373630782571,-320.6114950775221,0.6912141276737338,-89.60514323835828
9.24924924924925,6.39321175145672,-322.40539183905076,0.6912141276737338,-89.80534343855848
9.26926926926927,6.407049872130869,-324.20329661259547,0.6912141276737338,-90.00554363875868
9.28928928928929,6.420887992805017,-326.0052093981562,0.6912141276737338,-90.20574383895888
9.30930930930931,6.434726113479166,-327.8111301957329,0.6912141276737338,-90.40594403915908
9.32932932932933,6.448564234153315,-329.62105900532566,0.6912141276737338,-90.60614423935928
9.34934934934935,6.462402354827463,-331.4349958269345,0.6912141276737338,-90.80634443955948
9.36936936936937,6.476240475501612,-333.2529406605593,0.6912141276737338,-91.00654463975968
9.38938938938939,6.490078596175761,-335.07489350620017,0.6912141276737338,-91.20674483995988
9.40940940940941,6.5039167168499095,-336.90085436385704,0.6912141276737338,-91.40694504016008
9.42942942942943,6.517754837524058,-338.7308232335299,0.6912141276737338,-91.60714524036028
9.44944944944945,6.531592958198207,-340.5648001152188,0.6912141276737338,-91.80734544056048
9.46946946946947,6.5454310788723555,-342.40278500892373,0.6912141276737338,-92.00754564076068
9.48948948948949,6.559269199546504,-344.24477791464466,0.6912141276737338,-92.20774584096088
9.50950950950951,6.573107320220653,-346.0907788323816,0.6912141276737338,-92.40794604116108
9.52952952952953,6.586945440894802,-347.94078776213456,0.6912141276737338,-92.60814624136128
9.54954954954955,6.60078356156895,-349.79480470390354,0.6912141276737338,-92.80834644156148
9.56956956956957,6.614621682243099,-351.6528296576885,0.6912141276737338,-93.00854664176168
9.58958958958959,6.628459802917248,-353.51486262348953,0.6912141276737338,-93.20874684196188
9.60960960960961,6.642297923591396,-355.3809036013066,0.6912141276737338,-93.40894704216208
9.62962962962963,6.656136044265545,-357.2509525911397,0.6912141276737338,-93.60914724236228
9.64964964964965,6.669974164939694,-359.1250095929888,0.6912141276737338,-93.80934744256248
9.66966966966967,6.683812285613842,-361.00307460685394,0.6912141276737338,-94.00954764276268
9.68968968968969,6.697650406287991,-362.8851476327351,0.6912141276737338,-94.20974784296288
9.70970970970971,6.71148852696214,-364.77122867063224,0.6912141276737338,-94.40994804316308
9.72972972972973,6.7253266476362885,-366.6613177205454,0.6912141276737338,-94.61014824336328
9.74974974974975,6.739164768310437,-368.5554147824746,0.6912141276737338,-94.81034844356348
9.76976976976977,6.753002888984586,-370.4535198564198,0.6912141276737338,-95.01054864376368
9.78978978978979,6.766841009658735,-372.355632942381,0.6912141276737338,-95.21074884396388
9.80980980980981,6.780679130332883,-374.26175404035826,0.6912141276737338,-95.41094904416408
9.82982982982983,6.794517251007032,-376.1718831503515,0.6912141276737338,-95.61114924436428
9.84984984984985,6.808355371681181,-378.0860202723608,0.6912141276737338,-95.81134944456448
9.86986986986987,6.822193492355329,-380.00416540638616,0.6912141276737338,-96.01154964476468
9.88988988988989,6.836031613029478,-381.9263185524275,0.6912141276737338,-96.21174984496488
9.90990990990991,6.849869733703627,-383.8524797104849,0.6912141276737338,-96.41195004516509
9.92992992992993,6.863707854377775,-385.78264888055827,0.6912141276737338,-96.61215024536529
9.94994994994995,6.877545975051924,-387.71682606264767,0.6912141276737338,-96.81235044556549
9.96996996996997,6.891384095726073,-389.6550112567531,0.6912141276737338,-97.01255064576569
9.98998998998999,6.9052222164002215,-391.5972044628745,0.6912141276737338,-97.21275084596589
10.01001001001001,6.91906033707437,-393.54340568101196,0.6912141276737338,-97.41295104616609
10.03003003003003,6.932898457748519,-395.4936149111654,0.6912141276737338,-97.61315124636629
10.05005005005005,6.946736578422668,-397.4478321533349,0.6912141276737338,-97.81335144656649
10.07007007007007,6.960574699096816,-399.4060574075204,0.6912141276737338,-98.01355164676669
10.09009009009009,6.974412819770965,-401.3682906737219,0.6912141276737338,-98.21375184696689
10.11011011011011,6.988250940445114,-403.3345319519395,0.6912141276737338,-98.41395204716709
10.13013013013013,7.002089061119262,-405.3047812421731,0.6912141276737338,-98.61415224736729
10.15015015015015,7.015927181793411,-407.2790385444227,0.6912141276737338,-98.81435244756749
10.17017017017017,7.02976530246756,-409.2573038586883,0.6912141276737338,-99.01455264776769
10.19019019019019,7.043603423141708,-411.23957718496996,0.6912141276737338,-99.21475284796789
10.21021021021021,7.057441543815857,-413.2258585232676,0.6912141276737338,-99.41495304816809
10.23023023023023,7.071279664490006,-415.2161478735813,0.6912141276737338,-99.61515324836829
10.25025025025025,7.0851177851641545,-417.210445235911,0.6912141276737338,-99.81535344856849
10.27027027027027,7.098955905838303,-419.2087506102567,0.6912141276737338,-100.01555364876869
10.29029029029029,7.112794026512452,-421.2110639966184,0.6912141276737338,-100.21575384896889
10.31031031031031,7.1266321471866005,-423.21738539499614,0.6912141276737338,-100.41595404916909
10.33033033033033,7.140470267860749,-425.2277148053899,0.6912141276737338,-100.61615424936929
10.35035035035035,7.154308388534898,-427.2420522277997,0.6912141276737338,-100.81635444956949
10.37037037037037,7.168146509209047,-429.26039766222556,0.6912141276737338,-101.01655464976969
10.39039039039039,7.181984629883195,-431.2827511086674,0.6912141276737338,-101.21675484996989
10.41041041041041,7.195822750557344,-433.3091125671253,0.6912141276737338,-101.41695505017009
10.43043043043043,7.209660871231493,-435.33948203759917,0.6912141276737338,-101.61715525037029
10.45045045045045,7.223498991905641,-437.37385952008907,0.6912141276737338,-101.81735545057049
10.47047047047047,7.23733711257979,-439.412245014595,0.6912141276737338,-102.01755565077069
10.49049049049049,7.251175233253939,-441.4546385211169,0.6912141276737338,-102.21775585097089
10.51051051051051,7.2650133539280874,-443.50104003965487,0.6912141276737338,-102.41795605117109
10.53053053053053,7.278851474602236,-445.55144957020883,0.6912141276737338,-102.61815625137129
10.55055055055055,7.292689595276385,-447.6058671127788,0.6912141276737338,-102.81835645157149
10.57057057057057,7.3065277159505335,-449.6642926673648,0.6912141276737338,-103.01855665177169
10.59059059059059,7.320365836624682,-451.7267262339668,0.6912141276737338,-103.21875685197189
10.61061061061061,7.334203957298831,-453.7931678125849,0.6912141276737338,-103.41895705217209
10.63063063063063,7.34804207797298,-455.863617403219,0.6912141276737338,-103.61915725237229
10.65065065065065,7.361880198647128,-457.9380750058691,0.6912141276737338,-103.81935745257249
10.67067067067067,7.375718319321277,-460.01654062053524,0.6912141276737338,-104.01955765277269
10.690690690690692,7.389556439995426,-462.0990142472174,0.6912141276737338,-104.21975785297289
10.71071071071071,7.403394560669574,-464.18549588591554,0.6912141276737338,-104.41995805317309
10.73073073073073,7.417232681343723,-466.2759855366297,0.6912141276737338,-104.62015825337329
10.75075075075075,7.431070802017872,-468.3704831993599,0.6912141276737338,-104.82035845357349
10.77077077077077,7.44490892269202,-470.4689888741061,0.6912141276737338,-105.02055865377369
10.790790790790792,7.458747043366169,-472.57150256086834,0.6912141276737338,-105.22075885397389
10.81081081081081,7.472585164040318,-474.6780242596466,0.6912141276737338,-105.42095905417409
10.83083083083083,7.4864232847144665,-476.78855397044083,0.6912141276737338,-105.62115925437429
10.85085085085085,7.500261405388615,-478.9030916932511,0.6912141276737338,-105.82135945457449
10.87087087087087,7.514099526062764,-481.02163742807744,0.6912141276737338,-106.02155965477469
10.890890890890892,7.527937646736913,-483.1441911749198,0.6912141276737338,-106.22175985497489
10.91091091091091,7.541775767411061,-485.27075293377817,0.6912141276737338,-106.42196005517509
10.93093093093093,7.55561388808521,-487.40132270465256,0.6912141276737338,-106.62216025537529
10.95095095095095,7.569452008759359,-489.53590048754296,0.6912141276737338,-106.82236045557549
10.97097097097097,7.583290129433507,-491.6744862824494,0.6912141276737338,-107.02256065577569
10.990990990990992,7.597128250107656,-493.8170800893718,0.6912141276737338,-107.22276085597589
11.01101101101101,7.610966370781805,-495.96368190831026,0.6912141276737338,-107.42296105617609
11.03103103103103,7.624804491455953,-498.11429173926473,0.6912141276737338,-107.62316125637629
11.05105105105105,7.638642612130102,-500.2689095822352,0.6912141276737338,-107.82336145657649
11.07107107107107,7.652480732804251,-502.4275354372217,0.6912141276737338,-108.02356165677669
11.091091091091092,7.6663188534783995,-504.5901693042242,0.6912141276737338,-108.22376185697689
11.11111111111111,7.680156974152548,-506.7568111832428,0.6912141276737338,-108.42396205717709
11.13113113113113,7.693995094826697,-508.9274610742774,0.6912141276737338,-108.6241622573773
11.15115115115115,7.7078332155008455,-511.102118977328,0.6912141276737338,-108.8243624575775
11.17117117117117,7.721671336174994,-513.2807848923946,0.6912141276737338,-109.0245626577777
11.191191191191193,7.735509456849143,-515.4634588194773,0.6912141276737338,-109.2247628579779
11.21121121121121,7.749347577523292,-517.650140758576,0.6912141276737338,-109.4249630581781
11.23123123123123,7.76318569819744,-519.8408307096906,0.6912141276737338,-109.6251632583783
11.25125125125125,7.777023818871589,-522.0355286728213,0.6912141276737338,-109.8253634585785
11.27127127127127,7.790861939545738,-524.234234647968,0.6912141276737338,-110.0255636587787
11.291291291291293,7.804700060219886,-526.4369486351308,0.6912141276737338,-110.2257638589789
11.31131131131131,7.818538180894035,-528.6436706343095,0.6912141276737338,-110.4259640591791
11.33133133133133,7.832376301568184,-530.8544006455043,0.6912141276737338,-110.6261642593793
11.35135135135135,7.8462144222423325,-533.069138668715,0.6912141276737338,-110.8263644595795
11.37137137137137,7.860052542916481,-535.2878847039418,0.6912141276737338,-111.0265646597797
11.391391391391393,7.87389066359063,-537.5106387511846,0.6912141276737338,-111.2267648599799
11.411411411411411,7.8877287842647785,-539.7374008104434,0.6912141276737338,-111.4269650601801
11.431431431431431,7.901566904938927,-541.9681708817183,0.6912141276737338,-111.6271652603803
11.451451451451451,7.915405025613076,-544.2029489650091,0.6912141276737338,-111.8273654605805
11.471471471471471,7.929243146287225,-546.441735060316,0.6912141276737338,-112.0275656607807
11.491491491491493,7.943081266961373,-548.684529167639,0.6912141276737338,-112.2277658609809
11.511511511511511,7.956919387635522,-550.931331286978,0.6912141276737338,-112.4279660611811
11.531531531531531,7.970757508309671,-553.182141418333,0.6912141276737338,-112.6281662613813
11.551551551551551,7.984595628983819,-555.436959561704,0.6912141276737338,-112.8283664615815
11.571571571571571,7.998433749657968,-557.6957857170911,0.6912141276737338,-113.0285666617817
11.591591591591593,8.012271870332118,-559.9586198844942,0.6912141276737338,-113.2287668619819
11.611611611611611,8.026109991006267,-562.2254620639133,0.6912141276737338,-113.4289670621821
11.631631631631631,8.039948111680417,-564.4963122553484,0.6912141276737338,-113.6291672623823
11.651651651651651,8.053786232354566,-566.7711704587995,0.6912141276737338,-113.8293674625825
11.671671671671671,8.067624353028716,-569.0500366742666,0.6912141276737338,-114.0295676627827
11.691691691691693,8.081462473702866,-571.3329109017498,0.6912141276737338,-114.2297678629829
11.711711711711711,8.095300594377015,-573.6197931412489,0.6912141276737338,-114.4299680631831
11.731731731731731,8.109138715051165,-575.9106833927641,0.6912141276737338,-114.6301682633833
11.751751751751751,8.122976835725314,-578.2055816562953,0.6912141276737338,-114.8303684635835
11.771771771771771,8.136814956399464,-580.5044879318425,0.6912141276737338,-115.0305686637837
11.791791791791793,8.150653077073613,-582.8074022194057,0.6912141276737338,-115.2307688639839
11.811811811811811,8.164491197747763,-585.114324518985,0.6912141276737338,-115.4309690641841
11.831831831831831,8.178329318421913,-587.4252548305802,0.6912141276737338,-115.6311692643843
11.851851851851851,8.192167439096062,-589.7401931541915,0.6912141276737338,-115.8313694645845
11.871871871871871,8.206005559770212,-592.0591394898188,0.6912141276737338,-116.0315696647847
11.891891891891893,8.219843680444361,-594.3820938374621,0.6912141276737338,-116.2317698649849
11.911911911911911,8.233681801118511,-596.7090561971214,0.6912141276737338,-116.4319700651851
11.931931931931931,8.24751992179266,-599.0400265687967,0.6912141276737338,-116.6321702653853
11.951951951951951,8.26135804246681,-601.3750049524881,0.6912141276737338,-116.8323704655855
11.971971971971973,8.27519616314096,-603.7139913481955,0.6912141276737338,-117.0325706657857
11.991991991991993,8.28903428381511,-606.0569857559188,0.6912141276737338,-117.2327708659859
12.012012012012011,8.302872404489259,-608.4039881756584,0.6912141276737338,-117.4329710661861
12.032032032032031,8.316710525163408,-610.7549986074139,0.6912141276737338,-117.6331712663863
12.052052052052051,8.330548645837558,-613.1100170511854,0.6912141276737338,-117.8333714665865
12.072072072072073,8.344386766511708,-615.469043506973,0.6912141276737338,-118.0335716667867
12.092092092092093,8.358224887185857,-617.8320779747766,0.6912141276737338,-118.2337718669869
12.112112112112111,8.372063007860007,-620.1991204545961,0.6912141276737338,-118.4339720671871
12.132132132132131,8.385901128534156,-622.5701709464317,0.6912141276737338,-118.6341722673873
12.152152152152151,8.399739249208306,-624.9452294502834,0.6912141276737338,-118.8343724675875
12.172172172172173,8.413577369882455,-627.324295966151,0.6912141276737338,-119.0345726677877
12.192192192192193,8.427415490556605,-629.7073704940346,0.6912141276737338,-119.2347728679879
12.212212212212211,8.441253611230755,-632.0944530339343,0.6912141276737338,-119.4349730681881
12.232232232232231,8.455091731904904,-634.48554358585,0.6912141276737338,-119.6351732683883
12.252252252252251,8.468929852579054,-636.8806421497817,0.6912141276737338,-119.8353734685885
12.272272272272273,8.482767973253203,-639.2797487257294,0.6912141276737338,-120.0355736687887
12.292292292292293,8.496606093927353,-641.6828633136931,0.6912141276737338,-120.2357738689889
12.312312312312311,8.510444214601502,-644.0899859136729,0.6912141276737338,-120.4359740691891
12.332332332332332,8.524282335275652,-646.5011165256686,0.6912141276737338,-120.6361742693893
12.352352352352352,8.538120455949802,-648.9162551496804,0.6912141276737338,-120.8363744695895
12.372372372372373,8.551958576623951,-651.3354017857082,0.6912141276737338,-121.0365746697897
12.392392392392393,8.5657966972981,-653.758556433752,0.6912141276737338,-121.2367748699899
12.412412412412412,8.57963481797225,-656.1857190938118,0.6912141276737338,-121.4369750701901
12.432432432432432,8.5934729386464,-658.6168897658877,0.6912141276737338,-121.6371752703903
12.452452452452452,8.60731105932055,-661.0520684499795,0.6912141276737338,-121.8373754705905
12.472472472472473,8.621149179994699,-663.4912551460874,0.6912141276737338,-122.0375756707907
12.492492492492493,8.634987300668849,-665.9344498542113,0.6912141276737338,-122.2377758709909
12.512512512512512,8.648825421342998,-668.3816525743513,0.6912141276737338,-122.4379760711911
12.532532532532532,8.662663542017148,-670.8328633065073,0.6912141276737338,-122.6381762713913
12.552552552552552,8.676501662691297,-673.2880820506793,0.6912141276737338,-122.8383764715915
12.572572572572573,8.690339783365447,-675.7473088068674,0.6912141276737338,-123.0385766717917
12.592592592592593,8.704177904039597,-678.2105435750715,0.6912141276737338,-123.2387768719919
12.612612612612612,8.718016024713746,-680.6777863552916,0.6912141276737338,-123.4389770721921
12.632632632632632,8.731854145387896,-683.1490371475277,0.6912141276737338,-123.6391772723923
12.652652652652652,8.745692266062045,-685.6242959517798,0.6912141276737338,-123.8393774725925
12.672672672672673,8.759530386736195,-688.1035627680479,0.6912141276737338,-124.0395776727927
12.692692692692694,8.773368507410344,-690.5868375963321,0.6912141276737338,-124.2397778729929
12.712712712712712,8.787206628084494,-693.0741204366323,0.6912141276737338,-124.4399780731931
12.732732732732732,8.801044748758644,-695.5654112889484,0.6912141276737338,-124.6401782733933
12.752752752752752,8.814882869432793,-698.0607101532806,0.6912141276737338,-124.8403784735935
12.772772772772774,8.828720990106943,-700.5600170296289,0.6912141276737338,-125.0405786737937
12.792792792792794,8.842559110781092,-703.0633319179931,0.6912141276737338,-125.2407788739939
12.812812812812812,8.856397231455242,-705.5706548183733,0.6912141276737338,-125.4409790741941
12.832832832832832,8.870235352129392,-708.0819857307696,0.6912141276737338,-125.6411792743943
12.852852852852852,8.884073472803541,-710.5973246551819,0.6912141276737338,-125.8413794745945
12.872872872872874,8.89791159347769,-713.1166715916102,0.6912141276737338,-126.0415796747947
12.892892892892894,8.91174971415184,-715.6400265400545,0.6912141276737338,-126.2417798749949
12.912912912912912,8.92558783482599,-718.1673895005148,0.6912141276737338,-126.4419800751951
12.932932932932932,8.93942595550014,-720.6987604729911,0.6912141276737338,-126.6421802753953
12.952952952952952,8.953264076174289,-723.2341394574835,0.6912141276737338,-126.8423804755955
12.972972972972974,8.967102196848439,-725.7735264539918,0.6912141276737338,-127.0425806757957
12.992992992992994,8.980940317522588,-728.3169214625162,0.6912141276737338,-127.2427808759959
13.013013013013012,8.994778438196738,-730.8643244830567,0.6912141276737338,-127.4429810761961
13.033033033033032,9.008616558870887,-733.4157355156133,0.6912141276737338,-127.6431812763963
13.053053053053052,9.022454679545037,-735.9711545601858,0.6912141276737338,-127.8433814765965
13.073073073073074,9.036292800219186,-738.5305816167744,0.6912141276737338,-128.04358167679672
13.093093093093094,9.050130920893336,-741.094016685379,0.6912141276737338,-128.24378187699693
13.113113113113112,9.063969041567486,-743.6614597659996,0.6912141276737338,-128.44398207719715
13.133133133133132,9.077807162241635,-746.2329108586362,0.6912141276737338,-128.64418227739736
13.153153153153154,9.091645282915785,-748.8083699632888,0.6912141276737338,-128.84438247759758
13.173173173173174,9.105483403589934,-751.3878370799574,0.6912141276737338,-129.0445826777978
13.193193193193194,9.119321524264084,-753.9713122086421,0.6912141276737338,-129.244782877998
13.213213213213212,9.133159644938234,-756.5587953493427,0.6912141276737338,-129.44498307819822
13.233233233233232,9.146997765612383,-759.1502865020594,0.6912141276737338,-129.64518327839843
13.253253253253254,9.160835886286533,-761.7457856667921,0.6912141276737338,-129.84538347859865
13.273273273273274,9.174674006960682,-764.3452928435408,0.6912141276737338,-130.04558367879886
13.293293293293294,9.188512127634832,-766.9488080323056,0.6912141276737338,-130.24578387899908
13.313313313313312,9.202350248308981,-769.5563312330863,0.6912141276737338,-130.4459840791993
13.333333333333332,9.216188368983131,-772.1678624458831,0.6912141276737338,-130.6461842793995
13.353353353353354,9.23002648965728,-774.7834016706959,0.6912141276737338,-130.84638447959972
13.373373373373374,9.24386461033143,-777.4029489075247,0.6912141276737338,-131.04658467979993
13.393393393393394,9.25770273100558,-780.0265041563695,0.6912141276737338,-131.24678488000015
13.413413413413412,9.27154085167973,-782.6540674172303,0.6912141276737338,-131.44698508020036
13.433433433433432,9.285378972353879,-785.2856386901071,0.6912141276737338,-131.64718528040058
13.453453453453454,9.299217093028028,-787.921217975,0.6912141276737338,-131.8473854806008
13.473473473473474,9.313055213702178,-790.5608052719089,0.6912141276737338,-132.047585680801
13.493493493493494,9.326893334376328,-793.2044005808339,0.6912141276737338,-132.24778588100122
13.513513513513512,9.340731455050477,-795.8520039017749,0.6912141276737338,-132.44798608120144
13.533533533533532,9.354569575724627,-798.5036152347319,0.6912141276737338,-132.64818628140165
13.553553553553554,9.368407696398776,-801.159234579705,0.6912141276737338,-132.84838648160186
13.573573573573574,9.382245817072926,-803.818861936694,0.6912141276737338,-133.04858668180208
13.593593593593594,9.396083937747076,-806.4824973056991,0.6912141276737338,-133.2487868820023
13.613613613613612,9.409922058421225,-809.1501406867202,0.6912141276737338,-133.4489870822025
13.633633633633632,9.423760179095375,-811.8217920797573,0.6912141276737338,-133.64918728240272
13.653653653653654,9.437598299769524,-814.4974514848104,0.6912141276737338,-133.84938748260294
13.673673673673674,9.451436420443674,-817.1771189018796,0.6912141276737338,-134.04958768280315
13.693693693693694,9.465274541117823,-819.8607943309647,0.6912141276737338,-134.24978788300336
13.713713713713712,9.479112661791973,-822.5484777720659,0.6912141276737338,-134.44998808320358
13.733733733733732,9.492950782466123,-825.2401692251831,0.6912141276737338,-134.6501882834038
13.753753753753754,9.506788903140272,-827.9358686903163,0.6912141276737338,-134.850388483604
13.773773773773774,9.520627023814422,-830.6355761674655,0.6912141276737338,-135.05058868380422
13.793793793793794,9.534465144488571,-833.3392916566307,0.6912141276737338,-135.25078888400444
13.813813813813812,9.54830326516272,-836.047015157812,0.6912141276737338,-135.45098908420465
13.833833833833832,9.56214138583687,-838.7587466710092,0.6912141276737338,-135.65118928440486
13.853853853853854,9.57597950651102,-841.4744861962225,0.6912141276737338,-135.85138948460508
13.873873873873874,9.58981762718517,-844.1942337334518,0.6912141276737338,-136.0515896848053
13.893893893893894,9.60365574785932,-846.9179892826971,0.6912141276737338,-136.2517898850055
13.913913913913913,9.617493868533469,-849.6457528439585,0.6912141276737338,-136.45199008520572
13.933933933933933,9.631331989207618,-852.3775244172358,0.6912141276737338,-136.65219028540594
13.953953953953954,9.645170109881768,-855.1133040025292,0.6912141276737338,-136.85239048560615
13.973973973973974,9.659008230555918,-857.8530915998386,0.6912141276737338,-137.05259068580636
13.993993993993994,9.672846351230067,-860.5968872091642,0.6912141276737338,-137.25279088600658
14.014014014014013,9.686684471904217,-863.3446908305057,0.6912141276737338,-137.4529910862068
14.034034034034033,9.700522592578366,-866.0965024638632,0.6912141276737338,-137.653191286407
14.054054054054054,9.714360713252516,-868.8523221092368,0.6912141276737338,-137.85339148660722
14.074074074074074,9.728198833926665,-871.6121497666263,0.6912141276737338,-138.05359168680744
14.094094094094094,9.742036954600815,-874.3759854360319,0.6912141276737338,-138.25379188700765
14.114114114114113,9.755875075274965,-877.1438291174535,0.6912141276737338,-138.45399208720787
14.134134134134133,9.769713195949114,-879.9156808108911,0.6912141276737338,-138.65419228740808
14.154154154154154,9.783551316623264,-882.6915405163447,0.6912141276737338,-138.8543924876083
14.174174174174174,9.797389437297413,-885.4714082338144,0.6912141276737338,-139.0545926878085
14.194194194194194,9.811227557971563,-888.2552839633,0.6912141276737338,-139.25479288800872
14.214214214214213,9.825065678645712,-891.0431677048017,0.6912141276737338,-139.45499308820894
14.234234234234233,9.838903799319862,-893.8350594583194,0.6912141276737338,-139.65519328840915
14.254254254254255,9.852741919994012,-896.6309592238531,0.6912141276737338,-139.85539348860937
14.274274274274275,9.866580040668161,-899.4308670014028,0.6912141276737338,-140.05559368880958
14.294294294294295,9.88041816134231,-902.2347827909686,0.6912141276737338,-140.2557938890098
14.314314314314313,9.89425628201646,-905.0427065925503,0.6912141276737338,-140.45599408921
14.334334334334333,9.90809440269061,-907.8546384061481,0.6912141276737338,-140.65619428941022
14.354354354354355,9.92193252336476,-910.6705782317619,0.6912141276737338,-140.85639448961044
14.374374374374375,9.935770644038909,-913.4905260693916,0.6912141276737338,-141.05659468981065
14.394394394394395,9.949608764713059,-916.3144819190375,0.6912141276737338,-141.25679489001087
14.414414414414413,9.963446885387208,-919.1424457806993,0.6912141276737338,-141.45699509021108
14.434434434434436,9.977285006061358,-921.9744176543771,0.6912141276737338,-141.6571952904113
14.454454454454455,9.991123126735507,-924.8103975400711,0.6912141276737338,-141.8573954906115
14.474474474474475,10.004961247409657,-927.6503854377811,0.6912141276737338,-142.05759569081172
14.494494494494495,10.018799368083807,-930.4943813475071,0.6912141276737338,-142.25779589101194
14.514514514514513,10.032637488757956,-933.3423852692491,0.6912141276737338,-142.45799609121215
14.534534534534536,10.046475609432106,-936.1943972030072,0.6912141276737338,-142.65819629141237
14.554554554554555,10.060313730106255,-939.0504171487812,0.6912141276737338,-142.85839649161258
14.574574574574575,10.074151850780405,-941.9104451065713,0.6912141276737338,-143.0585966918128
14.594594594594595,10.087989971454554,-944.7744810763774,0.6912141276737338,-143.258796892013
14.614614614614613,10.101828092128704,-947.6425250581995,0.6912141276737338,-143.45899709221322
14.634634634634637,10.115666212802854,-950.5145770520376,0.6912141276737338,-143.65919729241344
14.654654654654655,10.129504333477003,-953.3906370578917,0.6912141276737338,-143.85939749261365
14.674674674674675,10.143342454151153,-956.2707050757618,0.6912141276737338,-144.05959769281387
14.694694694694695,10.157180574825302,-959.154781105648,0.6912141276737338,-144.25979789301408
14.714714714714713,10.171018695499452,-962.0428651475502,0.6912141276737338,-144.4599980932143
14.734734734734737,10.184856816173602,-964.9349572014684,0.6912141276737338,-144.6601982934145
14.754754754754755,10.198694936847751,-967.8310572674026,0.6912141276737338,-144.86039849361472
14.774774774774775,10.2125330575219,-970.7311653453528,0.6912141276737338,-145.06059869381494
14.794794794794795,10.22637117819605,-973.635281435319,0.6912141276737338,-145.26079889401515
14.814814814814813,10.2402092988702,-976.5434055373013,0.6912141276737338,-145.46099909421537
14.834834834834837,10.25404741954435,-979.4555376512996,0.6912141276737338,-145.66119929441558
14.854854854854855,10.267885540218499,-982.3716777773138,0.6912141276737338,-145.8613994946158
14.874874874874875,10.281723660892649,-985.2918259153441,0.6912141276737338,-146.061599694816
14.894894894894895,10.295561781566798,-988.2159820653904,0.6912141276737338,-146.26179989501622
14.914914914914913,10.309399902240948,-991.1441462274528,0.6912141276737338,-146.46200009521644
14.934934934934937,10.323238022915097,-994.0763184015312,0.6912141276737338,-146.66220029541665
14.954954954954955,10.337076143589247,-997.0124985876257,0.6912141276737338,-146.86240049561687
14.974974974974975,10.350914264263396,-999.9526867857362,0.6912141276737338,-147.06260069581708
14.994994994994995,10.364752384937546,-1002.8968829958627,0.6912141276737338,-147.2628008960173
15.015015015015013,10.378590505611696,-1005.8450872180052,0.6912141276737338,-147.4630010962175
15.035035035035037,10.392428626285845,-1008.7972994521638,0.6912141276737338,-147.66320129641772
15.055055055055055,10.406266746959995,-1011.7535196983383,0.6912141276737338,-147.86340149661794
15.075075075075075,10.420104867634144,-1014.7137479565289,0.6912141276737338,-148.06360169681815
15.095095095095095,10.433942988308294,-1017.6779842267355,0.6912141276737338,-148.26380189701837
15.115115115115113,10.447781108982443,-1020.6462285089581,0.6912141276737338,-148.46400209721858
15.135135135135137,10.461619229656593,-1023.6184808031967,0.6912141276737338,-148.6642022974188
15.155155155155155,10.475457350330743,-1026.5947411094512,0.6912141276737338,-148.864402497619
15.175175175175175,10.489295471004892,-1029.5750094277219,0.6912141276737338,-149.06460269781923
15.195195195195195,10.503133591679042,-1032.5592857580086,0.6912141276737338,-149.26480289801944
15.215215215215213,10.516971712353191,-1035.5475701003113,0.6912141276737338,-149.46500309821965
15.235235235235237,10.530809833027341,-1038.53986245463,0.6912141276737338,-149.66520329841987
15.255255255255255,10.54464795370149,-1041.5361628209648,0.6912141276737338,-149.86540349862008
15.275275275275275,10.55848607437564,-1044.5364711993157,0.6912141276737338,-150.0656036988203
15.295295295295295,10.57232419504979,-1047.5407875896824,0.6912141276737338,-150.2658038990205
15.315315315315313,10.58616231572394,-1050.5491119920653,0.6912141276737338,-150.46600409922073
15.335335335335337,10.600000436398089,-1053.561444406464,0.6912141276737338,-150.66620429942094
15.355355355355355,10.613838557072238,-1056.577784832879,0.6912141276737338,-150.86640449962115
15.375375375375375,10.627676677746388,-1059.5981332713097,0.6912141276737338,-151.06660469982137
15.395395395395395,10.641514798420538,-1062.6224897217567,0.6912141276737338,-151.26680490002158
15.415415415415413,10.655352919094687,-1065.6508541842195,0.6912141276737338,-151.4670051002218
15.435435435435437,10.669191039768837,-1068.6832266586985,0.6912141276737338,-151.667205300422
15.455455455455455,10.683029160442986,-1071.7196071451933,0.6912141276737338,-151.86740550062223
15.475475475475475,10.696867281117136,-1074.7599956437043,0.6912141276737338,-152.06760570082244
15.495495495495495,10.710705401791285,-1077.8043921542312,0.6912141276737338,-152.26780590102265
15.515515515515514,10.724543522465435,-1080.8527966767742,0.6912141276737338,-152.46800610122287
15.535535535535537,10.738381643139585,-1083.9052092113332,0.6912141276737338,-152.66820630142308
15.555555555555555,10.752219763813734,-1086.9616297579082,0.6912141276737338,-152.8684065016233
15.575575575575575,10.766057884487884,-1090.0220583164992,0.6912141276737338,-153.0686067018235
15.595595595595595,10.779896005162033,-1093.0864948871063,0.6912141276737338,-153.26880690202373
15.615615615615614,10.793734125836183,-1096.1549394697292,0.6912141276737338,-153.46900710222394
15.635635635635637,10.807572246510333,-1099.2273920643684,0.6912141276737338,-153.66920730242416
15.655655655655655,10.821410367184482,-1102.3038526710236,0.6912141276737338,-153.86940750262437
15.675675675675675,10.835248487858632,-1105.3843212896948,0.6912141276737338,-154.06960770282458
15.695695695695695,10.849086608532781,-1108.468797920382,0.6912141276737338,-154.2698079030248
15.715715715715717,10.86292472920693,-1111.5572825630852,0.6912141276737338,-154.470008103225
15.735735735735737,10.87676284988108,-1114.6497752178045,0.6912141276737338,-154.67020830342523
15.755755755755755,10.89060097055523,-1117.7462758845397,0.6912141276737338,-154.87040850362544
15.775775775775776,10.90443909122938,-1120.846784563291,0.6912141276737338,-155.07060870382566
15.795795795795796,10.91827721190353,-1123.9513012540583,0.6912141276737338,-155.27080890402587
15.815815815815817,10.932115332577679,-1127.0598259568417,0.6912141276737338,-155.47100910422608
15.835835835835837,10.945953453251828,-1130.172358671641,0.6912141276737338,-155.6712093044263
15.855855855855856,10.959791573925978,-1133.2888993984564,0.6912141276737338,-155.8714095046265
15.875875875875876,10.973629694600127,-1136.4094481372877,0.6912141276737338,-156.07160970482673
15.895895895895896,10.987467815274277,-1139.534004888135,0.6912141276737338,-156.27180990502694
15.915915915915917,11.001305935948427,-1142.6625696509984,0.6912141276737338,-156.47201010522716
15.935935935935937,11.015144056622576,-1145.7951424258779,0.6912141276737338,-156.67221030542737
15.955955955955956,11.028982177296726,-1148.9317232127732,0.6912141276737338,-156.87241050562758
15.975975975975976,11.042820297970875,-1152.0723120116847,0.6912141276737338,-157.0726107058278
15.995995995995996,11.056658418645025,-1155.2169088226121,0.6912141276737338,-157.272810906028
16.016016016016017,11.070496539319175,-1158.3655136455557,0.6912141276737338,-157.47301110622823
16.036036036036037,11.084334659993324,-1161.518126480515,0.6912141276737338,-157.67321130642844
16.056056056056057,11.098172780667474,-1164.6747473274906,0.6912141276737338,-157.87341150662866
16.076076076076077,11.112010901341623,-1167.835376186482,0.6912141276737338,-158.07361170682887
16.096096096096094,11.125849022015773,-1171.0000130574897,0.6912141276737338,-158.27381190702908
16.116116116116117,11.139687142689922,-1174.1686579405134,0.6912141276737338,-158.4740121072293
16.136136136136138,11.153525263364072,-1177.341310835553,0.6912141276737338,-158.6742123074295
16.156156156156158,11.167363384038222,-1180.5179717426088,0.6912141276737338,-158.87441250762973
16.176176176176178,11.181201504712371,-1183.6986406616804,0.6912141276737338,-159.07461270782994
16.196196196196194,11.19503962538652,-1186.8833175927682,0.6912141276737338,-159.27481290803016
16.216216216216218,11.20887774606067,-1190.072002535872,0.6912141276737338,-159.47501310823037
16.236236236236238,11.22271586673482,-1193.2646954909917,0.6912141276737338,-159.67521330843059
16.256256256256258,11.23655398740897,-1196.4613964581274,0.6912141276737338,-159.8754135086308
16.276276276276278,11.250392108083119,-1199.6621054372793,0.6912141276737338,-160.075613708831
16.296296296296294,11.264230228757269,-1202.866822428447,0.6912141276737338,-160.27581390903123
16.316316316316318,11.278068349431418,-1206.0755474316309,0.6912141276737338,-160.47601410923144
16.336336336336338,11.291906470105568,-1209.2882804468306,0.6912141276737338,-160.67621430943166
16.356356356356358,11.305744590779717,-1212.5050214740465,0.6912141276737338,-160.87641450963187
16.376376376376378,11.319582711453867,-1215.7257705132783,0.6912141276737338,-161.07661470983209
16.396396396396394,11.333420832128017,-1218.9505275645263,0.6912141276737338,-161.2768149100323
16.416416416416418,11.347258952802166,-1222.1792926277901,0.6912141276737338,-161.47701511023251
16.436436436436438,11.361097073476316,-1225.41206570307,0.6912141276737338,-161.67721531043273
16.456456456456458,11.374935194150465,-1228.648846790366,0.6912141276737338,-161.87741551063294
16.476476476476478,11.388773314824615,-1231.889635889678,0.6912141276737338,-162.07761571083316
16.496496496496494,11.402611435498764,-1235.1344330010058,0.6912141276737338,-162.27781591103337
16.516516516516518,11.416449556172914,-1238.3832381243499,0.6912141276737338,-162.4780161112336
16.536536536536538,11.430287676847064,-1241.6360512597098,0.6912141276737338,-162.6782163114338
16.556556556556558,11.444125797521213,-1244.8928724070859,0.6912141276737338,-162.87841651163401
16.576576576576578,11.457963918195363,-1248.1537015664778,0.6912141276737338,-163.07861671183423
16.596596596596594,11.471802038869512,-1251.418538737886,0.6912141276737338,-163.27881691203444
16.616616616616618,11.485640159543662,-1254.6873839213101,0.6912141276737338,-163.47901711223466
16.636636636636638,11.499478280217811,-1257.9602371167502,0.6912141276737338,-163.67921731243487
16.656656656656658,11.513316400891961,-1261.2370983242065,0.6912141276737338,-163.8794175126351
16.676676676676678,11.52715452156611,-1264.5179675436787,0.6912141276737338,-164.0796177128353
16.696696696696694,11.54099264224026,-1267.802844775167,0.6912141276737338,-164.27981791303552
16.716716716716718,11.55483076291441,-1271.0917300186711,0.6912141276737338,-164.48001811323573
16.736736736736738,11.56866888358856,-1274.3846232741914,0.6912141276737338,-164.68021831343594
16.756756756756758,11.582507004262709,-1277.6815245417276,0.6912141276737338,-164.88041851363616
16.776776776776778,11.596345124936859,-1280.98243382128,0.6912141276737338,-165.08061871383637
16.796796796796794,11.610183245611008,-1284.2873511128482,0.6912141276737338,-165.2808189140366
16.816816816816818,11.624021366285158,-1287.5962764164326,0.6912141276737338,-165.4810191142368
16.836836836836838,11.637859486959307,-1290.9092097320329,0.6912141276737338,-165.68121931443702
16.856856856856858,11.651697607633457,-1294.2261510596493,0.6912141276737338,-165.88141951463723
16.876876876876878,11.665535728307606,-1297.5471003992816,0.6912141276737338,-166.08161971483744
16.896896896896898,11.679373848981756,-1300.87205775093,0.6912141276737338,-166.28181991503766
16.916916916916918,11.693211969655906,-1304.2010231145944,0.6912141276737338,-166.48202011523787
16.936936936936938,11.707050090330055,-1307.5339964902748,0.6912141276737338,-166.6822203154381
16.956956956956958,11.720888211004205,-1310.8709778779712,0.6912141276737338,-166.8824205156383
16.976976976976978,11.734726331678354,-1314.2119672776837,0.6912141276737338,-167.08262071583852
16.996996996996998,11.748564452352504,-1317.556964689412,0.6912141276737338,-167.28282091603873
17.017017017017018,11.762402573026653,-1320.9059701131566,0.6912141276737338,-167.48302111623894
17.037037037037038,11.776240693700803,-1324.258983548917,0.6912141276737338,-167.68322131643916
17.057057057057058,11.790078814374953,-1327.6160049966936,0.6912141276737338,-167.88342151663937
17.077077077077078,11.803916935049102,-1330.9770344564863,0.6912141276737338,-168.0836217168396
17.097097097097098,11.817755055723252,-1334.342071928295,0.6912141276737338,-168.2838219170398
17.117117117117118,11.831593176397401,-1337.7111174121196,0.6912141276737338,-168.48402211724002
17.137137137137138,11.845431297071551,-1341.0841709079602,0.6912141276737338,-168.68422231744023
17.157157157157158,11.8592694177457,-1344.461232415817,0.6912141276737338,-168.88442251764044
17.177177177177178,11.87310753841985,-1347.8423019356896,0.6912141276737338,-169.08462271784066
17.197197197197198,11.886945659094,-1351.2273794675784,0.6912141276737338,-169.28482291804087
17.217217217217218,11.90078377976815,-1354.6164650114831,0.6912141276737338,-169.4850231182411
17.237237237237238,11.914621900442299,-1358.009558567404,0.6912141276737338,-169.6852233184413
17.25725725725726,11.928460021116448,-1361.4066601353406,0.6912141276737338,-169.88542351864152
17.27727727727728,11.942298141790598,-1364.8077697152935,0.6912141276737338,-170.08562371884173
17.2972972972973,11.956136262464748,-1368.2128873072622,0.6912141276737338,-170.28582391904195
17.31731731731732,11.969974383138897,-1371.622012911247,0.6912141276737338,-170.48602411924216
17.33733733733734,11.983812503813047,-1375.035146527248,0.6912141276737338,-170.68622431944237
17.35735735735736,11.997650624487196,-1378.4522881552648,0.6912141276737338,-170.8864245196426
17.37737737737738,12.011488745161346,-1381.8734377952976,0.6912141276737338,-171.0866247198428
17.3973973973974,12.025326865835495,-1385.2985954473465,0.6912141276737338,-171.28682492004302
17.41741741741742,12.039164986509645,-1388.7277611114114,0.6912141276737338,-171.48702512024323
17.43743743743744,12.053003107183795,-1392.1609347874924,0.6912141276737338,-171.68722532044345
17.45745745745746,12.066841227857944,-1395.5981164755892,0.6912141276737338,-171.88742552064366
17.47747747747748,12.080679348532094,-1399.0393061757022,0.6912141276737338,-172.08762572084387
17.4974974974975,12.094517469206243,-1402.4845038878311,0.6912141276737338,-172.2878259210441
17.51751751751752,12.108355589880393,-1405.9337096119762,0.6912141276737338,-172.4880261212443
17.53753753753754,12.122193710554543,-1409.3869233481373,0.6912141276737338,-172.68822632144452
17.55755755755756,12.136031831228692,-1412.8441450963144,0.6912141276737338,-172.88842652164473
17.57757757757758,12.149869951902842,-1416.3053748565076,0.6912141276737338,-173.08862672184495
17.5975975975976,12.163708072576991,-1419.7706126287167,0.6912141276737338,-173.28882692204516
17.61761761761762,12.17754619325114,-1423.2398584129419,0.6912141276737338,-173.48902712224537
17.63763763763764,12.19138431392529,-1426.713112209183,0.6912141276737338,-173.6892273224456
17.65765765765766,12.20522243459944,-1430.1903740174403,0.6912141276737338,-173.8894275226458
17.67767767767768,12.21906055527359,-1433.6716438377134,0.6912141276737338,-174.08962772284602
17.6976976976977,12.23289867594774,-1437.1569216700027,0.6912141276737338,-174.28982792304623
17.71771771771772,12.246736796621889,-1440.646207514308,0.6912141276737338,-174.49002812324645
17.73773773773774,12.260574917296038,-1444.1395013706292,0.6912141276737338,-174.69022832344666
17.75775775775776,12.274413037970188,-1447.6368032389664,0.6912141276737338,-174.89042852364688
17.77777777777778,12.288251158644337,-1451.1381131193198,0.6912141276737338,-175.0906287238471
17.7977977977978,12.302089279318487,-1454.643431011689,0.6912141276737338,-175.2908289240473
17.81781781781782,12.315927399992637,-1458.1527569160744,0.6912141276737338,-175.49102912424752
17.83783783783784,12.329765520666786,-1461.6660908324757,0.6912141276737338,-175.69122932444773
17.85785785785786,12.343603641340936,-1465.183432760893,0.6912141276737338,-175.89142952464795
17.87787787787788,12.357441762015085,-1468.7047827013264,0.6912141276737338,-176.09162972484816
17.8978978978979,12.371279882689235,-1472.2301406537758,0.6912141276737338,-176.29182992504838
17.91791791791792,12.385118003363385,-1475.7595066182412,0.6912141276737338,-176.4920301252486
17.93793793793794,12.398956124037534,-1479.2928805947226,0.6912141276737338,-176.6922303254488
17.95795795795796,12.412794244711684,-1482.83026258322,0.6912141276737338,-176.89243052564902
17.97797797797798,12.426632365385833,-1486.3716525837335,0.6912141276737338,-177.09263072584923
17.997997997998,12.440470486059983,-1489.917050596263,0.6912141276737338,-177.29283092604945
18.01801801801802,12.454308606734132,-1493.4664566208085,0.6912141276737338,-177.49303112624966
18.03803803803804,12.468146727408282,-1497.0198706573701,0.6912141276737338,-177.69323132644988
18.05805805805806,12.481984848082432,-1500.5772927059477,0.6912141276737338,-177.8934315266501
18.07807807807808,12.495822968756581,-1504.1387227665414,0.6912141276737338,-178.0936317268503
18.0980980980981,12.50966108943073,-1507.704160839151,0.6912141276737338,-178.29383192705052
18.11811811811812,12.52349921010488,-1511.2736069237767,0.6912141276737338,-178.49403212725073
18.13813813813814,12.53733733077903,-1514.8470610204183,0.6912141276737338,-178.69423232745095
18.15815815815816,12.55117545145318,-1518.424523129076,0.6912141276737338,-178.89443252765116
18.17817817817818,12.565013572127329,-1522.0059932497497,0.6912141276737338,-179.09463272785138
18.1981981981982,12.578851692801479,-1525.5914713824395,0.6912141276737338,-179.2948329280516
18.21821821821822,12.592689813475628,-1529.1809575271452,0.6912141276737338,-179.4950331282518
18.23823823823824,12.606527934149778,-1532.774451683867,0.6912141276737338,-179.69523332845202
18.25825825825826,12.620366054823927,-1536.3719538526047,0.6912141276737338,-179.89543352865223
18.27827827827828,12.634204175498077,-1539.9734640333586,0.6912141276737338,-180.09563372885245
18.2982982982983,12.648042296172227,-1543.5789822261283,0.6912141276737338,-180.29583392905266
18.31831831831832,12.661880416846376,-1547.1885084309142,0.6912141276737338,-180.49603412925288
18.33833833833834,12.675718537520526,-1550.802042647716,0.6912141276737338,-180.6962343294531
18.35835835835836,12.689556658194675,-1554.419584876534,0.6912141276737338,-180.8964345296533
18.37837837837838,12.703394778868825,-1558.0411351173677,0.6912141276737338,-181.09663472985352
18.3983983983984,12.717232899542974,-1561.6666933702177,0.6912141276737338,-181.29683493005373
18.41841841841842,12.731071020217124,-1565.2962596350835,0.6912141276737338,-181.49703513025395
18.43843843843844,12.744909140891274,-1568.9298339119655,0.6912141276737338,-181.69723533045416
18.45845845845846,12.758747261565423,-1572.5674162008634,0.6912141276737338,-181.89743553065438
18.47847847847848,12.772585382239573,-1576.2090065017774,0.6912141276737338,-182.0976357308546
18.4984984984985,12.786423502913722,-1579.8546048147075,0.6912141276737338,-182.2978359310548
18.51851851851852,12.800261623587872,-1583.5042111396535,0.6912141276737338,-182.49803613125502
18.53853853853854,12.814099744262021,-1587.1578254766157,0.6912141276737338,-182.69823633145523
18.55855855855856,12.827937864936171,-1590.8154478255938,0.6912141276737338,-182.89843653165545
18.57857857857858,12.84177598561032,-1594.477078186588,0.6912141276737338,-183.09863673185566
18.5985985985986,12.85561410628447,-1598.142716559598,0.6912141276737338,-183.29883693205588
18.61861861861862,12.86945222695862,-1601.8123629446243,0.6912141276737338,-183.4990371322561
18.63863863863864,12.88329034763277,-1605.4860173416664,0.6912141276737338,-183.6992373324563
18.65865865865866,12.897128468306919,-1609.1636797507247,0.6912141276737338,-183.89943753265652
18.67867867867868,12.910966588981069,-1612.8453501717988,0.6912141276737338,-184.09963773285673
18.6986986986987,12.924804709655218,-1616.5310286048891,0.6912141276737338,-184.29983793305695
18.71871871871872,12.938642830329368,-1620.2207150499953,0.6912141276737338,-184.50003813325716
18.73873873873874,12.952480951003517,-1623.9144095071176,0.6912141276737338,-184.70023833345738
18.75875875875876,12.966319071677667,-1627.6121119762558,0.6912141276737338,-184.9004385336576
18.77877877877878,12.980157192351816,-1631.3138224574102,0.6912141276737338,-185.1006387338578
18.7987987987988,12.993995313025966,-1635.0195409505804,0.6912141276737338,-185.30083893405802
18.81881881881882,13.007833433700116,-1638.7292674557668,0.6912141276737338,-185.50103913425824
18.83883883883884,13.021671554374265,-1642.4430019729691,0.6912141276737338,-185.70123933445845
18.85885885885886,13.035509675048415,-1646.1607445021875,0.6912141276737338,-185.90143953465866
18.87887887887888,13.049347795722564,-1649.8824950434218,0.6912141276737338,-186.10163973485888
18.8988988988989,13.063185916396714,-1653.6082535966723,0.6912141276737338,-186.3018399350591
18.91891891891892,13.077024037070863,-1657.3380201619386,0.6912141276737338,-186.5020401352593
18.93893893893894,13.090862157745013,-1661.071794739221,0.6912141276737338,-186.70224033545952
18.95895895895896,13.104700278419163,-1664.8095773285195,0.6912141276737338,-186.90244053565974
18.97897897897898,13.118538399093312,-1668.551367929834,0.6912141276737338,-187.10264073585995
18.998998998999,13.132376519767462,-1672.2971665431646,0.6912141276737338,-187.30284093606016
19.01901901901902,13.146214640441611,-1676.0469731685112,0.6912141276737338,-187.50304113626038
19.03903903903904,13.160052761115761,-1679.8007878058738,0.6912141276737338,-187.7032413364606
19.05905905905906,13.17389088178991,-1683.5586104552524,0.6912141276737338,-187.9034415366608
19.07907907907908,13.18772900246406,-1687.320441116647,0.6912141276737338,-188.10364173686102
19.0990990990991,13.20156712313821,-1691.0862797900577,0.6912141276737338,-188.30384193706124
19.11911911911912,13.21540524381236,-1694.8561264754844,0.6912141276737338,-188.50404213726145
19.13913913913914,13.229243364486509,-1698.629981172927,0.6912141276737338,-188.70424233746166
19.15915915915916,13.243081485160658,-1702.4078438823858,0.6912141276737338,-188.90444253766188
19.17917917917918,13.256919605834808,-1706.1897146038605,0.6912141276737338,-189.1046427378621
19.1991991991992,13.270757726508958,-1709.9755933373513,0.6912141276737338,-189.3048429380623
19.21921921921922,13.284595847183107,-1713.765480082858,0.6912141276737338,-189.50504313826252
19.23923923923924,13.298433967857257,-1717.5593748403808,0.6912141276737338,-189.70524333846274
19.25925925925926,13.312272088531406,-1721.3572776099195,0.6912141276737338,-189.90544353866295
19.27927927927928,13.326110209205556,-1725.1591883914743,0.6912141276737338,-190.10564373886317
19.2992992992993,13.339948329879705,-1728.965107185045,0.6912141276737338,-190.30584393906338
19.31931931931932,13.353786450553855,-1732.775033990632,0.6912141276737338,-190.5060441392636
19.33933933933934,13.367624571228005,-1736.5889688082348,0.6912141276737338,-190.7062443394638
19.35935935935936,13.381462691902154,-1740.4069116378537,0.6912141276737338,-190.90644453966402
19.37937937937938,13.395300812576304,-1744.2288624794885,0.6912141276737338,-191.10664473986424
19.3993993993994,13.409138933250453,-1748.0548213331394,0.6912141276737338,-191.30684494006445
19.41941941941942,13.422977053924603,-1751.8847881988063,0.6912141276737338,-191.50704514026467
19.43943943943944,13.436815174598753,-1755.7187630764893,0.6912141276737338,-191.70724534046488
19.45945945945946,13.450653295272902,-1759.5567459661884,0.6912141276737338,-191.9074455406651
19.47947947947948,13.464491415947052,-1763.3987368679034,0.6912141276737338,-192.1076457408653
19.4994994994995,13.478329536621201,-1767.2447357816345,0.6912141276737338,-192.30784594106552
19.51951951951952,13.49216765729535,-1771.0947427073816,0.6912141276737338,-192.50804614126574
19.53953953953954,13.5060057779695,-1774.9487576451447,0.6912141276737338,-192.70824634146595
19.55955955955956,13.51984389864365,-1778.8067805949238,0.6912141276737338,-192.90844654166617
19.57957957957958,13.5336820193178,-1782.668811556719,0.6912141276737338,-193.10864674186638
19.5995995995996,13.54752013999195,-1786.53485053053,0.6912141276737338,-193.3088469420666
19.61961961961962,13.561358260666099,-1790.4048975163573,0.6912141276737338,-193.5090471422668
19.63963963963964,13.575196381340248,-1794.2789525142005,0.6912141276737338,-193.70924734246702
19.65965965965966,13.589034502014398,-1798.1570155240597,0.6912141276737338,-193.90944754266724
19.67967967967968,13.602872622688547,-1802.0390865459349,0.6912141276737338,-194.10964774286745
19.6996996996997,13.616710743362697,-1805.9251655798262,0.6912141276737338,-194.30984794306767
19.71971971971972,13.630548864036847,-1809.8152526257334,0.6912141276737338,-194.51004814326788
19.73973973973974,13.644386984710996,-1813.7093476836567,0.6912141276737338,-194.7102483434681
19.75975975975976,13.658225105385146,-1817.607450753596,0.6912141276737338,-194.9104485436683
19.77977977977978,13.672063226059295,-1821.5095618355513,0.6912141276737338,-195.11064874386852
19.7997997997998,13.685901346733445,-1825.4156809295225,0.6912141276737338,-195.31084894406874
19.81981981981982,13.699739467407595,-1829.32580803551,0.6912141276737338,-195.51104914426895
19.83983983983984,13.713577588081744,-1833.2399431535132,0.6912141276737338,-195.71124934446917
19.85985985985986,13.727415708755894,-1837.1580862835326,0.6912141276737338,-195.91144954466938
19.87987987987988,13.741253829430043,-1841.080237425568,0.6912141276737338,-196.1116497448696
19.8998998998999,13.755091950104193,-1845.0063965796194,0.6912141276737338,-196.3118499450698
19.91991991991992,13.768930070778342,-1848.936563745687,0.6912141276737338,-196.51205014527002
19.93993993993994,13.782768191452492,-1852.8707389237704,0.6912141276737338,-196.71225034547024
19.95995995995996,13.796606312126642,-1856.80892211387,0.6912141276737338,-196.91245054567045
19.97997997997998,13.810444432800791,-1860.7511133159855,0.6912141276737338,-197.11265074587067
20.0,13.82428255347494,-1864.6973125301172,0.6912141276737338,-197.31285094607088
