t,xpos,ypos,vx,vy
0.0,0.0,79.98301022930136,80.85700564858503,1.1466072921399144
0.02002002002002002,1.6187588718435442,80.0059653302451,80.85700564858503,0.9464070919397143
0.04004004004004004,3.2375177436870883,80.02491241917282,80.85700564858503,0.7462068917395142
0.06006006006006006,4.856276615530632,80.03985149608452,80.85700564858503,0.546006691539314
0.08008008008008008,6.475035487374177,80.05078256098021,80.85700564858503,0.34580649133911384
0.10010010010010009,8.093794359217721,80.05770561385987,80.85700564858503,0.14560629113891366
0.12012012012012012,9.712553231061266,80.06062065472351,80.85700564858503,-0.05459390906128653
0.14014014014014015,11.33131210290481,80.05952768357113,80.85700564858503,-0.2547941092614867
0.16016016016016016,12.950070974748355,80.05442670040273,80.85700564858503,-0.4549943094616869
0.18018018018018017,14.5688298465919,80.04531770521831,80.85700564858503,-0.6551945096618871
0.20020020020020018,16.187588718435443,80.03220069801787,80.85700564858503,-0.8553947098620873
0.22022022022022023,17.806347590278985,80.01507567880141,80.85700564858503,-1.0555949100622875
0.24024024024024024,19.42510646212253,79.99394264756893,80.85700564858503,-1.2557951102624876
0.2602602602602603,21.04386533396607,79.96880160432043,80.85700564858503,-1.4559953104626877
0.2802802802802803,22.662624205809614,79.93965254905592,80.85700564858503,-1.6561955106628878
0.3003003003003003,24.281383077653157,79.90649548177538,80.85700564858503,-1.856395710863088
0.3203203203203203,25.9001419494967,79.86933040247882,80.85700564858503,-2.056595911063288
0.3403403403403404,27.518900821340242,79.82815731116625,80.85700564858503,-2.2567961112634882
0.36036036036036034,29.137659693183785,79.78297620783765,80.85700564858503,-2.4569963114636884
0.3803803803803804,30.756418565027328,79.73378709249303,80.85700564858503,-2.6571965116638885
0.40040040040040037,32.37517743687087,79.6805899651324,80.85700564858503,-2.8573967118640886
0.42042042042042044,33.99393630871442,79.62338482575574,80.85700564858503,-3.0575969120642887
0.44044044044044045,35.612695180557964,79.56217167436306,80.85700564858503,-3.257797112264489
0.4604604604604605,37.23145405240151,79.49695051095436,80.85700564858503,-3.457997312464689
0.4804804804804805,38.85021292424506,79.42772133552964,80.85700564858503,-3.658197512664889
0.5005005005005005,40.4689717960886,79.3544841480889,80.85700564858503,-3.8583977128650893
0.5205205205205206,42.08773066793215,79.27723894863215,80.85700564858503,-4.05859791306529
0.5405405405405406,43.706489539775696,79.19598573715936,80.85700564858503,-4.25879811326549
0.5605605605605606,45.32524841161924,79.11072451367056,80.85700564858503,-4.45899831346569
0.5805805805805806,46.94400728346279,79.02145527816575,80.85700564858503,-4.65919851366589
0.6006006006006006,48.562766155306335,78.9281780306449,80.85700564858503,-4.85939871386609
0.6206206206206206,50.18152502714988,78.83089277110804,80.85700564858503,-5.0595989140662905
0.6406406406406406,51.80028389899343,78.72959949955516,80.85700564858503,-5.259799114266491
0.6606606606606606,53.419042770836974,78.62429821598627,80.85700564858503,-5.459999314466691
0.6806806806806808,55.03780164268052,78.51498892040135,80.85700564858503,-5.660199514666891
0.7007007007007007,56.65656051452407,78.40167161280041,80.85700564858503,-5.860399714867091
0.7207207207207207,58.27531938636761,78.28434629318346,80.85700564858503,-6.060599915067291
0.7407407407407407,59.89407825821116,78.16301296155048,80.85700564858503,-6.260800115267491
0.7607607607607608,61.512837130054706,78.03767161790148,80.85700564858503,-6.461000315467691
0.7807807807807808,63.13159600189825,77.90832226223647,80.85700564858503,-6.6612005156678915
0.8008008008008007,64.7503548737418,77.77496489455542,80.85700564858503,-6.861400715868092
0.8208208208208208,66.36911374558534,77.63759951485837,80.85700564858503,-7.061600916068292
0.8408408408408409,67.98787261742888,77.49622612314529,80.85700564858503,-7.261801116268492
0.8608608608608609,69.60663148927242,77.35084471941619,80.85700564858503,-7.462001316468692
0.8808808808808809,71.22539036111596,77.20145530367107,80.85700564858503,-7.662201516668892
0.9009009009009008,72.8441492329595,77.04805787590993,80.85700564858503,-7.862401716869092
0.920920920920921,74.46290810480303,76.89065243613277,80.85700564858503,-8.062601917069292
0.9409409409409409,76.08166697664657,76.72923898433959,80.85700564858503,-8.262802117269493
0.960960960960961,77.70042584849011,76.56381752053039,80.85700564858503,-8.463002317469693
0.980980980980981,79.31918472033365,76.39438804470517,80.85700564858503,-8.663202517669893
1.001001001001001,80.93794359217719,76.22095055686393,80.85700564858503,-8.863402717870093
1.021021021021021,82.55670246402073,76.04350505700667,80.85700564858503,-9.063602918070293
1.0410410410410411,84.17546133586427,75.8620515451334,80.85700564858503,-9.263803118270493
1.0610610610610611,85.79422020770781,75.6765900212441,80.85700564858503,-9.464003318470693
1.0810810810810811,87.41297907955135,75.48712048533878,80.85700564858503,-9.664203518670893
1.1011011011011012,89.03173795139489,75.29364293741745,80.85700564858503,-9.864403718871094
1.1211211211211212,90.65049682323843,75.09615737748008,80.85700564858503,-10.064603919071294
1.1411411411411412,92.26925569508197,74.8946638055267,80.85700564858503,-10.264804119271494
1.1611611611611612,93.8880145669255,74.68916222155731,80.85700564858503,-10.465004319471694
1.1811811811811812,95.50677343876905,74.47965262557189,80.85700564858503,-10.665204519671894
1.2012012012012012,97.12553231061258,74.26613501757045,80.85700564858503,-10.865404719872094
1.2212212212212212,98.74429118245612,74.048609397553,80.85700564858503,-11.065604920072294
1.2412412412412412,100.36305005429966,73.82707576551951,80.85700564858503,-11.265805120272494
1.2612612612612613,101.9818089261432,73.60153412147001,80.85700564858503,-11.466005320472695
1.2812812812812813,103.60056779798674,73.3719844654045,80.85700564858503,-11.666205520672895
1.3013013013013013,105.21932666983028,73.13842679732295,80.85700564858503,-11.866405720873095
1.3213213213213213,106.83808554167382,72.90086111722539,80.85700564858503,-12.066605921073295
1.3413413413413413,108.45684441351736,72.65928742511181,80.85700564858503,-12.266806121273495
1.3613613613613615,110.0756032853609,72.41370572098221,80.85700564858503,-12.467006321473695
1.3813813813813813,111.69436215720444,72.16411600483659,80.85700564858503,-12.667206521673895
1.4014014014014013,113.31312102904798,71.91051827667495,80.85700564858503,-12.867406721874096
1.4214214214214214,114.93187990089152,71.65291253649728,80.85700564858503,-13.067606922074296
1.4414414414414414,116.55063877273506,71.3912987843036,80.85700564858503,-13.267807122274496
1.4614614614614616,118.1693976445786,71.1256770200939,80.85700564858503,-13.468007322474696
1.4814814814814814,119.78815651642213,70.85604724386819,80.85700564858503,-13.668207522674896
1.5015015015015014,121.40691538826567,70.58240945562645,80.85700564858503,-13.868407722875096
1.5215215215215216,123.02567426010921,70.30476365536869,80.85700564858503,-14.068607923075296
1.5415415415415414,124.64443313195275,70.02310984309491,80.85700564858503,-14.268808123275496
1.5615615615615617,126.26319200379629,69.73744801880511,80.85700564858503,-14.469008323475697
1.5815815815815815,127.88195087563983,69.44777818249929,80.85700564858503,-14.669208523675897
1.6016016016016015,129.50070974748337,69.15410033417746,80.85700564858503,-14.869408723876097
1.6216216216216217,131.1194686193269,68.85641447383959,80.85700564858503,-15.069608924076297
1.6416416416416415,132.73822749117045,68.55472060148571,80.85700564858503,-15.269809124276497
1.6616616616616617,134.356986363014,68.24901871711582,80.85700564858503,-15.470009324476697
1.6816816816816818,135.97574523485753,67.93930882072989,80.85700564858503,-15.670209524676897
1.7017017017017015,137.59450410670107,67.62559091232795,80.85700564858503,-15.870409724877097
1.7217217217217218,139.2132629785446,67.30786499191,80.85700564858503,-16.0706099250773
1.7417417417417416,140.83202185038814,66.98613105947601,80.85700564858503,-16.2708101252775
1.7617617617617618,142.45078072223168,66.660389115026,80.85700564858503,-16.4710103254777
1.7817817817817818,144.06953959407522,66.33063915855999,80.85700564858503,-16.6712105256779
1.8018018018018016,145.68829846591876,65.99688119007794,80.85700564858503,-16.8714107258781
1.8218218218218218,147.3070573377623,65.65911520957988,80.85700564858503,-17.0716109260783
1.841841841841842,148.92581620960584,65.3173412170658,80.85700564858503,-17.2718111262785
1.8618618618618619,150.54457508144938,64.97155921253571,80.85700564858503,-17.4720113264787
1.8818818818818819,152.16333395329292,64.62176919598959,80.85700564858503,-17.6722115266789
1.9019019019019017,153.78209282513646,64.26797116742745,80.85700564858503,-17.8724117268791
1.921921921921922,155.40085169698,63.910165126849286,80.85700564858503,-18.0726119270793
1.9419419419419421,157.01961056882354,63.54835107425511,80.85700564858503,-18.2728121272795
1.961961961961962,158.63836944066708,63.18252900964491,80.85700564858503,-18.4730123274797
1.981981981981982,160.25712831251062,62.81269893301869,80.85700564858503,-18.6732125276799
2.002002002002002,161.87588718435416,62.43886084437645,80.85700564858503,-18.8734127278801
2.022022022022022,163.4946460561977,62.06101474371819,80.85700564858503,-19.0736129280803
2.042042042042042,165.11340492804123,61.67916063104391,80.85700564858503,-19.2738131282805
2.0620620620620618,166.73216379988477,61.29329850635361,80.85700564858503,-19.4740133284807
2.0820820820820822,168.3509226717283,60.90342836964729,80.85700564858503,-19.6742135286809
2.1021021021021022,169.96968154357185,60.50955022092494,80.85700564858503,-19.874413728881102
2.1221221221221223,171.5884404154154,60.111664060186584,80.85700564858503,-20.074613929081302
2.1421421421421423,173.20719928725893,59.7097698874322,80.85700564858503,-20.274814129281502
2.1621621621621623,174.82595815910247,59.303867702661805,80.85700564858503,-20.475014329481702
2.1821821821821823,176.444717030946,58.893957505875385,80.85700564858503,-20.675214529681902
2.2022022022022023,178.06347590278955,58.48003929707294,80.85700564858503,-20.875414729882102
2.2222222222222223,179.6822347746331,58.062113076254484,80.85700564858503,-21.075614930082303
2.2422422422422423,181.30099364647663,57.64017884342,80.85700564858503,-21.275815130282503
2.2622622622622623,182.91975251832017,57.2142365985695,80.85700564858503,-21.476015330482703
2.2822822822822824,184.5385113901637,56.78428634170298,80.85700564858503,-21.676215530682903
2.3023023023023024,186.15727026200724,56.35032807282044,80.85700564858503,-21.876415730883103
2.3223223223223224,187.77602913385078,55.91236179192188,80.85700564858503,-22.076615931083303
2.3423423423423424,189.39478800569432,55.4703874990073,80.85700564858503,-22.276816131283503
2.3623623623623624,191.01354687753786,55.0244051940767,80.85700564858503,-22.477016331483703
2.3823823823823824,192.6323057493814,54.57441487713008,80.85700564858503,-22.677216531683904
2.4024024024024024,194.25106462122494,54.12041654816744,80.85700564858503,-22.877416731884104
2.4224224224224224,195.86982349306848,53.66241020718878,80.85700564858503,-23.077616932084304
2.4424424424424425,197.48858236491202,53.2003958541941,80.85700564858503,-23.277817132284504
2.4624624624624625,199.10734123675556,52.7343734891834,80.85700564858503,-23.478017332484704
2.4824824824824825,200.7261001085991,52.26434311215667,80.85700564858503,-23.678217532684904
2.5025025025025025,202.34485898044264,51.790304723113934,80.85700564858503,-23.878417732885104
2.5225225225225225,203.96361785228618,51.31225832205517,80.85700564858503,-24.078617933085305
2.5425425425425425,205.58237672412972,50.830203908980394,80.85700564858503,-24.278818133285505
2.5625625625625625,207.20113559597326,50.344141483889594,80.85700564858503,-24.479018333485705
2.5825825825825826,208.8198944678168,49.85407104678277,80.85700564858503,-24.679218533685905
2.6026026026026026,210.43865333966033,49.35999259765993,80.85700564858503,-24.879418733886105
2.6226226226226226,212.05741221150387,48.86190613652107,80.85700564858503,-25.079618934086305
2.6426426426426426,213.6761710833474,48.35981166336619,80.85700564858503,-25.279819134286505
2.6626626626626626,215.29492995519095,47.85370917819529,80.85700564858503,-25.480019334486705
2.6826826826826826,216.9136888270345,47.343598681008366,80.85700564858503,-25.680219534686906
2.7027027027027026,218.53244769887803,46.82948017180543,80.85700564858503,-25.880419734887106
2.722722722722723,220.15120657072157,46.31135365058647,80.85700564858503,-26.080619935087306
2.7427427427427427,221.7699654425651,45.789219117351486,80.85700564858503,-26.280820135287506
2.7627627627627627,223.38872431440865,45.26307657210049,80.85700564858503,-26.481020335487706
2.7827827827827827,225.0074831862522,44.73292601483347,80.85700564858503,-26.681220535687906
2.8028028028028027,226.62624205809573,44.19876744555042,80.85700564858503,-26.881420735888106
2.822822822822823,228.24500092993927,43.660600864251364,80.85700564858503,-27.081620936088306
2.8428428428428427,229.8637598017828,43.11842627093628,80.85700564858503,-27.281821136288507
2.8628628628628627,231.48251867362634,42.57224366560518,80.85700564858503,-27.482021336488707
2.8828828828828827,233.10127754546988,42.02205304825806,80.85700564858503,-27.682221536688907
2.9029029029029028,234.72003641731342,41.467854418894916,80.85700564858503,-27.882421736889107
2.922922922922923,236.33879528915696,40.90964777751576,80.85700564858503,-28.082621937089307
2.942942942942943,237.9575541610005,40.34743312412058,80.85700564858503,-28.282822137289507
2.962962962962963,239.57631303284404,39.781210458709374,80.85700564858503,-28.483022337489707
2.982982982982983,241.19507190468758,39.210979781282155,80.85700564858503,-28.683222537689907
3.003003003003003,242.81383077653112,38.636741091838914,80.85700564858503,-28.883422737890108
3.0230230230230233,244.43258964837466,38.05849439037965,80.85700564858503,-29.083622938090308
3.0430430430430433,246.0513485202182,37.47623967690437,80.85700564858503,-29.283823138290508
3.063063063063063,247.67010739206174,36.88997695141307,80.85700564858503,-29.484023338490708
3.083083083083083,249.28886626390528,36.29970621390574,80.85700564858503,-29.684223538690908
3.103103103103103,250.90762513574882,35.7054274643824,80.85700564858503,-29.88442373889111
3.1231231231231233,252.52638400759236,35.10714070284304,80.85700564858503,-30.08462393909131
3.1431431431431434,254.1451428794359,34.50484592928766,80.85700564858503,-30.28482413929151
3.163163163163163,255.76390175127943,33.89854314371626,80.85700564858503,-30.48502433949171
3.183183183183183,257.382660623123,33.28823234612884,80.85700564858503,-30.68522453969191
3.203203203203203,259.00141949496657,32.6739135365254,80.85700564858503,-30.88542473989211
3.2232232232232234,260.62017836681014,32.055586714905935,80.85700564858503,-31.08562494009231
3.2432432432432434,262.2389372386537,31.433251881270454,80.85700564858503,-31.28582514029251
3.263263263263263,263.8576961104973,30.806909035618954,80.85700564858503,-31.48602534049271
3.283283283283283,265.47645498234084,30.17655817795143,80.85700564858503,-31.68622554069291
3.303303303303303,267.0952138541844,29.54219930826789,80.85700564858503,-31.88642574089311
3.3233233233233235,268.713972726028,28.90383242656833,80.85700564858503,-32.08662594109331
3.3433433433433435,270.33273159787154,28.261457532852745,80.85700564858503,-32.28682614129351
3.3633633633633635,271.9514904697151,27.615074627121142,80.85700564858503,-32.48702634149371
3.383383383383383,273.5702493415587,26.96468370937352,80.85700564858503,-32.68722654169391
3.403403403403403,275.18900821340225,26.31028477960988,80.85700564858503,-32.88742674189411
3.4234234234234235,276.8077670852458,25.651877837830217,80.85700564858503,-33.08762694209431
3.4434434434434436,278.4265259570894,24.989462884034534,80.85700564858503,-33.28782714229451
3.4634634634634636,280.04528482893295,24.323039918222833,80.85700564858503,-33.48802734249471
3.483483483483483,281.6640437007765,23.652608940395112,80.85700564858503,-33.68822754269491
3.503503503503503,283.2828025726201,22.97816995055137,80.85700564858503,-33.88842774289511
3.5235235235235236,284.90156144446365,22.299722948691606,80.85700564858503,-34.08862794309531
3.5435435435435436,286.5203203163072,21.617267934815825,80.85700564858503,-34.28882814329551
3.5635635635635636,288.1390791881508,20.930804908924024,80.85700564858503,-34.48902834349571
3.583583583583583,289.75783805999436,20.2403338710162,80.85700564858503,-34.68922854369591
3.603603603603603,291.3765969318379,19.54585482109236,80.85700564858503,-34.88942874389611
3.6236236236236237,292.9953558036815,18.847367759152498,80.85700564858503,-35.08962894409631
3.6436436436436437,294.61411467552506,18.144872685196617,80.85700564858503,-35.28982914429651
3.6636636636636637,296.2328735473686,17.438369599224714,80.85700564858503,-35.49002934449671
3.683683683683684,297.8516324192122,16.727858501236792,80.85700564858503,-35.69022954469691
3.7037037037037033,299.47039129105576,16.01333939123285,80.85700564858503,-35.89042974489711
3.7237237237237237,301.08915016289933,15.294812269212889,80.85700564858503,-36.09062994509731
3.7437437437437437,302.7079090347429,14.572277135176906,80.85700564858503,-36.29083014529751
3.7637637637637638,304.32666790658647,13.845733989124904,80.85700564858503,-36.49103034549771
3.783783783783784,305.94542677843003,13.115182831056881,80.85700564858503,-36.69123054569791
3.8038038038038033,307.5641856502736,12.380623660972839,80.85700564858503,-36.89143074589811
3.823823823823824,309.18294452211717,11.642056478872776,80.85700564858503,-37.09163094609831
3.843843843843844,310.80170339396074,10.899481284756694,80.85700564858503,-37.29183114629851
3.863863863863864,312.4204622658043,10.152898078624592,80.85700564858503,-37.49203134649871
3.8838838838838843,314.03922113764787,9.40230686047647,80.85700564858503,-37.69223154669891
3.9039039039039034,315.65798000949144,8.647707630312327,80.85700564858503,-37.89243174689911
3.923923923923924,317.276738881335,7.889100388132165,80.85700564858503,-38.09263194709931
3.943943943943944,318.8954977531786,7.126485133935982,80.85700564858503,-38.292832147299514
3.963963963963964,320.51425662502214,6.3598618677237795,80.85700564858503,-38.493032347499714
3.9839839839839843,322.1330154968657,5.589230589495557,80.85700564858503,-38.693232547699914
4.004004004004004,323.7517743687093,4.8145912992513145,80.85700564858503,-38.893432747900114
4.0240240240240235,325.37053324055285,4.035943996991052,80.85700564858503,-39.093632948100314
4.044044044044044,326.9892921123964,3.2532886827147696,80.85700564858503,-39.293833148300514
4.064064064064064,328.60805098424,2.466625356422467,80.85700564858503,-39.494033348500714
4.084084084084084,330.22680985608355,1.6759540181141446,80.85700564858503,-39.694233548700915
4.104104104104104,331.8455687279271,0.8812746677898019,80.85700564858503,-39.894433748901115
4.1241241241241235,333.4643275997707,0.08258730544943926,80.85700564858503,-40.094633949101315
4.1441441441441444,335.08308647161425,-0.7201080689069435,80.85700564858503,-40.294834149301515
4.1641641641641645,336.7018453434578,-1.5268114552793461,80.85700564858503,-40.495034349501715
4.1841841841841845,338.3206042153014,-2.337522853667769,80.85700564858503,-40.695234549701915
4.2042042042042045,339.93936308714495,-3.1522422640722114,80.85700564858503,-40.895434749902115
4.2242242242242245,341.5581219589885,-3.9709696864926745,80.85700564858503,-41.095634950102315
4.2442442442442445,343.1768808308321,-4.7937051209291575,80.85700564858503,-41.295835150302516
4.2642642642642645,344.79563970267566,-5.62044856738166,80.85700564858503,-41.496035350502716
4.2842842842842845,346.4143985745192,-6.451200025850183,80.85700564858503,-41.696235550702916
4.3043043043043046,348.0331574463628,-7.285959496334726,80.85700564858503,-41.896435750903116
4.324324324324325,349.65191631820636,-8.12472697883529,80.85700564858503,-42.096635951103316
4.344344344344345,351.27067519004993,-8.967502473351871,80.85700564858503,-42.296836151303516
4.364364364364365,352.8894340618935,-9.814285979884474,80.85700564858503,-42.497036351503716
4.384384384384385,354.50819293373706,-10.665077498433098,80.85700564858503,-42.69723655170392
4.404404404404405,356.12695180558063,-11.51987702899774,80.85700564858503,-42.89743675190412
4.424424424424425,357.7457106774242,-12.378684571578404,80.85700564858503,-43.09763695210432
4.444444444444445,359.36446954926777,-13.241500126175087,80.85700564858503,-43.29783715230452
4.464464464464465,360.98322842111133,-14.10832369278779,80.85700564858503,-43.49803735250472
4.484484484484485,362.6019872929549,-14.979155271416513,80.85700564858503,-43.69823755270492
4.504504504504505,364.22074616479847,-15.853994862061256,80.85700564858503,-43.89843775290512
4.524524524524525,365.83950503664204,-16.73284246472202,80.85700564858503,-44.09863795310532
4.544544544544545,367.4582639084856,-17.6156980793988,80.85700564858503,-44.29883815330552
4.564564564564565,369.0770227803292,-18.502561706091605,80.85700564858503,-44.49903835350572
4.584584584584585,370.69578165217274,-19.393433344800428,80.85700564858503,-44.69923855370592
4.604604604604605,372.3145405240163,-20.28831299552527,80.85700564858503,-44.89943875390612
4.624624624624625,373.9332993958599,-21.187200658266132,80.85700564858503,-45.09963895410632
4.644644644644645,375.55205826770344,-22.090096333023016,80.85700564858503,-45.29983915430652
4.664664664664665,377.170817139547,-22.99700001979592,80.85700564858503,-45.50003935450672
4.684684684684685,378.7895760113906,-23.90791171858484,80.85700564858503,-45.70023955470692
4.704704704704705,380.40833488323415,-24.822831429389787,80.85700564858503,-45.90043975490712
4.724724724724725,382.0270937550777,-25.74175915221075,80.85700564858503,-46.10063995510732
4.744744744744745,383.6458526269213,-26.664694887047734,80.85700564858503,-46.30084015530752
4.764764764764765,385.26461149876485,-27.591638633900736,80.85700564858503,-46.50104035550772
4.784784784784785,386.8833703706084,-28.52259039276976,80.85700564858503,-46.70124055570792
4.804804804804805,388.502129242452,-29.457550163654805,80.85700564858503,-46.90144075590812
4.824824824824825,390.12088811429555,-30.396517946555868,80.85700564858503,-47.10164095610832
4.844844844844845,391.7396469861391,-31.33949374147295,80.85700564858503,-47.30184115630852
4.864864864864865,393.3584058579827,-32.286477548406054,80.85700564858503,-47.50204135650872
4.884884884884885,394.97716472982626,-33.237469367355175,80.85700564858503,-47.70224155670892
4.904904904904905,396.5959236016698,-34.19246919832032,80.85700564858503,-47.90244175690912
4.924924924924925,398.2146824735134,-35.15147704130148,80.85700564858503,-48.10264195710932
4.944944944944945,399.83344134535696,-36.114492896298664,80.85700564858503,-48.30284215730952
4.964964964964965,401.4522002172005,-37.08151676331187,80.85700564858503,-48.50304235750972
4.984984984984985,403.0709590890441,-38.052548642341094,80.85700564858503,-48.70324255770992
5.005005005005005,404.68971796088766,-39.027588533386336,80.85700564858503,-48.90344275791012
5.025025025025025,406.30847683273123,-40.0066364364476,80.85700564858503,-49.10364295811032
5.045045045045045,407.9272357045748,-40.98969235152489,80.85700564858503,-49.30384315831052
5.065065065065065,409.54599457641837,-41.97675627861819,80.85700564858503,-49.50404335851072
5.085085085085085,411.16475344826193,-42.967828217727515,80.85700564858503,-49.70424355871092
5.105105105105105,412.7835123201055,-43.962908168852856,80.85700564858503,-49.90444375891112
5.125125125125125,414.40227119194907,-44.96199613199422,80.85700564858503,-50.10464395911132
5.145145145145145,416.02103006379264,-45.965092107151605,80.85700564858503,-50.30484415931152
5.165165165165165,417.6397889356362,-46.97219609432501,80.85700564858503,-50.50504435951172
5.185185185185185,419.2585478074798,-47.98330809351443,80.85700564858503,-50.70524455971192
5.205205205205205,420.87730667932334,-48.99842810471988,80.85700564858503,-50.90544475991212
5.225225225225225,422.4960655511669,-50.01755612794134,80.85700564858503,-51.10564496011232
5.245245245245245,424.1148244230105,-51.040692163178825,80.85700564858503,-51.30584516031252
5.265265265265265,425.73358329485404,-52.067836210432326,80.85700564858503,-51.50604536051272
5.285285285285285,427.3523421666976,-53.09898826970185,80.85700564858503,-51.70624556071292
5.305305305305305,428.9711010385412,-54.134148340987394,80.85700564858503,-51.90644576091312
5.325325325325325,430.58985991038475,-55.173316424288956,80.85700564858503,-52.10664596111332
5.345345345345346,432.2086187822283,-56.21649251960654,80.85700564858503,-52.30684616131352
5.365365365365365,433.8273776540719,-57.263676626940146,80.85700564858503,-52.50704636151372
5.385385385385385,435.44613652591545,-58.31486874628977,80.85700564858503,-52.70724656171392
5.405405405405405,437.064895397759,-59.37006887765541,80.85700564858503,-52.90744676191412
5.425425425425425,438.6836542696026,-60.42927702103708,80.85700564858503,-53.10764696211432
5.445445445445446,440.30241314144615,-61.49249317643476,80.85700564858503,-53.30784716231452
5.465465465465465,441.9211720132897,-62.55971734384847,80.85700564858503,-53.50804736251472
5.485485485485485,443.5399308851333,-63.63094952327819,80.85700564858503,-53.708247562714924
5.505505505505505,445.15868975697686,-64.70618971472393,80.85700564858503,-53.908447762915124
5.525525525525525,446.7774486288204,-65.78543791818569,80.85700564858503,-54.108647963115324
5.545545545545546,448.396207500664,-66.86869413366348,80.85700564858503,-54.308848163315524
5.565565565565565,450.01496637250756,-67.95595836115729,80.85700564858503,-54.509048363515724
5.585585585585585,451.6337252443511,-69.0472306006671,80.85700564858503,-54.709248563715924
5.605605605605605,453.2524841161947,-70.14251085219296,80.85700564858503,-54.909448763916124
5.625625625625625,454.87124298803826,-71.24179911573482,80.85700564858503,-55.109648964116325
5.645645645645646,456.49000185988183,-72.3450953912927,80.85700564858503,-55.309849164316525
5.665665665665665,458.1087607317254,-73.45239967886661,80.85700564858503,-55.510049364516725
5.685685685685685,459.72751960356896,-74.56371197845654,80.85700564858503,-55.710249564716925
5.7057057057057055,461.34627847541253,-75.67903229006248,80.85700564858503,-55.910449764917125
5.7257257257257255,462.9650373472561,-76.79836061368445,80.85700564858503,-56.110649965117325
5.745745745745746,464.58379621909967,-77.92169694932244,80.85700564858503,-56.310850165317525
5.7657657657657655,466.20255509094324,-79.04904129697644,80.85700564858503,-56.511050365517725
5.7857857857857855,467.8213139627868,-80.18039365664646,80.85700564858503,-56.711250565717926
5.8058058058058055,469.44007283463037,-81.3157540283325,80.85700564858503,-56.911450765918126
5.8258258258258255,471.05883170647394,-82.45512241203457,80.85700564858503,-57.111650966118326
5.845845845845846,472.6775905783175,-83.59849880775265,80.85700564858503,-57.311851166318526
5.865865865865866,474.2963494501611,-84.74588321548676,80.85700564858503,-57.512051366518726
5.885885885885886,475.91510832200464,-85.89727563523688,80.85700564858503,-57.712251566718926
5.905905905905906,477.5338671938482,-87.05267606700302,80.85700564858503,-57.912451766919126
5.925925925925926,479.1526260656918,-88.21208451078519,80.85700564858503,-58.11265196711933
5.9459459459459465,480.77138493753534,-89.37550096658337,80.85700564858503,-58.31285216731953
5.965965965965966,482.3901438093789,-90.54292543439757,80.85700564858503,-58.51305236751973
5.9859859859859865,484.0089026812225,-91.7143579142278,80.85700564858503,-58.71325256771993
6.006006006006006,485.62766155306605,-92.88979840607405,80.85700564858503,-58.91345276792013
6.026026026026026,487.2464204249096,-94.06924690993631,80.85700564858503,-59.11365296812033
6.046046046046047,488.8651792967532,-95.2527034258146,80.85700564858503,-59.31385316832053
6.066066066066066,490.48393816859675,-96.44016795370891,80.85700564858503,-59.51405336852073
6.086086086086087,492.1026970404403,-97.63164049361923,80.85700564858503,-59.71425356872093
6.106106106106106,493.7214559122839,-98.82712104554558,80.85700564858503,-59.91445376892113
6.126126126126126,495.34021478412745,-100.02660960948795,80.85700564858503,-60.11465396912133
6.146146146146147,496.958973655971,-101.23010618544633,80.85700564858503,-60.31485416932153
6.166166166166166,498.5777325278146,-102.43761077342073,80.85700564858503,-60.51505436952173
6.186186186186187,500.19649139965816,-103.64912337341116,80.85700564858503,-60.71525456972193
6.206206206206206,501.8152502715017,-104.8646439854176,80.85700564858503,-60.91545476992213
6.226226226226226,503.4340091433453,-106.08417260944006,80.85700564858503,-61.11565497012233
6.246246246246247,505.05276801518886,-107.30770924547855,80.85700564858503,-61.31585517032253
6.266266266266266,506.6715268870324,-108.53525389353305,80.85700564858503,-61.51605537052273
6.286286286286287,508.290285758876,-109.76680655360357,80.85700564858503,-61.71625557072293
6.306306306306306,509.90904463071956,-111.00236722569012,80.85700564858503,-61.91645577092313
6.326326326326326,511.52780350256313,-112.24193590979269,80.85700564858503,-62.11665597112333
6.346346346346347,513.1465623744067,-113.48551260591127,80.85700564858503,-62.31685617132353
6.366366366366366,514.7653212462502,-114.73309731404588,80.85700564858503,-62.51705637152373
6.386386386386387,516.3840801180937,-115.9846900341965,80.85700564858503,-62.71725657172393
6.406406406406406,518.0028389899372,-117.24029076636315,80.85700564858503,-62.91745677192413
6.426426426426426,519.6215978617807,-118.49989951054582,80.85700564858503,-63.11765697212433
6.446446446446447,521.2403567336243,-119.7635162667445,80.85700564858503,-63.31785717232453
6.466466466466466,522.8591156054678,-121.0311410349592,80.85700564858503,-63.51805737252473
6.486486486486487,524.4778744773113,-122.30277381518994,80.85700564858503,-63.71825757272493
6.506506506506506,526.0966333491548,-123.57841460743668,80.85700564858503,-63.91845777292513
6.526526526526526,527.7153922209983,-124.85806341169945,80.85700564858503,-64.11865797312534
6.546546546546547,529.3341510928418,-126.14172022797823,80.85700564858503,-64.31885817332554
6.566566566566566,530.9529099646853,-127.42938505627303,80.85700564858503,-64.51905837352574
6.586586586586587,532.5716688365288,-128.72105789658386,80.85700564858503,-64.71925857372594
6.606606606606606,534.1904277083723,-130.0167387489107,80.85700564858503,-64.91945877392614
6.626626626626627,535.8091865802159,-131.31642761325358,80.85700564858503,-65.11965897412634
6.646646646646647,537.4279454520594,-132.62012448961246,80.85700564858503,-65.31985917432654
6.666666666666666,539.0467043239029,-133.92782937798736,80.85700564858503,-65.52005937452674
6.686686686686687,540.6654631957464,-135.23954227837828,80.85700564858503,-65.72025957472694
6.706706706706706,542.2842220675899,-136.55526319078524,80.85700564858503,-65.92045977492714
6.726726726726727,543.9029809394334,-137.87499211520822,80.85700564858503,-66.12065997512734
6.746746746746747,545.5217398112769,-139.1987290516472,80.85700564858503,-66.32086017532754
6.766766766766766,547.1404986831204,-140.5264740001022,80.85700564858503,-66.52106037552774
6.786786786786787,548.7592575549639,-141.85822696057323,80.85700564858503,-66.72126057572794
6.806806806806806,550.3780164268074,-143.19398793306027,80.85700564858503,-66.92146077592814
6.826826826826827,551.996775298651,-144.53375691756332,80.85700564858503,-67.12166097612834
6.846846846846847,553.6155341704945,-145.87753391408242,80.85700564858503,-67.32186117632854
6.866866866866866,555.234293042338,-147.22531892261753,80.85700564858503,-67.52206137652874
6.886886886886887,556.8530519141815,-148.57711194316866,80.85700564858503,-67.72226157672894
6.906906906906906,558.471810786025,-149.9329129757358,80.85700564858503,-67.92246177692914
6.926926926926927,560.0905696578685,-151.29272202031896,80.85700564858503,-68.12266197712934
6.946946946946947,561.709328529712,-152.65653907691814,80.85700564858503,-68.32286217732954
6.966966966966966,563.3280874015555,-154.02436414553335,80.85700564858503,-68.52306237752974
6.986986986986987,564.946846273399,-155.3961972261646,80.85700564858503,-68.72326257772994
7.007007007007006,566.5656051452426,-156.77203831881184,80.85700564858503,-68.92346277793014
7.027027027027027,568.1843640170861,-158.1518874234751,80.85700564858503,-69.12366297813034
7.047047047047047,569.8031228889296,-159.53574454015438,80.85700564858503,-69.32386317833054
7.067067067067066,571.4218817607731,-160.92360966884968,80.85700564858503,-69.52406337853074
7.087087087087087,573.0406406326166,-162.31548280956102,80.85700564858503,-69.72426357873094
7.107107107107106,574.6593995044601,-163.71136396228837,80.85700564858503,-69.92446377893114
7.127127127127127,576.2781583763036,-165.11125312703174,80.85700564858503,-70.12466397913134
7.147147147147147,577.8969172481471,-166.51515030379113,80.85700564858503,-70.32486417933154
7.167167167167166,579.5156761199906,-167.92305549256653,80.85700564858503,-70.52506437953174
7.187187187187187,581.1344349918342,-169.33496869335795,80.85700564858503,-70.72526457973194
7.207207207207206,582.7531938636777,-170.75088990616538,80.85700564858503,-70.92546477993214
7.227227227227227,584.3719527355212,-172.17081913098886,80.85700564858503,-71.12566498013234
7.247247247247247,585.9907116073647,-173.59475636782835,80.85700564858503,-71.32586518033254
7.267267267267268,587.6094704792082,-175.02270161668386,80.85700564858503,-71.52606538053274
7.287287287287287,589.2282293510517,-176.45465487755538,80.85700564858503,-71.72626558073294
7.3073073073073065,590.8469882228952,-177.89061615044292,80.85700564858503,-71.92646578093314
7.327327327327327,592.4657470947387,-179.33058543534648,80.85700564858503,-72.12666598113334
7.347347347347347,594.0845059665822,-180.77456273226608,80.85700564858503,-72.32686618133354
7.367367367367368,595.7032648384258,-182.2225480412017,80.85700564858503,-72.52706638153374
7.387387387387387,597.3220237102693,-183.67454136215332,80.85700564858503,-72.72726658173394
7.4074074074074066,598.9407825821128,-185.13054269512097,80.85700564858503,-72.92746678193414
7.4274274274274275,600.5595414539563,-186.59055204010463,80.85700564858503,-73.12766698213434
7.4474474474474475,602.1783003257998,-188.0545693971043,80.85700564858503,-73.32786718233454
7.467467467467468,603.7970591976433,-189.52259476612002,80.85700564858503,-73.52806738253474
7.4874874874874875,605.4158180694868,-190.99462814715176,80.85700564858503,-73.72826758273494
7.507507507507507,607.0345769413303,-192.4706695401995,80.85700564858503,-73.92846778293514
7.5275275275275275,608.6533358131738,-193.95071894526328,80.85700564858503,-74.12866798313534
7.5475475475475475,610.2720946850174,-195.43477636234306,80.85700564858503,-74.32886818333554
7.567567567567568,611.8908535568609,-196.92284179143886,80.85700564858503,-74.52906838353574
7.587587587587588,613.5096124287044,-198.41491523255067,80.85700564858503,-74.72926858373594
7.607607607607607,615.1283713005479,-199.91099668567853,80.85700564858503,-74.92946878393614
7.627627627627628,616.7471301723914,-201.4110861508224,80.85700564858503,-75.12966898413634
7.647647647647648,618.3658890442349,-202.9151836279823,80.85700564858503,-75.32986918433654
7.6676676676676685,619.9846479160784,-204.4232891171582,80.85700564858503,-75.53006938453674
7.687687687687688,621.6034067879219,-205.9354026183501,80.85700564858503,-75.73026958473694
7.707707707707707,623.2221656597654,-207.45152413155805,80.85700564858503,-75.93046978493715
7.727727727727728,624.840924531609,-208.97165365678202,80.85700564858503,-76.13066998513735
7.747747747747748,626.4596834034525,-210.49579119402202,80.85700564858503,-76.33087018533755
7.767767767767769,628.078442275296,-212.02393674327803,80.85700564858503,-76.53107038553775
7.787787787787788,629.6972011471395,-213.55609030455005,80.85700564858503,-76.73127058573795
7.807807807807807,631.315960018983,-215.0922518778381,80.85700564858503,-76.93147078593815
7.827827827827828,632.9347188908265,-216.63242146314215,80.85700564858503,-77.13167098613835
7.847847847847848,634.55347776267,-218.17659906046225,80.85700564858503,-77.33187118633855
7.867867867867869,636.1722366345135,-219.72478466979837,80.85700564858503,-77.53207138653875
7.887887887887888,637.790995506357,-221.2769782911505,80.85700564858503,-77.73227158673895
7.907907907907909,639.4097543782005,-222.83317992451865,80.85700564858503,-77.93247178693915
7.927927927927928,641.028513250044,-224.3933895699028,80.85700564858503,-78.13267198713935
7.947947947947948,642.6472721218876,-225.957607227303,80.85700564858503,-78.33287218733955
7.967967967967969,644.2660309937311,-227.52583289671918,80.85700564858503,-78.53307238753975
7.987987987987988,645.8847898655746,-229.09806657815142,80.85700564858503,-78.73327258773995
8.008008008008009,647.5035487374181,-230.67430827159967,80.85700564858503,-78.93347278794015
8.028028028028029,649.1223076092616,-232.25455797706394,80.85700564858503,-79.13367298814035
8.048048048048047,650.7410664811051,-233.83881569454422,80.85700564858503,-79.33387318834055
8.068068068068069,652.3598253529486,-235.42708142404052,80.85700564858503,-79.53407338854075
8.088088088088089,653.9785842247921,-237.01935516555284,80.85700564858503,-79.73427358874095
8.108108108108109,655.5973430966357,-238.6156369190812,80.85700564858503,-79.93447378894115
8.128128128128129,657.2161019684792,-240.21592668462557,80.85700564858503,-80.13467398914135
8.148148148148147,658.8348608403227,-241.82022446218596,80.85700564858503,-80.33487418934155
8.168168168168169,660.4536197121662,-243.42853025176237,80.85700564858503,-80.53507438954175
8.188188188188189,662.0723785840097,-245.0408440533548,80.85700564858503,-80.73527458974195
8.208208208208209,663.6911374558532,-246.65716586696323,80.85700564858503,-80.93547478994215
8.228228228228229,665.3098963276967,-248.2774956925877,80.85700564858503,-81.13567499014235
8.248248248248247,666.9286551995402,-249.9018335302282,80.85700564858503,-81.33587519034255
8.268268268268269,668.5474140713837,-251.53017937988471,80.85700564858503,-81.53607539054275
8.288288288288289,670.1661729432273,-253.16253324155724,80.85700564858503,-81.73627559074295
8.308308308308309,671.7849318150708,-254.79889511524578,80.85700564858503,-81.93647579094315
8.328328328328329,673.4036906869143,-256.43926500095034,80.85700564858503,-82.13667599114335
8.348348348348347,675.0224495587578,-258.0836428986709,80.85700564858503,-82.33687619134355
8.368368368368369,676.6412084306013,-259.7320288084075,80.85700564858503,-82.53707639154375
8.388388388388389,678.2599673024448,-261.3844227301601,80.85700564858503,-82.73727659174395
8.408408408408409,679.8787261742883,-263.04082466392873,80.85700564858503,-82.93747679194415
8.428428428428429,681.4974850461318,-264.7012346097134,80.85700564858503,-83.13767699214435
8.448448448448449,683.1162439179753,-266.36565256751413,80.85700564858503,-83.33787719234455
8.468468468468469,684.7350027898189,-268.03407853733086,80.85700564858503,-83.53807739254475
8.488488488488489,686.3537616616624,-269.7065125191636,80.85700564858503,-83.73827759274495
8.508508508508509,687.9725205335059,-271.38295451301235,80.85700564858503,-83.93847779294515
8.528528528528529,689.5912794053494,-273.0634045188771,80.85700564858503,-84.13867799314535
8.548548548548549,691.2100382771929,-274.7478625367579,80.85700564858503,-84.33887819334555
8.568568568568569,692.8287971490364,-276.4363285666547,80.85700564858503,-84.53907839354575
8.588588588588589,694.4475560208799,-278.1288026085675,80.85700564858503,-84.73927859374595
8.608608608608609,696.0663148927234,-279.82528466249636,80.85700564858503,-84.93947879394615
8.62862862862863,697.6850737645669,-281.5257747284412,80.85700564858503,-85.13967899414635
8.64864864864865,699.3038326364104,-283.23027280640207,80.85700564858503,-85.33987919434655
8.66866866866867,700.922591508254,-284.938778896379,80.85700564858503,-85.54007939454675
8.68868868868869,702.5413503800975,-286.65129299837196,80.85700564858503,-85.74027959474695
8.70870870870871,704.160109251941,-288.3678151123809,80.85700564858503,-85.94047979494715
8.72872872872873,705.7788681237845,-290.0883452384059,80.85700564858503,-86.14067999514735
8.74874874874875,707.397626995628,-291.8128833764469,80.85700564858503,-86.34088019534755
8.76876876876877,709.0163858674715,-293.5414295265039,80.85700564858503,-86.54108039554775
8.78878878878879,710.635144739315,-295.27398368857695,80.85700564858503,-86.74128059574795
8.80880880880881,712.2539036111585,-297.010545862666,80.85700564858503,-86.94148079594815
8.82882882882883,713.872662483002,-298.75111604877105,80.85700564858503,-87.14168099614835
8.84884884884885,715.4914213548456,-300.4956942468921,80.85700564858503,-87.34188119634855
8.86886886886887,717.1101802266891,-302.2442804570292,80.85700564858503,-87.54208139654875
8.88888888888889,718.7289390985326,-303.9968746791823,80.85700564858503,-87.74228159674895
8.90890890890891,720.3476979703761,-305.75347691335145,80.85700564858503,-87.94248179694915
8.92892892892893,721.9664568422196,-307.51408715953664,80.85700564858503,-88.14268199714935
8.94894894894895,723.5852157140631,-309.27870541773785,80.85700564858503,-88.34288219734955
8.96896896896897,725.2039745859066,-311.0473316879551,80.85700564858503,-88.54308239754975
8.98898898898899,726.8227334577501,-312.8199659701883,80.85700564858503,-88.74328259774995
9.00900900900901,728.4414923295936,-314.5966082644376,80.85700564858503,-88.94348279795015
9.02902902902903,730.0602512014372,-316.37725857070285,80.85700564858503,-89.14368299815035
9.04904904904905,731.6790100732807,-318.16191688898414,80.85700564858503,-89.34388319835055
9.06906906906907,733.2977689451242,-319.95058321928144,80.85700564858503,-89.54408339855075
9.08908908908909,734.9165278169677,-321.74325756159476,80.85700564858503,-89.74428359875095
9.10910910910911,736.5352866888112,-323.5399399159241,80.85700564858503,-89.94448379895115
9.12912912912913,738.1540455606547,-325.34063028226944,80.85700564858503,-90.14468399915135
9.14914914914915,739.7728044324982,-327.1453286606308,80.85700564858503,-90.34488419935155
9.16916916916917,741.3915633043417,-328.9540350510082,80.85700564858503,-90.54508439955175
9.18918918918919,743.0103221761852,-330.76674945340164,80.85700564858503,-90.74528459975195
9.20920920920921,744.6290810480288,-332.5834718678111,80.85700564858503,-90.94548479995215
9.22922922922923,746.2478399198723,-334.4042022942366,80.85700564858503,-91.14568500015235
9.24924924924925,747.8665987917158,-336.2289407326781,80.85700564858503,-91.34588520035255
9.26926926926927,749.4853576635593,-338.0576871831356,80.85700564858503,-91.54608540055276
9.28928928928929,751.1041165354028,-339.89044164560914,80.85700564858503,-91.74628560075296
9.30930930930931,752.7228754072463,-341.7272041200987,80.85700564858503,-91.94648580095316
9.32932932932933,754.3416342790898,-343.56797460660425,80.85700564858503,-92.14668600115336
9.34934934934935,755.9603931509333,-345.41275310512583,80.85700564858503,-92.34688620135356
9.36936936936937,757.5791520227768,-347.2615396156634,80.85700564858503,-92.54708640155376
9.38938938938939,759.1979108946203,-349.11433413821703,80.85700564858503,-92.74728660175396
9.40940940940941,760.8166697664639,-350.97113667278666,80.85700564858503,-92.94748680195416
9.42942942942943,762.4354286383074,-352.83194721937235,80.85700564858503,-93.14768700215436
9.44944944944945,764.0541875101509,-354.69676577797406,80.85700564858503,-93.34788720235456
9.46946946946947,765.6729463819944,-356.5655923485918,80.85700564858503,-93.54808740255476
9.48948948948949,767.2917052538379,-358.43842693122554,80.85700564858503,-93.74828760275496
9.50950950950951,768.9104641256814,-360.3152695258753,80.85700564858503,-93.94848780295516
9.52952952952953,770.5292229975249,-362.19612013254107,80.85700564858503,-94.14868800315536
9.54954954954955,772.1479818693684,-364.08097875122286,80.85700564858503,-94.34888820335556
9.56956956956957,773.766740741212,-365.96984538192066,80.85700564858503,-94.54908840355576
9.58958958958959,775.3854996130555,-367.8627200246345,80.85700564858503,-94.74928860375596
9.60960960960961,777.004258484899,-369.7596026793643,80.85700564858503,-94.94948880395616
9.62962962962963,778.6230173567425,-371.6604933461102,80.85700564858503,-95.14968900415636
9.64964964964965,780.241776228586,-373.56539202487204,80.85700564858503,-95.34988920435656
9.66966966966967,781.8605351004295,-375.4742987156499,80.85700564858503,-95.55008940455676
9.68968968968969,783.479293972273,-377.3872134184439,80.85700564858503,-95.75028960475696
9.70970970970971,785.0980528441165,-379.30413613325385,80.85700564858503,-95.95048980495716
9.72972972972973,786.71681171596,-381.22506686007983,80.85700564858503,-96.15069000515736
9.74974974974975,788.3355705878035,-383.15000559892184,80.85700564858503,-96.35089020535756
9.76976976976977,789.954329459647,-385.07895234977985,80.85700564858503,-96.55109040555776
9.78978978978979,791.5730883314906,-387.0119071126539,80.85700564858503,-96.75129060575796
9.80980980980981,793.1918472033341,-388.94886988754394,80.85700564858503,-96.95149080595816
9.82982982982983,794.8106060751776,-390.88984067445,80.85700564858503,-97.15169100615836
9.84984984984985,796.4293649470211,-392.8348194733721,80.85700564858503,-97.35189120635856
9.86986986986987,798.0481238188646,-394.7838062843102,80.85700564858503,-97.55209140655876
9.88988988988989,799.6668826907081,-396.7368011072643,80.85700564858503,-97.75229160675896
9.90990990990991,801.2856415625516,-398.6938039422344,80.85700564858503,-97.95249180695916
9.92992992992993,802.9044004343951,-400.65481478922055,80.85700564858503,-98.15269200715936
9.94994994994995,804.5231593062387,-402.61983364822277,80.85700564858503,-98.35289220735956
9.96996996996997,806.1419181780822,-404.588860519241,80.85700564858503,-98.55309240755976
9.98998998998999,807.7606770499257,-406.56189540227524,80.85700564858503,-98.75329260775996
10.01001001001001,809.3794359217692,-408.5389382973255,80.85700564858503,-98.95349280796016
10.03003003003003,810.9981947936127,-410.5199892043918,80.85700564858503,-99.15369300816036
10.05005005005005,812.6169536654562,-412.50504812347407,80.85700564858503,-99.35389320836056
10.07007007007007,814.2357125372997,-414.4941150545724,80.85700564858503,-99.55409340856076
10.09009009009009,815.8544714091432,-416.4871899976867,80.85700564858503,-99.75429360876096
10.11011011011011,817.4732302809867,-418.48427295281704,80.85700564858503,-99.95449380896116
10.13013013013013,819.0919891528303,-420.4853639199634,80.85700564858503,-100.15469400916136
10.15015015015015,820.7107480246738,-422.49046289912576,80.85700564858503,-100.35489420936156
10.17017017017017,822.3295068965173,-424.49956989030414,80.85700564858503,-100.55509440956176
10.19019019019019,823.9482657683608,-426.5126848934986,80.85700564858503,-100.75529460976196
10.21021021021021,825.5670246402043,-428.5298079087091,80.85700564858503,-100.95549480996216
10.23023023023023,827.1857835120478,-430.55093893593556,80.85700564858503,-101.15569501016236
10.25025025025025,828.8045423838913,-432.57607797517807,80.85700564858503,-101.35589521036256
10.27027027027027,830.4233012557348,-434.6052250264366,80.85700564858503,-101.55609541056276
10.29029029029029,832.0420601275783,-436.6383800897111,80.85700564858503,-101.75629561076296
10.31031031031031,833.6608189994218,-438.67554316500167,80.85700564858503,-101.95649581096316
10.33033033033033,835.2795778712654,-440.71671425230824,80.85700564858503,-102.15669601116336
10.35035035035035,836.8983367431089,-442.7618933516308,80.85700564858503,-102.35689621136356
10.37037037037037,838.5170956149524,-444.8110804629694,80.85700564858503,-102.55709641156376
10.39039039039039,840.1358544867959,-446.864275586324,80.85700564858503,-102.75729661176396
10.41041041041041,841.7546133586394,-448.92147872169465,80.85700564858503,-102.95749681196416
10.43043043043043,843.3733722304829,-450.9826898690813,80.85700564858503,-103.15769701216436
10.45045045045045,844.9921311023264,-453.047909028484,80.85700564858503,-103.35789721236456
10.47047047047047,846.6108899741699,-455.11713619990275,80.85700564858503,-103.55809741256476
10.49049049049049,848.2296488460134,-457.1903713833375,80.85700564858503,-103.75829761276496
10.51051051051051,849.848407717857,-459.26761457878825,80.85700564858503,-103.95849781296516
10.53053053053053,851.4671665897005,-461.34886578625503,80.85700564858503,-104.15869801316536
10.55055055055055,853.085925461544,-463.4341250057378,80.85700564858503,-104.35889821336556
10.57057057057057,854.7046843333875,-465.52339223723664,80.85700564858503,-104.55909841356576
10.59059059059059,856.323443205231,-467.61666748075146,80.85700564858503,-104.75929861376596
10.61061061061061,857.9422020770745,-469.7139507362823,80.85700564858503,-104.95949881396616
10.63063063063063,859.560960948918,-471.81524200382916,80.85700564858503,-105.15969901416636
10.65065065065065,861.1797198207615,-473.920541283392,80.85700564858503,-105.35989921436656
10.67067067067067,862.798478692605,-476.0298485749709,80.85700564858503,-105.56009941456676
10.690690690690692,864.4172375644486,-478.1431638785658,80.85700564858503,-105.76029961476696
10.71071071071071,866.0359964362921,-480.2604871941768,80.85700564858503,-105.96049981496716
10.73073073073073,867.6547553081356,-482.3818185218038,80.85700564858503,-106.16070001516736
10.75075075075075,869.2735141799791,-484.5071578614468,80.85700564858503,-106.36090021536756
10.77077077077077,870.8922730518226,-486.6365052131058,80.85700564858503,-106.56110041556776
10.790790790790792,872.5110319236661,-488.76986057678084,80.85700564858503,-106.76130061576796
10.81081081081081,874.1297907955096,-490.9072239524719,80.85700564858503,-106.96150081596817
10.83083083083083,875.7485496673531,-493.04859534017896,80.85700564858503,-107.16170101616837
10.85085085085085,877.3673085391966,-495.19397473990205,80.85700564858503,-107.36190121636857
10.87087087087087,878.9860674110402,-497.34336215164114,80.85700564858503,-107.56210141656877
10.890890890890892,880.6048262828837,-499.49675757539626,80.85700564858503,-107.76230161676897
10.91091091091091,882.2235851547272,-501.6541610111674,80.85700564858503,-107.96250181696917
10.93093093093093,883.8423440265707,-503.81557245895453,80.85700564858503,-108.16270201716937
10.95095095095095,885.4611028984142,-505.98099191875775,80.85700564858503,-108.36290221736957
10.97097097097097,887.0798617702577,-508.150419390577,80.85700564858503,-108.56310241756977
10.990990990990992,888.6986206421012,-510.32385487441223,80.85700564858503,-108.76330261776997
11.01101101101101,890.3173795139447,-512.5012983702635,80.85700564858503,-108.96350281797017
11.03103103103103,891.9361383857882,-514.6827498781307,80.85700564858503,-109.16370301817037
11.05105105105105,893.5548972576318,-516.868209398014,80.85700564858503,-109.36390321837057
11.07107107107107,895.1736561294753,-519.0576769299132,80.85700564858503,-109.56410341857077
11.091091091091092,896.7924150013188,-521.2511524738286,80.85700564858503,-109.76430361877097
11.11111111111111,898.4111738731623,-523.44863602976,80.85700564858503,-109.96450381897117
11.13113113113113,900.0299327450058,-525.6501275977074,80.85700564858503,-110.16470401917137
11.15115115115115,901.6486916168493,-527.8556271776708,80.85700564858503,-110.36490421937157
11.17117117117117,903.2674504886928,-530.0651347696503,80.85700564858503,-110.56510441957177
11.191191191191193,904.8862093605363,-532.2786503736457,80.85700564858503,-110.76530461977197
11.21121121121121,906.5049682323798,-534.4961739896572,80.85700564858503,-110.96550481997217
11.23123123123123,908.1237271042233,-536.7177056176847,80.85700564858503,-111.16570502017237
11.25125125125125,909.7424859760669,-538.9432452577282,80.85700564858503,-111.36590522037257
11.27127127127127,911.3612448479104,-541.1727929097877,80.85700564858503,-111.56610542057277
11.291291291291293,912.9800037197539,-543.4063485738633,80.85700564858503,-111.76630562077297
11.31131131131131,914.5987625915974,-545.6439122499548,80.85700564858503,-111.96650582097317
11.33133133133133,916.2175214634409,-547.8854839380624,80.85700564858503,-112.16670602117337
11.35135135135135,917.8362803352844,-550.131063638186,80.85700564858503,-112.36690622137357
11.37137137137137,919.4550392071279,-552.3806513503256,80.85700564858503,-112.56710642157377
11.391391391391393,921.0737980789714,-554.6342470744812,80.85700564858503,-112.76730662177397
11.411411411411411,922.692556950815,-556.8918508106528,80.85700564858503,-112.96750682197417
11.431431431431431,924.3113158226585,-559.1534625588405,80.85700564858503,-113.16770702217437
11.451451451451451,925.930074694502,-561.4190823190442,80.85700564858503,-113.36790722237457
11.471471471471471,927.5488335663455,-563.6887100912638,80.85700564858503,-113.56810742257477
11.491491491491493,929.167592438189,-565.9623458754995,80.85700564858503,-113.76830762277497
11.511511511511511,930.7863513100325,-568.2399896717512,80.85700564858503,-113.96850782297517
11.531531531531531,932.405110181876,-570.521641480019,80.85700564858503,-114.16870802317537
11.551551551551551,934.0238690537195,-572.8073013003027,80.85700564858503,-114.36890822337557
11.571571571571571,935.642627925563,-575.0969691326025,80.85700564858503,-114.56910842357577
11.591591591591593,937.2613867974065,-577.3906449769183,80.85700564858503,-114.76930862377597
11.611611611611611,938.88014566925,-579.6883288332502,80.85700564858503,-114.96950882397617
11.631631631631631,940.4989045410936,-581.9900207015982,80.85700564858503,-115.16970902417637
11.651651651651651,942.1176634129371,-584.2957205819621,80.85700564858503,-115.36990922437657
11.671671671671671,943.7364222847806,-586.605428474342,80.85700564858503,-115.57010942457677
11.691691691691693,945.3551811566241,-588.919144378738,80.85700564858503,-115.77030962477697
11.711711711711711,946.9739400284676,-591.23686829515,80.85700564858503,-115.97050982497717
11.731731731731731,948.5926989003111,-593.558600223578,80.85700564858503,-116.17071002517737
11.751751751751751,950.2114577721546,-595.884340164022,80.85700564858503,-116.37091022537757
11.771771771771771,951.8302166439981,-598.214088116482,80.85700564858503,-116.57111042557777
11.791791791791793,953.4489755158417,-600.547844080958,80.85700564858503,-116.77131062577797
11.811811811811811,955.0677343876852,-602.8856080574501,80.85700564858503,-116.97151082597817
11.831831831831831,956.6864932595287,-605.2273800459582,80.85700564858503,-117.17171102617837
11.851851851851851,958.3052521313722,-607.5731600464823,80.85700564858503,-117.37191122637857
11.871871871871871,959.9240110032157,-609.9229480590224,80.85700564858503,-117.57211142657877
11.891891891891893,961.5427698750592,-612.2767440835785,80.85700564858503,-117.77231162677897
11.911911911911911,963.1615287469027,-614.6345481201506,80.85700564858503,-117.97251182697917
11.931931931931931,964.7802876187462,-616.9963601687388,80.85700564858503,-118.17271202717937
11.951951951951951,966.3990464905897,-619.3621802293429,80.85700564858503,-118.37291222737957
11.971971971971973,968.0178053624333,-621.7320083019631,80.85700564858503,-118.57311242757977
11.991991991991993,969.6365642342768,-624.1058443865993,80.85700564858503,-118.77331262777997
12.012012012012011,971.2553231061203,-626.4836884832515,80.85700564858503,-118.97351282798017
12.032032032032031,972.8740819779638,-628.8655405919197,80.85700564858503,-119.17371302818037
12.052052052052051,974.4928408498073,-631.251400712604,80.85700564858503,-119.37391322838057
12.072072072072073,976.1115997216508,-633.6412688453042,80.85700564858503,-119.57411342858077
12.092092092092093,977.7303585934943,-636.0351449900206,80.85700564858503,-119.77431362878097
12.112112112112111,979.3491174653378,-638.433029146753,80.85700564858503,-119.97451382898117
12.132132132132131,980.9678763371813,-640.8349213155014,80.85700564858503,-120.17471402918137
12.152152152152151,982.5866352090248,-643.2408214962659,80.85700564858503,-120.37491422938157
12.172172172172173,984.2053940808684,-645.6507296890463,80.85700564858503,-120.57511442958177
12.192192192192193,985.8241529527119,-648.0646458938428,80.85700564858503,-120.77531462978197
12.212212212212211,987.4429118245554,-650.4825701106553,80.85700564858503,-120.97551482998217
12.232232232232231,989.0616706963989,-652.9045023394838,80.85700564858503,-121.17571503018237
12.252252252252251,990.6804295682424,-655.3304425803283,80.85700564858503,-121.37591523038257
12.272272272272273,992.2991884400859,-657.7603908331888,80.85700564858503,-121.57611543058277
12.292292292292293,993.9179473119294,-660.1943470980654,80.85700564858503,-121.77631563078297
12.312312312312311,995.5367061837729,-662.6323113749579,80.85700564858503,-121.97651583098317
12.332332332332332,997.1554650556164,-665.0742836638665,80.85700564858503,-122.17671603118337
12.352352352352352,998.77422392746,-667.5202639647911,80.85700564858503,-122.37691623138357
12.372372372372373,1000.3929827993035,-669.9702522777317,80.85700564858503,-122.57711643158378
12.392392392392393,1002.011741671147,-672.4242486026883,80.85700564858503,-122.77731663178398
12.412412412412412,1003.6305005429905,-674.8822529396609,80.85700564858503,-122.97751683198418
12.432432432432432,1005.249259414834,-677.3442652886496,80.85700564858503,-123.17771703218438
12.452452452452452,1006.8680182866775,-679.8102856496542,80.85700564858503,-123.37791723238458
12.472472472472473,1008.486777158521,-682.2803140226749,80.85700564858503,-123.57811743258478
12.492492492492493,1010.1055360303645,-684.7543504077116,80.85700564858503,-123.77831763278498
12.512512512512512,1011.724294902208,-687.2323948047643,80.85700564858503,-123.97851783298518
12.532532532532532,1013.3430537740516,-689.7144472138331,80.85700564858503,-124.17871803318538
12.552552552552552,1014.9618126458951,-692.2005076349178,80.85700564858503,-124.37891823338558
12.572572572572573,1016.5805715177386,-694.6905760680186,80.85700564858503,-124.57911843358578
12.592592592592593,1018.1993303895821,-697.1846525131355,80.85700564858503,-124.77931863378598
12.612612612612612,1019.8180892614256,-699.6827369702684,80.85700564858503,-124.97951883398618
12.632632632632632,1021.4368481332691,-702.1848294394173,80.85700564858503,-125.17971903418638
12.652652652652652,1023.0556070051126,-704.6909299205822,80.85700564858503,-125.37991923438658
12.672672672672673,1024.6743658769562,-707.2010384137632,80.85700564858503,-125.58011943458678
12.692692692692694,1026.2931247487998,-709.7151549189601,80.85700564858503,-125.78031963478698
12.712712712712712,1027.9118836206433,-712.2332794361731,80.85700564858503,-125.98051983498718
12.732732732732732,1029.5306424924868,-714.7554119654021,80.85700564858503,-126.18072003518738
12.752752752752752,1031.1494013643303,-717.2815525066471,80.85700564858503,-126.38092023538758
12.772772772772774,1032.7681602361738,-719.8117010599082,80.85700564858503,-126.58112043558778
12.792792792792794,1034.3869191080173,-722.3458576251852,80.85700564858503,-126.78132063578798
12.812812812812812,1036.0056779798608,-724.8840222024783,80.85700564858503,-126.98152083598818
12.832832832832832,1037.6244368517043,-727.4261947917873,80.85700564858503,-127.18172103618838
12.852852852852852,1039.2431957235478,-729.9723753931124,80.85700564858503,-127.38192123638858
12.872872872872874,1040.8619545953914,-732.5225640064535,80.85700564858503,-127.58212143658878
12.892892892892894,1042.4807134672349,-735.0767606318107,80.85700564858503,-127.78232163678898
12.912912912912912,1044.0994723390784,-737.6349652691838,80.85700564858503,-127.98252183698918
12.932932932932932,1045.7182312109219,-740.197177918573,80.85700564858503,-128.1827220371894
12.952952952952952,1047.3369900827654,-742.7633985799781,80.85700564858503,-128.3829222373896
12.972972972972974,1048.955748954609,-745.3336272533993,80.85700564858503,-128.58312243758982
12.992992992992994,1050.5745078264524,-747.9078639388365,80.85700564858503,-128.78332263779004
13.013013013013012,1052.193266698296,-750.4861086362897,80.85700564858503,-128.98352283799025
13.033033033033032,1053.8120255701394,-753.068361345759,80.85700564858503,-129.18372303819046
13.053053053053052,1055.430784441983,-755.6546220672442,80.85700564858503,-129.38392323839068
13.073073073073074,1057.0495433138265,-758.2448908007455,80.85700564858503,-129.5841234385909
13.093093093093094,1058.66830218567,-760.8391675462628,80.85700564858503,-129.7843236387911
13.113113113113112,1060.2870610575135,-763.4374523037962,80.85700564858503,-129.98452383899132
13.133133133133132,1061.905819929357,-766.0397450733457,80.85700564858503,-130.18472403919154
13.153153153153154,1063.5245788012005,-768.6460458549111,80.85700564858503,-130.38492423939175
13.173173173173174,1065.143337673044,-771.2563546484926,80.85700564858503,-130.58512443959197
13.193193193193194,1066.7620965448875,-773.87067145409,80.85700564858503,-130.78532463979218
13.213213213213212,1068.380855416731,-776.4889962717035,80.85700564858503,-130.9855248399924
13.233233233233232,1069.9996142885745,-779.111329101333,80.85700564858503,-131.1857250401926
13.253253253253254,1071.618373160418,-781.7376699429785,80.85700564858503,-131.38592524039282
13.273273273273274,1073.2371320322616,-784.3680187966401,80.85700564858503,-131.58612544059304
13.293293293293294,1074.855890904105,-787.0023756623176,80.85700564858503,-131.78632564079325
13.313313313313312,1076.4746497759486,-789.6407405400112,80.85700564858503,-131.98652584099347
13.333333333333332,1078.093408647792,-792.2831134297207,80.85700564858503,-132.18672604119368
13.353353353353354,1079.7121675196356,-794.9294943314463,80.85700564858503,-132.3869262413939
13.373373373373374,1081.3309263914791,-797.579883245188,80.85700564858503,-132.5871264415941
13.393393393393394,1082.9496852633226,-800.2342801709456,80.85700564858503,-132.78732664179432
13.413413413413412,1084.5684441351661,-802.8926851087192,80.85700564858503,-132.98752684199454
13.433433433433432,1086.1872030070097,-805.5550980585089,80.85700564858503,-133.18772704219475
13.453453453453454,1087.8059618788532,-808.2215190203145,80.85700564858503,-133.38792724239497
13.473473473473474,1089.4247207506967,-810.8919479941362,80.85700564858503,-133.58812744259518
13.493493493493494,1091.0434796225402,-813.5663849799739,80.85700564858503,-133.7883276427954
13.513513513513512,1092.6622384943837,-816.2448299778276,80.85700564858503,-133.9885278429956
13.533533533533532,1094.2809973662272,-818.9272829876974,80.85700564858503,-134.18872804319582
13.553553553553554,1095.8997562380707,-821.6137440095831,80.85700564858503,-134.38892824339604
13.573573573573574,1097.5185151099142,-824.304213043485,80.85700564858503,-134.58912844359625
13.593593593593594,1099.1372739817577,-826.9986900894029,80.85700564858503,-134.78932864379647
13.613613613613612,1100.7560328536013,-829.6971751473368,80.85700564858503,-134.98952884399668
13.633633633633632,1102.3747917254448,-832.3996682172867,80.85700564858503,-135.1897290441969
13.653653653653654,1103.9935505972883,-835.1061692992527,80.85700564858503,-135.3899292443971
13.673673673673674,1105.6123094691318,-837.8166783932346,80.85700564858503,-135.59012944459732
13.693693693693694,1107.2310683409753,-840.5311954992326,80.85700564858503,-135.79032964479754
13.713713713713712,1108.8498272128188,-843.2497206172466,80.85700564858503,-135.99052984499775
13.733733733733732,1110.4685860846623,-845.9722537472766,80.85700564858503,-136.19073004519797
13.753753753753754,1112.0873449565058,-848.6987948893226,80.85700564858503,-136.39093024539818
13.773773773773774,1113.7061038283493,-851.4293440433846,80.85700564858503,-136.5911304455984
13.793793793793794,1115.3248627001929,-854.1639012094627,80.85700564858503,-136.7913306457986
13.813813813813812,1116.9436215720364,-856.9024663875567,80.85700564858503,-136.99153084599882
13.833833833833832,1118.5623804438799,-859.6450395776668,80.85700564858503,-137.19173104619904
13.853853853853854,1120.1811393157234,-862.3916207797929,80.85700564858503,-137.39193124639925
13.873873873873874,1121.799898187567,-865.142209993935,80.85700564858503,-137.59213144659947
13.893893893893894,1123.4186570594104,-867.8968072200931,80.85700564858503,-137.79233164679968
13.913913913913913,1125.037415931254,-870.6554124582673,80.85700564858503,-137.9925318469999
13.933933933933933,1126.6561748030974,-873.4180257084574,80.85700564858503,-138.1927320472001
13.953953953953954,1128.274933674941,-876.1846469706636,80.85700564858503,-138.39293224740032
13.973973973973974,1129.8936925467845,-878.9552762448858,80.85700564858503,-138.59313244760054
13.993993993993994,1131.512451418628,-881.729913531124,80.85700564858503,-138.79333264780075
14.014014014014013,1133.1312102904715,-884.5085588293782,80.85700564858503,-138.99353284800097
14.034034034034033,1134.749969162315,-887.2912121396485,80.85700564858503,-139.19373304820118
14.054054054054054,1136.3687280341585,-890.0778734619348,80.85700564858503,-139.3939332484014
14.074074074074074,1137.987486906002,-892.8685427962372,80.85700564858503,-139.5941334486016
14.094094094094094,1139.6062457778455,-895.6632201425556,80.85700564858503,-139.79433364880182
14.114114114114113,1141.225004649689,-898.46190550089,80.85700564858503,-139.99453384900204
14.134134134134133,1142.8437635215325,-901.2645988712404,80.85700564858503,-140.19473404920225
14.154154154154154,1144.462522393376,-904.0713002536069,80.85700564858503,-140.39493424940247
14.174174174174174,1146.0812812652196,-906.8820096479893,80.85700564858503,-140.59513444960268
14.194194194194194,1147.700040137063,-909.6967270543878,80.85700564858503,-140.7953346498029
14.214214214214213,1149.3187990089066,-912.5154524728023,80.85700564858503,-140.9955348500031
14.234234234234233,1150.93755788075,-915.3381859032328,80.85700564858503,-141.19573505020333
14.254254254254255,1152.5563167525936,-918.1649273456793,80.85700564858503,-141.39593525040354
14.274274274274275,1154.175075624437,-920.9956768001418,80.85700564858503,-141.59613545060375
14.294294294294295,1155.7938344962806,-923.8304342666204,80.85700564858503,-141.79633565080397
14.314314314314313,1157.4125933681241,-926.669199745115,80.85700564858503,-141.99653585100418
14.334334334334333,1159.0313522399676,-929.5119732356255,80.85700564858503,-142.1967360512044
14.354354354354355,1160.6501111118112,-932.3587547381521,80.85700564858503,-142.3969362514046
14.374374374374375,1162.2688699836547,-935.2095442526947,80.85700564858503,-142.59713645160483
14.394394394394395,1163.8876288554982,-938.0643417792534,80.85700564858503,-142.79733665180504
14.414414414414413,1165.5063877273417,-940.923147317828,80.85700564858503,-142.99753685200525
14.434434434434436,1167.1251465991852,-943.7859608684187,80.85700564858503,-143.19773705220547
14.454454454454455,1168.7439054710287,-946.6527824310253,80.85700564858503,-143.39793725240568
14.474474474474475,1170.3626643428722,-949.523612005648,80.85700564858503,-143.5981374526059
14.494494494494495,1171.9814232147157,-952.3984495922867,80.85700564858503,-143.7983376528061
14.514514514514513,1173.6001820865592,-955.2772951909415,80.85700564858503,-143.99853785300633
14.534534534534536,1175.2189409584028,-958.1601488016123,80.85700564858503,-144.19873805320654
14.554554554554555,1176.8376998302463,-961.0470104242992,80.85700564858503,-144.39893825340675
14.574574574574575,1178.4564587020898,-963.937880059002,80.85700564858503,-144.59913845360697
14.594594594594595,1180.0752175739333,-966.832757705721,80.85700564858503,-144.79933865380718
14.614614614614613,1181.6939764457768,-969.7316433644559,80.85700564858503,-144.9995388540074
14.634634634634637,1183.3127353176203,-972.6345370352068,80.85700564858503,-145.1997390542076
14.654654654654655,1184.9314941894638,-975.5414387179737,80.85700564858503,-145.39993925440783
14.674674674674675,1186.5502530613073,-978.4523484127567,80.85700564858503,-145.60013945460804
14.694694694694695,1188.1690119331508,-981.3672661195557,80.85700564858503,-145.80033965480825
14.714714714714713,1189.7877708049944,-984.2861918383707,80.85700564858503,-146.00053985500847
14.734734734734737,1191.4065296768379,-987.2091255692017,80.85700564858503,-146.20074005520868
14.754754754754755,1193.0252885486814,-990.1360673120487,80.85700564858503,-146.4009402554089
14.774774774774775,1194.6440474205249,-993.0670170669117,80.85700564858503,-146.6011404556091
14.794794794794795,1196.2628062923684,-996.0019748337908,80.85700564858503,-146.80134065580933
14.814814814814813,1197.881565164212,-998.9409406126858,80.85700564858503,-147.00154085600954
14.834834834834837,1199.5003240360554,-1001.8839144035969,80.85700564858503,-147.20174105620976
14.854854854854855,1201.119082907899,-1004.830896206524,80.85700564858503,-147.40194125640997
14.874874874874875,1202.7378417797424,-1007.7818860214671,80.85700564858503,-147.60214145661018
14.894894894894895,1204.356600651586,-1010.7368838484263,80.85700564858503,-147.8023416568104
14.914914914914913,1205.9753595234295,-1013.6958896874014,80.85700564858503,-148.0025418570106
14.934934934934937,1207.594118395273,-1016.6589035383926,80.85700564858503,-148.20274205721083
14.954954954954955,1209.2128772671165,-1019.6259254013997,80.85700564858503,-148.40294225741104
14.974974974974975,1210.83163613896,-1022.5969552764229,80.85700564858503,-148.60314245761126
14.994994994994995,1212.4503950108035,-1025.5719931634621,80.85700564858503,-148.80334265781147
15.015015015015013,1214.069153882647,-1028.5510390625175,80.85700564858503,-149.00354285801168
15.035035035035037,1215.6879127544905,-1031.5340929735887,80.85700564858503,-149.2037430582119
15.055055055055055,1217.306671626334,-1034.521154896676,80.85700564858503,-149.4039432584121
15.075075075075075,1218.9254304981775,-1037.5122248317793,80.85700564858503,-149.60414345861233
15.095095095095095,1220.544189370021,-1040.5073027788987,80.85700564858503,-149.80434365881254
15.115115115115113,1222.1629482418646,-1043.506388738034,80.85700564858503,-150.00454385901276
15.135135135135137,1223.781707113708,-1046.5094827091855,80.85700564858503,-150.20474405921297
15.155155155155155,1225.4004659855516,-1049.5165846923528,80.85700564858503,-150.40494425941318
15.175175175175175,1227.019224857395,-1052.5276946875363,80.85700564858503,-150.6051444596134
15.195195195195195,1228.6379837292386,-1055.5428126947356,80.85700564858503,-150.8053446598136
15.215215215215213,1230.2567426010821,-1058.5619387139511,80.85700564858503,-151.00554486001383
15.235235235235237,1231.8755014729256,-1061.5850727451827,80.85700564858503,-151.20574506021404
15.255255255255255,1233.4942603447691,-1064.6122147884303,80.85700564858503,-151.40594526041426
15.275275275275275,1235.1130192166127,-1067.643364843694,80.85700564858503,-151.60614546061447
15.295295295295295,1236.7317780884562,-1070.6785229109735,80.85700564858503,-151.80634566081469
15.315315315315313,1238.3505369602997,-1073.7176889902692,80.85700564858503,-152.0065458610149
15.335335335335337,1239.9692958321432,-1076.7608630815807,80.85700564858503,-152.2067460612151
15.355355355355355,1241.5880547039867,-1079.8080451849085,80.85700564858503,-152.40694626141533
15.375375375375375,1243.2068135758302,-1082.859235300252,80.85700564858503,-152.60714646161554
15.395395395395395,1244.8255724476737,-1085.9144334276118,80.85700564858503,-152.80734666181576
15.415415415415413,1246.4443313195172,-1088.9736395669875,80.85700564858503,-153.00754686201597
15.435435435435437,1248.0630901913607,-1092.0368537183792,80.85700564858503,-153.20774706221619
15.455455455455455,1249.6818490632043,-1095.104075881787,80.85700564858503,-153.4079472624164
15.475475475475475,1251.3006079350478,-1098.1753060572107,80.85700564858503,-153.6081474626166
15.495495495495495,1252.9193668068913,-1101.2505442446504,80.85700564858503,-153.80834766281683
15.515515515515514,1254.5381256787348,-1104.3297904441063,80.85700564858503,-154.00854786301704
15.535535535535537,1256.1568845505783,-1107.413044655578,80.85700564858503,-154.20874806321726
15.555555555555555,1257.7756434224218,-1110.5003068790659,80.85700564858503,-154.40894826341747
15.575575575575575,1259.3944022942653,-1113.5915771145696,80.85700564858503,-154.6091484636177
15.595595595595595,1261.0131611661088,-1116.6868553620895,80.85700564858503,-154.8093486638179
15.615615615615614,1262.6319200379523,-1119.7861416216253,80.85700564858503,-155.00954886401811
15.635635635635637,1264.2506789097959,-1122.8894358931773,80.85700564858503,-155.20974906421833
15.655655655655655,1265.8694377816394,-1125.996738176745,80.85700564858503,-155.40994926441854
15.675675675675675,1267.4881966534829,-1129.108048472329,80.85700564858503,-155.61014946461876
15.695695695695695,1269.1069555253264,-1132.223366779929,80.85700564858503,-155.81034966481897
15.715715715715717,1270.72571439717,-1135.342693099545,80.85700564858503,-156.0105498650192
15.735735735735737,1272.3444732690134,-1138.466027431177,80.85700564858503,-156.2107500652194
15.755755755755755,1273.963232140857,-1141.593369774825,80.85700564858503,-156.41095026541961
15.775775775775776,1275.5819910127004,-1144.7247201304892,80.85700564858503,-156.61115046561983
15.795795795795796,1277.200749884544,-1147.8600784981693,80.85700564858503,-156.81135066582004
15.815815815815817,1278.8195087563874,-1150.9994448778655,80.85700564858503,-157.01155086602026
15.835835835835837,1280.438267628231,-1154.1428192695776,80.85700564858503,-157.21175106622047
15.855855855855856,1282.0570265000745,-1157.2902016733058,80.85700564858503,-157.4119512664207
15.875875875875876,1283.675785371918,-1160.44159208905,80.85700564858503,-157.6121514666209
15.895895895895896,1285.2945442437615,-1163.5969905168101,80.85700564858503,-157.81235166682112
15.915915915915917,1286.913303115605,-1166.7563969565863,80.85700564858503,-158.01255186702133
15.935935935935937,1288.5320619874485,-1169.9198114083786,80.85700564858503,-158.21275206722154
15.955955955955956,1290.150820859292,-1173.0872338721867,80.85700564858503,-158.41295226742176
15.975975975975976,1291.7695797311355,-1176.258664348011,80.85700564858503,-158.61315246762197
15.995995995995996,1293.388338602979,-1179.4341028358513,80.85700564858503,-158.8133526678222
16.016016016016017,1295.0070974748226,-1182.6135493357076,80.85700564858503,-159.0135528680224
16.036036036036037,1296.625856346666,-1185.7970038475798,80.85700564858503,-159.21375306822262
16.056056056056057,1298.2446152185096,-1188.9844663714682,80.85700564858503,-159.41395326842283
16.076076076076077,1299.863374090353,-1192.1759369073725,80.85700564858503,-159.61415346862304
16.096096096096094,1301.4821329621966,-1195.371415455293,80.85700564858503,-159.81435366882326
16.116116116116117,1303.10089183404,-1198.5709020152292,80.85700564858503,-160.01455386902347
16.136136136136138,1304.7196507058836,-1201.7743965871816,80.85700564858503,-160.2147540692237
16.156156156156158,1306.3384095777271,-1204.98189917115,80.85700564858503,-160.4149542694239
16.176176176176178,1307.9571684495706,-1208.1934097671344,80.85700564858503,-160.61515446962412
16.196196196196194,1309.5759273214142,-1211.408928375135,80.85700564858503,-160.81535466982433
16.216216216216218,1311.1946861932577,-1214.6284549951515,80.85700564858503,-161.01555487002454
16.236236236236238,1312.8134450651012,-1217.8519896271841,80.85700564858503,-161.21575507022476
16.256256256256258,1314.4322039369447,-1221.0795322712327,80.85700564858503,-161.41595527042497
16.276276276276278,1316.0509628087882,-1224.3110829272973,80.85700564858503,-161.6161554706252
16.296296296296294,1317.6697216806317,-1227.5466415953779,80.85700564858503,-161.8163556708254
16.316316316316318,1319.2884805524752,-1230.7862082754746,80.85700564858503,-162.01655587102562
16.336336336336338,1320.9072394243187,-1234.0297829675872,80.85700564858503,-162.21675607122583
16.356356356356358,1322.5259982961622,-1237.2773656717159,80.85700564858503,-162.41695627142605
16.376376376376378,1324.1447571680058,-1240.5289563878605,80.85700564858503,-162.61715647162626
16.396396396396394,1325.7635160398493,-1243.7845551160212,80.85700564858503,-162.81735667182647
16.416416416416418,1327.3822749116928,-1247.044161856198,80.85700564858503,-163.0175568720267
16.436436436436438,1329.0010337835363,-1250.3077766083907,80.85700564858503,-163.2177570722269
16.456456456456458,1330.6197926553798,-1253.5753993725993,80.85700564858503,-163.41795727242712
16.476476476476478,1332.2385515272233,-1256.8470301488242,80.85700564858503,-163.61815747262733
16.496496496496494,1333.8573103990668,-1260.1226689370649,80.85700564858503,-163.81835767282755
16.516516516516518,1335.4760692709103,-1263.4023157373217,80.85700564858503,-164.01855787302776
16.536536536536538,1337.0948281427538,-1266.6859705495945,80.85700564858503,-164.21875807322797
16.556556556556558,1338.7135870145974,-1269.9736333738833,80.85700564858503,-164.4189582734282
16.576576576576578,1340.3323458864409,-1273.265304210188,80.85700564858503,-164.6191584736284
16.596596596596594,1341.9511047582844,-1276.560983058509,80.85700564858503,-164.81935867382862
16.616616616616618,1343.5698636301279,-1279.8606699188458,80.85700564858503,-165.01955887402883
16.636636636636638,1345.1886225019714,-1283.1643647911988,80.85700564858503,-165.21975907422905
16.656656656656658,1346.807381373815,-1286.4720676755676,80.85700564858503,-165.41995927442926
16.676676676676678,1348.4261402456584,-1289.7837785719526,80.85700564858503,-165.62015947462947
16.696696696696694,1350.044899117502,-1293.0994974803536,80.85700564858503,-165.8203596748297
16.716716716716718,1351.6636579893454,-1296.4192244007706,80.85700564858503,-166.0205598750299
16.736736736736738,1353.282416861189,-1299.7429593332038,80.85700564858503,-166.22076007523012
16.756756756756758,1354.9011757330325,-1303.0707022776528,80.85700564858503,-166.42096027543033
16.776776776776778,1356.519934604876,-1306.402453234118,80.85700564858503,-166.62116047563055
16.796796796796794,1358.1386934767195,-1309.738212202599,80.85700564858503,-166.82136067583076
16.816816816816818,1359.757452348563,-1313.0779791830962,80.85700564858503,-167.02156087603097
16.836836836836838,1361.3762112204065,-1316.4217541756093,80.85700564858503,-167.2217610762312
16.856856856856858,1362.99497009225,-1319.7695371801385,80.85700564858503,-167.4219612764314
16.876876876876878,1364.6137289640935,-1323.1213281966836,80.85700564858503,-167.62216147663162
16.896896896896898,1366.232487835937,-1326.4771272252449,80.85700564858503,-167.82236167683183
16.916916916916918,1367.8512467077805,-1329.836934265822,80.85700564858503,-168.02256187703205
16.936936936936938,1369.470005579624,-1333.2007493184153,80.85700564858503,-168.22276207723226
16.956956956956958,1371.0887644514676,-1336.5685723830245,80.85700564858503,-168.42296227743248
16.976976976976978,1372.707523323311,-1339.9404034596498,80.85700564858503,-168.6231624776327
16.996996996996998,1374.3262821951546,-1343.316242548291,80.85700564858503,-168.8233626778329
17.017017017017018,1375.945041066998,-1346.6960896489484,80.85700564858503,-169.02356287803312
17.037037037037038,1377.5637999388416,-1350.0799447616216,80.85700564858503,-169.22376307823333
17.057057057057058,1379.1825588106851,-1353.467807886311,80.85700564858503,-169.42396327843355
17.077077077077078,1380.8013176825286,-1356.8596790230163,80.85700564858503,-169.62416347863376
17.097097097097098,1382.4200765543721,-1360.2555581717377,80.85700564858503,-169.82436367883398
17.117117117117118,1384.0388354262157,-1363.655445332475,80.85700564858503,-170.0245638790342
17.137137137137138,1385.6575942980592,-1367.0593405052284,80.85700564858503,-170.2247640792344
17.157157157157158,1387.2763531699027,-1370.467243689998,80.85700564858503,-170.42496427943462
17.177177177177178,1388.8951120417462,-1373.8791548867835,80.85700564858503,-170.62516447963483
17.197197197197198,1390.5138709135897,-1377.295074095585,80.85700564858503,-170.82536467983505
17.217217217217218,1392.1326297854332,-1380.7150013164025,80.85700564858503,-171.02556488003526
17.237237237237238,1393.7513886572767,-1384.1389365492362,80.85700564858503,-171.22576508023548
17.25725725725726,1395.3701475291202,-1387.5668797940857,80.85700564858503,-171.4259652804357
17.27727727727728,1396.9889064009637,-1390.9988310509514,80.85700564858503,-171.6261654806359
17.2972972972973,1398.6076652728073,-1394.434790319833,80.85700564858503,-171.82636568083612
17.31731731731732,1400.2264241446508,-1397.8747576007306,80.85700564858503,-172.02656588103633
17.33733733733734,1401.8451830164943,-1401.3187328936442,80.85700564858503,-172.22676608123655
17.35735735735736,1403.4639418883378,-1404.766716198574,80.85700564858503,-172.42696628143676
17.37737737737738,1405.0827007601813,-1408.2187075155196,80.85700564858503,-172.62716648163698
17.3973973973974,1406.7014596320248,-1411.6747068444813,80.85700564858503,-172.8273666818372
17.41741741741742,1408.3202185038683,-1415.134714185459,80.85700564858503,-173.0275668820374
17.43743743743744,1409.9389773757118,-1418.5987295384527,80.85700564858503,-173.22776708223762
17.45745745745746,1411.5577362475553,-1422.0667529034624,80.85700564858503,-173.42796728243783
17.47747747747748,1413.1764951193989,-1425.5387842804882,80.85700564858503,-173.62816748263805
17.4974974974975,1414.7952539912424,-1429.01482366953,80.85700564858503,-173.82836768283826
17.51751751751752,1416.4140128630859,-1432.4948710705878,80.85700564858503,-174.02856788303848
17.53753753753754,1418.0327717349294,-1435.9789264836616,80.85700564858503,-174.2287680832387
17.55755755755756,1419.651530606773,-1439.4669899087514,80.85700564858503,-174.4289682834389
17.57757757757758,1421.2702894786164,-1442.9590613458572,80.85700564858503,-174.62916848363912
17.5975975975976,1422.88904835046,-1446.4551407949791,80.85700564858503,-174.82936868383933
17.61761761761762,1424.5078072223034,-1449.9552282561172,80.85700564858503,-175.02956888403955
17.63763763763764,1426.126566094147,-1453.459323729271,80.85700564858503,-175.22976908423976
17.65765765765766,1427.7453249659904,-1456.9674272144412,80.85700564858503,-175.42996928443998
17.67767767767768,1429.364083837834,-1460.4795387116271,80.85700564858503,-175.6301694846402
17.6976976976977,1430.9828427096775,-1463.9956582208292,80.85700564858503,-175.8303696848404
17.71771771771772,1432.601601581521,-1467.5157857420472,80.85700564858503,-176.03056988504062
17.73773773773774,1434.2203604533645,-1471.0399212752814,80.85700564858503,-176.23077008524083
17.75775775775776,1435.839119325208,-1474.5680648205314,80.85700564858503,-176.43097028544105
17.77777777777778,1437.4578781970515,-1478.1002163777976,80.85700564858503,-176.63117048564126
17.7977977977978,1439.076637068895,-1481.6363759470796,80.85700564858503,-176.83137068584148
17.81781781781782,1440.6953959407385,-1485.1765435283778,80.85700564858503,-177.0315708860417
17.83783783783784,1442.314154812582,-1488.720719121692,80.85700564858503,-177.2317710862419
17.85785785785786,1443.9329136844256,-1492.2689027270221,80.85700564858503,-177.43197128644212
17.87787787787788,1445.551672556269,-1495.8210943443682,80.85700564858503,-177.63217148664233
17.8978978978979,1447.1704314281126,-1499.3772939737305,80.85700564858503,-177.83237168684255
17.91791791791792,1448.789190299956,-1502.9375016151087,80.85700564858503,-178.03257188704276
17.93793793793794,1450.4079491717996,-1506.501717268503,80.85700564858503,-178.23277208724298
17.95795795795796,1452.026708043643,-1510.0699409339131,80.85700564858503,-178.4329722874432
17.97797797797798,1453.6454669154866,-1513.6421726113394,80.85700564858503,-178.6331724876434
17.997997997998,1455.2642257873301,-1517.2184123007817,80.85700564858503,-178.83337268784362
18.01801801801802,1456.8829846591736,-1520.79866000224,80.85700564858503,-179.03357288804384
18.03803803803804,1458.5017435310172,-1524.3829157157143,80.85700564858503,-179.23377308824405
18.05805805805806,1460.1205024028607,-1527.9711794412046,80.85700564858503,-179.43397328844426
18.07807807807808,1461.7392612747042,-1531.563451178711,80.85700564858503,-179.63417348864448
18.0980980980981,1463.3580201465477,-1535.1597309282333,80.85700564858503,-179.8343736888447
18.11811811811812,1464.9767790183912,-1538.7600186897719,80.85700564858503,-180.0345738890449
18.13813813813814,1466.5955378902347,-1542.3643144633263,80.85700564858503,-180.23477408924512
18.15815815815816,1468.2142967620782,-1545.9726182488969,80.85700564858503,-180.43497428944534
18.17817817817818,1469.8330556339217,-1549.5849300464834,80.85700564858503,-180.63517448964555
18.1981981981982,1471.4518145057652,-1553.201249856086,80.85700564858503,-180.83537468984576
18.21821821821822,1473.0705733776088,-1556.8215776777045,80.85700564858503,-181.03557489004598
18.23823823823824,1474.6893322494523,-1560.445913511339,80.85700564858503,-181.2357750902462
18.25825825825826,1476.3080911212958,-1564.0742573569896,80.85700564858503,-181.4359752904464
18.27827827827828,1477.9268499931393,-1567.7066092146563,80.85700564858503,-181.63617549064662
18.2982982982983,1479.5456088649828,-1571.3429690843388,80.85700564858503,-181.83637569084684
18.31831831831832,1481.1643677368263,-1574.9833369660375,80.85700564858503,-182.03657589104705
18.33833833833834,1482.7831266086698,-1578.6277128597521,80.85700564858503,-182.23677609124726
18.35835835835836,1484.4018854805133,-1582.2760967654829,80.85700564858503,-182.43697629144748
18.37837837837838,1486.0206443523568,-1585.9284886832295,80.85700564858503,-182.6371764916477
18.3983983983984,1487.6394032242004,-1589.5848886129922,80.85700564858503,-182.8373766918479
18.41841841841842,1489.2581620960439,-1593.245296554771,80.85700564858503,-183.03757689204812
18.43843843843844,1490.8769209678874,-1596.9097125085657,80.85700564858503,-183.23777709224834
18.45845845845846,1492.4956798397309,-1600.5781364743764,80.85700564858503,-183.43797729244855
18.47847847847848,1494.1144387115744,-1604.2505684522032,80.85700564858503,-183.63817749264877
18.4984984984985,1495.733197583418,-1607.927008442046,80.85700564858503,-183.83837769284898
18.51851851851852,1497.3519564552614,-1611.6074564439048,80.85700564858503,-184.0385778930492
18.53853853853854,1498.970715327105,-1615.2919124577795,80.85700564858503,-184.2387780932494
18.55855855855856,1500.5894741989484,-1618.9803764836704,80.85700564858503,-184.43897829344962
18.57857857857858,1502.208233070792,-1622.6728485215774,80.85700564858503,-184.63917849364984
18.5985985985986,1503.8269919426355,-1626.3693285715003,80.85700564858503,-184.83937869385005
18.61861861861862,1505.445750814479,-1630.0698166334394,80.85700564858503,-185.03957889405027
18.63863863863864,1507.0645096863225,-1633.7743127073943,80.85700564858503,-185.23977909425048
18.65865865865866,1508.683268558166,-1637.4828167933654,80.85700564858503,-185.4399792944507
18.67867867867868,1510.3020274300095,-1641.1953288913523,80.85700564858503,-185.6401794946509
18.6986986986987,1511.920786301853,-1644.9118490013554,80.85700564858503,-185.84037969485112
18.71871871871872,1513.5395451736965,-1648.6323771233745,80.85700564858503,-186.04057989505134
18.73873873873874,1515.15830404554,-1652.3569132574096,80.85700564858503,-186.24078009525155
18.75875875875876,1516.7770629173835,-1656.0854574034606,80.85700564858503,-186.44098029545177
18.77877877877878,1518.395821789227,-1659.8180095615278,80.85700564858503,-186.64118049565198
18.7987987987988,1520.0145806610706,-1663.5545697316109,80.85700564858503,-186.8413806958522
18.81881881881882,1521.633339532914,-1667.29513791371,80.85700564858503,-187.0415808960524
18.83883883883884,1523.2520984047576,-1671.0397141078251,80.85700564858503,-187.24178109625262
18.85885885885886,1524.870857276601,-1674.7882983139564,80.85700564858503,-187.44198129645284
18.87887887887888,1526.4896161484446,-1678.5408905321035,80.85700564858503,-187.64218149665305
18.8988988988989,1528.1083750202881,-1682.2974907622668,80.85700564858503,-187.84238169685327
18.91891891891892,1529.7271338921316,-1686.058099004446,80.85700564858503,-188.04258189705348
18.93893893893894,1531.3458927639751,-1689.8227152586412,80.85700564858503,-188.2427820972537
18.95895895895896,1532.9646516358187,-1693.5913395248524,80.85700564858503,-188.4429822974539
18.97897897897898,1534.5834105076622,-1697.3639718030797,80.85700564858503,-188.64318249765412
18.998998998999,1536.2021693795057,-1701.140612093323,80.85700564858503,-188.84338269785434
19.01901901901902,1537.8209282513492,-1704.9212603955823,80.85700564858503,-189.04358289805455
19.03903903903904,1539.4396871231927,-1708.7059167098575,80.85700564858503,-189.24378309825477
19.05905905905906,1541.0584459950362,-1712.494581036149,80.85700564858503,-189.44398329845498
19.07907907907908,1542.6772048668797,-1716.2872533744564,80.85700564858503,-189.6441834986552
19.0990990990991,1544.2959637387232,-1720.0839337247799,80.85700564858503,-189.8443836988554
19.11911911911912,1545.9147226105667,-1723.8846220871194,80.85700564858503,-190.04458389905562
19.13913913913914,1547.5334814824103,-1727.6893184614748,80.85700564858503,-190.24478409925584
19.15915915915916,1549.1522403542538,-1731.4980228478464,80.85700564858503,-190.44498429945605
19.17917917917918,1550.7709992260973,-1735.310735246234,80.85700564858503,-190.64518449965627
19.1991991991992,1552.3897580979408,-1739.1274556566375,80.85700564858503,-190.84538469985648
19.21921921921922,1554.0085169697843,-1742.948184079057,80.85700564858503,-191.0455849000567
19.23923923923924,1555.6272758416278,-1746.7729205134926,80.85700564858503,-191.2457851002569
19.25925925925926,1557.2460347134713,-1750.6016649599442,80.85700564858503,-191.44598530045712
19.27927927927928,1558.8647935853148,-1754.4344174184118,80.85700564858503,-191.64618550065734
19.2992992992993,1560.4835524571583,-1758.2711778888954,80.85700564858503,-191.84638570085755
19.31931931931932,1562.1023113290019,-1762.111946371395,80.85700564858503,-192.04658590105777
19.33933933933934,1563.7210702008454,-1765.9567228659107,80.85700564858503,-192.24678610125798
19.35935935935936,1565.3398290726889,-1769.8055073724424,80.85700564858503,-192.4469863014582
19.37937937937938,1566.9585879445324,-1773.65829989099,80.85700564858503,-192.6471865016584
19.3993993993994,1568.577346816376,-1777.5151004215538,80.85700564858503,-192.84738670185862
19.41941941941942,1570.1961056882194,-1781.3759089641335,80.85700564858503,-193.04758690205884
19.43943943943944,1571.814864560063,-1785.2407255187293,80.85700564858503,-193.24778710225905
19.45945945945946,1573.4336234319064,-1789.109550085341,80.85700564858503,-193.44798730245927
19.47947947947948,1575.05238230375,-1792.9823826639688,80.85700564858503,-193.64818750265948
19.4994994994995,1576.6711411755934,-1796.8592232546125,80.85700564858503,-193.8483877028597
19.51951951951952,1578.289900047437,-1800.7400718572724,80.85700564858503,-194.0485879030599
19.53953953953954,1579.9086589192805,-1804.6249284719484,80.85700564858503,-194.24878810326013
19.55955955955956,1581.527417791124,-1808.5137930986402,80.85700564858503,-194.44898830346034
19.57957957957958,1583.1461766629675,-1812.4066657373482,80.85700564858503,-194.64918850366055
19.5995995995996,1584.764935534811,-1816.3035463880722,80.85700564858503,-194.84938870386077
19.61961961961962,1586.3836944066545,-1820.2044350508122,80.85700564858503,-195.04958890406098
19.63963963963964,1588.002453278498,-1824.1093317255682,80.85700564858503,-195.2497891042612
19.65965965965966,1589.6212121503415,-1828.0182364123402,80.85700564858503,-195.4499893044614
19.67967967967968,1591.239971022185,-1831.9311491111282,80.85700564858503,-195.65018950466163
19.6996996996997,1592.8587298940286,-1835.8480698219323,80.85700564858503,-195.85038970486184
19.71971971971972,1594.477488765872,-1839.7689985447523,80.85700564858503,-196.05058990506205
19.73973973973974,1596.0962476377156,-1843.6939352795885,80.85700564858503,-196.25079010526227
19.75975975975976,1597.715006509559,-1847.6228800264405,80.85700564858503,-196.45099030546248
19.77977977977978,1599.3337653814026,-1851.5558327853087,80.85700564858503,-196.6511905056627
19.7997997997998,1600.952524253246,-1855.4927935561927,80.85700564858503,-196.8513907058629
19.81981981981982,1602.5712831250896,-1859.433762339093,80.85700564858503,-197.05159090606313
19.83983983983984,1604.1900419969331,-1863.378739134009,80.85700564858503,-197.25179110626334
19.85985985985986,1605.8088008687766,-1867.3277239409413,80.85700564858503,-197.45199130646355
19.87987987987988,1607.4275597406202,-1871.2807167598894,80.85700564858503,-197.65219150666377
19.8998998998999,1609.0463186124637,-1875.2377175908537,80.85700564858503,-197.85239170686398
19.91991991991992,1610.6650774843072,-1879.1987264338338,80.85700564858503,-198.0525919070642
19.93993993993994,1612.2838363561507,-1883.1637432888301,80.85700564858503,-198.2527921072644
19.95995995995996,1613.9025952279942,-1887.1327681558423,80.85700564858503,-198.45299230746463
19.97997997997998,1615.5213540998377,-1891.1058010348706,80.85700564858503,-198.65319250766484
20.0,1617.1401129716812,-1895.082841925915,80.85700564858503,-198.85339270786505
