t,xpos,ypos,vx,vy
0.0,0.0,82.45376791263213,1.2458263226557742,0.511162135978879
0.02002002002002002,0.02494146792103652,82.46400138882791,1.2458263226557742,0.31096193577867887
0.04004004004004004,0.04988293584207304,82.47022685300766,1.2458263226557742,0.11076173557847868
0.06006006006006006,0.07482440376310956,82.4724443051714,1.2458263226557742,-0.0894384646217215
0.08008008008008008,0.09976587168414608,82.47065374531911,1.2458263226557742,-0.2896386648219217
0.10010010010010009,0.1247073396051826,82.4648551734508,1.2458263226557742,-0.48983886502212187
0.12012012012012012,0.14964880752621912,82.45504858956647,1.2458263226557742,-0.6900390652223221
0.14014014014014015,0.17459027544725564,82.44123399366613,1.2458263226557742,-0.8902392654225222
0.16016016016016016,0.19953174336829216,82.42341138574976,1.2458263226557742,-1.0904394656227223
0.18018018018018017,0.22447321128932868,82.40158076581737,1.2458263226557742,-1.2906396658229224
0.20020020020020018,0.2494146792103652,82.37574213386897,1.2458263226557742,-1.4908398660231226
0.22022022022022023,0.2743561471314017,82.34589548990454,1.2458263226557742,-1.6910400662233227
0.24024024024024024,0.29929761505243824,82.31204083392409,1.2458263226557742,-1.8912402664235228
0.2602602602602603,0.32423908297347476,82.27417816592762,1.2458263226557742,-2.091440466623723
0.2802802802802803,0.3491805508945113,82.23230748591513,1.2458263226557742,-2.2916406668239233
0.3003003003003003,0.3741220188155478,82.18642879388662,1.2458263226557742,-2.4918408670241234
0.3203203203203203,0.3990634867365843,82.1365420898421,1.2458263226557742,-2.6920410672243236
0.3403403403403404,0.42400495465762084,82.08264737378155,1.2458263226557742,-2.8922412674245237
0.36036036036036034,0.44894642257865736,82.02474464570498,1.2458263226557742,-3.092441467624724
0.3803803803803804,0.4738878904996939,81.9628339056124,1.2458263226557742,-3.292641667824924
0.40040040040040037,0.4988293584207304,81.8969151535038,1.2458263226557742,-3.492841868025124
0.42042042042042044,0.5237708263417669,81.82698838937917,1.2458263226557742,-3.693042068225324
0.44044044044044045,0.5487122942628033,81.75305361323852,1.2458263226557742,-3.8932422684255243
0.4604604604604605,0.5736537621838398,81.67511082508186,1.2458263226557742,-4.0934424686257245
0.4804804804804805,0.5985952301048763,81.59316002490917,1.2458263226557742,-4.293642668825925
0.5005005005005005,0.6235366980259127,81.50720121272046,1.2458263226557742,-4.493842869026125
0.5205205205205206,0.6484781659469492,81.41723438851574,1.2458263226557742,-4.694043069226325
0.5405405405405406,0.6734196338679856,81.32325955229499,1.2458263226557742,-4.894243269426525
0.5605605605605606,0.6983611017890221,81.22527670405822,1.2458263226557742,-5.094443469626725
0.5805805805805806,0.7233025697100586,81.12328584380543,1.2458263226557742,-5.294643669826925
0.6006006006006006,0.748244037631095,81.01728697153662,1.2458263226557742,-5.494843870027125
0.6206206206206206,0.7731855055521315,80.90728008725179,1.2458263226557742,-5.6950440702273255
0.6406406406406406,0.798126973473168,80.79326519095095,1.2458263226557742,-5.895244270427526
0.6606606606606606,0.8230684413942044,80.67524228263407,1.2458263226557742,-6.095444470627726
0.6806806806806808,0.8480099093152409,80.55321136230118,1.2458263226557742,-6.295644670827926
0.7007007007007007,0.8729513772362774,80.42717242995228,1.2458263226557742,-6.495844871028126
0.7207207207207207,0.8978928451573138,80.29712548558736,1.2458263226557742,-6.696045071228326
0.7407407407407407,0.9228343130783503,80.16307052920641,1.2458263226557742,-6.896245271428526
0.7607607607607608,0.9477757809993868,80.02500756080944,1.2458263226557742,-7.096445471628726
0.7807807807807808,0.9727172489204232,79.88293658039646,1.2458263226557742,-7.2966456718289265
0.8008008008008007,0.9976587168414597,79.73685758796745,1.2458263226557742,-7.496845872029127
0.8208208208208208,1.0226001847624961,79.58677058352242,1.2458263226557742,-7.697046072229327
0.8408408408408409,1.0475416526835326,79.43267556706138,1.2458263226557742,-7.897246272429527
0.8608608608608609,1.072483120604569,79.27457253858431,1.2458263226557742,-8.097446472629727
0.8808808808808809,1.0974245885256055,79.11246149809122,1.2458263226557742,-8.297646672829927
0.9009009009009008,1.122366056446642,78.94634244558212,1.2458263226557742,-8.497846873030127
0.920920920920921,1.1473075243676785,78.77621538105699,1.2458263226557742,-8.698047073230327
0.9409409409409409,1.172248992288715,78.60208030451584,1.2458263226557742,-8.898247273430528
0.960960960960961,1.1971904602097514,78.42393721595867,1.2458263226557742,-9.098447473630728
0.980980980980981,1.2221319281307879,78.24178611538548,1.2458263226557742,-9.298647673830928
1.001001001001001,1.2470733960518243,78.05562700279627,1.2458263226557742,-9.498847874031128
1.021021021021021,1.2720148639728608,77.86545987819105,1.2458263226557742,-9.699048074231328
1.0410410410410411,1.2969563318938973,77.67128474156979,1.2458263226557742,-9.899248274431528
1.0610610610610611,1.3218977998149337,77.47310159293252,1.2458263226557742,-10.099448474631728
1.0810810810810811,1.3468392677359702,77.27091043227924,1.2458263226557742,-10.299648674831928
1.1011011011011012,1.3717807356570066,77.06471125960994,1.2458263226557742,-10.499848875032129
1.1211211211211212,1.396722203578043,76.8545040749246,1.2458263226557742,-10.700049075232329
1.1411411411411412,1.4216636714990796,76.64028887822326,1.2458263226557742,-10.900249275432529
1.1611611611611612,1.446605139420116,76.4220656695059,1.2458263226557742,-11.100449475632729
1.1811811811811812,1.4715466073411525,76.1998344487725,1.2458263226557742,-11.30064967583293
1.2012012012012012,1.496488075262189,75.9735952160231,1.2458263226557742,-11.50084987603313
1.2212212212212212,1.5214295431832254,75.74334797125768,1.2458263226557742,-11.70105007623333
1.2412412412412412,1.546371011104262,75.50909271447622,1.2458263226557742,-11.90125027643353
1.2612612612612613,1.5713124790252984,75.27082944567876,1.2458263226557742,-12.10145047663373
1.2812812812812813,1.5962539469463348,75.02855816486527,1.2458263226557742,-12.30165067683393
1.3013013013013013,1.6211954148673713,74.78227887203576,1.2458263226557742,-12.50185087703413
1.3213213213213213,1.6461368827884078,74.53199156719023,1.2458263226557742,-12.70205107723433
1.3413413413413413,1.6710783507094442,74.27769625032869,1.2458263226557742,-12.90225127743453
1.3613613613613615,1.6960198186304807,74.01939292145111,1.2458263226557742,-13.10245147763473
1.3813813813813813,1.7209612865515171,73.75708158055753,1.2458263226557742,-13.30265167783493
1.4014014014014013,1.7459027544725536,73.49076222764792,1.2458263226557742,-13.50285187803513
1.4214214214214214,1.77084422239359,73.22043486272229,1.2458263226557742,-13.70305207823533
1.4414414414414414,1.7957856903146265,72.94609948578064,1.2458263226557742,-13.90325227843553
1.4614614614614616,1.820727158235663,72.66775609682297,1.2458263226557742,-14.103452478635731
1.4814814814814814,1.8456686261566995,72.38540469584927,1.2458263226557742,-14.303652678835931
1.5015015015015014,1.870610094077736,72.09904528285956,1.2458263226557742,-14.503852879036131
1.5215215215215216,1.8955515619987724,71.80867785785384,1.2458263226557742,-14.704053079236331
1.5415415415415414,1.9204930299198089,71.5143024208321,1.2458263226557742,-14.904253279436531
1.5615615615615617,1.9454344978408453,71.21591897179432,1.2458263226557742,-15.104453479636732
1.5815815815815815,1.9703759657618818,70.91352751074054,1.2458263226557742,-15.304653679836932
1.6016016016016015,1.9953174336829183,70.60712803767073,1.2458263226557742,-15.504853880037132
1.6216216216216217,2.0202589016039547,70.2967205525849,1.2458263226557742,-15.705054080237332
1.6416416416416415,2.0452003695249914,69.98230505548305,1.2458263226557742,-15.905254280437532
1.6616616616616617,2.070141837446028,69.66388154636519,1.2458263226557742,-16.105454480637732
1.6816816816816818,2.0950833053670648,69.3414500252313,1.2458263226557742,-16.305654680837932
1.7017017017017015,2.1200247732881015,69.01501049208139,1.2458263226557742,-16.505854881038132
1.7217217217217218,2.144966241209138,68.68456294691546,1.2458263226557742,-16.706055081238333
1.7417417417417416,2.169907709130175,68.35010738973351,1.2458263226557742,-16.906255281438533
1.7617617617617618,2.1948491770512115,68.01164382053554,1.2458263226557742,-17.106455481638733
1.7817817817817818,2.219790644972248,67.66917223932155,1.2458263226557742,-17.306655681838933
1.8018018018018016,2.244732112893285,67.32269264609154,1.2458263226557742,-17.506855882039133
1.8218218218218218,2.2696735808143216,66.97220504084551,1.2458263226557742,-17.707056082239333
1.841841841841842,2.2946150487353583,66.61770942358346,1.2458263226557742,-17.907256282439533
1.8618618618618619,2.319556516656395,66.25920579430539,1.2458263226557742,-18.107456482639734
1.8818818818818819,2.3444979845774316,65.8966941530113,1.2458263226557742,-18.307656682839934
1.9019019019019017,2.3694394524984683,65.53017449970119,1.2458263226557742,-18.507856883040134
1.921921921921922,2.394380920419505,65.15964683437507,1.2458263226557742,-18.708057083240334
1.9419419419419421,2.4193223883405417,64.78511115703292,1.2458263226557742,-18.908257283440534
1.961961961961962,2.4442638562615784,64.40656746767475,1.2458263226557742,-19.108457483640734
1.981981981981982,2.469205324182615,64.02401576630056,1.2458263226557742,-19.308657683840934
2.002002002002002,2.4941467921036518,63.63745605291036,1.2458263226557742,-19.508857884041134
2.022022022022022,2.5190882600246884,63.24688832750413,1.2458263226557742,-19.709058084241335
2.042042042042042,2.544029727945725,62.85231259008188,1.2458263226557742,-19.909258284441535
2.0620620620620618,2.568971195866762,62.45372884064361,1.2458263226557742,-20.109458484641735
2.0820820820820822,2.5939126637877985,62.051137079189324,1.2458263226557742,-20.309658684841935
2.1021021021021022,2.618854131708835,61.64453730571901,1.2458263226557742,-20.509858885042135
2.1221221221221223,2.643795599629872,61.233929520232685,1.2458263226557742,-20.710059085242335
2.1421421421421423,2.6687370675509086,60.819313722730335,1.2458263226557742,-20.910259285442535
2.1621621621621623,2.6936785354719452,60.40068991321196,1.2458263226557742,-21.110459485642735
2.1821821821821823,2.718620003392982,59.978058091677575,1.2458263226557742,-21.310659685842936
2.2022022022022023,2.7435614713140186,59.551418258127164,1.2458263226557742,-21.510859886043136
2.2222222222222223,2.7685029392350553,59.12077041256074,1.2458263226557742,-21.711060086243336
2.2422422422422423,2.793444407156092,58.68611455497829,1.2458263226557742,-21.911260286443536
2.2622622622622623,2.8183858750771287,58.24745068537982,1.2458263226557742,-22.111460486643736
2.2822822822822824,2.8433273429981654,57.80477880376533,1.2458263226557742,-22.311660686843936
2.3023023023023024,2.868268810919202,57.35809891013482,1.2458263226557742,-22.511860887044136
2.3223223223223224,2.8932102788402387,56.90741100448829,1.2458263226557742,-22.712061087244336
2.3423423423423424,2.9181517467612754,56.45271508682574,1.2458263226557742,-22.912261287444537
2.3623623623623624,2.943093214682312,55.99401115714717,1.2458263226557742,-23.112461487644737
2.3823823823823824,2.968034682603349,55.531299215452584,1.2458263226557742,-23.312661687844937
2.4024024024024024,2.9929761505243855,55.064579261741976,1.2458263226557742,-23.512861888045137
2.4224224224224224,3.017917618445422,54.593851296015345,1.2458263226557742,-23.713062088245337
2.4424424424424425,3.042859086366459,54.1191153182727,1.2458263226557742,-23.913262288445537
2.4624624624624625,3.0678005542874955,53.64037132851403,1.2458263226557742,-24.113462488645737
2.4824824824824825,3.0927420222085322,53.157619326739336,1.2458263226557742,-24.313662688845938
2.5025025025025025,3.117683490129569,52.67085931294863,1.2458263226557742,-24.513862889046138
2.5225225225225225,3.1426249580506056,52.1800912871419,1.2458263226557742,-24.714063089246338
2.5425425425425425,3.1675664259716423,51.685315249319146,1.2458263226557742,-24.914263289446538
2.5625625625625625,3.192507893892679,51.18653119948038,1.2458263226557742,-25.114463489646738
2.5825825825825826,3.2174493618137157,50.68373913762559,1.2458263226557742,-25.314663689846938
2.6026026026026026,3.2423908297347523,50.17693906375478,1.2458263226557742,-25.51486389004714
2.6226226226226226,3.267332297655789,49.66613097786795,1.2458263226557742,-25.71506409024734
2.6426426426426426,3.2922737655768257,49.1513148799651,1.2458263226557742,-25.91526429044754
2.6626626626626626,3.3172152334978624,48.63249077004623,1.2458263226557742,-26.11546449064774
2.6826826826826826,3.342156701418899,48.10965864811134,1.2458263226557742,-26.31566469084794
2.7027027027027026,3.3670981693399358,47.58281851416043,1.2458263226557742,-26.51586489104814
2.722722722722723,3.3920396372609725,47.0519703681935,1.2458263226557742,-26.71606509124834
2.7427427427427427,3.416981105182009,46.51711421021055,1.2458263226557742,-26.91626529144854
2.7627627627627627,3.441922573103046,45.97825004021158,1.2458263226557742,-27.11646549164874
2.7827827827827827,3.4668640410240825,45.43537785819659,1.2458263226557742,-27.31666569184894
2.8028028028028027,3.491805508945119,44.88849766416558,1.2458263226557742,-27.51686589204914
2.822822822822823,3.516746976866156,44.33760945811855,1.2458263226557742,-27.71706609224934
2.8428428428428427,3.5416884447871926,43.7827132400555,1.2458263226557742,-27.91726629244954
2.8628628628628627,3.5666299127082293,43.22380900997643,1.2458263226557742,-28.11746649264974
2.8828828828828827,3.591571380629266,42.66089676788134,1.2458263226557742,-28.31766669284994
2.9029029029029028,3.6165128485503026,42.09397651377023,1.2458263226557742,-28.51786689305014
2.922922922922923,3.6414543164713393,41.523048247643096,1.2458263226557742,-28.71806709325034
2.942942942942943,3.666395784392376,40.94811196949995,1.2458263226557742,-28.91826729345054
2.962962962962963,3.6913372523134127,40.36916767934078,1.2458263226557742,-29.11846749365074
2.982982982982983,3.7162787202344494,39.78621537716559,1.2458263226557742,-29.31866769385094
3.003003003003003,3.741220188155486,39.19925506297438,1.2458263226557742,-29.51886789405114
3.0230230230230233,3.7661616560765228,38.60828673676715,1.2458263226557742,-29.71906809425134
3.0430430430430433,3.7911031239975594,38.0133103985439,1.2458263226557742,-29.91926829445154
3.063063063063063,3.816044591918596,37.41432604830463,1.2458263226557742,-30.11946849465174
3.083083083083083,3.840986059839633,36.81133368604934,1.2458263226557742,-30.31966869485194
3.103103103103103,3.8659275277606695,36.20433331177803,1.2458263226557742,-30.51986889505214
3.1231231231231233,3.890868995681706,35.5933249254907,1.2458263226557742,-30.72006909525234
3.1431431431431434,3.915810463602743,34.978308527187345,1.2458263226557742,-30.92026929545254
3.163163163163163,3.9407519315237796,34.359284116867975,1.2458263226557742,-31.120469495652742
3.183183183183183,3.9656933994448162,33.736251694532584,1.2458263226557742,-31.320669695852942
3.203203203203203,3.990634867365853,33.109211260181176,1.2458263226557742,-31.520869896053142
3.2232232232232234,4.015576335286889,32.478162813813746,1.2458263226557742,-31.721070096253342
3.2432432432432434,4.040517803207925,31.843106355430297,1.2458263226557742,-31.921270296453542
3.263263263263263,4.065459271128962,31.204041885030826,1.2458263226557742,-32.12147049665374
3.283283283283283,4.090400739049998,30.560969402615335,1.2458263226557742,-32.32167069685394
3.303303303303303,4.115342206971034,29.913888908183825,1.2458263226557742,-32.52187089705414
3.3233233233233235,4.14028367489207,29.262800401736296,1.2458263226557742,-32.72207109725434
3.3433433433433435,4.165225142813107,28.607703883272745,1.2458263226557742,-32.92227129745454
3.3633633633633635,4.190166610734143,27.948599352793174,1.2458263226557742,-33.12247149765474
3.383383383383383,4.215108078655179,27.285486810297584,1.2458263226557742,-33.32267169785494
3.403403403403403,4.240049546576215,26.618366255785975,1.2458263226557742,-33.52287189805514
3.4234234234234235,4.264991014497252,25.947237689258344,1.2458263226557742,-33.723072098255344
3.4434434434434436,4.289932482418288,25.272101110714694,1.2458263226557742,-33.923272298455544
3.4634634634634636,4.314873950339324,24.592956520155024,1.2458263226557742,-34.123472498655744
3.483483483483483,4.33981541826036,23.90980391757933,1.2458263226557742,-34.323672698855944
3.503503503503503,4.364756886181397,23.22264330298762,1.2458263226557742,-34.523872899056144
3.5235235235235236,4.389698354102433,22.53147467637989,1.2458263226557742,-34.724073099256344
3.5435435435435436,4.414639822023469,21.83629803775614,1.2458263226557742,-34.924273299456544
3.5635635635635636,4.439581289944505,21.13711338711637,1.2458263226557742,-35.124473499656744
3.583583583583583,4.4645227578655415,20.433920724460577,1.2458263226557742,-35.324673699856945
3.603603603603603,4.489464225786578,19.726720049788767,1.2458263226557742,-35.524873900057145
3.6236236236236237,4.514405693707614,19.015511363100938,1.2458263226557742,-35.725074100257345
3.6436436436436437,4.53934716162865,18.300294664397086,1.2458263226557742,-35.925274300457545
3.6636636636636637,4.5642886295496865,17.581069953677215,1.2458263226557742,-36.125474500657745
3.683683683683684,4.589230097470723,16.857837230941325,1.2458263226557742,-36.325674700857945
3.7037037037037033,4.614171565391759,16.130596496189415,1.2458263226557742,-36.525874901058145
3.7237237237237237,4.639113033312795,15.399347749421485,1.2458263226557742,-36.726075101258346
3.7437437437437437,4.6640545012338315,14.664090990637535,1.2458263226557742,-36.926275301458546
3.7637637637637638,4.688995969154868,13.924826219837563,1.2458263226557742,-37.126475501658746
3.783783783783784,4.713937437075904,13.181553437021572,1.2458263226557742,-37.326675701858946
3.8038038038038033,4.73887890499694,12.43427264218956,1.2458263226557742,-37.526875902059146
3.823823823823824,4.763820372917976,11.68298383534153,1.2458263226557742,-37.727076102259346
3.843843843843844,4.788761840839013,10.927687016477478,1.2458263226557742,-37.927276302459546
3.863863863863864,4.813703308760049,10.168382185597407,1.2458263226557742,-38.127476502659746
3.8838838838838843,4.838644776681085,9.405069342701315,1.2458263226557742,-38.32767670285995
3.9039039039039034,4.863586244602121,8.637748487789205,1.2458263226557742,-38.52787690306015
3.923923923923924,4.888527712523158,7.866419620861073,1.2458263226557742,-38.72807710326035
3.943943943943944,4.913469180444194,7.091082741916923,1.2458263226557742,-38.92827730346055
3.963963963963964,4.93841064836523,6.311737850956751,1.2458263226557742,-39.12847750366075
3.9839839839839843,4.963352116286266,5.52838494798056,1.2458263226557742,-39.32867770386095
4.004004004004004,4.988293584207303,4.741024032988348,1.2458263226557742,-39.52887790406115
4.0240240240240235,5.013235052128339,3.949655105980117,1.2458263226557742,-39.72907810426135
4.044044044044044,5.038176520049375,3.1542781669558657,1.2458263226557742,-39.92927830446155
4.064064064064064,5.063117987970411,2.3548932159155944,1.2458263226557742,-40.12947850466175
4.084084084084084,5.088059455891448,1.5515002528593032,1.2458263226557742,-40.32967870486195
4.104104104104104,5.113000923812484,0.7440992777869919,1.2458263226557742,-40.52987890506215
4.1241241241241235,5.13794239173352,-0.0673097093013394,1.2458263226557742,-40.73007910526235
4.1441441441441444,5.162883859654556,-0.8827267084056907,1.2458263226557742,-40.93027930546255
4.1641641641641645,5.187825327575593,-1.702151719526062,1.2458263226557742,-41.13047950566275
4.1841841841841845,5.212766795496629,-2.5255847426624536,1.2458263226557742,-41.33067970586295
4.2042042042042045,5.237708263417665,-3.353025777814865,1.2458263226557742,-41.53087990606315
4.2242242242242245,5.262649731338701,-4.184474824983297,1.2458263226557742,-41.73108010626335
4.2442442442442445,5.2875911992597375,-5.0199318841677485,1.2458263226557742,-41.93128030646355
4.2642642642642645,5.312532667180774,-5.85939695536822,1.2458263226557742,-42.13148050666375
4.2842842842842845,5.33747413510181,-6.702870038584712,1.2458263226557742,-42.33168070686395
4.3043043043043046,5.362415603022846,-7.550351133817224,1.2458263226557742,-42.53188090706415
4.324324324324325,5.3873570709438825,-8.401840241065756,1.2458263226557742,-42.73208110726435
4.344344344344345,5.412298538864919,-9.257337360330308,1.2458263226557742,-42.93228130746455
4.364364364364365,5.437240006785955,-10.116842491610878,1.2458263226557742,-43.13248150766475
4.384384384384385,5.462181474706991,-10.98035563490747,1.2458263226557742,-43.33268170786495
4.404404404404405,5.4871229426280275,-11.84787679022008,1.2458263226557742,-43.53288190806515
4.424424424424425,5.512064410549064,-12.719405957548712,1.2458263226557742,-43.73308210826535
4.444444444444445,5.5370058784701,-13.594943136893365,1.2458263226557742,-43.93328230846555
4.464464464464465,5.561947346391136,-14.474488328254036,1.2458263226557742,-44.13348250866575
4.484484484484485,5.586888814312172,-15.358041531630729,1.2458263226557742,-44.33368270886595
4.504504504504505,5.611830282233209,-16.24560274702344,1.2458263226557742,-44.53388290906615
4.524524524524525,5.636771750154245,-17.13717197443217,1.2458263226557742,-44.73408310926635
4.544544544544545,5.661713218075281,-18.032749213856924,1.2458263226557742,-44.93428330946655
4.564564564564565,5.686654685996317,-18.932334465297696,1.2458263226557742,-45.13448350966675
4.584584584584585,5.711596153917354,-19.835927728754488,1.2458263226557742,-45.33468370986695
4.604604604604605,5.73653762183839,-20.743529004227298,1.2458263226557742,-45.53488391006715
4.624624624624625,5.761479089759426,-21.65513829171613,1.2458263226557742,-45.73508411026735
4.644644644644645,5.786420557680462,-22.570755591220983,1.2458263226557742,-45.93528431046755
4.664664664664665,5.811362025601499,-23.490380902741855,1.2458263226557742,-46.13548451066775
4.684684684684685,5.836303493522535,-24.414014226278745,1.2458263226557742,-46.33568471086795
4.704704704704705,5.861244961443571,-25.341655561831658,1.2458263226557742,-46.53588491106815
4.724724724724725,5.886186429364607,-26.27330490940059,1.2458263226557742,-46.73608511126835
4.744744744744745,5.911127897285644,-27.20896226898554,1.2458263226557742,-46.93628531146855
4.764764764764765,5.93606936520668,-28.14862764058651,1.2458263226557742,-47.13648551166875
4.784784784784785,5.961010833127716,-29.092301024203504,1.2458263226557742,-47.33668571186895
4.804804804804805,5.985952301048752,-30.039982419836516,1.2458263226557742,-47.53688591206915
4.824824824824825,6.0108937689697886,-30.991671827485547,1.2458263226557742,-47.73708611226935
4.844844844844845,6.035835236890825,-31.9473692471506,1.2458263226557742,-47.93728631246955
4.864864864864865,6.060776704811861,-32.90707467883167,1.2458263226557742,-48.13748651266975
4.884884884884885,6.085718172732897,-33.870788122528765,1.2458263226557742,-48.33768671286995
4.904904904904905,6.1106596406539335,-34.838509578241876,1.2458263226557742,-48.53788691307015
4.924924924924925,6.13560110857497,-35.81023904597101,1.2458263226557742,-48.73808711327035
4.944944944944945,6.160542576496006,-36.78597652571616,1.2458263226557742,-48.93828731347055
4.964964964964965,6.185484044417042,-37.76572201747733,1.2458263226557742,-49.13848751367075
4.984984984984985,6.2104255123380785,-38.749475521254524,1.2458263226557742,-49.338687713870954
5.005005005005005,6.235366980259115,-39.737237037047734,1.2458263226557742,-49.538887914071154
5.025025025025025,6.260308448180151,-40.72900656485697,1.2458263226557742,-49.739088114271354
5.045045045045045,6.285249916101187,-41.72478410468222,1.2458263226557742,-49.939288314471554
5.065065065065065,6.3101913840222235,-42.72456965652349,1.2458263226557742,-50.139488514671754
5.085085085085085,6.33513285194326,-43.728363220380785,1.2458263226557742,-50.339688714871954
5.105105105105105,6.360074319864296,-44.7361647962541,1.2458263226557742,-50.539888915072154
5.125125125125125,6.385015787785332,-45.74797438414343,1.2458263226557742,-50.740089115272355
5.145145145145145,6.409957255706368,-46.76379198404879,1.2458263226557742,-50.940289315472555
5.165165165165165,6.434898723627405,-47.783617595970156,1.2458263226557742,-51.140489515672755
5.185185185185185,6.459840191548441,-48.80745121990755,1.2458263226557742,-51.340689715872955
5.205205205205205,6.484781659469477,-49.83529285586096,1.2458263226557742,-51.540889916073155
5.225225225225225,6.509723127390513,-50.867142503830394,1.2458263226557742,-51.741090116273355
5.245245245245245,6.53466459531155,-51.90300016381585,1.2458263226557742,-51.941290316473555
5.265265265265265,6.559606063232586,-52.94286583581732,1.2458263226557742,-52.141490516673755
5.285285285285285,6.584547531153622,-53.98673951983481,1.2458263226557742,-52.341690716873956
5.305305305305305,6.609488999074658,-55.03462121586833,1.2458263226557742,-52.541890917074156
5.325325325325325,6.634430466995695,-56.08651092391786,1.2458263226557742,-52.742091117274356
5.345345345345346,6.659371934916731,-57.14240864398341,1.2458263226557742,-52.942291317474556
5.365365365365365,6.684313402837767,-58.20231437606498,1.2458263226557742,-53.142491517674756
5.385385385385385,6.709254870758803,-59.26622812016257,1.2458263226557742,-53.342691717874956
5.405405405405405,6.73419633867984,-60.334149876276186,1.2458263226557742,-53.542891918075156
5.425425425425425,6.759137806600876,-61.40607964440582,1.2458263226557742,-53.74309211827536
5.445445445445446,6.784079274521912,-62.48201742455147,1.2458263226557742,-53.94329231847556
5.465465465465465,6.809020742442948,-63.561963216713146,1.2458263226557742,-54.14349251867576
5.485485485485485,6.8339622103639845,-64.64591702089083,1.2458263226557742,-54.34369271887596
5.505505505505505,6.858903678285021,-65.73387883708455,1.2458263226557742,-54.54389291907616
5.525525525525525,6.883845146206057,-66.82584866529427,1.2458263226557742,-54.74409311927636
5.545545545545546,6.908786614127093,-67.92182650552003,1.2458263226557742,-54.94429331947656
5.565565565565565,6.9337280820481295,-69.0218123577618,1.2458263226557742,-55.14449351967676
5.585585585585585,6.958669549969166,-70.12580622201959,1.2458263226557742,-55.34469371987696
5.605605605605605,6.983611017890202,-71.23380809829341,1.2458263226557742,-55.54489392007716
5.625625625625625,7.008552485811238,-72.34581798658324,1.2458263226557742,-55.74509412027736
5.645645645645646,7.0334939537322745,-73.46183588688909,1.2458263226557742,-55.94529432047756
5.665665665665665,7.058435421653311,-74.58186179921097,1.2458263226557742,-56.14549452067776
5.685685685685685,7.083376889574347,-75.70589572354886,1.2458263226557742,-56.34569472087796
5.7057057057057055,7.108318357495383,-76.83393765990277,1.2458263226557742,-56.54589492107816
5.7257257257257255,7.1332598254164195,-77.96598760827271,1.2458263226557742,-56.74609512127836
5.745745745745746,7.158201293337456,-79.10204556865867,1.2458263226557742,-56.94629532147856
5.7657657657657655,7.183142761258492,-80.24211154106064,1.2458263226557742,-57.14649552167876
5.7857857857857855,7.208084229179528,-81.38618552547864,1.2458263226557742,-57.34669572187896
5.8058058058058055,7.233025697100564,-82.53426752191265,1.2458263226557742,-57.54689592207916
5.8258258258258255,7.257967165021601,-83.68635753036268,1.2458263226557742,-57.74709612227936
5.845845845845846,7.282908632942637,-84.84245555082873,1.2458263226557742,-57.94729632247956
5.865865865865866,7.307850100863673,-86.00256158331081,1.2458263226557742,-58.14749652267976
5.885885885885886,7.332791568784709,-87.1666756278089,1.2458263226557742,-58.34769672287996
5.905905905905906,7.357733036705746,-88.33479768432301,1.2458263226557742,-58.54789692308016
5.925925925925926,7.382674504626782,-89.50692775285314,1.2458263226557742,-58.74809712328036
5.9459459459459465,7.407615972547818,-90.6830658333993,1.2458263226557742,-58.94829732348056
5.965965965965966,7.432557440468854,-91.86321192596147,1.2458263226557742,-59.14849752368076
5.9859859859859865,7.457498908389891,-93.04736603053966,1.2458263226557742,-59.34869772388096
6.006006006006006,7.482440376310927,-94.23552814713388,1.2458263226557742,-59.54889792408116
6.026026026026026,7.507381844231963,-95.4276982757441,1.2458263226557742,-59.74909812428136
6.046046046046047,7.532323312152999,-96.62387641637036,1.2458263226557742,-59.94929832448156
6.066066066066066,7.557264780074036,-97.82406256901264,1.2458263226557742,-60.14949852468176
6.086086086086087,7.582206247995072,-99.02825673367093,1.2458263226557742,-60.34969872488196
6.106106106106106,7.607147715916108,-100.23645891034525,1.2458263226557742,-60.54989892508216
6.126126126126126,7.632089183837144,-101.44866909903558,1.2458263226557742,-60.75009912528236
6.146146146146147,7.6570306517581805,-102.66488729974193,1.2458263226557742,-60.95029932548256
6.166166166166166,7.681972119679217,-103.88511351246432,1.2458263226557742,-61.15049952568276
6.186186186186187,7.706913587600253,-105.10934773720271,1.2458263226557742,-61.35069972588296
6.206206206206206,7.731855055521289,-106.33758997395712,1.2458263226557742,-61.55089992608316
6.226226226226226,7.7567965234423255,-107.56984022272755,1.2458263226557742,-61.75110012628336
6.246246246246247,7.781737991363362,-108.806098483514,1.2458263226557742,-61.95130032648356
6.266266266266266,7.806679459284398,-110.04636475631648,1.2458263226557742,-62.15150052668376
6.286286286286287,7.831620927205434,-111.29063904113497,1.2458263226557742,-62.35170072688396
6.306306306306306,7.8565623951264705,-112.53892133796948,1.2458263226557742,-62.55190092708416
6.326326326326326,7.881503863047507,-113.79121164682002,1.2458263226557742,-62.75210112728436
6.346346346346347,7.906445330968543,-115.04750996768657,1.2458263226557742,-62.95230132748456
6.366366366366366,7.931386798889579,-116.30781630056914,1.2458263226557742,-63.15250152768476
6.386386386386387,7.9563282668106154,-117.57213064546774,1.2458263226557742,-63.35270172788496
6.406406406406406,7.981269734731652,-118.84045300238235,1.2458263226557742,-63.55290192808516
6.426426426426426,8.006211202652688,-120.11278337131299,1.2458263226557742,-63.75310212828536
6.446446446446447,8.031152670573725,-121.38912175225964,1.2458263226557742,-63.95330232848556
6.466466466466466,8.056094138494762,-122.66946814522231,1.2458263226557742,-64.15350252868576
6.486486486486487,8.0810356064158,-123.95382255020101,1.2458263226557742,-64.35370272888596
6.506506506506506,8.105977074336836,-125.24218496719573,1.2458263226557742,-64.55390292908616
6.526526526526526,8.130918542257874,-126.53455539620646,1.2458263226557742,-64.75410312928636
6.546546546546547,8.15586001017891,-127.83093383723322,1.2458263226557742,-64.95430332948656
6.566566566566566,8.180801478099948,-129.131320290276,1.2458263226557742,-65.15450352968676
6.586586586586587,8.205742946020985,-130.4357147553348,1.2458263226557742,-65.35470372988696
6.606606606606606,8.230684413942022,-131.74411723240962,1.2458263226557742,-65.55490393008716
6.626626626626627,8.25562588186306,-133.05652772150046,1.2458263226557742,-65.75510413028736
6.646646646646647,8.280567349784096,-134.3729462226073,1.2458263226557742,-65.95530433048756
6.666666666666666,8.305508817705133,-135.69337273573018,1.2458263226557742,-66.15550453068776
6.686686686686687,8.33045028562617,-137.01780726086906,1.2458263226557742,-66.35570473088796
6.706706706706706,8.355391753547208,-138.346249798024,1.2458263226557742,-66.55590493108816
6.726726726726727,8.380333221468245,-139.67870034719493,1.2458263226557742,-66.75610513128836
6.746746746746747,8.405274689389282,-141.0151589083819,1.2458263226557742,-66.95630533148857
6.766766766766766,8.43021615731032,-142.35562548158487,1.2458263226557742,-67.15650553168877
6.786786786786787,8.455157625231356,-143.70010006680386,1.2458263226557742,-67.35670573188897
6.806806806806806,8.480099093152393,-145.04858266403886,1.2458263226557742,-67.55690593208917
6.826826826826827,8.50504056107343,-146.40107327328988,1.2458263226557742,-67.75710613228937
6.846846846846847,8.529982028994468,-147.75757189455695,1.2458263226557742,-67.95730633248957
6.866866866866866,8.554923496915505,-149.11807852784003,1.2458263226557742,-68.15750653268977
6.886886886886887,8.579864964836542,-150.48259317313912,1.2458263226557742,-68.35770673288997
6.906906906906906,8.604806432757579,-151.85111583045423,1.2458263226557742,-68.55790693309017
6.926926926926927,8.629747900678616,-153.22364649978536,1.2458263226557742,-68.75810713329037
6.946946946946947,8.654689368599653,-154.6001851811325,1.2458263226557742,-68.95830733349057
6.966966966966966,8.67963083652069,-155.9807318744957,1.2458263226557742,-69.15850753369077
6.986986986986987,8.704572304441728,-157.3652865798749,1.2458263226557742,-69.35870773389097
7.007007007007006,8.729513772362765,-158.7538492972701,1.2458263226557742,-69.55890793409117
7.027027027027027,8.754455240283802,-160.14642002668134,1.2458263226557742,-69.75910813429137
7.047047047047047,8.779396708204839,-161.5429987681086,1.2458263226557742,-69.95930833449157
7.067067067067066,8.804338176125876,-162.94358552155185,1.2458263226557742,-70.15950853469177
7.087087087087087,8.829279644046913,-164.34818028701116,1.2458263226557742,-70.35970873489197
7.107107107107106,8.85422111196795,-165.75678306448648,1.2458263226557742,-70.55990893509217
7.127127127127127,8.879162579888987,-167.16939385397782,1.2458263226557742,-70.76010913529237
7.147147147147147,8.904104047810025,-168.58601265548518,1.2458263226557742,-70.96030933549257
7.167167167167166,8.929045515731062,-170.00663946900855,1.2458263226557742,-71.16050953569277
7.187187187187187,8.953986983652099,-171.43127429454793,1.2458263226557742,-71.36070973589297
7.207207207207206,8.978928451573136,-172.85991713210333,1.2458263226557742,-71.56090993609317
7.227227227227227,9.003869919494173,-174.29256798167478,1.2458263226557742,-71.76111013629337
7.247247247247247,9.02881138741521,-175.72922684326224,1.2458263226557742,-71.96131033649357
7.267267267267268,9.053752855336247,-177.16989371686572,1.2458263226557742,-72.16151053669377
7.287287287287287,9.078694323257285,-178.6145686024852,1.2458263226557742,-72.36171073689397
7.3073073073073065,9.103635791178322,-180.0632515001207,1.2458263226557742,-72.56191093709417
7.327327327327327,9.128577259099359,-181.51594240977224,1.2458263226557742,-72.76211113729437
7.347347347347347,9.153518727020396,-182.9726413314398,1.2458263226557742,-72.96231133749457
7.367367367367368,9.178460194941433,-184.43334826512339,1.2458263226557742,-73.16251153769477
7.387387387387387,9.20340166286247,-185.89806321082298,1.2458263226557742,-73.36271173789497
7.4074074074074066,9.228343130783507,-187.3667861685386,1.2458263226557742,-73.56291193809517
7.4274274274274275,9.253284598704544,-188.83951713827022,1.2458263226557742,-73.76311213829537
7.4474474474474475,9.278226066625582,-190.31625612001787,1.2458263226557742,-73.96331233849557
7.467467467467468,9.303167534546619,-191.79700311378156,1.2458263226557742,-74.16351253869577
7.4874874874874875,9.328109002467656,-193.28175811956126,1.2458263226557742,-74.36371273889597
7.507507507507507,9.353050470388693,-194.77052113735698,1.2458263226557742,-74.56391293909617
7.5275275275275275,9.37799193830973,-196.26329216716871,1.2458263226557742,-74.76411313929637
7.5475475475475475,9.402933406230767,-197.76007120899646,1.2458263226557742,-74.96431333949657
7.567567567567568,9.427874874151804,-199.26085826284023,1.2458263226557742,-75.16451353969677
7.587587587587588,9.452816342072841,-200.7656533287,1.2458263226557742,-75.36471373989697
7.607607607607607,9.477757809993879,-202.27445640657584,1.2458263226557742,-75.56491394009717
7.627627627627628,9.502699277914916,-203.78726749646768,1.2458263226557742,-75.76511414029737
7.647647647647648,9.527640745835953,-205.30408659837553,1.2458263226557742,-75.96531434049757
7.6676676676676685,9.55258221375699,-206.8249137122994,1.2458263226557742,-76.16551454069777
7.687687687687688,9.577523681678027,-208.3497488382393,1.2458263226557742,-76.36571474089797
7.707707707707707,9.602465149599064,-209.8785919761952,1.2458263226557742,-76.56591494109817
7.727727727727728,9.627406617520101,-211.41144312616714,1.2458263226557742,-76.76611514129837
7.747747747747748,9.652348085441139,-212.9483022881551,1.2458263226557742,-76.96631534149857
7.767767767767769,9.677289553362176,-214.48916946215908,1.2458263226557742,-77.16651554169877
7.787787787787788,9.702231021283213,-216.03404464817908,1.2458263226557742,-77.36671574189897
7.807807807807807,9.72717248920425,-217.58292784621509,1.2458263226557742,-77.56691594209917
7.827827827827828,9.752113957125287,-219.1358190562671,1.2458263226557742,-77.76711614229937
7.847847847847848,9.777055425046324,-220.69271827833518,1.2458263226557742,-77.96731634249957
7.867867867867869,9.801996892967361,-222.25362551241926,1.2458263226557742,-78.16751654269977
7.887887887887888,9.826938360888398,-223.81854075851936,1.2458263226557742,-78.36771674289997
7.907907907907909,9.851879828809436,-225.38746401663548,1.2458263226557742,-78.56791694310017
7.927927927927928,9.876821296730473,-226.9603952867676,1.2458263226557742,-78.76811714330037
7.947947947947948,9.90176276465151,-228.53733456891575,1.2458263226557742,-78.96831734350057
7.967967967967969,9.926704232572547,-230.11828186307991,1.2458263226557742,-79.16851754370077
7.987987987987988,9.951645700493584,-231.70323716926012,1.2458263226557742,-79.36871774390097
8.008008008008009,9.976587168414621,-233.29220048745634,1.2458263226557742,-79.56891794410117
8.028028028028029,10.001528636335658,-234.88517181766858,1.2458263226557742,-79.76911814430137
8.048048048048047,10.026470104256695,-236.48215115989683,1.2458263226557742,-79.96931834450157
8.068068068068069,10.051411572177733,-238.0831385141411,1.2458263226557742,-80.16951854470177
8.088088088088089,10.07635304009877,-239.68813388040138,1.2458263226557742,-80.36971874490197
8.108108108108109,10.101294508019807,-241.2971372586777,1.2458263226557742,-80.56991894510217
8.128128128128129,10.126235975940844,-242.91014864897005,1.2458263226557742,-80.77011914530237
8.148148148148147,10.151177443861881,-244.5271680512784,1.2458263226557742,-80.97031934550257
8.168168168168169,10.176118911782918,-246.14819546560278,1.2458263226557742,-81.17051954570277
8.188188188188189,10.201060379703955,-247.77323089194317,1.2458263226557742,-81.37071974590297
8.208208208208209,10.226001847624993,-249.40227433029958,1.2458263226557742,-81.57091994610317
8.228228228228229,10.25094331554603,-251.03532578067203,1.2458263226557742,-81.77112014630337
8.248248248248247,10.275884783467067,-252.6723852430605,1.2458263226557742,-81.97132034650357
8.268268268268269,10.300826251388104,-254.31345271746497,1.2458263226557742,-82.17152054670377
8.288288288288289,10.325767719309141,-255.95852820388546,1.2458263226557742,-82.37172074690397
8.308308308308309,10.350709187230178,-257.607611702322,1.2458263226557742,-82.57192094710418
8.328328328328329,10.375650655151215,-259.26070321277456,1.2458263226557742,-82.77212114730438
8.348348348348347,10.400592123072252,-260.91780273524313,1.2458263226557742,-82.97232134750458
8.368368368368369,10.42553359099329,-262.5789102697277,1.2458263226557742,-83.17252154770478
8.388388388388389,10.450475058914327,-264.2440258162283,1.2458263226557742,-83.37272174790498
8.408408408408409,10.475416526835364,-265.91314937474493,1.2458263226557742,-83.57292194810518
8.428428428428429,10.500357994756401,-267.58628094527757,1.2458263226557742,-83.77312214830538
8.448448448448449,10.525299462677438,-269.2634205278262,1.2458263226557742,-83.97332234850558
8.468468468468469,10.550240930598475,-270.9445681223909,1.2458263226557742,-84.17352254870578
8.488488488488489,10.575182398519512,-272.62972372897156,1.2458263226557742,-84.37372274890598
8.508508508508509,10.60012386644055,-274.31888734756825,1.2458263226557742,-84.57392294910618
8.528528528528529,10.625065334361587,-276.01205897818096,1.2458263226557742,-84.77412314930638
8.548548548548549,10.650006802282624,-277.70923862080974,1.2458263226557742,-84.97432334950658
8.568568568568569,10.67494827020366,-279.41042627545454,1.2458263226557742,-85.17452354970678
8.588588588588589,10.699889738124698,-281.11562194211535,1.2458263226557742,-85.37472374990698
8.608608608608609,10.724831206045735,-282.8248256207922,1.2458263226557742,-85.57492395010718
8.62862862862863,10.749772673966772,-284.538037311485,1.2458263226557742,-85.77512415030738
8.64864864864865,10.77471414188781,-286.2552570141939,1.2458263226557742,-85.97532435050758
8.66866866866867,10.799655609808847,-287.97648472891876,1.2458263226557742,-86.17552455070778
8.68868868868869,10.824597077729884,-289.70172045565965,1.2458263226557742,-86.37572475090798
8.70870870870871,10.84953854565092,-291.43096419441656,1.2458263226557742,-86.57592495110818
8.72872872872873,10.874480013571958,-293.1642159451895,1.2458263226557742,-86.77612515130838
8.74874874874875,10.899421481492995,-294.9014757079784,1.2458263226557742,-86.97632535150858
8.76876876876877,10.924362949414032,-296.6427434827834,1.2458263226557742,-87.17652555170878
8.78878878878879,10.94930441733507,-298.38801926960434,1.2458263226557742,-87.37672575190898
8.80880880880881,10.974245885256106,-300.1373030684414,1.2458263226557742,-87.57692595210918
8.82882882882883,10.999187353177144,-301.89059487929444,1.2458263226557742,-87.77712615230938
8.84884884884885,11.02412882109818,-303.6478947021635,1.2458263226557742,-87.97732635250958
8.86886886886887,11.049070289019218,-305.4092025370486,1.2458263226557742,-88.17752655270978
8.88888888888889,11.074011756940255,-307.1745183839497,1.2458263226557742,-88.37772675290998
8.90890890890891,11.098953224861292,-308.9438422428668,1.2458263226557742,-88.57792695311018
8.92892892892893,11.12389469278233,-310.71717411379996,1.2458263226557742,-88.77812715331038
8.94894894894895,11.148836160703366,-312.4945139967491,1.2458263226557742,-88.97832735351058
8.96896896896897,11.173777628624403,-314.27586189171427,1.2458263226557742,-89.17852755371078
8.98898898898899,11.19871909654544,-316.06121779869545,1.2458263226557742,-89.37872775391098
9.00900900900901,11.223660564466478,-317.85058171769265,1.2458263226557742,-89.57892795411118
9.02902902902903,11.248602032387515,-319.64395364870586,1.2458263226557742,-89.77912815431138
9.04904904904905,11.273543500308552,-321.44133359173514,1.2458263226557742,-89.97932835451158
9.06906906906907,11.29848496822959,-323.24272154678044,1.2458263226557742,-90.17952855471178
9.08908908908909,11.323426436150626,-325.04811751384176,1.2458263226557742,-90.37972875491198
9.10910910910911,11.348367904071663,-326.8575214929191,1.2458263226557742,-90.57992895511218
9.12912912912913,11.3733093719927,-328.67093348401244,1.2458263226557742,-90.78012915531238
9.14914914914915,11.398250839913738,-330.4883534871218,1.2458263226557742,-90.98032935551258
9.16916916916917,11.423192307834775,-332.3097815022472,1.2458263226557742,-91.18052955571278
9.18918918918919,11.448133775755812,-334.13521752938857,1.2458263226557742,-91.38072975591298
9.20920920920921,11.473075243676849,-335.964661568546,1.2458263226557742,-91.58092995611318
9.22922922922923,11.498016711597886,-337.7981136197194,1.2458263226557742,-91.78113015631338
9.24924924924925,11.522958179518923,-339.63557368290884,1.2458263226557742,-91.98133035651358
9.26926926926927,11.54789964743996,-341.4770417581143,1.2458263226557742,-92.18153055671378
9.28928928928929,11.572841115360998,-343.32251784533577,1.2458263226557742,-92.38173075691398
9.30930930930931,11.597782583282035,-345.1720019445733,1.2458263226557742,-92.58193095711418
9.32932932932933,11.622724051203072,-347.02549405582687,1.2458263226557742,-92.78213115731438
9.34934934934935,11.647665519124109,-348.88299417909644,1.2458263226557742,-92.98233135751458
9.36936936936937,11.672606987045146,-350.74450231438203,1.2458263226557742,-93.18253155771478
9.38938938938939,11.697548454966183,-352.61001846168364,1.2458263226557742,-93.38273175791498
9.40940940940941,11.72248992288722,-354.47954262100126,1.2458263226557742,-93.58293195811518
9.42942942942943,11.747431390808257,-356.3530747923349,1.2458263226557742,-93.78313215831538
9.44944944944945,11.772372858729295,-358.23061497568455,1.2458263226557742,-93.98333235851558
9.46946946946947,11.797314326650332,-360.1121631710502,1.2458263226557742,-94.18353255871578
9.48948948948949,11.822255794571369,-361.9977193784319,1.2458263226557742,-94.38373275891598
9.50950950950951,11.847197262492406,-363.8872835978296,1.2458263226557742,-94.58393295911618
9.52952952952953,11.872138730413443,-365.7808558292433,1.2458263226557742,-94.78413315931638
9.54954954954955,11.89708019833448,-367.67843607267304,1.2458263226557742,-94.98433335951658
9.56956956956957,11.922021666255517,-369.58002432811884,1.2458263226557742,-95.18453355971678
9.58958958958959,11.946963134176555,-371.48562059558066,1.2458263226557742,-95.38473375991698
9.60960960960961,11.971904602097592,-373.3952248750585,1.2458263226557742,-95.58493396011718
9.62962962962963,11.996846070018629,-375.30883716655234,1.2458263226557742,-95.78513416031738
9.64964964964965,12.021787537939666,-377.2264574700622,1.2458263226557742,-95.98533436051758
9.66966966966967,12.046729005860703,-379.1480857855881,1.2458263226557742,-96.18553456071778
9.68968968968969,12.07167047378174,-381.07372211313,1.2458263226557742,-96.38573476091798
9.70970970970971,12.096611941702777,-383.0033664526879,1.2458263226557742,-96.58593496111818
9.72972972972973,12.121553409623814,-384.9370188042618,1.2458263226557742,-96.78613516131838
9.74974974974975,12.146494877544852,-386.87467916785175,1.2458263226557742,-96.98633536151858
9.76976976976977,12.171436345465889,-388.8163475434577,1.2458263226557742,-97.18653556171878
9.78978978978979,12.196377813386926,-390.7620239310797,1.2458263226557742,-97.38673576191898
9.80980980980981,12.221319281307963,-392.7117083307177,1.2458263226557742,-97.58693596211918
9.82982982982983,12.246260749229,-394.6654007423718,1.2458263226557742,-97.78713616231938
9.84984984984985,12.271202217150037,-396.62310116604186,1.2458263226557742,-97.98733636251959
9.86986986986987,12.296143685071074,-398.58480960172795,1.2458263226557742,-98.18753656271979
9.88988988988989,12.321085152992111,-400.55052604943006,1.2458263226557742,-98.38773676291999
9.90990990990991,12.346026620913149,-402.5202505091482,1.2458263226557742,-98.58793696312019
9.92992992992993,12.370968088834186,-404.4939829808823,1.2458263226557742,-98.78813716332039
9.94994994994995,12.395909556755223,-406.4717234646325,1.2458263226557742,-98.98833736352059
9.96996996996997,12.42085102467626,-408.45347196039864,1.2458263226557742,-99.18853756372079
9.98998998998999,12.445792492597297,-410.43922846818083,1.2458263226557742,-99.38873776392099
10.01001001001001,12.470733960518334,-412.42899298797903,1.2458263226557742,-99.58893796412119
10.03003003003003,12.495675428439371,-414.42276551979324,1.2458263226557742,-99.78913816432139
10.05005005005005,12.520616896360409,-416.4205460636235,1.2458263226557742,-99.98933836452159
10.07007007007007,12.545558364281446,-418.4223346194698,1.2458263226557742,-100.18953856472179
10.09009009009009,12.570499832202483,-420.4281311873321,1.2458263226557742,-100.38973876492199
10.11011011011011,12.59544130012352,-422.43793576721043,1.2458263226557742,-100.58993896512219
10.13013013013013,12.620382768044557,-424.4517483591048,1.2458263226557742,-100.79013916532239
10.15015015015015,12.645324235965594,-426.46956896301515,1.2458263226557742,-100.99033936552259
10.17017017017017,12.670265703886631,-428.49139757894153,1.2458263226557742,-101.19053956572279
10.19019019019019,12.695207171807668,-430.5172342068839,1.2458263226557742,-101.39073976592299
10.21021021021021,12.720148639728706,-432.54707884684234,1.2458263226557742,-101.59093996612319
10.23023023023023,12.745090107649743,-434.58093149881677,1.2458263226557742,-101.79114016632339
10.25025025025025,12.77003157557078,-436.6187921628072,1.2458263226557742,-101.99134036652359
10.27027027027027,12.794973043491817,-438.66066083881367,1.2458263226557742,-102.19154056672379
10.29029029029029,12.819914511412854,-440.70653752683614,1.2458263226557742,-102.39174076692399
10.31031031031031,12.844855979333891,-442.75642222687463,1.2458263226557742,-102.59194096712419
10.33033033033033,12.869797447254928,-444.8103149389292,1.2458263226557742,-102.79214116732439
10.35035035035035,12.894738915175965,-446.8682156629998,1.2458263226557742,-102.99234136752459
10.37037037037037,12.919680383097003,-448.93012439908637,1.2458263226557742,-103.19254156772479
10.39039039039039,12.94462185101804,-450.996041147189,1.2458263226557742,-103.39274176792499
10.41041041041041,12.969563318939077,-453.0659659073076,1.2458263226557742,-103.59294196812519
10.43043043043043,12.994504786860114,-455.13989867944224,1.2458263226557742,-103.79314216832539
10.45045045045045,13.019446254781151,-457.2178394635929,1.2458263226557742,-103.99334236852559
10.47047047047047,13.044387722702188,-459.29978825975957,1.2458263226557742,-104.19354256872579
10.49049049049049,13.069329190623225,-461.38574506794225,1.2458263226557742,-104.39374276892599
10.51051051051051,13.094270658544263,-463.47570988814095,1.2458263226557742,-104.59394296912619
10.53053053053053,13.1192121264653,-465.5696827203557,1.2458263226557742,-104.79414316932639
10.55055055055055,13.144153594386337,-467.6676635645864,1.2458263226557742,-104.99434336952659
10.57057057057057,13.169095062307374,-469.7696524208332,1.2458263226557742,-105.19454356972679
10.59059059059059,13.194036530228411,-471.87564928909603,1.2458263226557742,-105.39474376992699
10.61061061061061,13.218977998149448,-473.98565416937487,1.2458263226557742,-105.59494397012719
10.63063063063063,13.243919466070485,-476.0996670616697,1.2458263226557742,-105.79514417032739
10.65065065065065,13.268860933991522,-478.2176879659806,1.2458263226557742,-105.99534437052759
10.67067067067067,13.29380240191256,-480.33971688230747,1.2458263226557742,-106.19554457072779
10.690690690690692,13.318743869833597,-482.46575381065037,1.2458263226557742,-106.39574477092799
10.71071071071071,13.343685337754634,-484.5957987510093,1.2458263226557742,-106.59594497112819
10.73073073073073,13.368626805675671,-486.7298517033842,1.2458263226557742,-106.79614517132839
10.75075075075075,13.393568273596708,-488.86791266777516,1.2458263226557742,-106.99634537152859
10.77077077077077,13.418509741517745,-491.0099816441821,1.2458263226557742,-107.19654557172879
10.790790790790792,13.443451209438782,-493.1560586326051,1.2458263226557742,-107.39674577192899
10.81081081081081,13.46839267735982,-495.3061436330441,1.2458263226557742,-107.59694597212919
10.83083083083083,13.493334145280857,-497.46023664549915,1.2458263226557742,-107.79714617232939
10.85085085085085,13.518275613201894,-499.61833766997023,1.2458263226557742,-107.99734637252959
10.87087087087087,13.54321708112293,-501.7804467064573,1.2458263226557742,-108.19754657272979
10.890890890890892,13.568158549043968,-503.94656375496044,1.2458263226557742,-108.39774677292999
10.91091091091091,13.593100016965005,-506.11668881547956,1.2458263226557742,-108.59794697313019
10.93093093093093,13.618041484886042,-508.2908218880147,1.2458263226557742,-108.79814717333039
10.95095095095095,13.64298295280708,-510.46896297256586,1.2458263226557742,-108.99834737353059
10.97097097097097,13.667924420728117,-512.6511120691331,1.2458263226557742,-109.19854757373079
10.990990990990992,13.692865888649154,-514.8372691777163,1.2458263226557742,-109.39874777393099
11.01101101101101,13.71780735657019,-517.0274342983155,1.2458263226557742,-109.59894797413119
11.03103103103103,13.742748824491228,-519.2216074309307,1.2458263226557742,-109.79914817433139
11.05105105105105,13.767690292412265,-521.4197885755619,1.2458263226557742,-109.99934837453159
11.07107107107107,13.792631760333302,-523.6219777322092,1.2458263226557742,-110.19954857473179
11.091091091091092,13.81757322825434,-525.8281749008725,1.2458263226557742,-110.399748774932
11.11111111111111,13.842514696175376,-528.0383800815517,1.2458263226557742,-110.5999489751322
11.13113113113113,13.867456164096414,-530.252593274247,1.2458263226557742,-110.8001491753324
11.15115115115115,13.89239763201745,-532.4708144789583,1.2458263226557742,-111.0003493755326
11.17117117117117,13.917339099938488,-534.6930436956857,1.2458263226557742,-111.2005495757328
11.191191191191193,13.942280567859525,-536.919280924429,1.2458263226557742,-111.400749775933
11.21121121121121,13.967222035780562,-539.1495261651885,1.2458263226557742,-111.6009499761332
11.23123123123123,13.9921635037016,-541.383779417964,1.2458263226557742,-111.8011501763334
11.25125125125125,14.017104971622636,-543.6220406827555,1.2458263226557742,-112.0013503765336
11.27127127127127,14.042046439543673,-545.864309959563,1.2458263226557742,-112.2015505767338
11.291291291291293,14.06698790746471,-548.1105872483865,1.2458263226557742,-112.401750776934
11.31131131131131,14.091929375385748,-550.3608725492261,1.2458263226557742,-112.6019509771342
11.33133133133133,14.116870843306785,-552.6151658620817,1.2458263226557742,-112.8021511773344
11.35135135135135,14.141812311227822,-554.8734671869532,1.2458263226557742,-113.0023513775346
11.37137137137137,14.16675377914886,-557.1357765238408,1.2458263226557742,-113.2025515777348
11.391391391391393,14.191695247069896,-559.4020938727444,1.2458263226557742,-113.402751777935
11.411411411411411,14.216636714990933,-561.6724192336641,1.2458263226557742,-113.6029519781352
11.431431431431431,14.24157818291197,-563.9467526065997,1.2458263226557742,-113.8031521783354
11.451451451451451,14.266519650833008,-566.2250939915514,1.2458263226557742,-114.0033523785356
11.471471471471471,14.291461118754045,-568.507443388519,1.2458263226557742,-114.2035525787358
11.491491491491493,14.316402586675082,-570.7938007975027,1.2458263226557742,-114.403752778936
11.511511511511511,14.341344054596119,-573.0841662185024,1.2458263226557742,-114.6039529791362
11.531531531531531,14.366285522517156,-575.3785396515182,1.2458263226557742,-114.8041531793364
11.551551551551551,14.391226990438193,-577.6769210965499,1.2458263226557742,-115.0043533795366
11.571571571571571,14.41616845835923,-579.9793105535977,1.2458263226557742,-115.2045535797368
11.591591591591593,14.441109926280268,-582.2857080226614,1.2458263226557742,-115.404753779937
11.611611611611611,14.466051394201305,-584.5961135037412,1.2458263226557742,-115.6049539801372
11.631631631631631,14.490992862122342,-586.910526996837,1.2458263226557742,-115.8051541803374
11.651651651651651,14.515934330043379,-589.2289485019488,1.2458263226557742,-116.0053543805376
11.671671671671671,14.540875797964416,-591.5513780190767,1.2458263226557742,-116.2055545807378
11.691691691691693,14.565817265885453,-593.8778155482205,1.2458263226557742,-116.405754780938
11.711711711711711,14.59075873380649,-596.2082610893805,1.2458263226557742,-116.6059549811382
11.731731731731731,14.615700201727527,-598.5427146425565,1.2458263226557742,-116.8061551813384
11.751751751751751,14.640641669648565,-600.8811762077485,1.2458263226557742,-117.0063553815386
11.771771771771771,14.665583137569602,-603.2236457849565,1.2458263226557742,-117.2065555817388
11.791791791791793,14.690524605490639,-605.5701233741805,1.2458263226557742,-117.406755781939
11.811811811811811,14.715466073411676,-607.9206089754206,1.2458263226557742,-117.6069559821392
11.831831831831831,14.740407541332713,-610.2751025886766,1.2458263226557742,-117.8071561823394
11.851851851851851,14.76534900925375,-612.6336042139487,1.2458263226557742,-118.0073563825396
11.871871871871871,14.790290477174787,-614.9961138512368,1.2458263226557742,-118.2075565827398
11.891891891891893,14.815231945095825,-617.3626315005409,1.2458263226557742,-118.40775678294
11.911911911911911,14.840173413016862,-619.7331571618611,1.2458263226557742,-118.6079569831402
11.931931931931931,14.865114880937899,-622.1076908351972,1.2458263226557742,-118.8081571833404
11.951951951951951,14.890056348858936,-624.4862325205494,1.2458263226557742,-119.0083573835406
11.971971971971973,14.914997816779973,-626.8687822179176,1.2458263226557742,-119.2085575837408
11.991991991991993,14.93993928470101,-629.2553399273017,1.2458263226557742,-119.408757783941
12.012012012012011,14.964880752622047,-631.645905648702,1.2458263226557742,-119.6089579841412
12.032032032032031,14.989822220543084,-634.0404793821182,1.2458263226557742,-119.8091581843414
12.052052052052051,15.014763688464122,-636.4390611275504,1.2458263226557742,-120.0093583845416
12.072072072072073,15.039705156385159,-638.8416508849987,1.2458263226557742,-120.2095585847418
12.092092092092093,15.064646624306196,-641.2482486544629,1.2458263226557742,-120.409758784942
12.112112112112111,15.089588092227233,-643.6588544359432,1.2458263226557742,-120.6099589851422
12.132132132132131,15.11452956014827,-646.0734682294395,1.2458263226557742,-120.8101591853424
12.152152152152151,15.139471028069307,-648.4920900349518,1.2458263226557742,-121.0103593855426
12.172172172172173,15.164412495990344,-650.9147198524802,1.2458263226557742,-121.2105595857428
12.192192192192193,15.189353963911381,-653.3413576820245,1.2458263226557742,-121.410759785943
12.212212212212211,15.214295431832419,-655.772003523585,1.2458263226557742,-121.6109599861432
12.232232232232231,15.239236899753456,-658.2066573771615,1.2458263226557742,-121.8111601863434
12.252252252252251,15.264178367674493,-660.645319242754,1.2458263226557742,-122.0113603865436
12.272272272272273,15.28911983559553,-663.0879891203625,1.2458263226557742,-122.2115605867438
12.292292292292293,15.314061303516567,-665.5346670099871,1.2458263226557742,-122.411760786944
12.312312312312311,15.339002771437604,-667.9853529116276,1.2458263226557742,-122.6119609871442
12.332332332332332,15.363944239358641,-670.4400468252842,1.2458263226557742,-122.8121611873444
12.352352352352352,15.388885707279679,-672.8987487509568,1.2458263226557742,-123.0123613875446
12.372372372372373,15.413827175200716,-675.3614586886454,1.2458263226557742,-123.2125615877448
12.392392392392393,15.438768643121753,-677.82817663835,1.2458263226557742,-123.412761787945
12.412412412412412,15.46371011104279,-680.2989026000706,1.2458263226557742,-123.6129619881452
12.432432432432432,15.488651578963827,-682.7736365738073,1.2458263226557742,-123.8131621883454
12.452452452452452,15.513593046884864,-685.2523785595599,1.2458263226557742,-124.0133623885456
12.472472472472473,15.538534514805901,-687.7351285573286,1.2458263226557742,-124.2135625887458
12.492492492492493,15.563475982726938,-690.2218865671133,1.2458263226557742,-124.413762788946
12.512512512512512,15.588417450647976,-692.712652588914,1.2458263226557742,-124.6139629891462
12.532532532532532,15.613358918569013,-695.2074266227307,1.2458263226557742,-124.8141631893464
12.552552552552552,15.63830038649005,-697.7062086685635,1.2458263226557742,-125.0143633895466
12.572572572572573,15.663241854411087,-700.2089987264122,1.2458263226557742,-125.2145635897468
12.592592592592593,15.688183322332124,-702.715796796277,1.2458263226557742,-125.414763789947
12.612612612612612,15.713124790253161,-705.2266028781578,1.2458263226557742,-125.6149639901472
12.632632632632632,15.738066258174198,-707.7414169720546,1.2458263226557742,-125.8151641903474
12.652652652652652,15.763007726095235,-710.2602390779674,1.2458263226557742,-126.0153643905476
12.672672672672673,15.787949194016273,-712.7830691958962,1.2458263226557742,-126.2155645907478
12.692692692692694,15.81289066193731,-715.3099073258411,1.2458263226557742,-126.415764790948
12.712712712712712,15.837832129858347,-717.840753467802,1.2458263226557742,-126.6159649911482
12.732732732732732,15.862773597779384,-720.375607621779,1.2458263226557742,-126.8161651913484
12.752752752752752,15.887715065700421,-722.914469787772,1.2458263226557742,-127.0163653915486
12.772772772772774,15.912656533621458,-725.457339965781,1.2458263226557742,-127.2165655917488
12.792792792792794,15.937598001542495,-728.004218155806,1.2458263226557742,-127.416765791949
12.812812812812812,15.962539469463533,-730.5551043578471,1.2458263226557742,-127.6169659921492
12.832832832832832,15.98748093738457,-733.1099985719042,1.2458263226557742,-127.8171661923494
12.852852852852852,16.012422405305607,-735.6689007979772,1.2458263226557742,-128.0173663925496
12.872872872872874,16.037363873226642,-738.2318110360663,1.2458263226557742,-128.21756659274982
12.892892892892894,16.062305341147677,-740.7987292861715,1.2458263226557742,-128.41776679295003
12.912912912912912,16.087246809068713,-743.3696555482926,1.2458263226557742,-128.61796699315025
12.932932932932932,16.112188276989748,-745.9445898224297,1.2458263226557742,-128.81816719335046
12.952952952952952,16.137129744910784,-748.5235321085829,1.2458263226557742,-129.01836739355068
12.972972972972974,16.16207121283182,-751.1064824067521,1.2458263226557742,-129.2185675937509
12.992992992992994,16.187012680752854,-753.6934407169373,1.2458263226557742,-129.4187677939511
13.013013013013012,16.21195414867389,-756.2844070391385,1.2458263226557742,-129.61896799415132
13.033033033033032,16.236895616594925,-758.8793813733557,1.2458263226557742,-129.81916819435153
13.053053053053052,16.26183708451596,-761.478363719589,1.2458263226557742,-130.01936839455175
13.073073073073074,16.286778552436996,-764.0813540778382,1.2458263226557742,-130.21956859475196
13.093093093093094,16.31172002035803,-766.6883524481035,1.2458263226557742,-130.41976879495218
13.113113113113112,16.336661488279066,-769.2993588303848,1.2458263226557742,-130.6199689951524
13.133133133133132,16.3616029562001,-771.9143732246821,1.2458263226557742,-130.8201691953526
13.153153153153154,16.386544424121137,-774.5333956309954,1.2458263226557742,-131.02036939555282
13.173173173173174,16.411485892042172,-777.1564260493248,1.2458263226557742,-131.22056959575303
13.193193193193194,16.436427359963208,-779.7834644796701,1.2458263226557742,-131.42076979595325
13.213213213213212,16.461368827884243,-782.4145109220316,1.2458263226557742,-131.62096999615346
13.233233233233232,16.48631029580528,-785.0495653764091,1.2458263226557742,-131.82117019635368
13.253253253253254,16.511251763726314,-787.6886278428026,1.2458263226557742,-132.0213703965539
13.273273273273274,16.53619323164735,-790.3316983212121,1.2458263226557742,-132.2215705967541
13.293293293293294,16.561134699568385,-792.9787768116377,1.2458263226557742,-132.42177079695432
13.313313313313312,16.58607616748942,-795.6298633140792,1.2458263226557742,-132.62197099715453
13.333333333333332,16.611017635410455,-798.2849578285368,1.2458263226557742,-132.82217119735475
13.353353353353354,16.63595910333149,-800.9440603550104,1.2458263226557742,-133.02237139755496
13.373373373373374,16.660900571252526,-803.6071708935,1.2458263226557742,-133.22257159775518
13.393393393393394,16.68584203917356,-806.2742894440056,1.2458263226557742,-133.4227717979554
13.413413413413412,16.710783507094597,-808.9454160065272,1.2458263226557742,-133.6229719981556
13.433433433433432,16.735724975015632,-811.6205505810649,1.2458263226557742,-133.82317219835582
13.453453453453454,16.760666442936667,-814.2996931676186,1.2458263226557742,-134.02337239855603
13.473473473473474,16.785607910857703,-816.9828437661882,1.2458263226557742,-134.22357259875625
13.493493493493494,16.810549378778738,-819.6700023767739,1.2458263226557742,-134.42377279895646
13.513513513513512,16.835490846699773,-822.3611689993756,1.2458263226557742,-134.62397299915668
13.533533533533532,16.86043231462081,-825.0563436339934,1.2458263226557742,-134.8241731993569
13.553553553553554,16.885373782541844,-827.7555262806271,1.2458263226557742,-135.0243733995571
13.573573573573574,16.91031525046288,-830.4587169392769,1.2458263226557742,-135.22457359975732
13.593593593593594,16.935256718383915,-833.1659156099427,1.2458263226557742,-135.42477379995753
13.613613613613612,16.96019818630495,-835.8771222926244,1.2458263226557742,-135.62497400015775
13.633633633633632,16.985139654225986,-838.5923369873223,1.2458263226557742,-135.82517420035796
13.653653653653654,17.01008112214702,-841.3115596940361,1.2458263226557742,-136.02537440055818
13.673673673673674,17.035022590068056,-844.0347904127659,1.2458263226557742,-136.2255746007584
13.693693693693694,17.05996405798909,-846.7620291435119,1.2458263226557742,-136.4257748009586
13.713713713713712,17.084905525910127,-849.4932758862739,1.2458263226557742,-136.62597500115882
13.733733733733732,17.109846993831162,-852.2285306410519,1.2458263226557742,-136.82617520135904
13.753753753753754,17.134788461752198,-854.9677934078459,1.2458263226557742,-137.02637540155925
13.773773773773774,17.159729929673233,-857.7110641866559,1.2458263226557742,-137.22657560175946
13.793793793793794,17.18467139759427,-860.458342977482,1.2458263226557742,-137.42677580195968
13.813813813813812,17.209612865515304,-863.209629780324,1.2458263226557742,-137.6269760021599
13.833833833833832,17.23455433343634,-865.9649245951821,1.2458263226557742,-137.8271762023601
13.853853853853854,17.259495801357374,-868.7242274220562,1.2458263226557742,-138.02737640256032
13.873873873873874,17.28443726927841,-871.4875382609463,1.2458263226557742,-138.22757660276054
13.893893893893894,17.309378737199445,-874.2548571118524,1.2458263226557742,-138.42777680296075
13.913913913913913,17.33432020512048,-877.0261839747745,1.2458263226557742,-138.62797700316096
13.933933933933933,17.359261673041516,-879.8015188497127,1.2458263226557742,-138.82817720336118
13.953953953953954,17.38420314096255,-882.5808617366669,1.2458263226557742,-139.0283774035614
13.973973973973974,17.409144608883587,-885.364212635637,1.2458263226557742,-139.2285776037616
13.993993993993994,17.434086076804622,-888.1515715466232,1.2458263226557742,-139.42877780396182
14.014014014014013,17.459027544725657,-890.9429384696255,1.2458263226557742,-139.62897800416204
14.034034034034033,17.483969012646693,-893.7383134046437,1.2458263226557742,-139.82917820436225
14.054054054054054,17.508910480567728,-896.5376963516779,1.2458263226557742,-140.02937840456246
14.074074074074074,17.533851948488763,-899.3410873107282,1.2458263226557742,-140.22957860476268
14.094094094094094,17.5587934164098,-902.1484862817945,1.2458263226557742,-140.4297788049629
14.114114114114113,17.583734884330834,-904.9598932648768,1.2458263226557742,-140.6299790051631
14.134134134134133,17.60867635225187,-907.7753082599751,1.2458263226557742,-140.83017920536332
14.154154154154154,17.633617820172905,-910.5947312670894,1.2458263226557742,-141.03037940556354
14.174174174174174,17.65855928809394,-913.4181622862199,1.2458263226557742,-141.23057960576375
14.194194194194194,17.683500756014976,-916.2456013173663,1.2458263226557742,-141.43077980596397
14.214214214214213,17.70844222393601,-919.0770483605288,1.2458263226557742,-141.63098000616418
14.234234234234233,17.733383691857046,-921.9125034157073,1.2458263226557742,-141.8311802063644
14.254254254254255,17.75832515977808,-924.7519664829018,1.2458263226557742,-142.0313804065646
14.274274274274275,17.783266627699117,-927.5954375621124,1.2458263226557742,-142.23158060676482
14.294294294294295,17.808208095620152,-930.4429166533389,1.2458263226557742,-142.43178080696504
14.314314314314313,17.833149563541188,-933.2944037565815,1.2458263226557742,-142.63198100716525
14.334334334334333,17.858091031462223,-936.14989887184,1.2458263226557742,-142.83218120736547
14.354354354354355,17.88303249938326,-939.0094019991146,1.2458263226557742,-143.03238140756568
14.374374374374375,17.907973967304294,-941.8729131384052,1.2458263226557742,-143.2325816077659
14.394394394394395,17.93291543522533,-944.7404322897119,1.2458263226557742,-143.4327818079661
14.414414414414413,17.957856903146364,-947.6119594530345,1.2458263226557742,-143.63298200816632
14.434434434434436,17.9827983710674,-950.4874946283732,1.2458263226557742,-143.83318220836654
14.454454454454455,18.007739838988435,-953.3670378157278,1.2458263226557742,-144.03338240856675
14.474474474474475,18.03268130690947,-956.2505890150985,1.2458263226557742,-144.23358260876697
14.494494494494495,18.057622774830506,-959.1381482264852,1.2458263226557742,-144.43378280896718
14.514514514514513,18.08256424275154,-962.0297154498879,1.2458263226557742,-144.6339830091674
14.534534534534536,18.107505710672577,-964.9252906853067,1.2458263226557742,-144.8341832093676
14.554554554554555,18.132447178593612,-967.8248739327414,1.2458263226557742,-145.03438340956782
14.574574574574575,18.157388646514647,-970.7284651921922,1.2458263226557742,-145.23458360976804
14.594594594594595,18.182330114435683,-973.636064463659,1.2458263226557742,-145.43478380996825
14.614614614614613,18.207271582356718,-976.5476717471417,1.2458263226557742,-145.63498401016847
14.634634634634637,18.232213050277753,-979.4632870426407,1.2458263226557742,-145.83518421036868
14.654654654654655,18.25715451819879,-982.3829103501556,1.2458263226557742,-146.0353844105689
14.674674674674675,18.282095986119824,-985.3065416696866,1.2458263226557742,-146.2355846107691
14.694694694694695,18.30703745404086,-988.2341810012335,1.2458263226557742,-146.43578481096932
14.714714714714713,18.331978921961895,-991.1658283447965,1.2458263226557742,-146.63598501116954
14.734734734734737,18.35692038988293,-994.1014837003755,1.2458263226557742,-146.83618521136975
14.754754754754755,18.381861857803965,-997.0411470679705,1.2458263226557742,-147.03638541156997
14.774774774774775,18.406803325725,-999.9848184475816,1.2458263226557742,-147.23658561177018
14.794794794794795,18.431744793646036,-1002.9324978392086,1.2458263226557742,-147.4367858119704
14.814814814814813,18.45668626156707,-1005.8841852428517,1.2458263226557742,-147.6369860121706
14.834834834834837,18.481627729488107,-1008.8398806585108,1.2458263226557742,-147.83718621237082
14.854854854854855,18.506569197409142,-1011.7995840861859,1.2458263226557742,-148.03738641257104
14.874874874874875,18.531510665330178,-1014.763295525877,1.2458263226557742,-148.23758661277125
14.894894894894895,18.556452133251213,-1017.7310149775841,1.2458263226557742,-148.43778681297147
14.914914914914913,18.58139360117225,-1020.7027424413072,1.2458263226557742,-148.63798701317168
14.934934934934937,18.606335069093284,-1023.6784779170464,1.2458263226557742,-148.8381872133719
14.954954954954955,18.63127653701432,-1026.6582214048017,1.2458263226557742,-149.0383874135721
14.974974974974975,18.656218004935354,-1029.6419729045729,1.2458263226557742,-149.23858761377232
14.994994994994995,18.68115947285639,-1032.6297324163602,1.2458263226557742,-149.43878781397254
15.015015015015013,18.706100940777425,-1035.6214999401634,1.2458263226557742,-149.63898801417275
15.035035035035037,18.73104240869846,-1038.6172754759828,1.2458263226557742,-149.83918821437297
15.055055055055055,18.755983876619496,-1041.617059023818,1.2458263226557742,-150.03938841457318
15.075075075075075,18.78092534454053,-1044.6208505836694,1.2458263226557742,-150.2395886147734
15.095095095095095,18.805866812461566,-1047.6286501555367,1.2458263226557742,-150.4397888149736
15.115115115115113,18.830808280382602,-1050.64045773942,1.2458263226557742,-150.63998901517382
15.135135135135137,18.855749748303637,-1053.6562733353194,1.2458263226557742,-150.84018921537404
15.155155155155155,18.880691216224673,-1056.6760969432348,1.2458263226557742,-151.04038941557425
15.175175175175175,18.905632684145708,-1059.6999285631662,1.2458263226557742,-151.24058961577447
15.195195195195195,18.930574152066743,-1062.7277681951136,1.2458263226557742,-151.44078981597468
15.215215215215213,18.95551561998778,-1065.759615839077,1.2458263226557742,-151.6409900161749
15.235235235235237,18.980457087908814,-1068.7954714950565,1.2458263226557742,-151.8411902163751
15.255255255255255,19.00539855582985,-1071.835335163052,1.2458263226557742,-152.04139041657533
15.275275275275275,19.030340023750885,-1074.8792068430635,1.2458263226557742,-152.24159061677554
15.295295295295295,19.05528149167192,-1077.927086535091,1.2458263226557742,-152.44179081697575
15.315315315315313,19.080222959592955,-1080.9789742391345,1.2458263226557742,-152.64199101717597
15.335335335335337,19.10516442751399,-1084.034869955194,1.2458263226557742,-152.84219121737618
15.355355355355355,19.130105895435026,-1087.0947736832695,1.2458263226557742,-153.0423914175764
15.375375375375375,19.15504736335606,-1090.1586854233612,1.2458263226557742,-153.2425916177766
15.395395395395395,19.179988831277097,-1093.2266051754689,1.2458263226557742,-153.44279181797683
15.415415415415413,19.204930299198132,-1096.2985329395926,1.2458263226557742,-153.64299201817704
15.435435435435437,19.229871767119167,-1099.3744687157323,1.2458263226557742,-153.84319221837725
15.455455455455455,19.254813235040203,-1102.454412503888,1.2458263226557742,-154.04339241857747
15.475475475475475,19.279754702961238,-1105.5383643040598,1.2458263226557742,-154.24359261877768
15.495495495495495,19.304696170882274,-1108.6263241162476,1.2458263226557742,-154.4437928189779
15.515515515515514,19.32963763880331,-1111.7182919404513,1.2458263226557742,-154.6439930191781
15.535535535535537,19.354579106724344,-1114.8142677766712,1.2458263226557742,-154.84419321937833
15.555555555555555,19.37952057464538,-1117.914251624907,1.2458263226557742,-155.04439341957854
15.575575575575575,19.404462042566415,-1121.0182434851588,1.2458263226557742,-155.24459361977875
15.595595595595595,19.42940351048745,-1124.1262433574266,1.2458263226557742,-155.44479381997897
15.615615615615614,19.454344978408486,-1127.2382512417105,1.2458263226557742,-155.64499402017918
15.635635635635637,19.47928644632952,-1130.3542671380103,1.2458263226557742,-155.8451942203794
15.655655655655655,19.504227914250556,-1133.4742910463262,1.2458263226557742,-156.0453944205796
15.675675675675675,19.52916938217159,-1136.598322966658,1.2458263226557742,-156.24559462077983
15.695695695695695,19.554110850092627,-1139.726362899006,1.2458263226557742,-156.44579482098004
15.715715715715717,19.579052318013662,-1142.85841084337,1.2458263226557742,-156.64599502118025
15.735735735735737,19.603993785934698,-1145.99446679975,1.2458263226557742,-156.84619522138047
15.755755755755755,19.628935253855733,-1149.1345307681459,1.2458263226557742,-157.04639542158068
15.775775775775776,19.65387672177677,-1152.278602748558,1.2458263226557742,-157.2465956217809
15.795795795795796,19.678818189697804,-1155.4266827409858,1.2458263226557742,-157.4467958219811
15.815815815815817,19.70375965761884,-1158.57877074543,1.2458263226557742,-157.64699602218133
15.835835835835837,19.728701125539875,-1161.73486676189,1.2458263226557742,-157.84719622238154
15.855855855855856,19.75364259346091,-1164.8949707903662,1.2458263226557742,-158.04739642258176
15.875875875875876,19.778584061381945,-1168.0590828308584,1.2458263226557742,-158.24759662278197
15.895895895895896,19.80352552930298,-1171.2272028833665,1.2458263226557742,-158.44779682298218
15.915915915915917,19.828466997224016,-1174.3993309478908,1.2458263226557742,-158.6479970231824
15.935935935935937,19.85340846514505,-1177.575467024431,1.2458263226557742,-158.8481972233826
15.955955955955956,19.878349933066087,-1180.7556111129873,1.2458263226557742,-159.04839742358283
15.975975975975976,19.903291400987122,-1183.9397632135594,1.2458263226557742,-159.24859762378304
15.995995995995996,19.928232868908157,-1187.1279233261478,1.2458263226557742,-159.44879782398326
16.016016016016017,19.953174336829193,-1190.320091450752,1.2458263226557742,-159.64899802418347
16.036036036036037,19.978115804750228,-1193.5162675873723,1.2458263226557742,-159.84919822438368
16.056056056056057,20.003057272671263,-1196.7164517360086,1.2458263226557742,-160.0493984245839
16.076076076076077,20.0279987405923,-1199.920643896661,1.2458263226557742,-160.2495986247841
16.096096096096094,20.052940208513334,-1203.1288440693293,1.2458263226557742,-160.44979882498433
16.116116116116117,20.07788167643437,-1206.3410522540137,1.2458263226557742,-160.64999902518454
16.136136136136138,20.102823144355405,-1209.557268450714,1.2458263226557742,-160.85019922538476
16.156156156156158,20.12776461227644,-1212.7774926594304,1.2458263226557742,-161.05039942558497
16.176176176176178,20.152706080197476,-1216.0017248801628,1.2458263226557742,-161.25059962578518
16.196196196196194,20.17764754811851,-1219.2299651129113,1.2458263226557742,-161.4507998259854
16.216216216216218,20.202589016039546,-1222.4622133576756,1.2458263226557742,-161.6510000261856
16.236236236236238,20.22753048396058,-1225.6984696144561,1.2458263226557742,-161.85120022638583
16.256256256256258,20.252471951881617,-1228.9387338832526,1.2458263226557742,-162.05140042658604
16.276276276276278,20.277413419802652,-1232.183006164065,1.2458263226557742,-162.25160062678626
16.296296296296294,20.302354887723688,-1235.4312864568938,1.2458263226557742,-162.45180082698647
16.316316316316318,20.327296355644723,-1238.6835747617383,1.2458263226557742,-162.65200102718669
16.336336336336338,20.35223782356576,-1241.939871078599,1.2458263226557742,-162.8522012273869
16.356356356356358,20.377179291486794,-1245.2001754074756,1.2458263226557742,-163.0524014275871
16.376376376376378,20.40212075940783,-1248.4644877483684,1.2458263226557742,-163.25260162778733
16.396396396396394,20.427062227328864,-1251.732808101277,1.2458263226557742,-163.45280182798754
16.416416416416418,20.4520036952499,-1255.0051364662017,1.2458263226557742,-163.65300202818776
16.436436436436438,20.476945163170935,-1258.2814728431424,1.2458263226557742,-163.85320222838797
16.456456456456458,20.50188663109197,-1261.5618172320992,1.2458263226557742,-164.05340242858819
16.476476476476478,20.526828099013006,-1264.846169633072,1.2458263226557742,-164.2536026287884
16.496496496496494,20.55176956693404,-1268.1345300460607,1.2458263226557742,-164.45380282898861
16.516516516516518,20.576711034855077,-1271.4268984710654,1.2458263226557742,-164.65400302918883
16.536536536536538,20.601652502776112,-1274.7232749080863,1.2458263226557742,-164.85420322938904
16.556556556556558,20.626593970697147,-1278.023659357123,1.2458263226557742,-165.05440342958926
16.576576576576578,20.651535438618183,-1281.328051818176,1.2458263226557742,-165.25460362978947
16.596596596596594,20.676476906539218,-1284.6364522912447,1.2458263226557742,-165.4548038299897
16.616616616616618,20.701418374460253,-1287.9488607763296,1.2458263226557742,-165.6550040301899
16.636636636636638,20.72635984238129,-1291.2652772734305,1.2458263226557742,-165.85520423039011
16.656656656656658,20.751301310302324,-1294.5857017825474,1.2458263226557742,-166.05540443059033
16.676676676676678,20.77624277822336,-1297.9101343036803,1.2458263226557742,-166.25560463079054
16.696696696696694,20.801184246144395,-1301.2385748368292,1.2458263226557742,-166.45580483099076
16.716716716716718,20.82612571406543,-1304.571023381994,1.2458263226557742,-166.65600503119097
16.736736736736738,20.851067181986465,-1307.9074799391751,1.2458263226557742,-166.8562052313912
16.756756756756758,20.8760086499075,-1311.247944508372,1.2458263226557742,-167.0564054315914
16.776776776776778,20.900950117828536,-1314.592417089585,1.2458263226557742,-167.25660563179161
16.796796796796794,20.92589158574957,-1317.9408976828142,1.2458263226557742,-167.45680583199183
16.816816816816818,20.950833053670607,-1321.2933862880593,1.2458263226557742,-167.65700603219204
16.836836836836838,20.975774521591642,-1324.6498829053205,1.2458263226557742,-167.85720623239226
16.856856856856858,21.000715989512678,-1328.0103875345976,1.2458263226557742,-168.05740643259247
16.876876876876878,21.025657457433713,-1331.3749001758908,1.2458263226557742,-168.2576066327927
16.896896896896898,21.05059892535475,-1334.7434208292,1.2458263226557742,-168.4578068329929
16.916916916916918,21.075540393275784,-1338.1159494945252,1.2458263226557742,-168.65800703319312
16.936936936936938,21.10048186119682,-1341.4924861718664,1.2458263226557742,-168.85820723339333
16.956956956956958,21.125423329117854,-1344.8730308612237,1.2458263226557742,-169.05840743359354
16.976976976976978,21.15036479703889,-1348.257583562597,1.2458263226557742,-169.25860763379376
16.996996996996998,21.175306264959925,-1351.6461442759862,1.2458263226557742,-169.45880783399397
17.017017017017018,21.20024773288096,-1355.0387130013914,1.2458263226557742,-169.6590080341942
17.037037037037038,21.225189200801996,-1358.4352897388128,1.2458263226557742,-169.8592082343944
17.057057057057058,21.25013066872303,-1361.83587448825,1.2458263226557742,-170.05940843459462
17.077077077077078,21.275072136644066,-1365.2404672497034,1.2458263226557742,-170.25960863479483
17.097097097097098,21.300013604565102,-1368.6490680231727,1.2458263226557742,-170.45980883499504
17.117117117117118,21.324955072486137,-1372.0616768086581,1.2458263226557742,-170.66000903519526
17.137137137137138,21.349896540407173,-1375.4782936061595,1.2458263226557742,-170.86020923539547
17.157157157157158,21.374838008328208,-1378.898918415677,1.2458263226557742,-171.0604094355957
17.177177177177178,21.399779476249243,-1382.3235512372103,1.2458263226557742,-171.2606096357959
17.197197197197198,21.42472094417028,-1385.7521920707597,1.2458263226557742,-171.46080983599612
17.217217217217218,21.449662412091314,-1389.1848409163251,1.2458263226557742,-171.66101003619633
17.237237237237238,21.47460388001235,-1392.6214977739066,1.2458263226557742,-171.86121023639654
17.25725725725726,21.499545347933385,-1396.0621626435043,1.2458263226557742,-172.06141043659676
17.27727727727728,21.52448681585442,-1399.5068355251178,1.2458263226557742,-172.26161063679697
17.2972972972973,21.549428283775455,-1402.9555164187475,1.2458263226557742,-172.4618108369972
17.31731731731732,21.57436975169649,-1406.408205324393,1.2458263226557742,-172.6620110371974
17.33733733733734,21.599311219617526,-1409.8649022420548,1.2458263226557742,-172.86221123739762
17.35735735735736,21.62425268753856,-1413.3256071717324,1.2458263226557742,-173.06241143759783
17.37737737737738,21.649194155459597,-1416.790320113426,1.2458263226557742,-173.26261163779805
17.3973973973974,21.674135623380632,-1420.2590410671357,1.2458263226557742,-173.46281183799826
17.41741741741742,21.699077091301668,-1423.7317700328615,1.2458263226557742,-173.66301203819847
17.43743743743744,21.724018559222703,-1427.2085070106032,1.2458263226557742,-173.8632122383987
17.45745745745746,21.748960027143738,-1430.689252000361,1.2458263226557742,-174.0634124385989
17.47747747747748,21.773901495064774,-1434.1740050021347,1.2458263226557742,-174.26361263879912
17.4974974974975,21.79884296298581,-1437.6627660159245,1.2458263226557742,-174.46381283899933
17.51751751751752,21.823784430906844,-1441.1555350417302,1.2458263226557742,-174.66401303919955
17.53753753753754,21.84872589882788,-1444.652312079552,1.2458263226557742,-174.86421323939976
17.55755755755756,21.873667366748915,-1448.1530971293898,1.2458263226557742,-175.06441343959997
17.57757757757758,21.89860883466995,-1451.6578901912437,1.2458263226557742,-175.2646136398002
17.5975975975976,21.923550302590986,-1455.1666912651135,1.2458263226557742,-175.4648138400004
17.61761761761762,21.94849177051202,-1458.6795003509994,1.2458263226557742,-175.66501404020062
17.63763763763764,21.973433238433056,-1462.1963174489013,1.2458263226557742,-175.86521424040083
17.65765765765766,21.99837470635409,-1465.7171425588192,1.2458263226557742,-176.06541444060105
17.67767767767768,22.023316174275127,-1469.241975680753,1.2458263226557742,-176.26561464080126
17.6976976976977,22.048257642196162,-1472.770816814703,1.2458263226557742,-176.46581484100147
17.71771771771772,22.073199110117198,-1476.303665960669,1.2458263226557742,-176.6660150412017
17.73773773773774,22.098140578038233,-1479.840523118651,1.2458263226557742,-176.8662152414019
17.75775775775776,22.12308204595927,-1483.381388288649,1.2458263226557742,-177.06641544160212
17.77777777777778,22.148023513880304,-1486.9262614706631,1.2458263226557742,-177.26661564180233
17.7977977977978,22.17296498180134,-1490.4751426646933,1.2458263226557742,-177.46681584200255
17.81781781781782,22.197906449722375,-1494.0280318707394,1.2458263226557742,-177.66701604220276
17.83783783783784,22.22284791764341,-1497.5849290888016,1.2458263226557742,-177.86721624240298
17.85785785785786,22.247789385564445,-1501.1458343188797,1.2458263226557742,-178.0674164426032
17.87787787787788,22.27273085348548,-1504.710747560974,1.2458263226557742,-178.2676166428034
17.8978978978979,22.297672321406516,-1508.279668815084,1.2458263226557742,-178.46781684300362
17.91791791791792,22.32261378932755,-1511.8525980812103,1.2458263226557742,-178.66801704320383
17.93793793793794,22.347555257248587,-1515.4295353593525,1.2458263226557742,-178.86821724340405
17.95795795795796,22.372496725169622,-1519.0104806495108,1.2458263226557742,-179.06841744360426
17.97797797797798,22.397438193090657,-1522.595433951685,1.2458263226557742,-179.26861764380448
17.997997997998,22.422379661011693,-1526.1843952658753,1.2458263226557742,-179.4688178440047
18.01801801801802,22.447321128932728,-1529.7773645920815,1.2458263226557742,-179.6690180442049
18.03803803803804,22.472262596853763,-1533.374341930304,1.2458263226557742,-179.86921824440512
18.05805805805806,22.4972040647748,-1536.9753272805422,1.2458263226557742,-180.06941844460533
18.07807807807808,22.522145532695834,-1540.5803206427966,1.2458263226557742,-180.26961864480555
18.0980980980981,22.54708700061687,-1544.1893220170668,1.2458263226557742,-180.46981884500576
18.11811811811812,22.572028468537905,-1547.8023314033533,1.2458263226557742,-180.67001904520598
18.13813813813814,22.59696993645894,-1551.4193488016556,1.2458263226557742,-180.8702192454062
18.15815815815816,22.621911404379976,-1555.040374211974,1.2458263226557742,-181.0704194456064
18.17817817817818,22.64685287230101,-1558.6654076343084,1.2458263226557742,-181.27061964580662
18.1981981981982,22.671794340222046,-1562.2944490686589,1.2458263226557742,-181.47081984600683
18.21821821821822,22.69673580814308,-1565.9274985150255,1.2458263226557742,-181.67102004620705
18.23823823823824,22.721677276064117,-1569.564555973408,1.2458263226557742,-181.87122024640726
18.25825825825826,22.746618743985152,-1573.2056214438066,1.2458263226557742,-182.07142044660748
18.27827827827828,22.771560211906188,-1576.8506949262212,1.2458263226557742,-182.2716206468077
18.2982982982983,22.796501679827223,-1580.4997764206519,1.2458263226557742,-182.4718208470079
18.31831831831832,22.82144314774826,-1584.1528659270984,1.2458263226557742,-182.67202104720812
18.33833833833834,22.846384615669294,-1587.8099634455612,1.2458263226557742,-182.87222124740833
18.35835835835836,22.87132608359033,-1591.4710689760398,1.2458263226557742,-183.07242144760855
18.37837837837838,22.896267551511365,-1595.1361825185345,1.2458263226557742,-183.27262164780876
18.3983983983984,22.9212090194324,-1598.8053040730451,1.2458263226557742,-183.47282184800898
18.41841841841842,22.946150487353435,-1602.478433639572,1.2458263226557742,-183.6730220482092
18.43843843843844,22.97109195527447,-1606.1555712181146,1.2458263226557742,-183.8732222484094
18.45845845845846,22.996033423195506,-1609.8367168086734,1.2458263226557742,-184.07342244860962
18.47847847847848,23.02097489111654,-1613.521870411248,1.2458263226557742,-184.27362264880983
18.4984984984985,23.045916359037577,-1617.211032025839,1.2458263226557742,-184.47382284901005
18.51851851851852,23.070857826958612,-1620.9042016524456,1.2458263226557742,-184.67402304921026
18.53853853853854,23.095799294879647,-1624.6013792910685,1.2458263226557742,-184.87422324941048
18.55855855855856,23.120740762800683,-1628.3025649417073,1.2458263226557742,-185.0744234496107
18.57857857857858,23.145682230721718,-1632.0077586043622,1.2458263226557742,-185.2746236498109
18.5985985985986,23.170623698642753,-1635.716960279033,1.2458263226557742,-185.47482385001112
18.61861861861862,23.19556516656379,-1639.4301699657199,1.2458263226557742,-185.67502405021133
18.63863863863864,23.220506634484824,-1643.1473876644227,1.2458263226557742,-185.87522425041155
18.65865865865866,23.24544810240586,-1646.8686133751416,1.2458263226557742,-186.07542445061176
18.67867867867868,23.270389570326895,-1650.5938470978767,1.2458263226557742,-186.27562465081198
18.6986986986987,23.29533103824793,-1654.3230888326277,1.2458263226557742,-186.4758248510122
18.71871871871872,23.320272506168966,-1658.0563385793948,1.2458263226557742,-186.6760250512124
18.73873873873874,23.34521397409,-1661.7935963381778,1.2458263226557742,-186.87622525141262
18.75875875875876,23.370155442011036,-1665.534862108977,1.2458263226557742,-187.07642545161283
18.77877877877878,23.39509690993207,-1669.280135891792,1.2458263226557742,-187.27662565181305
18.7987987987988,23.420038377853107,-1673.0294176866232,1.2458263226557742,-187.47682585201326
18.81881881881882,23.444979845774142,-1676.7827074934703,1.2458263226557742,-187.67702605221348
18.83883883883884,23.469921313695178,-1680.5400053123335,1.2458263226557742,-187.8772262524137
18.85885885885886,23.494862781616213,-1684.3013111432126,1.2458263226557742,-188.0774264526139
18.87887887887888,23.51980424953725,-1688.0666249861079,1.2458263226557742,-188.27762665281412
18.8988988988989,23.544745717458284,-1691.835946841019,1.2458263226557742,-188.47782685301434
18.91891891891892,23.56968718537932,-1695.6092767079463,1.2458263226557742,-188.67802705321455
18.93893893893894,23.594628653300354,-1699.3866145868894,1.2458263226557742,-188.87822725341476
18.95895895895896,23.61957012122139,-1703.1679604778487,1.2458263226557742,-189.07842745361498
18.97897897897898,23.644511589142425,-1706.953314380824,1.2458263226557742,-189.2786276538152
18.998998998999,23.66945305706346,-1710.7426762958153,1.2458263226557742,-189.4788278540154
19.01901901901902,23.694394524984496,-1714.5360462228225,1.2458263226557742,-189.67902805421562
19.03903903903904,23.71933599290553,-1718.3334241618459,1.2458263226557742,-189.87922825441584
19.05905905905906,23.744277460826567,-1722.1348101128851,1.2458263226557742,-190.07942845461605
19.07907907907908,23.769218928747602,-1725.9402040759405,1.2458263226557742,-190.27962865481626
19.0990990990991,23.794160396668637,-1729.7496060510118,1.2458263226557742,-190.47982885501648
19.11911911911912,23.819101864589673,-1733.5630160380992,1.2458263226557742,-190.6800290552167
19.13913913913914,23.844043332510708,-1737.3804340372026,1.2458263226557742,-190.8802292554169
19.15915915915916,23.868984800431743,-1741.201860048322,1.2458263226557742,-191.08042945561712
19.17917917917918,23.89392626835278,-1745.0272940714576,1.2458263226557742,-191.28062965581734
19.1991991991992,23.918867736273814,-1748.856736106609,1.2458263226557742,-191.48082985601755
19.21921921921922,23.94380920419485,-1752.6901861537767,1.2458263226557742,-191.68103005621776
19.23923923923924,23.968750672115885,-1756.5276442129602,1.2458263226557742,-191.88123025641798
19.25925925925926,23.99369214003692,-1760.36911028416,1.2458263226557742,-192.0814304566182
19.27927927927928,24.018633607957955,-1764.2145843673754,1.2458263226557742,-192.2816306568184
19.2992992992993,24.04357507587899,-1768.0640664626071,1.2458263226557742,-192.48183085701862
19.31931931931932,24.068516543800026,-1771.9175565698547,1.2458263226557742,-192.68203105721884
19.33933933933934,24.09345801172106,-1775.7750546891184,1.2458263226557742,-192.88223125741905
19.35935935935936,24.118399479642097,-1779.636560820398,1.2458263226557742,-193.08243145761926
19.37937937937938,24.143340947563132,-1783.5020749636938,1.2458263226557742,-193.28263165781948
19.3993993993994,24.168282415484168,-1787.3715971190054,1.2458263226557742,-193.4828318580197
19.41941941941942,24.193223883405203,-1791.2451272863332,1.2458263226557742,-193.6830320582199
19.43943943943944,24.21816535132624,-1795.1226654656768,1.2458263226557742,-193.88323225842012
19.45945945945946,24.243106819247274,-1799.0042116570366,1.2458263226557742,-194.08343245862034
19.47947947947948,24.26804828716831,-1802.8897658604124,1.2458263226557742,-194.28363265882055
19.4994994994995,24.292989755089344,-1806.7793280758042,1.2458263226557742,-194.48383285902077
19.51951951951952,24.31793122301038,-1810.672898303212,1.2458263226557742,-194.68403305922098
19.53953953953954,24.342872690931415,-1814.5704765426358,1.2458263226557742,-194.8842332594212
19.55955955955956,24.36781415885245,-1818.4720627940756,1.2458263226557742,-195.0844334596214
19.57957957957958,24.392755626773486,-1822.3776570575315,1.2458263226557742,-195.28463365982162
19.5995995995996,24.41769709469452,-1826.2872593330032,1.2458263226557742,-195.48483386002184
19.61961961961962,24.442638562615556,-1830.2008696204912,1.2458263226557742,-195.68503406022205
19.63963963963964,24.467580030536592,-1834.1184879199952,1.2458263226557742,-195.88523426042227
19.65965965965966,24.492521498457627,-1838.0401142315152,1.2458263226557742,-196.08543446062248
19.67967967967968,24.517462966378663,-1841.9657485550513,1.2458263226557742,-196.2856346608227
19.6996996996997,24.542404434299698,-1845.8953908906033,1.2458263226557742,-196.4858348610229
19.71971971971972,24.567345902220733,-1849.8290412381714,1.2458263226557742,-196.68603506122312
19.73973973973974,24.59228737014177,-1853.7666995977554,1.2458263226557742,-196.88623526142334
19.75975975975976,24.617228838062804,-1857.7083659693556,1.2458263226557742,-197.08643546162355
19.77977977977978,24.64217030598384,-1861.6540403529716,1.2458263226557742,-197.28663566182377
19.7997997997998,24.667111773904875,-1865.6037227486038,1.2458263226557742,-197.48683586202398
19.81981981981982,24.69205324182591,-1869.5574131562519,1.2458263226557742,-197.6870360622242
19.83983983983984,24.716994709746945,-1873.515111575916,1.2458263226557742,-197.8872362624244
19.85985985985986,24.74193617766798,-1877.4768180075962,1.2458263226557742,-198.08743646262462
19.87987987987988,24.766877645589016,-1881.4425324512924,1.2458263226557742,-198.28763666282484
19.8998998998999,24.79181911351005,-1885.4122549070046,1.2458263226557742,-198.48783686302505
19.91991991991992,24.816760581431087,-1889.3859853747329,1.2458263226557742,-198.68803706322527
19.93993993993994,24.841702049352122,-1893.363723854477,1.2458263226557742,-198.88823726342548
19.95995995995996,24.866643517273157,-1897.3454703462373,1.2458263226557742,-199.0884374636257
19.97997997997998,24.891584985194193,-1901.3312248500135,1.2458263226557742,-199.2886376638259
20.0,24.916526453115228,-1905.3209873658059,1.2458263226557742,-199.48883786402612
