t,xpos,ypos,vx,vy
0.0,0.0,84.438774848088,64.79375693028473,30.43326795895311
0.02002002002002002,1.2971723109166111,85.04804948190088,64.79375693028473,30.23306775875291
0.04004004004004004,2.5943446218332222,85.65331610369773,64.79375693028473,30.03286755855271
0.06006006006006006,3.891516932749833,86.25457471347856,64.79375693028473,29.83266735835251
0.08008008008008008,5.1886892436664445,86.85182531124337,64.79375693028473,29.63246715815231
0.10010010010010009,6.485861554583056,87.44506789699217,64.79375693028473,29.43226695795211
0.12012012012012012,7.783033865499667,88.03430247072495,64.79375693028473,29.23206675775191
0.14014014014014015,9.080206176416278,88.6195290324417,64.79375693028473,29.03186655755171
0.16016016016016016,10.377378487332889,89.20074758214244,64.79375693028473,28.83166635735151
0.18018018018018017,11.6745507982495,89.77795811982716,64.79375693028473,28.63146615715131
0.20020020020020018,12.971723109166112,90.35116064549585,64.79375693028473,28.43126595695111
0.22022022022022023,14.268895420082723,90.92035515914853,64.79375693028473,28.23106575675091
0.24024024024024024,15.566067730999334,91.48554166078519,64.79375693028473,28.030865556550708
0.2602602602602603,16.863240041915944,92.04672015040582,64.79375693028473,27.830665356350508
0.2802802802802803,18.160412352832555,92.60389062801043,64.79375693028473,27.630465156150308
0.3003003003003003,19.457584663749167,93.15705309359903,64.79375693028473,27.430264955950108
0.3203203203203203,20.754756974665778,93.7062075471716,64.79375693028473,27.230064755749908
0.3403403403403404,22.05192928558239,94.25135398872816,64.79375693028473,27.029864555549707
0.36036036036036034,23.349101596499,94.7924924182687,64.79375693028473,26.829664355349507
0.3803803803803804,24.646273907415612,95.3296228357932,64.79375693028473,26.629464155149307
0.40040040040040037,25.943446218332223,95.8627452413017,64.79375693028473,26.429263954949107
0.42042042042042044,27.240618529248835,96.39185963479417,64.79375693028473,26.229063754748907
0.44044044044044045,28.537790840165446,96.91696601627062,64.79375693028473,26.028863554548707
0.4604604604604605,29.834963151082057,97.43806438573105,64.79375693028473,25.828663354348507
0.4804804804804805,31.13213546199867,97.95515474317547,64.79375693028473,25.628463154148307
0.5005005005005005,32.42930777291528,98.46823708860387,64.79375693028473,25.428262953948106
0.5205205205205206,33.72648008383189,98.97731142201624,64.79375693028473,25.228062753747906
0.5405405405405406,35.023652394748495,99.4823777434126,64.79375693028473,25.027862553547706
0.5605605605605606,36.3208247056651,99.98343605279294,64.79375693028473,24.827662353347506
0.5805805805805806,37.61799701658171,100.48048635015725,64.79375693028473,24.627462153147306
0.6006006006006006,38.91516932749832,100.97352863550555,64.79375693028473,24.427261952947106
0.6206206206206206,40.21234163841493,101.46256290883782,64.79375693028473,24.227061752746906
0.6406406406406406,41.509513949331534,101.94758917015407,64.79375693028473,24.026861552546706
0.6606606606606606,42.80668626024814,102.42860741945431,64.79375693028473,23.826661352346505
0.6806806806806808,44.10385857116475,102.90561765673853,64.79375693028473,23.626461152146305
0.7007007007007007,45.40103088208136,103.37861988200672,64.79375693028473,23.426260951946105
0.7207207207207207,46.698203192997966,103.84761409525889,64.79375693028473,23.226060751745905
0.7407407407407407,47.99537550391457,104.31260029649505,64.79375693028473,23.025860551545705
0.7607607607607608,49.29254781483118,104.77357848571518,64.79375693028473,22.825660351345505
0.7807807807807808,50.58972012574779,105.23054866291929,64.79375693028473,22.625460151145305
0.8008008008008007,51.8868924366644,105.68351082810739,64.79375693028473,22.425259950945104
0.8208208208208208,53.184064747581004,106.13246498127945,64.79375693028473,22.225059750744904
0.8408408408408409,54.48123705849761,106.5774111224355,64.79375693028473,22.024859550544704
0.8608608608608609,55.77840936941422,107.01834925157554,64.79375693028473,21.824659350344504
0.8808808808808809,57.07558168033083,107.45527936869956,64.79375693028473,21.624459150144304
0.9009009009009008,58.372753991247436,107.88820147380756,64.79375693028473,21.424258949944104
0.920920920920921,59.66992630216404,108.31711556689953,64.79375693028473,21.224058749743904
0.9409409409409409,60.96709861308065,108.74202164797549,64.79375693028473,21.023858549543704
0.960960960960961,62.26427092399726,109.16291971703542,64.79375693028473,20.823658349343503
0.980980980980981,63.56144323491387,109.57980977407934,64.79375693028473,20.623458149143303
1.001001001001001,64.85861554583047,109.99269181910724,64.79375693028473,20.423257948943103
1.021021021021021,66.15578785674708,110.4015658521191,64.79375693028473,20.223057748742903
1.0410410410410411,67.45296016766369,110.80643187311496,64.79375693028473,20.022857548542703
1.0610610610610611,68.7501324785803,111.2072898820948,64.79375693028473,19.822657348342503
1.0810810810810811,70.0473047894969,111.60413987905861,64.79375693028473,19.622457148142303
1.1011011011011012,71.34447710041351,111.9969818640064,64.79375693028473,19.422256947942103
1.1211211211211212,72.64164941133012,112.38581583693818,64.79375693028473,19.222056747741902
1.1411411411411412,73.93882172224673,112.77064179785393,64.79375693028473,19.021856547541702
1.1611611611611612,75.23599403316334,113.15145974675366,64.79375693028473,18.821656347341502
1.1811811811811812,76.53316634407994,113.52826968363738,64.79375693028473,18.621456147141302
1.2012012012012012,77.83033865499655,113.90107160850506,64.79375693028473,18.421255946941102
1.2212212212212212,79.12751096591316,114.26986552135673,64.79375693028473,18.221055746740902
1.2412412412412412,80.42468327682977,114.63465142219239,64.79375693028473,18.0208555465407
1.2612612612612613,81.72185558774638,114.99542931101203,64.79375693028473,17.8206553463405
1.2812812812812813,83.01902789866298,115.35219918781564,64.79375693028473,17.6204551461403
1.3013013013013013,84.31620020957959,115.70496105260324,64.79375693028473,17.4202549459401
1.3213213213213213,85.6133725204962,116.05371490537482,64.79375693028473,17.2200547457399
1.3413413413413413,86.9105448314128,116.39846074613037,64.79375693028473,17.0198545455397
1.3613613613613615,88.20771714232941,116.7391985748699,64.79375693028473,16.8196543453395
1.3813813813813813,89.50488945324602,117.07592839159342,64.79375693028473,16.6194541451393
1.4014014014014013,90.80206176416263,117.40865019630091,64.79375693028473,16.4192539449391
1.4214214214214214,92.09923407507924,117.73736398899239,64.79375693028473,16.2190537447389
1.4414414414414414,93.39640638599585,118.06206976966784,64.79375693028473,16.0188535445387
1.4614614614614616,94.69357869691245,118.38276753832727,64.79375693028473,15.8186533443385
1.4814814814814814,95.99075100782906,118.69945729497068,64.79375693028473,15.6184531441383
1.5015015015015014,97.28792331874567,119.01213903959808,64.79375693028473,15.4182529439381
1.5215215215215216,98.58509562966228,119.32081277220945,64.79375693028473,15.2180527437379
1.5415415415415414,99.88226794057888,119.6254784928048,64.79375693028473,15.0178525435377
1.5615615615615617,101.17944025149549,119.92613620138414,64.79375693028473,14.8176523433375
1.5815815815815815,102.4766125624121,120.22278589794745,64.79375693028473,14.6174521431373
1.6016016016016015,103.77378487332871,120.51542758249474,64.79375693028473,14.4172519429371
1.6216216216216217,105.07095718424532,120.80406125502601,64.79375693028473,14.2170517427369
1.6416416416416415,106.36812949516192,121.08868691554126,64.79375693028473,14.016851542536699
1.6616616616616617,107.66530180607853,121.36930456404049,64.79375693028473,13.816651342336499
1.6816816816816818,108.96247411699514,121.6459142005237,64.79375693028473,13.616451142136299
1.7017017017017015,110.25964642791175,121.9185158249909,64.79375693028473,13.416250941936099
1.7217217217217218,111.55681873882835,122.18710943744207,64.79375693028473,13.216050741735899
1.7417417417417416,112.85399104974496,122.45169503787723,64.79375693028473,13.015850541535698
1.7617617617617618,114.15116336066157,122.71227262629637,64.79375693028473,12.815650341335498
1.7817817817817818,115.44833567157818,122.96884220269948,64.79375693028473,12.615450141135298
1.8018018018018016,116.74550798249479,123.22140376708657,64.79375693028473,12.415249940935098
1.8218218218218218,118.0426802934114,123.46995731945765,64.79375693028473,12.215049740734898
1.841841841841842,119.339852604328,123.7145028598127,64.79375693028473,12.014849540534698
1.8618618618618619,120.63702491524461,123.95504038815173,64.79375693028473,11.814649340334498
1.8818818818818819,121.93419722616122,124.19156990447475,64.79375693028473,11.614449140134298
1.9019019019019017,123.23136953707782,124.42409140878173,64.79375693028473,11.414248939934097
1.921921921921922,124.52854184799443,124.6526049010727,64.79375693028473,11.214048739733897
1.9419419419419421,125.82571415891104,124.87711038134766,64.79375693028473,11.013848539533697
1.961961961961962,127.12288646982765,125.09760784960659,64.79375693028473,10.813648339333497
1.981981981981982,128.42005878074426,125.3140973058495,64.79375693028473,10.613448139133297
2.002002002002002,129.71723109166086,125.5265787500764,64.79375693028473,10.413247938933097
2.022022022022022,131.01440340257747,125.73505218228726,64.79375693028473,10.213047738732897
2.042042042042042,132.31157571349408,125.93951760248211,64.79375693028473,10.012847538532696
2.0620620620620618,133.6087480244107,126.13997501066095,64.79375693028473,9.812647338332496
2.0820820820820822,134.9059203353273,126.33642440682377,64.79375693028473,9.612447138132296
2.1021021021021022,136.2030926462439,126.52886579097056,64.79375693028473,9.412246937932096
2.1221221221221223,137.5002649571605,126.71729916310133,64.79375693028473,9.212046737731896
2.1421421421421423,138.79743726807712,126.90172452321609,64.79375693028473,9.011846537531696
2.1621621621621623,140.09460957899373,127.08214187131482,64.79375693028473,8.811646337331496
2.1821821821821823,141.39178188991033,127.25855120739753,64.79375693028473,8.611446137131296
2.2022022022022023,142.68895420082694,127.43095253146423,64.79375693028473,8.411245936931095
2.2222222222222223,143.98612651174355,127.5993458435149,64.79375693028473,8.211045736730895
2.2422422422422423,145.28329882266016,127.76373114354955,64.79375693028473,8.010845536530695
2.2622622622622623,146.58047113357676,127.92410843156819,64.79375693028473,7.810645336330495
2.2822822822822824,147.87764344449337,128.0804777075708,64.79375693028473,7.610445136130295
2.3023023023023024,149.17481575540998,128.23283897155738,64.79375693028473,7.410244935930095
2.3223223223223224,150.4719880663266,128.38119222352796,64.79375693028473,7.210044735729895
2.3423423423423424,151.7691603772432,128.52553746348252,64.79375693028473,7.0098445355296946
2.3623623623623624,153.0663326881598,128.66587469142107,64.79375693028473,6.809644335329494
2.3823823823823824,154.3635049990764,128.80220390734357,64.79375693028473,6.609444135129294
2.4024024024024024,155.66067730999302,128.93452511125005,64.79375693028473,6.409243934929094
2.4224224224224224,156.95784962090963,129.06283830314052,64.79375693028473,6.209043734728894
2.4424424424424425,158.25502193182624,129.18714348301498,64.79375693028473,6.008843534528694
2.4624624624624625,159.55219424274284,129.30744065087342,64.79375693028473,5.808643334328494
2.4824824824824825,160.84936655365945,129.42372980671584,64.79375693028473,5.608443134128294
2.5025025025025025,162.14653886457606,129.53601095054222,64.79375693028473,5.4082429339280935
2.5225225225225225,163.44371117549267,129.64428408235258,64.79375693028473,5.208042733727893
2.5425425425425425,164.74088348640927,129.74854920214693,64.79375693028473,5.007842533527693
2.5625625625625625,166.03805579732588,129.84880630992527,64.79375693028473,4.807642333327493
2.5825825825825826,167.3352281082425,129.94505540568758,64.79375693028473,4.607442133127293
2.6026026026026026,168.6324004191591,130.03729648943388,64.79375693028473,4.407241932927093
2.6226226226226226,169.9295727300757,130.12552956116414,64.79375693028473,4.207041732726893
2.6426426426426426,171.2267450409923,130.20975462087839,64.79375693028473,4.006841532526693
2.6626626626626626,172.52391735190892,130.2899716685766,64.79375693028473,3.8066413323264925
2.6826826826826826,173.82108966282553,130.36618070425882,64.79375693028473,3.6064411321262924
2.7027027027027026,175.11826197374214,130.43838172792502,64.79375693028473,3.4062409319260922
2.722722722722723,176.41543428465874,130.5065747395752,64.79375693028473,3.206040731725892
2.7427427427427427,177.71260659557535,130.57075973920936,64.79375693028473,3.005840531525692
2.7627627627627627,179.00977890649196,130.63093672682749,64.79375693028473,2.805640331325492
2.7827827827827827,180.30695121740857,130.6871057024296,64.79375693028473,2.6054401311252917
2.8028028028028027,181.60412352832518,130.73926666601568,64.79375693028473,2.4052399309250916
2.822822822822823,182.90129583924178,130.78741961758575,64.79375693028473,2.2050397307248915
2.8428428428428427,184.1984681501584,130.8315645571398,64.79375693028473,2.0048395305246913
2.8628628628628627,185.495640461075,130.87170148467786,64.79375693028473,1.8046393303244912
2.8828828828828827,186.7928127719916,130.90783040019986,64.79375693028473,1.604439130124291
2.9029029029029028,188.0899850829082,130.93995130370584,64.79375693028473,1.404238929924091
2.922922922922923,189.38715739382482,130.9680641951958,64.79375693028473,1.2040387297238908
2.942942942942943,190.68432970474143,130.99216907466976,64.79375693028473,1.0038385295236907
2.962962962962963,191.98150201565804,131.0122659421277,64.79375693028473,0.8036383293234906
2.982982982982983,193.27867432657465,131.02835479756962,64.79375693028473,0.6034381291232904
3.003003003003003,194.57584663749125,131.0404356409955,64.79375693028473,0.40323792892309024
3.0230230230230233,195.87301894840786,131.04850847240536,64.79375693028473,0.20303772872289005
3.0430430430430433,197.17019125932447,131.0525732917992,64.79375693028473,0.0028375285226898694
3.063063063063063,198.46736357024108,131.05263009917704,64.79375693028473,-0.19736267167751032
3.083083083083083,199.76453588115768,131.04867889453885,64.79375693028473,-0.3975628718777105
3.103103103103103,201.0617081920743,131.04071967788465,64.79375693028473,-0.5977630720779107
3.1231231231231233,202.3588805029909,131.02875244921444,64.79375693028473,-0.7979632722781109
3.1431431431431434,203.6560528139075,131.01277720852818,64.79375693028473,-0.998163472478311
3.163163163163163,204.95322512482412,130.9927939558259,64.79375693028473,-1.1983636726785112
3.183183183183183,206.25039743574072,130.9688026911076,64.79375693028473,-1.3985638728787113
3.203203203203203,207.54756974665733,130.9408034143733,64.79375693028473,-1.5987640730789114
3.2232232232232234,208.84474205757394,130.90879612562298,64.79375693028473,-1.7989642732791116
3.2432432432432434,210.14191436849055,130.87278082485665,64.79375693028473,-1.9991644734793117
3.263263263263263,211.43908667940715,130.83275751207427,64.79375693028473,-2.199364673679512
3.283283283283283,212.73625899032376,130.78872618727587,64.79375693028473,-2.399564873879712
3.303303303303303,214.03343130124037,130.74068685046146,64.79375693028473,-2.599765074079912
3.3233233233233235,215.33060361215698,130.68863950163103,64.79375693028473,-2.799965274280112
3.3433433433433435,216.62777592307359,130.6325841407846,64.79375693028473,-3.0001654744803123
3.3633633633633635,217.9249482339902,130.57252076792213,64.79375693028473,-3.2003656746805125
3.383383383383383,219.2221205449068,130.50844938304363,64.79375693028473,-3.4005658748807126
3.403403403403403,220.5192928558234,130.4403699861491,64.79375693028473,-3.6007660750809127
3.4234234234234235,221.81646516674002,130.36828257723857,64.79375693028473,-3.800966275281113
3.4434434434434436,223.11363747765662,130.29218715631202,64.79375693028473,-4.001166475481313
3.4634634634634636,224.41080978857323,130.21208372336946,64.79375693028473,-4.201366675681514
3.483483483483483,225.70798209948984,130.12797227841088,64.79375693028473,-4.401566875881714
3.503503503503503,227.00515441040645,130.03985282143628,64.79375693028473,-4.601767076081914
3.5235235235235236,228.30232672132306,129.94772535244564,64.79375693028473,-4.801967276282114
3.5435435435435436,229.59949903223966,129.851589871439,64.79375693028473,-5.002167476482314
3.5635635635635636,230.89667134315627,129.75144637841632,64.79375693028473,-5.202367676682514
3.583583583583583,232.19384365407288,129.64729487337763,64.79375693028473,-5.402567876882714
3.603603603603603,233.4910159649895,129.53913535632293,64.79375693028473,-5.6027680770829145
3.6236236236236237,234.7881882759061,129.4269678272522,64.79375693028473,-5.802968277283115
3.6436436436436437,236.0853605868227,129.31079228616545,64.79375693028473,-6.003168477483315
3.6636636636636637,237.3825328977393,129.19060873306267,64.79375693028473,-6.203368677683515
3.683683683683684,238.67970520865592,129.06641716794388,64.79375693028473,-6.403568877883715
3.7037037037037033,239.97687751957253,128.93821759080907,64.79375693028473,-6.603769078083915
3.7237237237237237,241.27404983048913,128.80601000165825,64.79375693028473,-6.803969278284115
3.7437437437437437,242.57122214140574,128.6697944004914,64.79375693028473,-7.004169478484315
3.7637637637637638,243.86839445232235,128.52957078730853,64.79375693028473,-7.2043696786845155
3.783783783783784,245.16556676323896,128.38533916210963,64.79375693028473,-7.404569878884716
3.8038038038038033,246.46273907415556,128.23709952489472,64.79375693028473,-7.604770079084916
3.823823823823824,247.75991138507217,128.0848518756638,64.79375693028473,-7.804970279285116
3.843843843843844,249.05708369598878,127.92859621441684,64.79375693028473,-8.005170479485317
3.863863863863864,250.3542560069054,127.76833254115387,64.79375693028473,-8.205370679685517
3.8838838838838843,251.651428317822,127.60406085587488,64.79375693028473,-8.405570879885717
3.9039039039039034,252.9486006287386,127.43578115857987,64.79375693028473,-8.605771080085917
3.923923923923924,254.2457729396552,127.26349344926884,64.79375693028473,-8.805971280286117
3.943943943943944,255.54294525057182,127.08719772794178,64.79375693028473,-9.006171480486318
3.963963963963964,256.84011756148846,126.90689399459872,64.79375693028473,-9.206371680686518
3.9839839839839843,258.13728987240506,126.72258224923962,64.79375693028473,-9.406571880886718
4.004004004004004,259.43446218332167,126.53426249186451,64.79375693028473,-9.606772081086918
4.0240240240240235,260.7316344942383,126.34193472247338,64.79375693028473,-9.806972281287118
4.044044044044044,262.0288068051549,126.14559894106624,64.79375693028473,-10.007172481487318
4.064064064064064,263.3259791160715,125.94525514764307,64.79375693028473,-10.207372681687518
4.084084084084084,264.6231514269881,125.74090334220388,64.79375693028473,-10.407572881887718
4.104104104104104,265.9203237379047,125.53254352474868,64.79375693028473,-10.607773082087919
4.1241241241241235,267.2174960488213,125.32017569527744,64.79375693028473,-10.807973282288119
4.1441441441441444,268.5146683597379,125.10379985379019,64.79375693028473,-11.008173482488319
4.1641641641641645,269.81184067065453,124.88341600028693,64.79375693028473,-11.208373682688519
4.1841841841841845,271.10901298157114,124.65902413476763,64.79375693028473,-11.408573882888719
4.2042042042042045,272.40618529248775,124.43062425723232,64.79375693028473,-11.60877408308892
4.2242242242242245,273.70335760340436,124.198216367681,64.79375693028473,-11.80897428328912
4.2442442442442445,275.00052991432096,123.96180046611364,64.79375693028473,-12.00917448348932
4.2642642642642645,276.2977022252376,123.72137655253027,64.79375693028473,-12.20937468368952
4.2842842842842845,277.5948745361542,123.47694462693089,64.79375693028473,-12.40957488388972
4.3043043043043046,278.8920468470708,123.22850468931547,64.79375693028473,-12.60977508408992
4.324324324324325,280.1892191579874,122.97605673968404,64.79375693028473,-12.80997528429012
4.344344344344345,281.486391468904,122.7196007780366,64.79375693028473,-13.01017548449032
4.364364364364365,282.7835637798206,122.45913680437312,64.79375693028473,-13.21037568469052
4.384384384384385,284.0807360907372,122.19466481869362,64.79375693028473,-13.41057588489072
4.404404404404405,285.3779084016538,121.92618482099812,64.79375693028473,-13.61077608509092
4.424424424424425,286.67508071257043,121.6536968112866,64.79375693028473,-13.81097628529112
4.444444444444445,287.97225302348704,121.37720078955904,64.79375693028473,-14.01117648549132
4.464464464464465,289.26942533440365,121.09669675581547,64.79375693028473,-14.211376685691521
4.484484484484485,290.56659764532026,120.81218471005589,64.79375693028473,-14.411576885891721
4.504504504504505,291.86376995623687,120.52366465228027,64.79375693028473,-14.611777086091921
4.524524524524525,293.1609422671535,120.23113658248865,64.79375693028473,-14.811977286292121
4.544544544544545,294.4581145780701,119.934600500681,64.79375693028473,-15.012177486492321
4.564564564564565,295.7552868889867,119.63405640685733,64.79375693028473,-15.212377686692522
4.584584584584585,297.0524591999033,119.32950430101764,64.79375693028473,-15.412577886892722
4.604604604604605,298.3496315108199,119.02094418316193,64.79375693028473,-15.612778087092922
4.624624624624625,299.6468038217365,118.7083760532902,64.79375693028473,-15.812978287293122
4.644644644644645,300.9439761326531,118.39179991140244,64.79375693028473,-16.013178487493324
4.664664664664665,302.2411484435697,118.07121575749868,64.79375693028473,-16.213378687693524
4.684684684684685,303.53832075448634,117.74662359157888,64.79375693028473,-16.413578887893724
4.704704704704705,304.83549306540294,117.41802341364307,64.79375693028473,-16.613779088093924
4.724724724724725,306.13266537631955,117.08541522369124,64.79375693028473,-16.813979288294124
4.744744744744745,307.42983768723616,116.74879902172339,64.79375693028473,-17.014179488494324
4.764764764764765,308.72700999815277,116.40817480773951,64.79375693028473,-17.214379688694525
4.784784784784785,310.0241823090694,116.06354258173963,64.79375693028473,-17.414579888894725
4.804804804804805,311.321354619986,115.71490234372372,64.79375693028473,-17.614780089094925
4.824824824824825,312.6185269309026,115.36225409369179,64.79375693028473,-17.814980289295125
4.844844844844845,313.9156992418192,115.00559783164384,64.79375693028473,-18.015180489495325
4.864864864864865,315.2128715527358,114.64493355757988,64.79375693028473,-18.215380689695525
4.884884884884885,316.5100438636524,114.28026127149988,64.79375693028473,-18.415580889895725
4.904904904904905,317.807216174569,113.91158097340387,64.79375693028473,-18.615781090095926
4.924924924924925,319.10438848548563,113.53889266329185,64.79375693028473,-18.815981290296126
4.944944944944945,320.40156079640224,113.16219634116379,64.79375693028473,-19.016181490496326
4.964964964964965,321.69873310731884,112.78149200701972,64.79375693028473,-19.216381690696526
4.984984984984985,322.99590541823545,112.39677966085964,64.79375693028473,-19.416581890896726
5.005005005005005,324.29307772915206,112.00805930268352,64.79375693028473,-19.616782091096926
5.025025025025025,325.59025004006867,111.61533093249139,64.79375693028473,-19.816982291297126
5.045045045045045,326.8874223509853,111.21859455028324,64.79375693028473,-20.017182491497326
5.065065065065065,328.1845946619019,110.81785015605907,64.79375693028473,-20.217382691697527
5.085085085085085,329.4817669728185,110.41309774981887,64.79375693028473,-20.417582891897727
5.105105105105105,330.7789392837351,110.00433733156267,64.79375693028473,-20.617783092097927
5.125125125125125,332.0761115946517,109.59156890129043,64.79375693028473,-20.817983292298127
5.145145145145145,333.3732839055683,109.17479245900218,64.79375693028473,-21.018183492498327
5.165165165165165,334.6704562164849,108.75400800469791,64.79375693028473,-21.218383692698527
5.185185185185185,335.96762852740153,108.32921553837762,64.79375693028473,-21.418583892898727
5.205205205205205,337.26480083831814,107.90041506004131,64.79375693028473,-21.618784093098927
5.225225225225225,338.56197314923475,107.46760656968898,64.79375693028473,-21.818984293299128
5.245245245245245,339.85914546015135,107.03079006732064,64.79375693028473,-22.019184493499328
5.265265265265265,341.15631777106796,106.58996555293626,64.79375693028473,-22.219384693699528
5.285285285285285,342.45349008198457,106.14513302653587,64.79375693028473,-22.419584893899728
5.305305305305305,343.7506623929012,105.69629248811947,64.79375693028473,-22.619785094099928
5.325325325325325,345.0478347038178,105.24344393768703,64.79375693028473,-22.81998529430013
5.345345345345346,346.3450070147344,104.78658737523858,64.79375693028473,-23.02018549450033
5.365365365365365,347.642179325651,104.32572280077412,64.79375693028473,-23.22038569470053
5.385385385385385,348.9393516365676,103.86085021429362,64.79375693028473,-23.42058589490073
5.405405405405405,350.2365239474842,103.39196961579711,64.79375693028473,-23.62078609510093
5.425425425425425,351.5336962584008,102.91908100528458,64.79375693028473,-23.82098629530113
5.445445445445446,352.83086856931743,102.44218438275603,64.79375693028473,-24.02118649550133
5.465465465465465,354.12804088023404,101.96127974821145,64.79375693028473,-24.22138669570153
5.485485485485485,355.42521319115065,101.47636710165087,64.79375693028473,-24.42158689590173
5.505505505505505,356.72238550206725,100.98744644307425,64.79375693028473,-24.62178709610193
5.525525525525525,358.01955781298386,100.49451777248161,64.79375693028473,-24.82198729630213
5.545545545545546,359.31673012390047,99.99758108987297,64.79375693028473,-25.02218749650233
5.565565565565565,360.6139024348171,99.49663639524829,64.79375693028473,-25.22238769670253
5.585585585585585,361.9110747457337,98.9916836886076,64.79375693028473,-25.42258789690273
5.605605605605605,363.2082470566503,98.48272296995088,64.79375693028473,-25.62278809710293
5.625625625625625,364.5054193675669,97.96975423927816,64.79375693028473,-25.82298829730313
5.645645645645646,365.8025916784835,97.4527774965894,64.79375693028473,-26.02318849750333
5.665665665665665,367.0997639894001,96.93179274188464,64.79375693028473,-26.22338869770353
5.685685685685685,368.3969363003167,96.40679997516385,64.79375693028473,-26.42358889790373
5.7057057057057055,369.69410861123333,95.87779919642703,64.79375693028473,-26.62378909810393
5.7257257257257255,370.99128092214994,95.3447904056742,64.79375693028473,-26.82398929830413
5.745745745745746,372.28845323306655,94.80777360290536,64.79375693028473,-27.02418949850433
5.7657657657657655,373.58562554398316,94.26674878812048,64.79375693028473,-27.22438969870453
5.7857857857857855,374.88279785489976,93.72171596131959,64.79375693028473,-27.42458989890473
5.8058058058058055,376.17997016581637,93.17267512250268,64.79375693028473,-27.62479009910493
5.8258258258258255,377.477142476733,92.61962627166974,64.79375693028473,-27.82499029930513
5.845845845845846,378.7743147876496,92.06256940882079,64.79375693028473,-28.02519049950533
5.865865865865866,380.0714870985662,91.50150453395582,64.79375693028473,-28.22539069970553
5.885885885885886,381.3686594094828,90.93643164707483,64.79375693028473,-28.425590899905732
5.905905905905906,382.6658317203994,90.36735074817781,64.79375693028473,-28.625791100105932
5.925925925925926,383.963004031316,89.79426183726478,64.79375693028473,-28.825991300306132
5.9459459459459465,385.2601763422326,89.21716491433573,64.79375693028473,-29.026191500506332
5.965965965965966,386.55734865314923,88.63605997939065,64.79375693028473,-29.226391700706532
5.9859859859859865,387.85452096406584,88.05094703242956,64.79375693028473,-29.426591900906732
6.006006006006006,389.15169327498245,87.46182607345246,64.79375693028473,-29.626792101106933
6.026026026026026,390.44886558589906,86.86869710245932,64.79375693028473,-29.826992301307133
6.046046046046047,391.74603789681566,86.27156011945017,64.79375693028473,-30.027192501507333
6.066066066066066,393.0432102077323,85.670415124425,64.79375693028473,-30.227392701707533
6.086086086086087,394.3403825186489,85.06526211738381,64.79375693028473,-30.427592901907733
6.106106106106106,395.6375548295655,84.4561010983266,64.79375693028473,-30.627793102107933
6.126126126126126,396.9347271404821,83.84293206725337,64.79375693028473,-30.827993302308133
6.146146146146147,398.2318994513987,83.22575502416412,64.79375693028473,-31.028193502508334
6.166166166166166,399.5290717623153,82.60456996905884,64.79375693028473,-31.228393702708534
6.186186186186187,400.8262440732319,81.97937690193756,64.79375693028473,-31.428593902908734
6.206206206206206,402.1234163841485,81.35017582280024,64.79375693028473,-31.628794103108934
6.226226226226226,403.42058869506513,80.7169667316469,64.79375693028473,-31.828994303309134
6.246246246246247,404.71776100598174,80.07974962847756,64.79375693028473,-32.02919450350934
6.266266266266266,406.01493331689835,79.43852451329218,64.79375693028473,-32.22939470370954
6.286286286286287,407.31210562781496,78.79329138609079,64.79375693028473,-32.42959490390974
6.306306306306306,408.60927793873157,78.14405024687338,64.79375693028473,-32.62979510410994
6.326326326326326,409.9064502496482,77.49080109563994,64.79375693028473,-32.82999530431014
6.346346346346347,411.2036225605648,76.83354393239048,64.79375693028473,-33.03019550451034
6.366366366366366,412.5007948714814,76.17227875712501,64.79375693028473,-33.23039570471054
6.386386386386387,413.797967182398,75.50700556984353,64.79375693028473,-33.43059590491074
6.406406406406406,415.0951394933146,74.83772437054601,64.79375693028473,-33.63079610511094
6.426426426426426,416.3923118042312,74.16443515923248,64.79375693028473,-33.83099630531114
6.446446446446447,417.6894841151478,73.48713793590294,64.79375693028473,-34.03119650551134
6.466466466466466,418.9866564260644,72.80583270055736,64.79375693028473,-34.23139670571154
6.486486486486487,420.28382873698104,72.12051945319577,64.79375693028473,-34.43159690591174
6.506506506506506,421.58100104789764,71.43119819381816,64.79375693028473,-34.63179710611194
6.526526526526526,422.87817335881425,70.73786892242452,64.79375693028473,-34.83199730631214
6.546546546546547,424.17534566973086,70.04053163901487,64.79375693028473,-35.03219750651234
6.566566566566566,425.47251798064747,69.3391863435892,64.79375693028473,-35.23239770671254
6.586586586586587,426.7696902915641,68.63383303614751,64.79375693028473,-35.43259790691274
6.606606606606606,428.0668626024807,67.9244717166898,64.79375693028473,-35.63279810711294
6.626626626626627,429.3640349133973,67.21110238521607,64.79375693028473,-35.83299830731314
6.646646646646647,430.6612072243139,66.49372504172631,64.79375693028473,-36.03319850751334
6.666666666666666,431.9583795352305,65.77233968622053,64.79375693028473,-36.23339870771354
6.686686686686687,433.2555518461471,65.04694631869874,64.79375693028473,-36.43359890791374
6.706706706706706,434.5527241570637,64.31754493916092,64.79375693028473,-36.63379910811394
6.726726726726727,435.84989646798033,63.58413554760709,64.79375693028473,-36.83399930831414
6.746746746746747,437.14706877889694,62.84671814403724,64.79375693028473,-37.03419950851434
6.766766766766766,438.44424108981354,62.10529272845137,64.79375693028473,-37.23439970871454
6.786786786786787,439.74141340073015,61.35985930084947,64.79375693028473,-37.43459990891474
6.806806806806806,441.03858571164676,60.61041786123156,64.79375693028473,-37.63480010911494
6.826826826826827,442.33575802256337,59.85696840959763,64.79375693028473,-37.83500030931514
6.846846846846847,443.63293033348,59.09951094594767,64.79375693028473,-38.03520050951534
6.866866866866866,444.9301026443966,58.3380454702817,64.79375693028473,-38.23540070971554
6.886886886886887,446.2272749553132,57.572571982599705,64.79375693028473,-38.43560090991574
6.906906906906906,447.5244472662298,56.803090482901695,64.79375693028473,-38.63580111011594
6.926926926926927,448.8216195771464,56.02960097118766,64.79375693028473,-38.83600131031614
6.946946946946947,450.118791888063,55.25210344745761,64.79375693028473,-39.03620151051634
6.966966966966966,451.4159641989796,54.470597911711536,64.79375693028473,-39.23640171071654
6.986986986986987,452.71313650989623,53.68508436394944,64.79375693028473,-39.43660191091674
7.007007007007006,454.01030882081284,52.89556280417133,64.79375693028473,-39.63680211111694
7.027027027027027,455.30748113172945,52.102033232377195,64.79375693028473,-39.83700231131714
7.047047047047047,456.60465344264605,51.30449564856704,64.79375693028473,-40.03720251151734
7.067067067067066,457.90182575356266,50.50295005274087,64.79375693028473,-40.23740271171754
7.087087087087087,459.19899806447927,49.69739644489868,64.79375693028473,-40.43760291191774
7.107107107107106,460.4961703753959,48.887834825040464,64.79375693028473,-40.63780311211794
7.127127127127127,461.7933426863125,48.074265193166234,64.79375693028473,-40.83800331231814
7.147147147147147,463.0905149972291,47.25668754927598,64.79375693028473,-41.03820351251834
7.167167167167166,464.3876873081457,46.435101893369705,64.79375693028473,-41.238403712718544
7.187187187187187,465.6848596190623,45.609508225447414,64.79375693028473,-41.438603912918744
7.207207207207206,466.9820319299789,44.7799065455091,64.79375693028473,-41.638804113118944
7.227227227227227,468.2792042408955,43.94629685355476,64.79375693028473,-41.839004313319144
7.247247247247247,469.57637655181213,43.10867914958441,64.79375693028473,-42.039204513519344
7.267267267267268,470.87354886272874,42.267053433598036,64.79375693028473,-42.239404713719544
7.287287287287287,472.17072117364535,41.421419705595646,64.79375693028473,-42.439604913919744
7.3073073073073065,473.46789348456196,40.57177796557723,64.79375693028473,-42.639805114119945
7.327327327327327,474.76506579547856,39.7181282135428,64.79375693028473,-42.840005314320145
7.347347347347347,476.06223810639517,38.86047044949235,64.79375693028473,-43.040205514520345
7.367367367367368,477.3594104173118,37.99880467342587,64.79375693028473,-43.240405714720545
7.387387387387387,478.6565827282284,37.13313088534338,64.79375693028473,-43.440605914920745
7.4074074074074066,479.953755039145,36.263449085244865,64.79375693028473,-43.640806115120945
7.4274274274274275,481.2509273500616,35.38975927313033,64.79375693028473,-43.841006315321145
7.4474474474474475,482.5480996609782,34.51206144899978,64.79375693028473,-44.041206515521345
7.467467467467468,483.8452719718948,33.63035561285321,64.79375693028473,-44.241406715721546
7.4874874874874875,485.1424442828114,32.74464176469061,64.79375693028473,-44.441606915921746
7.507507507507507,486.43961659372803,31.854919904512,64.79375693028473,-44.641807116121946
7.5275275275275275,487.73678890464464,30.961190032317365,64.79375693028473,-44.842007316322146
7.5475475475475475,489.03396121556125,30.063452148106713,64.79375693028473,-45.042207516522346
7.567567567567568,490.33113352647786,29.161706251880037,64.79375693028473,-45.242407716722546
7.587587587587588,491.62830583739446,28.255952343637343,64.79375693028473,-45.442607916922746
7.607607607607607,492.9254781483111,27.34619042337863,64.79375693028473,-45.64280811712295
7.627627627627628,494.2226504592277,26.432420491103898,64.79375693028473,-45.84300831732315
7.647647647647648,495.5198227701443,25.514642546813143,64.79375693028473,-46.04320851752335
7.6676676676676685,496.8169950810609,24.59285659050637,64.79375693028473,-46.24340871772355
7.687687687687688,498.1141673919775,23.667062622183575,64.79375693028473,-46.44360891792375
7.707707707707707,499.4113397028941,22.737260641844763,64.79375693028473,-46.64380911812395
7.727727727727728,500.7085120138107,21.80345064948993,64.79375693028473,-46.84400931832415
7.747747747747748,502.0056843247273,20.865632645119074,64.79375693028473,-47.04420951852435
7.767767767767769,503.30285663564393,19.9238066287322,64.79375693028473,-47.24440971872455
7.787787787787788,504.60002894656054,18.97797260032931,64.79375693028473,-47.44460991892475
7.807807807807807,505.89720125747715,18.028130559910394,64.79375693028473,-47.64481011912495
7.827827827827828,507.19437356839376,17.07428050747546,64.79375693028473,-47.84501031932515
7.847847847847848,508.49154587931037,16.116422443024508,64.79375693028473,-48.04521051952535
7.867867867867869,509.788718190227,15.154556366557534,64.79375693028473,-48.24541071972555
7.887887887887888,511.0858905011436,14.18868227807454,64.79375693028473,-48.44561091992575
7.907907907907909,512.3830628120602,13.218800177575526,64.79375693028473,-48.64581112012595
7.927927927927928,513.6802351229768,12.244910065060491,64.79375693028473,-48.84601132032615
7.947947947947948,514.9774074338934,11.267011940529438,64.79375693028473,-49.04621152052635
7.967967967967969,516.27457974481,10.285105803982363,64.79375693028473,-49.24641172072655
7.987987987987988,517.5717520557266,9.29919165541927,64.79375693028473,-49.44661192092675
8.008008008008009,518.8689243666432,8.309269494840155,64.79375693028473,-49.64681212112695
8.028028028028029,520.1660966775598,7.315339322245021,64.79375693028473,-49.84701232132715
8.048048048048047,521.4632689884764,6.317401137633866,64.79375693028473,-50.04721252152735
8.068068068068069,522.760441299393,5.315454941006692,64.79375693028473,-50.24741272172755
8.088088088088089,524.0576136103097,4.309500732363498,64.79375693028473,-50.44761292192775
8.108108108108109,525.3547859212263,3.2995385117042835,64.79375693028473,-50.64781312212795
8.128128128128129,526.6519582321429,2.2855682790290492,64.79375693028473,-50.84801332232815
8.148148148148147,527.9491305430595,1.267590034337795,64.79375693028473,-51.04821352252835
8.168168168168169,529.2463028539761,0.24560377763052088,64.79375693028473,-51.24841372272855
8.188188188188189,530.5434751648927,-0.7803904910927735,64.79375693028473,-51.44861392292875
8.208208208208209,531.8406474758093,-1.8103927718320878,64.79375693028473,-51.64881412312895
8.228228228228229,533.1378197867259,-2.8444030645874223,64.79375693028473,-51.84901432332915
8.248248248248247,534.4349920976425,-3.8824213693587764,64.79375693028473,-52.04921452352935
8.268268268268269,535.7321644085591,-4.92444768614615,64.79375693028473,-52.24941472372955
8.288288288288289,537.0293367194757,-5.970482014949544,64.79375693028473,-52.44961492392975
8.308308308308309,538.3265090303923,-7.020524355768959,64.79375693028473,-52.64981512412995
8.328328328328329,539.623681341309,-8.074574708604393,64.79375693028473,-52.85001532433015
8.348348348348347,540.9208536522256,-9.132633073455848,64.79375693028473,-53.05021552453035
8.368368368368369,542.2180259631422,-10.194699450323322,64.79375693028473,-53.25041572473055
8.388388388388389,543.5151982740588,-11.260773839206816,64.79375693028473,-53.45061592493075
8.408408408408409,544.8123705849754,-12.33085624010633,64.79375693028473,-53.65081612513095
8.428428428428429,546.109542895892,-13.404946653021865,64.79375693028473,-53.85101632533115
8.448448448448449,547.4067152068086,-14.48304507795342,64.79375693028473,-54.05121652553135
8.468468468468469,548.7038875177252,-15.565151514900995,64.79375693028473,-54.25141672573155
8.488488488488489,550.0010598286418,-16.65126596386459,64.79375693028473,-54.45161692593175
8.508508508508509,551.2982321395584,-17.741388424844203,64.79375693028473,-54.65181712613195
8.528528528528529,552.595404450475,-18.835518897839837,64.79375693028473,-54.85201732633215
8.548548548548549,553.8925767613916,-19.933657382851493,64.79375693028473,-55.05221752653235
8.568568568568569,555.1897490723082,-21.035803879879168,64.79375693028473,-55.25241772673255
8.588588588588589,556.4869213832249,-22.141958388922863,64.79375693028473,-55.45261792693275
8.608608608608609,557.7840936941415,-23.252120909982576,64.79375693028473,-55.65281812713295
8.62862862862863,559.0812660050581,-24.366291443058312,64.79375693028473,-55.85301832733315
8.64864864864865,560.3784383159747,-25.484469988150067,64.79375693028473,-56.05321852753335
8.66866866866867,561.6756106268913,-26.60665654525784,64.79375693028473,-56.25341872773355
8.68868868868869,562.9727829378079,-27.732851114381635,64.79375693028473,-56.45361892793375
8.70870870870871,564.2699552487245,-28.86305369552145,64.79375693028473,-56.653819128133954
8.72872872872873,565.5671275596411,-29.997264288677286,64.79375693028473,-56.854019328334154
8.74874874874875,566.8642998705577,-31.13548289384914,64.79375693028473,-57.054219528534354
8.76876876876877,568.1614721814743,-32.27770951103702,64.79375693028473,-57.254419728734554
8.78878878878879,569.4586444923909,-33.42394414024091,64.79375693028473,-57.454619928934754
8.80880880880881,570.7558168033075,-34.574186781460824,64.79375693028473,-57.654820129134954
8.82882882882883,572.0529891142241,-35.72843743469676,64.79375693028473,-57.855020329335154
8.84884884884885,573.3501614251408,-36.886696099948715,64.79375693028473,-58.055220529535355
8.86886886886887,574.6473337360574,-38.04896277721669,64.79375693028473,-58.255420729735555
8.88888888888889,575.944506046974,-39.21523746650068,64.79375693028473,-58.455620929935755
8.90890890890891,577.2416783578906,-40.3855201678007,64.79375693028473,-58.655821130135955
8.92892892892893,578.5388506688072,-41.55981088111673,64.79375693028473,-58.856021330336155
8.94894894894895,579.8360229797238,-42.73810960644879,64.79375693028473,-59.056221530536355
8.96896896896897,581.1331952906404,-43.920416343796866,64.79375693028473,-59.256421730736555
8.98898898898899,582.430367601557,-45.10673109316096,64.79375693028473,-59.456621930936755
9.00900900900901,583.7275399124736,-46.297053854541076,64.79375693028473,-59.656822131136956
9.02902902902903,585.0247122233902,-47.49138462793721,64.79375693028473,-59.857022331337156
9.04904904904905,586.3218845343068,-48.68972341334936,64.79375693028473,-60.057222531537356
9.06906906906907,587.6190568452234,-49.89207021077754,64.79375693028473,-60.257422731737556
9.08908908908909,588.91622915614,-51.09842502022173,64.79375693028473,-60.457622931937756
9.10910910910911,590.2134014670567,-52.30878784168195,64.79375693028473,-60.657823132137956
9.12912912912913,591.5105737779733,-53.523158675158186,64.79375693028473,-60.858023332338156
9.14914914914915,592.8077460888899,-54.74153752065044,64.79375693028473,-61.058223532538356
9.16916916916917,594.1049183998065,-55.963924378158715,64.79375693028473,-61.25842373273856
9.18918918918919,595.4020907107231,-57.190319247683014,64.79375693028473,-61.45862393293876
9.20920920920921,596.6992630216397,-58.42072212922333,64.79375693028473,-61.65882413313896
9.22922922922923,597.9964353325563,-59.655133022779665,64.79375693028473,-61.85902433333916
9.24924924924925,599.2936076434729,-60.89355192835202,64.79375693028473,-62.05922453353936
9.26926926926927,600.5907799543895,-62.13597884594039,64.79375693028473,-62.25942473373956
9.28928928928929,601.8879522653061,-63.38241377554479,64.79375693028473,-62.45962493393976
9.30930930930931,603.1851245762227,-64.63285671716521,64.79375693028473,-62.65982513413996
9.32932932932933,604.4822968871393,-65.88730767080165,64.79375693028473,-62.86002533434016
9.34934934934935,605.779469198056,-67.1457666364541,64.79375693028473,-63.06022553454036
9.36936936936937,607.0766415089726,-68.40823361412258,64.79375693028473,-63.26042573474056
9.38938938938939,608.3738138198892,-69.67470860380708,64.79375693028473,-63.46062593494076
9.40940940940941,609.6709861308058,-70.94519160550759,64.79375693028473,-63.66082613514096
9.42942942942943,610.9681584417224,-72.21968261922413,64.79375693028473,-63.86102633534116
9.44944944944945,612.265330752639,-73.49818164495669,64.79375693028473,-64.06122653554137
9.46946946946947,613.5625030635556,-74.78068868270526,64.79375693028473,-64.26142673574157
9.48948948948949,614.8596753744722,-76.06720373246986,64.79375693028473,-64.46162693594177
9.50950950950951,616.1568476853888,-77.35772679425048,64.79375693028473,-64.66182713614197
9.52952952952953,617.4540199963054,-78.65225786804712,64.79375693028473,-64.86202733634217
9.54954954954955,618.751192307222,-79.95079695385976,64.79375693028473,-65.06222753654237
9.56956956956957,620.0483646181386,-81.25334405168844,64.79375693028473,-65.26242773674257
9.58958958958959,621.3455369290552,-82.55989916153314,64.79375693028473,-65.46262793694277
9.60960960960961,622.6427092399719,-83.87046228339385,64.79375693028473,-65.66282813714297
9.62962962962963,623.9398815508885,-85.18503341727059,64.79375693028473,-65.86302833734317
9.64964964964965,625.2370538618051,-86.50361256316334,64.79375693028473,-66.06322853754337
9.66966966966967,626.5342261727217,-87.82619972107211,64.79375693028473,-66.26342873774357
9.68968968968969,627.8313984836383,-89.15279489099692,64.79375693028473,-66.46362893794377
9.70970970970971,629.1285707945549,-90.48339807293773,64.79375693028473,-66.66382913814397
9.72972972972973,630.4257431054715,-91.81800926689456,64.79375693028473,-66.86402933834417
9.74974974974975,631.7229154163881,-93.15662847286742,64.79375693028473,-67.06422953854437
9.76976976976977,633.0200877273047,-94.4992556908563,64.79375693028473,-67.26442973874457
9.78978978978979,634.3172600382213,-95.8458909208612,64.79375693028473,-67.46462993894477
9.80980980980981,635.6144323491379,-97.19653416288212,64.79375693028473,-67.66483013914497
9.82982982982983,636.9116046600545,-98.55118541691905,64.79375693028473,-67.86503033934517
9.84984984984985,638.2087769709711,-99.90984468297201,64.79375693028473,-68.06523053954537
9.86986986986987,639.5059492818878,-101.27251196104099,64.79375693028473,-68.26543073974557
9.88988988988989,640.8031215928044,-102.63918725112599,64.79375693028473,-68.46563093994577
9.90990990990991,642.100293903721,-104.009870553227,64.79375693028473,-68.66583114014597
9.92992992992993,643.3974662146376,-105.38456186734403,64.79375693028473,-68.86603134034617
9.94994994994995,644.6946385255542,-106.76326119347709,64.79375693028473,-69.06623154054637
9.96996996996997,645.9918108364708,-108.14596853162617,64.79375693028473,-69.26643174074657
9.98998998998999,647.2889831473874,-109.53268388179126,64.79375693028473,-69.46663194094677
10.01001001001001,648.586155458304,-110.92340724397238,64.79375693028473,-69.66683214114697
10.03003003003003,649.8833277692206,-112.31813861816951,64.79375693028473,-69.86703234134717
10.05005005005005,651.1805000801372,-113.71687800438266,64.79375693028473,-70.06723254154737
10.07007007007007,652.4776723910538,-115.11962540261185,64.79375693028473,-70.26743274174757
10.09009009009009,653.7748447019704,-116.52638081285704,64.79375693028473,-70.46763294194777
10.11011011011011,655.072017012887,-117.93714423511825,64.79375693028473,-70.66783314214797
10.13013013013013,656.3691893238037,-119.3519156693955,64.79375693028473,-70.86803334234817
10.15015015015015,657.6663616347203,-120.77069511568875,64.79375693028473,-71.06823354254837
10.17017017017017,658.9635339456369,-122.19348257399803,64.79375693028473,-71.26843374274857
10.19019019019019,660.2607062565535,-123.62027804432333,64.79375693028473,-71.46863394294877
10.21021021021021,661.5578785674701,-125.05108152666465,64.79375693028473,-71.66883414314897
10.23023023023023,662.8550508783867,-126.48589302102198,64.79375693028473,-71.86903434334917
10.25025025025025,664.1522231893033,-127.92471252739534,64.79375693028473,-72.06923454354937
10.27027027027027,665.4493955002199,-129.36754004578472,64.79375693028473,-72.26943474374957
10.29029029029029,666.7465678111365,-130.81437557619012,64.79375693028473,-72.46963494394977
10.31031031031031,668.0437401220531,-132.26521911861153,64.79375693028473,-72.66983514414997
10.33033033033033,669.3409124329697,-133.72007067304895,64.79375693028473,-72.87003534435017
10.35035035035035,670.6380847438863,-135.17893023950242,64.79375693028473,-73.07023554455037
10.37037037037037,671.935257054803,-136.6417978179719,64.79375693028473,-73.27043574475057
10.39039039039039,673.2324293657196,-138.1086734084574,64.79375693028473,-73.47063594495077
10.41041041041041,674.5296016766362,-139.57955701095892,64.79375693028473,-73.67083614515097
10.43043043043043,675.8267739875528,-141.05444862547645,64.79375693028473,-73.87103634535117
10.45045045045045,677.1239462984694,-142.53334825201,64.79375693028473,-74.07123654555137
10.47047047047047,678.421118609386,-144.0162558905596,64.79375693028473,-74.27143674575157
10.49049049049049,679.7182909203026,-145.5031715411252,64.79375693028473,-74.47163694595177
10.51051051051051,681.0154632312192,-146.99409520370682,64.79375693028473,-74.67183714615197
10.53053053053053,682.3126355421358,-148.48902687830446,64.79375693028473,-74.87203734635217
10.55055055055055,683.6098078530524,-149.9879665649181,64.79375693028473,-75.07223754655237
10.57057057057057,684.906980163969,-151.49091426354778,64.79375693028473,-75.27243774675257
10.59059059059059,686.2041524748856,-152.99786997419346,64.79375693028473,-75.47263794695277
10.61061061061061,687.5013247858022,-154.5088336968552,64.79375693028473,-75.67283814715297
10.63063063063063,688.7984970967188,-156.02380543153294,64.79375693028473,-75.87303834735317
10.65065065065065,690.0956694076355,-157.5427851782267,64.79375693028473,-76.07323854755337
10.67067067067067,691.3928417185521,-159.06577293693647,64.79375693028473,-76.27343874775357
10.690690690690692,692.6900140294687,-160.59276870766226,64.79375693028473,-76.47363894795377
10.71071071071071,693.9871863403853,-162.12377249040406,64.79375693028473,-76.67383914815397
10.73073073073073,695.2843586513019,-163.65878428516191,64.79375693028473,-76.87403934835417
10.75075075075075,696.5815309622185,-165.19780409193578,64.79375693028473,-77.07423954855437
10.77077077077077,697.8787032731351,-166.74083191072566,64.79375693028473,-77.27443974875457
10.790790790790792,699.1758755840517,-168.28786774153156,64.79375693028473,-77.47463994895477
10.81081081081081,700.4730478949683,-169.83891158435347,64.79375693028473,-77.67484014915497
10.83083083083083,701.7702202058849,-171.3939634391914,64.79375693028473,-77.87504034935517
10.85085085085085,703.0673925168015,-172.95302330604537,64.79375693028473,-78.07524054955537
10.87087087087087,704.3645648277181,-174.51609118491535,64.79375693028473,-78.27544074975557
10.890890890890892,705.6617371386347,-176.08316707580136,64.79375693028473,-78.47564094995577
10.91091091091091,706.9589094495514,-177.65425097870337,64.79375693028473,-78.67584115015597
10.93093093093093,708.256081760468,-179.2293428936214,64.79375693028473,-78.87604135035618
10.95095095095095,709.5532540713846,-180.80844282055546,64.79375693028473,-79.07624155055638
10.97097097097097,710.8504263823012,-182.39155075950552,64.79375693028473,-79.27644175075658
10.990990990990992,712.1475986932178,-183.97866671047163,64.79375693028473,-79.47664195095678
11.01101101101101,713.4447710041344,-185.56979067345375,64.79375693028473,-79.67684215115698
11.03103103103103,714.741943315051,-187.1649226484519,64.79375693028473,-79.87704235135718
11.05105105105105,716.0391156259676,-188.76406263546605,64.79375693028473,-80.07724255155738
11.07107107107107,717.3362879368842,-190.36721063449622,64.79375693028473,-80.27744275175758
11.091091091091092,718.6334602478008,-191.9743666455424,64.79375693028473,-80.47764295195778
11.11111111111111,719.9306325587174,-193.58553066860463,64.79375693028473,-80.67784315215798
11.13113113113113,721.227804869634,-195.20070270368288,64.79375693028473,-80.87804335235818
11.15115115115115,722.5249771805506,-196.81988275077714,64.79375693028473,-81.07824355255838
11.17117117117117,723.8221494914673,-198.44307080988742,64.79375693028473,-81.27844375275858
11.191191191191193,725.1193218023839,-200.0702668810137,64.79375693028473,-81.47864395295878
11.21121121121121,726.4164941133005,-201.70147096415602,64.79375693028473,-81.67884415315898
11.23123123123123,727.7136664242171,-203.33668305931437,64.79375693028473,-81.87904435335918
11.25125125125125,729.0108387351337,-204.97590316648873,64.79375693028473,-82.07924455355938
11.27127127127127,730.3080110460503,-206.61913128567912,64.79375693028473,-82.27944475375958
11.291291291291293,731.6051833569669,-208.26636741688552,64.79375693028473,-82.47964495395978
11.31131131131131,732.9023556678835,-209.91761156010793,64.79375693028473,-82.67984515415998
11.33133133133133,734.1995279788001,-211.57286371534636,64.79375693028473,-82.88004535436018
11.35135135135135,735.4967002897167,-213.2321238826008,64.79375693028473,-83.08024555456038
11.37137137137137,736.7938726006333,-214.8953920618713,64.79375693028473,-83.28044575476058
11.391391391391393,738.09104491155,-216.5626682531578,64.79375693028473,-83.48064595496078
11.411411411411411,739.3882172224666,-218.23395245646032,64.79375693028473,-83.68084615516098
11.431431431431431,740.6853895333832,-219.90924467177885,64.79375693028473,-83.88104635536118
11.451451451451451,741.9825618442998,-221.5885448991134,64.79375693028473,-84.08124655556138
11.471471471471471,743.2797341552164,-223.27185313846397,64.79375693028473,-84.28144675576158
11.491491491491493,744.576906466133,-224.95916938983058,64.79375693028473,-84.48164695596178
11.511511511511511,745.8740787770496,-226.6504936532132,64.79375693028473,-84.68184715616198
11.531531531531531,747.1712510879662,-228.34582592861184,64.79375693028473,-84.88204735636218
11.551551551551551,748.4684233988828,-230.0451662160265,64.79375693028473,-85.08224755656238
11.571571571571571,749.7655957097994,-231.74851451545717,64.79375693028473,-85.28244775676258
11.591591591591593,751.062768020716,-233.45587082690386,64.79375693028473,-85.48264795696278
11.611611611611611,752.3599403316326,-235.1672351503666,64.79375693028473,-85.68284815716298
11.631631631631631,753.6571126425492,-236.88260748584534,64.79375693028473,-85.88304835736318
11.651651651651651,754.9542849534658,-238.6019878333401,64.79375693028473,-86.08324855756338
11.671671671671671,756.2514572643825,-240.32537619285088,64.79375693028473,-86.28344875776358
11.691691691691693,757.5486295752991,-242.05277256437768,64.79375693028473,-86.48364895796378
11.711711711711711,758.8458018862157,-243.78417694792049,64.79375693028473,-86.68384915816398
11.731731731731731,760.1429741971323,-245.5195893434793,64.79375693028473,-86.88404935836418
11.751751751751751,761.4401465080489,-247.25900975105418,64.79375693028473,-87.08424955856438
11.771771771771771,762.7373188189655,-249.00243817064506,64.79375693028473,-87.28444975876458
11.791791791791793,764.0344911298821,-250.74987460225196,64.79375693028473,-87.48464995896478
11.811811811811811,765.3316634407987,-252.50131904587488,64.79375693028473,-87.68485015916498
11.831831831831831,766.6288357517153,-254.2567715015138,64.79375693028473,-87.88505035936518
11.851851851851851,767.9260080626319,-256.01623196916876,64.79375693028473,-88.08525055956538
11.871871871871871,769.2231803735485,-257.7797004488397,64.79375693028473,-88.28545075976558
11.891891891891893,770.5203526844651,-259.5471769405267,64.79375693028473,-88.48565095996578
11.911911911911911,771.8175249953817,-261.3186614442297,64.79375693028473,-88.68585116016598
11.931931931931931,773.1146973062984,-263.09415395994876,64.79375693028473,-88.88605136036618
11.951951951951951,774.411869617215,-264.87365448768384,64.79375693028473,-89.08625156056638
11.971971971971973,775.7090419281316,-266.65716302743493,64.79375693028473,-89.28645176076658
11.991991991991993,777.0062142390482,-268.44467957920205,64.79375693028473,-89.48665196096678
12.012012012012011,778.3033865499648,-270.2362041429852,64.79375693028473,-89.68685216116698
12.032032032032031,779.6005588608814,-272.0317367187843,64.79375693028473,-89.88705236136718
12.052052052052051,780.897731171798,-273.8312773065995,64.79375693028473,-90.08725256156738
12.072072072072073,782.1949034827146,-275.63482590643065,64.79375693028473,-90.28745276176758
12.092092092092093,783.4920757936312,-277.44238251827784,64.79375693028473,-90.48765296196778
12.112112112112111,784.7892481045478,-279.25394714214104,64.79375693028473,-90.68785316216798
12.132132132132131,786.0864204154644,-281.06951977802026,64.79375693028473,-90.88805336236818
12.152152152152151,787.383592726381,-282.8891004259155,64.79375693028473,-91.08825356256838
12.172172172172173,788.6807650372976,-284.71268908582675,64.79375693028473,-91.28845376276858
12.192192192192193,789.9779373482143,-286.5402857577541,64.79375693028473,-91.48865396296878
12.212212212212211,791.2751096591309,-288.3718904416974,64.79375693028473,-91.68885416316898
12.232232232232231,792.5722819700475,-290.2075031376568,64.79375693028473,-91.88905436336918
12.252252252252251,793.8694542809641,-292.04712384563214,64.79375693028473,-92.08925456356938
12.272272272272273,795.1666265918807,-293.89075256562353,64.79375693028473,-92.28945476376958
12.292292292292293,796.4637989027973,-295.73838929763093,64.79375693028473,-92.48965496396978
12.312312312312311,797.7609712137139,-297.59003404165435,64.79375693028473,-92.68985516416998
12.332332332332332,799.0581435246305,-299.4456867976938,64.79375693028473,-92.89005536437018
12.352352352352352,800.3553158355471,-301.30534756574923,64.79375693028473,-93.09025556457038
12.372372372372373,801.6524881464637,-303.1690163458207,64.79375693028473,-93.29045576477058
12.392392392392393,802.9496604573803,-305.0366931379082,64.79375693028473,-93.49065596497078
12.412412412412412,804.2468327682969,-306.90837794201167,64.79375693028473,-93.69085616517098
12.432432432432432,805.5440050792135,-308.78407075813124,64.79375693028473,-93.89105636537118
12.452452452452452,806.8411773901302,-310.6637715862668,64.79375693028473,-94.09125656557138
12.472472472472473,808.1383497010468,-312.5474804264184,64.79375693028473,-94.29145676577158
12.492492492492493,809.4355220119634,-314.43519727858603,64.79375693028473,-94.49165696597179
12.512512512512512,810.73269432288,-316.32692214276966,64.79375693028473,-94.69185716617199
12.532532532532532,812.0298666337966,-318.2226550189693,64.79375693028473,-94.89205736637219
12.552552552552552,813.3270389447132,-320.12239590718497,64.79375693028473,-95.09225756657239
12.572572572572573,814.6242112556298,-322.02614480741664,64.79375693028473,-95.29245776677259
12.592592592592593,815.9213835665464,-323.93390171966433,64.79375693028473,-95.49265796697279
12.612612612612612,817.218555877463,-325.84566664392804,64.79375693028473,-95.69285816717299
12.632632632632632,818.5157281883796,-327.76143958020776,64.79375693028473,-95.89305836737319
12.652652652652652,819.8129004992962,-329.6812205285035,64.79375693028473,-96.09325856757339
12.672672672672673,821.1100728102128,-331.60500948881526,64.79375693028473,-96.29345876777359
12.692692692692694,822.4072451211294,-333.5328064611431,64.79375693028473,-96.49365896797379
12.712712712712712,823.7044174320461,-335.4646114454869,64.79375693028473,-96.69385916817399
12.732732732732732,825.0015897429627,-337.4004244418468,64.79375693028473,-96.89405936837419
12.752752752752752,826.2987620538793,-339.34024545022265,64.79375693028473,-97.09425956857439
12.772772772772774,827.5959343647959,-341.28407447061454,64.79375693028473,-97.29445976877459
12.792792792792794,828.8931066757125,-343.23191150302245,64.79375693028473,-97.49465996897479
12.812812812812812,830.1902789866291,-345.18375654744636,64.79375693028473,-97.69486016917499
12.832832832832832,831.4874512975457,-347.1396096038863,64.79375693028473,-97.89506036937519
12.852852852852852,832.7846236084623,-349.09947067234225,64.79375693028473,-98.09526056957539
12.872872872872874,834.0817959193789,-351.0633397528142,64.79375693028473,-98.29546076977559
12.892892892892894,835.3789682302955,-353.0312168453022,64.79375693028473,-98.49566096997579
12.912912912912912,836.6761405412121,-355.0031019498062,64.79375693028473,-98.69586117017599
12.932932932932932,837.9733128521287,-356.9789950663262,64.79375693028473,-98.89606137037619
12.952952952952952,839.2704851630454,-358.9588961948623,64.79375693028473,-99.09626157057639
12.972972972972974,840.567657473962,-360.9428053354144,64.79375693028473,-99.29646177077659
12.992992992992994,841.8648297848786,-362.9307224879825,64.79375693028473,-99.49666197097679
13.013013013013012,843.1620020957952,-364.92264765256664,64.79375693028473,-99.69686217117699
13.033033033033032,844.4591744067118,-366.9185808291668,64.79375693028473,-99.89706237137719
13.053053053053052,845.7563467176284,-368.91852201778295,64.79375693028473,-100.09726257157739
13.073073073073074,847.053519028545,-370.9224712184151,64.79375693028473,-100.29746277177759
13.093093093093094,848.3506913394616,-372.9304284310633,64.79375693028473,-100.49766297197779
13.113113113113112,849.6478636503782,-374.9423936557275,64.79375693028473,-100.69786317217799
13.133133133133132,850.9450359612948,-376.95836689240775,64.79375693028473,-100.89806337237819
13.153153153153154,852.2422082722114,-378.978348141104,64.79375693028473,-101.09826357257839
13.173173173173174,853.539380583128,-381.00233740181625,64.79375693028473,-101.29846377277859
13.193193193193194,854.8365528940446,-383.0303346745446,64.79375693028473,-101.49866397297879
13.213213213213212,856.1337252049613,-385.0623399592889,64.79375693028473,-101.69886417317899
13.233233233233232,857.4308975158779,-387.0983532560493,64.79375693028473,-101.89906437337919
13.253253253253254,858.7280698267945,-389.13837456482565,64.79375693028473,-102.09926457357939
13.273273273273274,860.0252421377111,-391.18240388561804,64.79375693028473,-102.29946477377959
13.293293293293294,861.3224144486277,-393.23044121842645,64.79375693028473,-102.49966497397979
13.313313313313312,862.6195867595443,-395.28248656325087,64.79375693028473,-102.69986517417999
13.333333333333332,863.9167590704609,-397.3385399200913,64.79375693028473,-102.90006537438019
13.353353353353354,865.2139313813775,-399.39860128894776,64.79375693028473,-103.10026557458039
13.373373373373374,866.5111036922941,-401.4626706698202,64.79375693028473,-103.30046577478059
13.393393393393394,867.8082760032107,-403.5307480627087,64.79375693028473,-103.50066597498079
13.413413413413412,869.1054483141273,-405.6028334676132,64.79375693028473,-103.70086617518099
13.433433433433432,870.4026206250439,-407.6789268845337,64.79375693028473,-103.90106637538119
13.453453453453454,871.6997929359605,-409.7590283134703,64.79375693028473,-104.10126657558139
13.473473473473474,872.9969652468772,-411.8431377544229,64.79375693028473,-104.30146677578159
13.493493493493494,874.2941375577938,-413.93125520739153,64.79375693028473,-104.50166697598179
13.513513513513512,875.5913098687104,-416.02338067237616,64.79375693028473,-104.70186717618199
13.533533533533532,876.888482179627,-418.1195141493768,64.79375693028473,-104.90206737638219
13.553553553553554,878.1856544905436,-420.2196556383935,64.79375693028473,-105.10226757658239
13.573573573573574,879.4828268014602,-422.32380513942616,64.79375693028473,-105.30246777678259
13.593593593593594,880.7799991123768,-424.43196265247485,64.79375693028473,-105.50266797698279
13.613613613613612,882.0771714232934,-426.54412817753956,64.79375693028473,-105.70286817718299
13.633633633633632,883.37434373421,-428.6603017146203,64.79375693028473,-105.90306837738319
13.653653653653654,884.6715160451266,-430.78048326371703,64.79375693028473,-106.10326857758339
13.673673673673674,885.9686883560432,-432.9046728248298,64.79375693028473,-106.30346877778359
13.693693693693694,887.2658606669598,-435.03287039795856,64.79375693028473,-106.50366897798379
13.713713713713712,888.5630329778764,-437.1650759831034,64.79375693028473,-106.703869178184
13.733733733733732,889.860205288793,-439.30128958026427,64.79375693028473,-106.9040693783842
13.753753753753754,891.1573775997097,-441.44151118944114,64.79375693028473,-107.1042695785844
13.773773773773774,892.4545499106263,-443.58574081063404,64.79375693028473,-107.3044697787846
13.793793793793794,893.7517222215429,-445.73397844384294,64.79375693028473,-107.5046699789848
13.813813813813812,895.0488945324595,-447.88622408906787,64.79375693028473,-107.704870179185
13.833833833833832,896.3460668433761,-450.0424777463088,64.79375693028473,-107.9050703793852
13.853853853853854,897.6432391542927,-452.20273941556576,64.79375693028473,-108.1052705795854
13.873873873873874,898.9404114652093,-454.36700909683873,64.79375693028473,-108.3054707797856
13.893893893893894,900.2375837761259,-456.5352867901277,64.79375693028473,-108.5056709799858
13.913913913913913,901.5347560870425,-458.7075724954327,64.79375693028473,-108.705871180186
13.933933933933933,902.8319283979591,-460.88386621275373,64.79375693028473,-108.9060713803862
13.953953953953954,904.1291007088757,-463.0641679420908,64.79375693028473,-109.1062715805864
13.973973973973974,905.4262730197923,-465.2484776834439,64.79375693028473,-109.3064717807866
13.993993993993994,906.723445330709,-467.43679543681304,64.79375693028473,-109.5066719809868
14.014014014014013,908.0206176416256,-469.6291212021982,64.79375693028473,-109.706872181187
14.034034034034033,909.3177899525422,-471.82545497959933,64.79375693028473,-109.9070723813872
14.054054054054054,910.6149622634588,-474.0257967690165,64.79375693028473,-110.1072725815874
14.074074074074074,911.9121345743754,-476.2301465704497,64.79375693028473,-110.3074727817876
14.094094094094094,913.209306885292,-478.4385043838989,64.79375693028473,-110.5076729819878
14.114114114114113,914.5064791962086,-480.6508702093641,64.79375693028473,-110.707873182188
14.134134134134133,915.8036515071252,-482.8672440468453,64.79375693028473,-110.9080733823882
14.154154154154154,917.1008238180418,-485.08762589634256,64.79375693028473,-111.1082735825884
14.174174174174174,918.3979961289584,-487.3120157578558,64.79375693028473,-111.3084737827886
14.194194194194194,919.695168439875,-489.5404136313851,64.79375693028473,-111.5086739829888
14.214214214214213,920.9923407507916,-491.77281951693044,64.79375693028473,-111.708874183189
14.234234234234233,922.2895130617082,-494.0092334144918,64.79375693028473,-111.9090743833892
14.254254254254255,923.5866853726249,-496.2496553240692,64.79375693028473,-112.1092745835894
14.274274274274275,924.8838576835415,-498.4940852456626,64.79375693028473,-112.3094747837896
14.294294294294295,926.1810299944581,-500.742523179272,64.79375693028473,-112.5096749839898
14.314314314314313,927.4782023053747,-502.9949691248974,64.79375693028473,-112.70987518419
14.334334334334333,928.7753746162913,-505.25142308253885,64.79375693028473,-112.9100753843902
14.354354354354355,930.0725469272079,-507.5118850521963,64.79375693028473,-113.1102755845904
14.374374374374375,931.3697192381245,-509.7763550338698,64.79375693028473,-113.3104757847906
14.394394394394395,932.6668915490411,-512.0448330275593,64.79375693028473,-113.5106759849908
14.414414414414413,933.9640638599577,-514.3173190332649,64.79375693028473,-113.710876185191
14.434434434434436,935.2612361708743,-516.5938130509865,64.79375693028473,-113.9110763853912
14.454454454454455,936.5584084817909,-518.874315080724,64.79375693028473,-114.1112765855914
14.474474474474475,937.8555807927075,-521.1588251224777,64.79375693028473,-114.3114767857916
14.494494494494495,939.1527531036241,-523.4473431762473,64.79375693028473,-114.5116769859918
14.514514514514513,940.4499254145408,-525.7398692420329,64.79375693028473,-114.711877186192
14.534534534534536,941.7470977254574,-528.0364033198346,64.79375693028473,-114.9120773863922
14.554554554554555,943.044270036374,-530.3369454096522,64.79375693028473,-115.1122775865924
14.574574574574575,944.3414423472906,-532.6414955114859,64.79375693028473,-115.3124777867926
14.594594594594595,945.6386146582072,-534.9500536253356,64.79375693028473,-115.5126779869928
14.614614614614613,946.9357869691238,-537.2626197512013,64.79375693028473,-115.712878187193
14.634634634634637,948.2329592800404,-539.5791938890831,64.79375693028473,-115.9130783873932
14.654654654654655,949.530131590957,-541.8997760389808,64.79375693028473,-116.1132785875934
14.674674674674675,950.8273039018736,-544.2243662008946,64.79375693028473,-116.3134787877936
14.694694694694695,952.1244762127902,-546.5529643748243,64.79375693028473,-116.5136789879938
14.714714714714713,953.4216485237068,-548.8855705607701,64.79375693028473,-116.713879188194
14.734734734734737,954.7188208346234,-551.2221847587319,64.79375693028473,-116.9140793883942
14.754754754754755,956.01599314554,-553.5628069687098,64.79375693028473,-117.1142795885944
14.774774774774775,957.3131654564567,-555.9074371907036,64.79375693028473,-117.3144797887946
14.794794794794795,958.6103377673733,-558.2560754247135,64.79375693028473,-117.5146799889948
14.814814814814813,959.9075100782899,-560.6087216707393,64.79375693028473,-117.714880189195
14.834834834834837,961.2046823892065,-562.9653759287812,64.79375693028473,-117.9150803893952
14.854854854854855,962.5018547001231,-565.3260381988392,64.79375693028473,-118.1152805895954
14.874874874874875,963.7990270110397,-567.6907084809133,64.79375693028473,-118.3154807897956
14.894894894894895,965.0961993219563,-570.0593867750033,64.79375693028473,-118.5156809899958
14.914914914914913,966.3933716328729,-572.4320730811094,64.79375693028473,-118.715881190196
14.934934934934937,967.6905439437895,-574.8087673992314,64.79375693028473,-118.9160813903962
14.954954954954955,968.9877162547061,-577.1894697293695,64.79375693028473,-119.1162815905964
14.974974974974975,970.2848885656227,-579.5741800715236,64.79375693028473,-119.3164817907966
14.994994994994995,971.5820608765393,-581.9628984256938,64.79375693028473,-119.5166819909968
15.015015015015013,972.879233187456,-584.3556247918799,64.79375693028473,-119.716882191197
15.035035035035037,974.1764054983726,-586.7523591700821,64.79375693028473,-119.9170823913972
15.055055055055055,975.4735778092892,-589.1531015603002,64.79375693028473,-120.1172825915974
15.075075075075075,976.7707501202058,-591.5578519625344,64.79375693028473,-120.3174827917976
15.095095095095095,978.0679224311224,-593.9666103767846,64.79375693028473,-120.5176829919978
15.115115115115113,979.365094742039,-596.3793768030508,64.79375693028473,-120.717883192198
15.135135135135137,980.6622670529556,-598.7961512413331,64.79375693028473,-120.9180833923982
15.155155155155155,981.9594393638722,-601.2169336916313,64.79375693028473,-121.1182835925984
15.175175175175175,983.2566116747888,-603.6417241539456,64.79375693028473,-121.3184837927986
15.195195195195195,984.5537839857054,-606.0705226282759,64.79375693028473,-121.5186839929988
15.215215215215213,985.850956296622,-608.5033291146221,64.79375693028473,-121.718884193199
15.235235235235237,987.1481286075386,-610.9401436129845,64.79375693028473,-121.9190843933992
15.255255255255255,988.4453009184552,-613.3809661233628,64.79375693028473,-122.1192845935994
15.275275275275275,989.7424732293719,-615.8257966457571,64.79375693028473,-122.3194847937996
15.295295295295295,991.0396455402885,-618.2746351801675,64.79375693028473,-122.5196849939998
15.315315315315313,992.3368178512051,-620.7274817265939,64.79375693028473,-122.7198851942
15.335335335335337,993.6339901621217,-623.1843362850362,64.79375693028473,-122.9200853944002
15.355355355355355,994.9311624730383,-625.6451988554948,64.79375693028473,-123.1202855946004
15.375375375375375,996.2283347839549,-628.1100694379693,64.79375693028473,-123.3204857948006
15.395395395395395,997.5255070948715,-630.5789480324598,64.79375693028473,-123.5206859950008
15.415415415415413,998.8226794057881,-633.0518346389664,64.79375693028473,-123.720886195201
15.435435435435437,1000.1198517167047,-635.528729257489,64.79375693028473,-123.9210863954012
15.455455455455455,1001.4170240276213,-638.0096318880276,64.79375693028473,-124.1212865956014
15.475475475475475,1002.7141963385379,-640.4945425305822,64.79375693028473,-124.3214867958016
15.495495495495495,1004.0113686494545,-642.9834611851528,64.79375693028473,-124.5216869960018
15.515515515515514,1005.3085409603711,-645.4763878517394,64.79375693028473,-124.721887196202
15.535535535535537,1006.6057132712878,-647.9733225303421,64.79375693028473,-124.9220873964022
15.555555555555555,1007.9028855822044,-650.4742652209608,64.79375693028473,-125.1222875966024
15.575575575575575,1009.200057893121,-652.9792159235955,64.79375693028473,-125.3224877968026
15.595595595595595,1010.4972302040376,-655.4881746382462,64.79375693028473,-125.5226879970028
15.615615615615614,1011.7944025149542,-658.0011413649129,64.79375693028473,-125.722888197203
15.635635635635637,1013.0915748258708,-660.5181161035956,64.79375693028473,-125.9230883974032
15.655655655655655,1014.3887471367874,-663.0390988542944,64.79375693028473,-126.1232885976034
15.675675675675675,1015.685919447704,-665.5640896170091,64.79375693028473,-126.3234887978036
15.695695695695695,1016.9830917586206,-668.0930883917399,64.79375693028473,-126.5236889980038
15.715715715715717,1018.2802640695372,-670.6260951784867,64.79375693028473,-126.723889198204
15.735735735735737,1019.5774363804538,-673.1631099772495,64.79375693028473,-126.9240893984042
15.755755755755755,1020.8746086913704,-675.7041327880283,64.79375693028473,-127.1242895986044
15.775775775775776,1022.171781002287,-678.2491636108232,64.79375693028473,-127.3244897988046
15.795795795795796,1023.4689533132037,-680.798202445634,64.79375693028473,-127.5246899990048
15.815815815815817,1024.7661256241204,-683.3512492924609,64.79375693028473,-127.724890199205
15.835835835835837,1026.063297935037,-685.9083041513038,64.79375693028473,-127.9250903994052
15.855855855855856,1027.3604702459538,-688.4693670221628,64.79375693028473,-128.12529059960542
15.875875875875876,1028.6576425568705,-691.0344379050379,64.79375693028473,-128.32549079980564
15.895895895895896,1029.9548148677873,-693.6035167999289,64.79375693028473,-128.52569100000585
15.915915915915917,1031.251987178704,-696.176603706836,64.79375693028473,-128.72589120020606
15.935935935935937,1032.5491594896207,-698.7536986257591,64.79375693028473,-128.92609140040628
15.955955955955956,1033.8463318005374,-701.3348015566982,64.79375693028473,-129.1262916006065
15.975975975975976,1035.1435041114541,-703.9199124996533,64.79375693028473,-129.3264918008067
15.995995995995996,1036.4406764223709,-706.5090314546244,64.79375693028473,-129.52669200100692
16.016016016016017,1037.7378487332876,-709.1021584216115,64.79375693028473,-129.72689220120714
16.036036036036037,1039.0350210442043,-711.6992934006147,64.79375693028473,-129.92709240140735
16.056056056056057,1040.332193355121,-714.3004363916339,64.79375693028473,-130.12729260160756
16.076076076076077,1041.6293656660378,-716.905587394669,64.79375693028473,-130.32749280180778
16.096096096096094,1042.9265379769545,-719.5147464097203,64.79375693028473,-130.527693002008
16.116116116116117,1044.2237102878712,-722.1279134367875,64.79375693028473,-130.7278932022082
16.136136136136138,1045.520882598788,-724.7450884758707,64.79375693028473,-130.92809340240842
16.156156156156158,1046.8180549097046,-727.36627152697,64.79375693028473,-131.12829360260864
16.176176176176178,1048.1152272206214,-729.9914625900852,64.79375693028473,-131.32849380280885
16.196196196196194,1049.412399531538,-732.6206616652165,64.79375693028473,-131.52869400300906
16.216216216216218,1050.7095718424548,-735.2538687523638,64.79375693028473,-131.72889420320928
16.236236236236238,1052.0067441533715,-737.8910838515271,64.79375693028473,-131.9290944034095
16.256256256256258,1053.3039164642882,-740.5323069627065,64.79375693028473,-132.1292946036097
16.276276276276278,1054.601088775205,-743.1775380859018,64.79375693028473,-132.32949480380992
16.296296296296294,1055.8982610861217,-745.8267772211132,64.79375693028473,-132.52969500401014
16.316316316316318,1057.1954333970384,-748.4800243683405,64.79375693028473,-132.72989520421035
16.336336336336338,1058.4926057079551,-751.137279527584,64.79375693028473,-132.93009540441057
16.356356356356358,1059.7897780188719,-753.7985426988436,64.79375693028473,-133.13029560461078
16.376376376376378,1061.0869503297886,-756.4638138821191,64.79375693028473,-133.330495804811
16.396396396396394,1062.3841226407053,-759.1330930774106,64.79375693028473,-133.5306960050112
16.416416416416418,1063.681294951622,-761.8063802847182,64.79375693028473,-133.73089620521142
16.436436436436438,1064.9784672625387,-764.4836755040418,64.79375693028473,-133.93109640541164
16.456456456456458,1066.2756395734555,-767.1649787353814,64.79375693028473,-134.13129660561185
16.476476476476478,1067.5728118843722,-769.850289978737,64.79375693028473,-134.33149680581207
16.496496496496494,1068.869984195289,-772.5396092341086,64.79375693028473,-134.53169700601228
16.516516516516518,1070.1671565062056,-775.2329365014963,64.79375693028473,-134.7318972062125
16.536536536536538,1071.4643288171224,-777.9302717809,64.79375693028473,-134.9320974064127
16.556556556556558,1072.761501128039,-780.6316150723196,64.79375693028473,-135.13229760661292
16.576576576576578,1074.0586734389558,-783.3369663757553,64.79375693028473,-135.33249780681314
16.596596596596594,1075.3558457498725,-786.046325691207,64.79375693028473,-135.53269800701335
16.616616616616618,1076.6530180607892,-788.7596930186747,64.79375693028473,-135.73289820721357
16.636636636636638,1077.950190371706,-791.4770683581585,64.79375693028473,-135.93309840741378
16.656656656656658,1079.2473626826227,-794.1984517096582,64.79375693028473,-136.133298607614
16.676676676676678,1080.5445349935394,-796.923843073174,64.79375693028473,-136.3334988078142
16.696696696696694,1081.8417073044561,-799.6532424487058,64.79375693028473,-136.53369900801442
16.716716716716718,1083.1388796153728,-802.3866498362536,64.79375693028473,-136.73389920821464
16.736736736736738,1084.4360519262896,-805.1240652358174,64.79375693028473,-136.93409940841485
16.756756756756758,1085.7332242372063,-807.8654886473972,64.79375693028473,-137.13429960861507
16.776776776776778,1087.030396548123,-810.6109200709931,64.79375693028473,-137.33449980881528
16.796796796796794,1088.3275688590397,-813.3603595066049,64.79375693028473,-137.5347000090155
16.816816816816818,1089.6247411699565,-816.1138069542329,64.79375693028473,-137.7349002092157
16.836836836836838,1090.9219134808732,-818.8712624138769,64.79375693028473,-137.93510040941592
16.856856856856858,1092.21908579179,-821.632725885537,64.79375693028473,-138.13530060961614
16.876876876876878,1093.5162581027066,-824.398197369213,64.79375693028473,-138.33550080981635
16.896896896896898,1094.8134304136233,-827.167676864905,64.79375693028473,-138.53570101001657
16.916916916916918,1096.11060272454,-829.9411643726131,64.79375693028473,-138.73590121021678
16.936936936936938,1097.4077750354568,-832.7186598923372,64.79375693028473,-138.936101410417
16.956956956956958,1098.7049473463735,-835.5001634240773,64.79375693028473,-139.1363016106172
16.976976976976978,1100.0021196572902,-838.2856749678334,64.79375693028473,-139.33650181081742
16.996996996996998,1101.299291968207,-841.0751945236055,64.79375693028473,-139.53670201101764
17.017017017017018,1102.5964642791237,-843.8687220913937,64.79375693028473,-139.73690221121785
17.037037037037038,1103.8936365900404,-846.6662576711979,64.79375693028473,-139.93710241141807
17.057057057057058,1105.190808900957,-849.467801263018,64.79375693028473,-140.13730261161828
17.077077077077078,1106.4879812118738,-852.2733528668542,64.79375693028473,-140.3375028118185
17.097097097097098,1107.7851535227906,-855.0829124827064,64.79375693028473,-140.5377030120187
17.117117117117118,1109.0823258337073,-857.8964801105747,64.79375693028473,-140.73790321221892
17.137137137137138,1110.379498144624,-860.7140557504589,64.79375693028473,-140.93810341241914
17.157157157157158,1111.6766704555407,-863.5356394023592,64.79375693028473,-141.13830361261935
17.177177177177178,1112.9738427664574,-866.3612310662754,64.79375693028473,-141.33850381281957
17.197197197197198,1114.2710150773742,-869.1908307422077,64.79375693028473,-141.53870401301978
17.217217217217218,1115.5681873882909,-872.024438430156,64.79375693028473,-141.73890421322
17.237237237237238,1116.8653596992076,-874.8620541301203,64.79375693028473,-141.9391044134202
17.25725725725726,1118.1625320101243,-877.7036778421007,64.79375693028473,-142.13930461362042
17.27727727727728,1119.459704321041,-880.549309566097,64.79375693028473,-142.33950481382064
17.2972972972973,1120.7568766319578,-883.3989493021095,64.79375693028473,-142.53970501402085
17.31731731731732,1122.0540489428745,-886.252597050138,64.79375693028473,-142.73990521422107
17.33733733733734,1123.3512212537912,-889.1102528101825,64.79375693028473,-142.94010541442128
17.35735735735736,1124.648393564708,-891.971916582243,64.79375693028473,-143.1403056146215
17.37737737737738,1125.9455658756247,-894.8375883663196,64.79375693028473,-143.3405058148217
17.3973973973974,1127.2427381865414,-897.7072681624121,64.79375693028473,-143.54070601502193
17.41741741741742,1128.539910497458,-900.5809559705207,64.79375693028473,-143.74090621522214
17.43743743743744,1129.8370828083748,-903.4586517906453,64.79375693028473,-143.94110641542235
17.45745745745746,1131.1342551192915,-906.3403556227859,64.79375693028473,-144.14130661562257
17.47747747747748,1132.4314274302083,-909.2260674669425,64.79375693028473,-144.34150681582278
17.4974974974975,1133.728599741125,-912.1157873231151,64.79375693028473,-144.541707016023
17.51751751751752,1135.0257720520417,-915.0095151913038,64.79375693028473,-144.7419072162232
17.53753753753754,1136.3229443629584,-917.9072510715084,64.79375693028473,-144.94210741642343
17.55755755755756,1137.6201166738751,-920.8089949637291,64.79375693028473,-145.14230761662364
17.57757757757758,1138.9172889847919,-923.7147468679658,64.79375693028473,-145.34250781682385
17.5975975975976,1140.2144612957086,-926.6245067842185,64.79375693028473,-145.54270801702407
17.61761761761762,1141.5116336066253,-929.5382747124872,64.79375693028473,-145.74290821722428
17.63763763763764,1142.808805917542,-932.456050652772,64.79375693028473,-145.9431084174245
17.65765765765766,1144.1059782284588,-935.3778346050727,64.79375693028473,-146.1433086176247
17.67767767767768,1145.4031505393755,-938.3036265693895,64.79375693028473,-146.34350881782493
17.6976976976977,1146.7003228502922,-941.2334265457223,64.79375693028473,-146.54370901802514
17.71771771771772,1147.997495161209,-944.1672345340711,64.79375693028473,-146.74390921822535
17.73773773773774,1149.2946674721256,-947.1050505344359,64.79375693028473,-146.94410941842557
17.75775775775776,1150.5918397830424,-950.0468745468169,64.79375693028473,-147.14430961862578
17.77777777777778,1151.889012093959,-952.9927065712138,64.79375693028473,-147.344509818826
17.7977977977978,1153.1861844048758,-955.9425466076268,64.79375693028473,-147.5447100190262
17.81781781781782,1154.4833567157925,-958.8963946560558,64.79375693028473,-147.74491021922643
17.83783783783784,1155.7805290267092,-961.8542507165008,64.79375693028473,-147.94511041942664
17.85785785785786,1157.077701337626,-964.8161147889618,64.79375693028473,-148.14531061962685
17.87787787787788,1158.3748736485427,-967.7819868734389,64.79375693028473,-148.34551081982707
17.8978978978979,1159.6720459594594,-970.7518669699319,64.79375693028473,-148.54571102002728
17.91791791791792,1160.9692182703761,-973.725755078441,64.79375693028473,-148.7459112202275
17.93793793793794,1162.2663905812929,-976.7036511989661,64.79375693028473,-148.9461114204277
17.95795795795796,1163.5635628922096,-979.6855553315072,64.79375693028473,-149.14631162062793
17.97797797797798,1164.8607352031263,-982.6714674760643,64.79375693028473,-149.34651182082814
17.997997997998,1166.157907514043,-985.6613876326375,64.79375693028473,-149.54671202102836
18.01801801801802,1167.4550798249597,-988.6553158012266,64.79375693028473,-149.74691222122857
18.03803803803804,1168.7522521358765,-991.6532519818318,64.79375693028473,-149.94711242142878
18.05805805805806,1170.0494244467932,-994.655196174453,64.79375693028473,-150.147312621629
18.07807807807808,1171.34659675771,-997.6611483790902,64.79375693028473,-150.3475128218292
18.0980980980981,1172.6437690686266,-1000.6711085957434,64.79375693028473,-150.54771302202943
18.11811811811812,1173.9409413795433,-1003.6850768244126,64.79375693028473,-150.74791322222964
18.13813813813814,1175.23811369046,-1006.7030530650978,64.79375693028473,-150.94811342242986
18.15815815815816,1176.5352860013768,-1009.7250373177991,64.79375693028473,-151.14831362263007
18.17817817817818,1177.8324583122935,-1012.7510295825164,64.79375693028473,-151.34851382283028
18.1981981981982,1179.1296306232102,-1015.7810298592497,64.79375693028473,-151.5487140230305
18.21821821821822,1180.426802934127,-1018.815038147999,64.79375693028473,-151.7489142232307
18.23823823823824,1181.7239752450437,-1021.8530544487644,64.79375693028473,-151.94911442343093
18.25825825825826,1183.0211475559604,-1024.8950787615458,64.79375693028473,-152.14931462363114
18.27827827827828,1184.3183198668771,-1027.9411110863432,64.79375693028473,-152.34951482383136
18.2982982982983,1185.6154921777938,-1030.9911514231567,64.79375693028473,-152.54971502403157
18.31831831831832,1186.9126644887106,-1034.045199771986,64.79375693028473,-152.74991522423178
18.33833833833834,1188.2098367996273,-1037.1032561328316,64.79375693028473,-152.950115424432
18.35835835835836,1189.507009110544,-1040.165320505693,64.79375693028473,-153.1503156246322
18.37837837837838,1190.8041814214607,-1043.2313928905705,64.79375693028473,-153.35051582483243
18.3983983983984,1192.1013537323774,-1046.301473287464,64.79375693028473,-153.55071602503264
18.41841841841842,1193.3985260432942,-1049.3755616963736,64.79375693028473,-153.75091622523286
18.43843843843844,1194.695698354211,-1052.453658117299,64.79375693028473,-153.95111642543307
18.45845845845846,1195.9928706651276,-1055.5357625502406,64.79375693028473,-154.15131662563329
18.47847847847848,1197.2900429760443,-1058.6218749951984,64.79375693028473,-154.3515168258335
18.4984984984985,1198.587215286961,-1061.711995452172,64.79375693028473,-154.5517170260337
18.51851851851852,1199.8843875978778,-1064.8061239211618,64.79375693028473,-154.75191722623393
18.53853853853854,1201.1815599087945,-1067.9042604021674,64.79375693028473,-154.95211742643414
18.55855855855856,1202.4787322197112,-1071.0064048951892,64.79375693028473,-155.15231762663436
18.57857857857858,1203.775904530628,-1074.112557400227,64.79375693028473,-155.35251782683457
18.5985985985986,1205.0730768415447,-1077.2227179172808,64.79375693028473,-155.55271802703479
18.61861861861862,1206.3702491524614,-1080.3368864463505,64.79375693028473,-155.752918227235
18.63863863863864,1207.667421463378,-1083.4550629874363,64.79375693028473,-155.95311842743521
18.65865865865866,1208.9645937742948,-1086.577247540538,64.79375693028473,-156.15331862763543
18.67867867867868,1210.2617660852115,-1089.703440105656,64.79375693028473,-156.35351882783564
18.6986986986987,1211.5589383961283,-1092.8336406827898,64.79375693028473,-156.55371902803586
18.71871871871872,1212.856110707045,-1095.9678492719397,64.79375693028473,-156.75391922823607
18.73873873873874,1214.1532830179617,-1099.1060658731055,64.79375693028473,-156.9541194284363
18.75875875875876,1215.4504553288784,-1102.2482904862875,64.79375693028473,-157.1543196286365
18.77877877877878,1216.7476276397952,-1105.3945231114853,64.79375693028473,-157.35451982883671
18.7987987987988,1218.0447999507119,-1108.5447637486993,64.79375693028473,-157.55472002903693
18.81881881881882,1219.3419722616286,-1111.6990123979292,64.79375693028473,-157.75492022923714
18.83883883883884,1220.6391445725453,-1114.8572690591752,64.79375693028473,-157.95512042943736
18.85885885885886,1221.936316883462,-1118.0195337324371,64.79375693028473,-158.15532062963757
18.87887887887888,1223.2334891943788,-1121.1858064177152,64.79375693028473,-158.3555208298378
18.8988988988989,1224.5306615052955,-1124.3560871150091,64.79375693028473,-158.555721030038
18.91891891891892,1225.8278338162122,-1127.5303758243192,64.79375693028473,-158.75592123023822
18.93893893893894,1227.125006127129,-1130.7086725456452,64.79375693028473,-158.95612143043843
18.95895895895896,1228.4221784380456,-1133.8909772789873,64.79375693028473,-159.15632163063864
18.97897897897898,1229.7193507489624,-1137.0772900243455,64.79375693028473,-159.35652183083886
18.998998998999,1231.016523059879,-1140.2676107817197,64.79375693028473,-159.55672203103907
19.01901901901902,1232.3136953707958,-1143.46193955111,64.79375693028473,-159.7569222312393
19.03903903903904,1233.6108676817125,-1146.660276332516,64.79375693028473,-159.9571224314395
19.05905905905906,1234.9080399926293,-1149.8626211259384,64.79375693028473,-160.15732263163972
19.07907907907908,1236.205212303546,-1153.0689739313766,64.79375693028473,-160.35752283183993
19.0990990990991,1237.5023846144627,-1156.279334748831,64.79375693028473,-160.55772303204014
19.11911911911912,1238.7995569253794,-1159.4937035783012,64.79375693028473,-160.75792323224036
19.13913913913914,1240.0967292362961,-1162.7120804197875,64.79375693028473,-160.95812343244057
19.15915915915916,1241.3939015472129,-1165.9344652732898,64.79375693028473,-161.1583236326408
19.17917917917918,1242.6910738581296,-1169.1608581388082,64.79375693028473,-161.358523832841
19.1991991991992,1243.9882461690463,-1172.3912590163425,64.79375693028473,-161.55872403304122
19.21921921921922,1245.285418479963,-1175.625667905893,64.79375693028473,-161.75892423324143
19.23923923923924,1246.5825907908797,-1178.8640848074592,64.79375693028473,-161.95912443344164
19.25925925925926,1247.8797631017965,-1182.1065097210417,64.79375693028473,-162.15932463364186
19.27927927927928,1249.1769354127132,-1185.35294264664,64.79375693028473,-162.35952483384207
19.2992992992993,1250.47410772363,-1188.6033835842545,64.79375693028473,-162.5597250340423
19.31931931931932,1251.7712800345466,-1191.857832533885,64.79375693028473,-162.7599252342425
19.33933933933934,1253.0684523454634,-1195.1162894955314,64.79375693028473,-162.96012543444272
19.35935935935936,1254.36562465638,-1198.3787544691938,64.79375693028473,-163.16032563464293
19.37937937937938,1255.6627969672968,-1201.6452274548724,64.79375693028473,-163.36052583484314
19.3993993993994,1256.9599692782135,-1204.9157084525668,64.79375693028473,-163.56072603504336
19.41941941941942,1258.2571415891302,-1208.1901974622774,64.79375693028473,-163.76092623524357
19.43943943943944,1259.554313900047,-1211.4686944840041,64.79375693028473,-163.9611264354438
19.45945945945946,1260.8514862109637,-1214.7511995177467,64.79375693028473,-164.161326635644
19.47947947947948,1262.1486585218804,-1218.0377125635055,64.79375693028473,-164.36152683584422
19.4994994994995,1263.4458308327971,-1221.32823362128,64.79375693028473,-164.56172703604443
19.51951951951952,1264.7430031437138,-1224.6227626910709,64.79375693028473,-164.76192723624465
19.53953953953954,1266.0401754546306,-1227.9212997728775,64.79375693028473,-164.96212743644486
19.55955955955956,1267.3373477655473,-1231.2238448667003,64.79375693028473,-165.16232763664507
19.57957957957958,1268.634520076464,-1234.530397972539,64.79375693028473,-165.3625278368453
19.5995995995996,1269.9316923873807,-1237.8409590903939,64.79375693028473,-165.5627280370455
19.61961961961962,1271.2288646982975,-1241.1555282202646,64.79375693028473,-165.76292823724572
19.63963963963964,1272.5260370092142,-1244.4741053621515,64.79375693028473,-165.96312843744593
19.65965965965966,1273.823209320131,-1247.7966905160542,64.79375693028473,-166.16332863764615
19.67967967967968,1275.1203816310476,-1251.1232836819731,64.79375693028473,-166.36352883784636
19.6996996996997,1276.4175539419643,-1254.453884859908,64.79375693028473,-166.56372903804657
19.71971971971972,1277.714726252881,-1257.7884940498589,64.79375693028473,-166.7639292382468
19.73973973973974,1279.0118985637978,-1261.1271112518257,64.79375693028473,-166.964129438447
19.75975975975976,1280.3090708747145,-1264.4697364658086,64.79375693028473,-167.16432963864722
19.77977977977978,1281.6062431856312,-1267.8163696918075,64.79375693028473,-167.36452983884743
19.7997997997998,1282.903415496548,-1271.1670109298225,64.79375693028473,-167.56473003904765
19.81981981981982,1284.2005878074647,-1274.5216601798534,64.79375693028473,-167.76493023924786
19.83983983983984,1285.4977601183814,-1277.8803174419004,64.79375693028473,-167.96513043944807
19.85985985985986,1286.7949324292981,-1281.2429827159633,64.79375693028473,-168.1653306396483
19.87987987987988,1288.0921047402148,-1284.6096560020424,64.79375693028473,-168.3655308398485
19.8998998998999,1289.3892770511316,-1287.9803373001375,64.79375693028473,-168.56573104004872
19.91991991991992,1290.6864493620483,-1291.3550266102486,64.79375693028473,-168.76593124024893
19.93993993993994,1291.983621672965,-1294.7337239323758,64.79375693028473,-168.96613144044915
19.95995995995996,1293.2807939838817,-1298.116429266519,64.79375693028473,-169.16633164064936
19.97997997997998,1294.5779662947984,-1301.5031426126782,64.79375693028473,-169.36653184084958
20.0,1295.8751386057152,-1304.8938639708533,64.79375693028473,-169.5667320410498
