t,xpos,ypos,vx,vy
0.0,0.0,86.85930722508637,55.75491848066309,9.352926691182551
0.02002002002002002,1.1162145841974593,87.04655300468963,55.75491848066309,9.152726490982351
0.04004004004004004,2.2324291683949187,87.22979077227686,55.75491848066309,8.952526290782151
0.06006006006006006,3.348643752592378,87.40902052784807,55.75491848066309,8.75232609058195
0.08008008008008008,4.464858336789837,87.58424227140327,55.75491848066309,8.55212589038175
0.10010010010010009,5.581072920987297,87.75545600294244,55.75491848066309,8.35192569018155
0.12012012012012012,6.6972875051847565,87.92266172246559,55.75491848066309,8.15172548998135
0.14014014014014015,7.813502089382216,88.08585942997273,55.75491848066309,7.95152528978115
0.16016016016016016,8.929716673579675,88.24504912546384,55.75491848066309,7.75132508958095
0.18018018018018017,10.045931257777134,88.40023080893893,55.75491848066309,7.55112488938075
0.20020020020020018,11.162145841974594,88.551404480398,55.75491848066309,7.35092468918055
0.22022022022022023,12.278360426172053,88.69857013984105,55.75491848066309,7.15072448898035
0.24024024024024024,13.394575010369513,88.84172778726808,55.75491848066309,6.95052428878015
0.2602602602602603,14.510789594566972,88.9808774226791,55.75491848066309,6.75032408857995
0.2802802802802803,15.627004178764432,89.1160190460741,55.75491848066309,6.5501238883797495
0.3003003003003003,16.74321876296189,89.24715265745307,55.75491848066309,6.349923688179549
0.3203203203203203,17.85943334715935,89.37427825681603,55.75491848066309,6.149723487979349
0.3403403403403404,18.975647931356807,89.49739584416297,55.75491848066309,5.949523287779149
0.36036036036036034,20.091862515554265,89.61650541949388,55.75491848066309,5.749323087578949
0.3803803803803804,21.208077099751723,89.73160698280877,55.75491848066309,5.549122887378749
0.40040040040040037,22.32429168394918,89.84270053410765,55.75491848066309,5.348922687178549
0.42042042042042044,23.44050626814664,89.9497860733905,55.75491848066309,5.1487224869783486
0.44044044044044045,24.556720852344096,90.05286360065733,55.75491848066309,4.948522286778148
0.4604604604604605,25.672935436541554,90.15193311590815,55.75491848066309,4.748322086577948
0.4804804804804805,26.78915002073901,90.24699461914294,55.75491848066309,4.548121886377748
0.5005005005005005,27.90536460493647,90.33804811036171,55.75491848066309,4.347921686177548
0.5205205205205206,29.021579189133927,90.42509358956447,55.75491848066309,4.147721485977348
0.5405405405405406,30.137793773331385,90.5081310567512,55.75491848066309,3.947521285777148
0.5605605605605606,31.254008357528843,90.58716051192191,55.75491848066309,3.7473210855769477
0.5805805805805806,32.370222941726304,90.6621819550766,55.75491848066309,3.5471208853767475
0.6006006006006006,33.48643752592376,90.73319538621527,55.75491848066309,3.3469206851765474
0.6206206206206206,34.60265211012122,90.80020080533792,55.75491848066309,3.1467204849763473
0.6406406406406406,35.71886669431868,90.86319821244456,55.75491848066309,2.946520284776147
0.6606606606606606,36.835081278516135,90.92218760753518,55.75491848066309,2.746320084575947
0.6806806806806808,37.95129586271359,90.97716899060977,55.75491848066309,2.546119884375747
0.7007007007007007,39.06751044691105,91.02814236166834,55.75491848066309,2.3459196841755467
0.7207207207207207,40.18372503110851,91.0751077207109,55.75491848066309,2.1457194839753466
0.7407407407407407,41.299939615305966,91.11806506773743,55.75491848066309,1.9455192837751465
0.7607607607607608,42.416154199503424,91.15701440274795,55.75491848066309,1.7453190835749464
0.7807807807807808,43.53236878370088,91.19195572574245,55.75491848066309,1.5451188833747462
0.8008008008008007,44.64858336789834,91.22288903672091,55.75491848066309,1.344918683174546
0.8208208208208208,45.7647979520958,91.24981433568337,55.75491848066309,1.144718482974346
0.8408408408408409,46.881012536293255,91.2727316226298,55.75491848066309,0.9445182827741458
0.8608608608608609,47.99722712049071,91.29164089756021,55.75491848066309,0.7443180825739457
0.8808808808808809,49.11344170468817,91.3065421604746,55.75491848066309,0.5441178823737456
0.9009009009009008,50.22965628888563,91.31743541137298,55.75491848066309,0.3439176821735454
0.920920920920921,51.345870873083086,91.32432065025533,55.75491848066309,0.14371748197334522
0.9409409409409409,52.462085457280544,91.32719787712166,55.75491848066309,-0.05648271822685497
0.960960960960961,53.578300041478,91.32606709197198,55.75491848066309,-0.25668291842705515
0.980980980980981,54.69451462567546,91.32092829480627,55.75491848066309,-0.45688311862725534
1.001001001001001,55.81072920987292,91.31178148562454,55.75491848066309,-0.6570833188274555
1.021021021021021,56.926943794070375,91.29862666442679,55.75491848066309,-0.8572835190276558
1.0410410410410411,58.04315837826783,91.28146383121303,55.75491848066309,-1.057483719227856
1.0610610610610611,59.15937296246529,91.26029298598324,55.75491848066309,-1.257683919428056
1.0810810810810811,60.27558754666275,91.23511412873744,55.75491848066309,-1.4578841196282561
1.1011011011011012,61.391802130860206,91.20592725947562,55.75491848066309,-1.6580843198284563
1.1211211211211212,62.508016715057664,91.17273237819776,55.75491848066309,-1.8582845200286564
1.1411411411411412,63.62423129925512,91.1355294849039,55.75491848066309,-2.0584847202288565
1.1611611611611612,64.74044588345258,91.09431857959402,55.75491848066309,-2.2586849204290567
1.1811811811811812,65.85666046765004,91.0490996622681,55.75491848066309,-2.458885120629257
1.2012012012012012,66.97287505184751,90.99987273292618,55.75491848066309,-2.659085320829457
1.2212212212212212,68.08908963604497,90.94663779156824,55.75491848066309,-2.859285521029657
1.2412412412412412,69.20530422024244,90.88939483819426,55.75491848066309,-3.059485721229857
1.2612612612612613,70.3215188044399,90.82814387280428,55.75491848066309,-3.2596859214300573
1.2812812812812813,71.43773338863737,90.76288489539827,55.75491848066309,-3.4598861216302574
1.3013013013013013,72.55394797283483,90.69361790597624,55.75491848066309,-3.6600863218304576
1.3213213213213213,73.6701625570323,90.62034290453819,55.75491848066309,-3.8602865220306577
1.3413413413413413,74.78637714122976,90.54305989108413,55.75491848066309,-4.060486722230858
1.3613613613613615,75.90259172542723,90.46176886561403,55.75491848066309,-4.260686922431058
1.3813813813813813,77.0188063096247,90.37646982812792,55.75491848066309,-4.4608871226312585
1.4014014014014013,78.13502089382216,90.2871627786258,55.75491848066309,-4.661087322831459
1.4214214214214214,79.25123547801962,90.19384771710766,55.75491848066309,-4.861287523031659
1.4414414414414414,80.36745006221709,90.09652464357349,55.75491848066309,-5.061487723231859
1.4614614614614616,81.48366464641455,89.9951935580233,55.75491848066309,-5.261687923432059
1.4814814814814814,82.59987923061202,89.8898544604571,55.75491848066309,-5.461888123632259
1.5015015015015014,83.71609381480948,89.78050735087487,55.75491848066309,-5.662088323832459
1.5215215215215216,84.83230839900695,89.66715222927662,55.75491848066309,-5.862288524032659
1.5415415415415414,85.94852298320441,89.54978909566236,55.75491848066309,-6.06248872423286
1.5615615615615617,87.06473756740188,89.42841795003207,55.75491848066309,-6.26268892443306
1.5815815815815815,88.18095215159934,89.30303879238576,55.75491848066309,-6.46288912463326
1.6016016016016015,89.29716673579681,89.17365162272344,55.75491848066309,-6.66308932483346
1.6216216216216217,90.41338131999427,89.04025644104509,55.75491848066309,-6.86328952503366
1.6416416416416415,91.52959590419174,88.90285324735072,55.75491848066309,-7.06348972523386
1.6616616616616617,92.6458104883892,88.76144204164034,55.75491848066309,-7.26368992543406
1.6816816816816818,93.76202507258667,88.61602282391392,55.75491848066309,-7.4638901256342605
1.7017017017017015,94.87823965678413,88.4665955941715,55.75491848066309,-7.664090325834461
1.7217217217217218,95.9944542409816,88.31316035241305,55.75491848066309,-7.864290526034661
1.7417417417417416,97.11066882517906,88.15571709863858,55.75491848066309,-8.064490726234862
1.7617617617617618,98.22688340937653,87.99426583284809,55.75491848066309,-8.264690926435062
1.7817817817817818,99.34309799357399,87.82880655504158,55.75491848066309,-8.464891126635262
1.8018018018018016,100.45931257777146,87.65933926521906,55.75491848066309,-8.665091326835462
1.8218218218218218,101.57552716196892,87.48586396338051,55.75491848066309,-8.865291527035662
1.841841841841842,102.69174174616639,87.30838064952594,55.75491848066309,-9.065491727235862
1.8618618618618619,103.80795633036385,87.12688932365536,55.75491848066309,-9.265691927436063
1.8818818818818819,104.92417091456132,86.94138998576875,55.75491848066309,-9.465892127636263
1.9019019019019017,106.04038549875878,86.75188263586612,55.75491848066309,-9.666092327836463
1.921921921921922,107.15660008295625,86.55836727394748,55.75491848066309,-9.866292528036663
1.9419419419419421,108.27281466715371,86.36084390001281,55.75491848066309,-10.066492728236863
1.961961961961962,109.38902925135118,86.15931251406212,55.75491848066309,-10.266692928437063
1.981981981981982,110.50524383554864,85.95377311609542,55.75491848066309,-10.466893128637263
2.002002002002002,111.6214584197461,85.74422570611269,55.75491848066309,-10.667093328837463
2.022022022022022,112.73767300394357,85.53067028411394,55.75491848066309,-10.867293529037664
2.042042042042042,113.85388758814103,85.31310685009917,55.75491848066309,-11.067493729237864
2.0620620620620618,114.9701021723385,85.09153540406838,55.75491848066309,-11.267693929438064
2.0820820820820822,116.08631675653596,84.86595594602157,55.75491848066309,-11.467894129638264
2.1021021021021022,117.20253134073343,84.63636847595875,55.75491848066309,-11.668094329838464
2.1221221221221223,118.3187459249309,84.40277299387989,55.75491848066309,-11.868294530038664
2.1421421421421423,119.43496050912836,84.16516949978502,55.75491848066309,-12.068494730238864
2.1621621621621623,120.55117509332582,83.92355799367414,55.75491848066309,-12.268694930439064
2.1821821821821823,121.66738967752329,83.67793847554722,55.75491848066309,-12.468895130639265
2.2022022022022023,122.78360426172075,83.42831094540429,55.75491848066309,-12.669095330839465
2.2222222222222223,123.89981884591822,83.17467540324535,55.75491848066309,-12.869295531039665
2.2422422422422423,125.01603343011568,82.91703184907038,55.75491848066309,-13.069495731239865
2.2622622622622623,126.13224801431315,82.65538028287939,55.75491848066309,-13.269695931440065
2.2822822822822824,127.24846259851061,82.38972070467238,55.75491848066309,-13.469896131640265
2.3023023023023024,128.36467718270808,82.12005311444936,55.75491848066309,-13.670096331840465
2.3223223223223224,129.48089176690553,81.84637751221031,55.75491848066309,-13.870296532040665
2.3423423423423424,130.59710635110298,81.56869389795524,55.75491848066309,-14.070496732240866
2.3623623623623624,131.71332093530043,81.28700227168416,55.75491848066309,-14.270696932441066
2.3823823823823824,132.82953551949788,81.00130263339705,55.75491848066309,-14.470897132641266
2.4024024024024024,133.94575010369533,80.71159498309392,55.75491848066309,-14.671097332841466
2.4224224224224224,135.06196468789278,80.41787932077477,55.75491848066309,-14.871297533041666
2.4424424424424425,136.17817927209023,80.1201556464396,55.75491848066309,-15.071497733241866
2.4624624624624625,137.29439385628768,79.81842396008841,55.75491848066309,-15.271697933442066
2.4824824824824825,138.41060844048513,79.5126842617212,55.75491848066309,-15.471898133642267
2.5025025025025025,139.52682302468259,79.20293655133797,55.75491848066309,-15.672098333842467
2.5225225225225225,140.64303760888004,78.88918082893872,55.75491848066309,-15.872298534042667
2.5425425425425425,141.7592521930775,78.57141709452345,55.75491848066309,-16.072498734242867
2.5625625625625625,142.87546677727494,78.24964534809216,55.75491848066309,-16.272698934443067
2.5825825825825826,143.9916813614724,77.92386558964485,55.75491848066309,-16.472899134643267
2.6026026026026026,145.10789594566984,77.59407781918152,55.75491848066309,-16.673099334843467
2.6226226226226226,146.2241105298673,77.26028203670218,55.75491848066309,-16.873299535043667
2.6426426426426426,147.34032511406474,76.92247824220681,55.75491848066309,-17.073499735243868
2.6626626626626626,148.4565396982622,76.58066643569542,55.75491848066309,-17.273699935444068
2.6826826826826826,149.57275428245964,76.23484661716802,55.75491848066309,-17.473900135644268
2.7027027027027026,150.6889688666571,75.88501878662458,55.75491848066309,-17.674100335844468
2.722722722722723,151.80518345085454,75.53118294406514,55.75491848066309,-17.874300536044668
2.7427427427427427,152.921398035052,75.17333908948967,55.75491848066309,-18.074500736244868
2.7627627627627627,154.03761261924944,74.81148722289818,55.75491848066309,-18.27470093644507
2.7827827827827827,155.1538272034469,74.44562734429067,55.75491848066309,-18.47490113664527
2.8028028028028027,156.27004178764435,74.07575945366715,55.75491848066309,-18.67510133684547
2.822822822822823,157.3862563718418,73.70188355102759,55.75491848066309,-18.87530153704567
2.8428428428428427,158.50247095603925,73.32399963637202,55.75491848066309,-19.07550173724587
2.8628628628628627,159.6186855402367,72.94210770970044,55.75491848066309,-19.27570193744607
2.8828828828828827,160.73490012443415,72.55620777101282,55.75491848066309,-19.47590213764627
2.9029029029029028,161.8511147086316,72.16629982030919,55.75491848066309,-19.67610233784647
2.922922922922923,162.96732929282905,71.77238385758955,55.75491848066309,-19.87630253804667
2.942942942942943,164.0835438770265,71.37445988285387,55.75491848066309,-20.07650273824687
2.962962962962963,165.19975846122395,70.97252789610218,55.75491848066309,-20.27670293844707
2.982982982982983,166.3159730454214,70.56658789733447,55.75491848066309,-20.47690313864727
3.003003003003003,167.43218762961885,70.15663988655075,55.75491848066309,-20.67710333884747
3.0230230230230233,168.5484022138163,69.742683863751,55.75491848066309,-20.87730353904767
3.0430430430430433,169.66461679801375,69.32471982893523,55.75491848066309,-21.07750373924787
3.063063063063063,170.7808313822112,68.90274778210345,55.75491848066309,-21.27770393944807
3.083083083083083,171.89704596640865,68.47676772325563,55.75491848066309,-21.47790413964827
3.103103103103103,173.0132605506061,68.0467796523918,55.75491848066309,-21.67810433984847
3.1231231231231233,174.12947513480356,67.61278356951196,55.75491848066309,-21.87830454004867
3.1431431431431434,175.245689719001,67.17477947461609,55.75491848066309,-22.07850474024887
3.163163163163163,176.36190430319846,66.7327673677042,55.75491848066309,-22.27870494044907
3.183183183183183,177.4781188873959,66.2867472487763,55.75491848066309,-22.47890514064927
3.203203203203203,178.59433347159336,65.83671911783236,55.75491848066309,-22.67910534084947
3.2232232232232234,179.7105480557908,65.38268297487241,55.75491848066309,-22.87930554104967
3.2432432432432434,180.82676263998826,64.92463881989644,55.75491848066309,-23.07950574124987
3.263263263263263,181.9429772241857,64.46258665290445,55.75491848066309,-23.27970594145007
3.283283283283283,183.05919180838316,63.99652647389644,55.75491848066309,-23.47990614165027
3.303303303303303,184.1754063925806,63.52645828287241,55.75491848066309,-23.680106341850472
3.3233233233233235,185.29162097677806,63.05238207983236,55.75491848066309,-23.880306542050672
3.3433433433433435,186.4078355609755,62.57429786477629,55.75491848066309,-24.080506742250872
3.3633633633633635,187.52405014517296,62.092205637704204,55.75491848066309,-24.280706942451072
3.383383383383383,188.64026472937041,61.606105398616094,55.75491848066309,-24.480907142651272
3.403403403403403,189.75647931356787,61.11599714751196,55.75491848066309,-24.681107342851472
3.4234234234234235,190.87269389776532,60.621880884391814,55.75491848066309,-24.881307543051673
3.4434434434434436,191.98890848196277,60.12375660925564,55.75491848066309,-25.081507743251873
3.4634634634634636,193.10512306616022,59.62162432210346,55.75491848066309,-25.281707943452073
3.483483483483483,194.22133765035767,59.11548402293525,55.75491848066309,-25.481908143652273
3.503503503503503,195.33755223455512,58.60533571175102,55.75491848066309,-25.682108343852473
3.5235235235235236,196.45376681875257,58.09117938855077,55.75491848066309,-25.882308544052673
3.5435435435435436,197.56998140295002,57.5730150533345,55.75491848066309,-26.082508744252873
3.5635635635635636,198.68619598714747,57.05084270610221,55.75491848066309,-26.282708944453073
3.583583583583583,199.80241057134492,56.5246623468539,55.75491848066309,-26.482909144653274
3.603603603603603,200.91862515554237,55.99447397558957,55.75491848066309,-26.683109344853474
3.6236236236236237,202.03483973973982,55.46027759230922,55.75491848066309,-26.883309545053674
3.6436436436436437,203.15105432393727,54.92207319701285,55.75491848066309,-27.083509745253874
3.6636636636636637,204.26726890813472,54.37986078970046,55.75491848066309,-27.283709945454074
3.683683683683684,205.38348349233218,53.83364037037205,55.75491848066309,-27.483910145654274
3.7037037037037033,206.49969807652963,53.28341193902762,55.75491848066309,-27.684110345854474
3.7237237237237237,207.61591266072708,52.72917549566717,55.75491848066309,-27.884310546054675
3.7437437437437437,208.73212724492453,52.170931040290704,55.75491848066309,-28.084510746254875
3.7637637637637638,209.84834182912198,51.608678572898214,55.75491848066309,-28.284710946455075
3.783783783783784,210.96455641331943,51.0424180934897,55.75491848066309,-28.484911146655275
3.8038038038038033,212.08077099751688,50.47214960206517,55.75491848066309,-28.685111346855475
3.823823823823824,213.19698558171433,49.89787309862462,55.75491848066309,-28.885311547055675
3.843843843843844,214.31320016591178,49.31958858316805,55.75491848066309,-29.085511747255875
3.863863863863864,215.42941475010923,48.73729605569546,55.75491848066309,-29.285711947456075
3.8838838838838843,216.54562933430668,48.15099551620685,55.75491848066309,-29.485912147656276
3.9039039039039034,217.66184391850413,47.56068696470222,55.75491848066309,-29.686112347856476
3.923923923923924,218.77805850270158,46.96637040118157,55.75491848066309,-29.886312548056676
3.943943943943944,219.89427308689903,46.3680458256449,55.75491848066309,-30.086512748256876
3.963963963963964,221.01048767109648,45.76571323809221,55.75491848066309,-30.286712948457076
3.9839839839839843,222.12670225529394,45.1593726385235,55.75491848066309,-30.486913148657276
4.004004004004004,223.2429168394914,44.54902402693877,55.75491848066309,-30.687113348857476
4.0240240240240235,224.35913142368884,43.93466740333802,55.75491848066309,-30.887313549057676
4.044044044044044,225.4753460078863,43.31630276772125,55.75491848066309,-31.087513749257877
4.064064064064064,226.59156059208374,42.69393012008846,55.75491848066309,-31.287713949458077
4.084084084084084,227.7077751762812,42.06754946043965,55.75491848066309,-31.487914149658277
4.104104104104104,228.82398976047864,41.43716078877482,55.75491848066309,-31.688114349858477
4.1241241241241235,229.9402043446761,40.80276410509397,55.75491848066309,-31.888314550058677
4.1441441441441444,231.05641892887354,40.1643594093971,55.75491848066309,-32.08851475025888
4.1641641641641645,232.172633513071,39.52194670168421,55.75491848066309,-32.28871495045908
4.1841841841841845,233.28884809726844,38.8755259819553,55.75491848066309,-32.48891515065928
4.2042042042042045,234.4050626814659,38.22509725021037,55.75491848066309,-32.68911535085948
4.2242242242242245,235.52127726566334,37.570660506449414,55.75491848066309,-32.88931555105968
4.2442442442442445,236.6374918498608,36.912215750672445,55.75491848066309,-33.08951575125988
4.2642642642642645,237.75370643405824,36.24976298287945,55.75491848066309,-33.28971595146008
4.2842842842842845,238.8699210182557,35.583302203070446,55.75491848066309,-33.48991615166028
4.3043043043043046,239.98613560245315,34.912833411245416,55.75491848066309,-33.69011635186048
4.324324324324325,241.1023501866506,34.23835660740436,55.75491848066309,-33.89031655206068
4.344344344344345,242.21856477084805,33.559871791547295,55.75491848066309,-34.09051675226088
4.364364364364365,243.3347793550455,32.877378963674204,55.75491848066309,-34.29071695246108
4.384384384384385,244.45099393924295,32.19087812378509,55.75491848066309,-34.49091715266128
4.404404404404405,245.5672085234404,31.50036927187996,55.75491848066309,-34.69111735286148
4.424424424424425,246.68342310763785,30.80585240795881,55.75491848066309,-34.89131755306168
4.444444444444445,247.7996376918353,30.10732753202164,55.75491848066309,-35.09151775326188
4.464464464464465,248.91585227603275,29.40479464406845,55.75491848066309,-35.29171795346208
4.484484484484485,250.0320668602302,28.698253744099237,55.75491848066309,-35.49191815366228
4.504504504504505,251.14828144442765,27.987704832114005,55.75491848066309,-35.69211835386248
4.524524524524525,252.2644960286251,27.273147908112755,55.75491848066309,-35.89231855406268
4.544544544544545,253.38071061282255,26.554582972095485,55.75491848066309,-36.09251875426288
4.564564564564565,254.49692519702,25.832010024062193,55.75491848066309,-36.29271895446308
4.584584584584585,255.61313978121746,25.10542906401288,55.75491848066309,-36.492919154663284
4.604604604604605,256.7293543654149,24.37484009194755,55.75491848066309,-36.693119354863484
4.624624624624625,257.84556894961236,23.6402431078662,55.75491848066309,-36.893319555063684
4.644644644644645,258.9617835338098,22.90163811176883,55.75491848066309,-37.093519755263884
4.664664664664665,260.07799811800726,22.159025103655438,55.75491848066309,-37.293719955464084
4.684684684684685,261.1942127022047,21.412404083526027,55.75491848066309,-37.493920155664284
4.704704704704705,262.31042728640216,20.661775051380598,55.75491848066309,-37.694120355864484
4.724724724724725,263.4266418705996,19.907138007219146,55.75491848066309,-37.894320556064685
4.744744744744745,264.54285645479706,19.148492951041675,55.75491848066309,-38.094520756264885
4.764764764764765,265.6590710389945,18.385839882848185,55.75491848066309,-38.294720956465085
4.784784784784785,266.77528562319196,17.61917880263867,55.75491848066309,-38.494921156665285
4.804804804804805,267.8915002073894,16.84850971041314,55.75491848066309,-38.695121356865485
4.824824824824825,269.00771479158686,16.07383260617159,55.75491848066309,-38.895321557065685
4.844844844844845,270.1239293757843,15.295147489914017,55.75491848066309,-39.095521757265885
4.864864864864865,271.24014395998176,14.512454361640426,55.75491848066309,-39.295721957466085
4.884884884884885,272.3563585441792,13.725753221350814,55.75491848066309,-39.495922157666286
4.904904904904905,273.47257312837667,12.935044069045183,55.75491848066309,-39.696122357866486
4.924924924924925,274.5887877125741,12.140326904723532,55.75491848066309,-39.896322558066686
4.944944944944945,275.70500229677157,11.34160172838586,55.75491848066309,-40.096522758266886
4.964964964964965,276.821216880969,10.538868540032169,55.75491848066309,-40.296722958467086
4.984984984984985,277.93743146516647,9.732127339662458,55.75491848066309,-40.496923158667286
5.005005005005005,279.0536460493639,8.921378127276727,55.75491848066309,-40.697123358867486
5.025025025025025,280.16986063356137,8.106620902874976,55.75491848066309,-40.89732355906769
5.045045045045045,281.2860752177588,7.2878556664572045,55.75491848066309,-41.09752375926789
5.065065065065065,282.4022898019563,6.465082418023413,55.75491848066309,-41.29772395946809
5.085085085085085,283.5185043861537,5.6383011575736015,55.75491848066309,-41.49792415966829
5.105105105105105,284.6347189703512,4.80751188510777,55.75491848066309,-41.69812435986849
5.125125125125125,285.7509335545486,3.9727146006259186,55.75491848066309,-41.89832456006869
5.145145145145145,286.8671481387461,3.1339093041280472,55.75491848066309,-42.09852476026889
5.165165165165165,287.9833627229435,2.291095995614156,55.75491848066309,-42.29872496046909
5.185185185185185,289.099577307141,1.4442746750842441,55.75491848066309,-42.49892516066929
5.205205205205205,290.2157918913384,0.5934453425383125,55.75491848066309,-42.69912536086949
5.225225225225225,291.3320064755359,-0.2613920020236392,55.75491848066309,-42.89932556106969
5.245245245245245,292.4482210597333,-1.120237358601611,55.75491848066309,-43.09952576126989
5.265265265265265,293.5644356439308,-1.9830907271956026,55.75491848066309,-43.29972596147009
5.285285285285285,294.68065022812823,-2.8499521078056143,55.75491848066309,-43.49992616167029
5.305305305305305,295.7968648123257,-3.7208215004316463,55.75491848066309,-43.70012636187049
5.325325325325325,296.91307939652313,-4.595698905073698,55.75491848066309,-43.90032656207069
5.345345345345346,298.0292939807206,-5.47458432173177,55.75491848066309,-44.10052676227089
5.365365365365365,299.14550856491803,-6.357477750405862,55.75491848066309,-44.30072696247109
5.385385385385385,300.2617231491155,-7.244379191095974,55.75491848066309,-44.50092716267129
5.405405405405405,301.37793773331293,-8.135288643802106,55.75491848066309,-44.70112736287149
5.425425425425425,302.4941523175104,-9.030206108524258,55.75491848066309,-44.90132756307169
5.445445445445446,303.61036690170783,-9.92913158526243,55.75491848066309,-45.10152776327189
5.465465465465465,304.7265814859053,-10.832065074016622,55.75491848066309,-45.30172796347209
5.485485485485485,305.84279607010274,-11.739006574786835,55.75491848066309,-45.50192816367229
5.505505505505505,306.9590106543002,-12.649956087573067,55.75491848066309,-45.70212836387249
5.525525525525525,308.07522523849764,-13.56491361237532,55.75491848066309,-45.90232856407269
5.545545545545546,309.1914398226951,-14.48387914919359,55.75491848066309,-46.10252876427289
5.565565565565565,310.30765440689254,-15.406852698027883,55.75491848066309,-46.30272896447309
5.585585585585585,311.42386899109,-16.333834258878195,55.75491848066309,-46.50292916467329
5.605605605605605,312.54008357528744,-17.264823831744526,55.75491848066309,-46.70312936487349
5.625625625625625,313.6562981594849,-18.19982141662688,55.75491848066309,-46.90332956507369
5.645645645645646,314.77251274368234,-19.13882701352525,55.75491848066309,-47.10352976527389
5.665665665665665,315.8887273278798,-20.081840622439643,55.75491848066309,-47.30372996547409
5.685685685685685,317.00494191207724,-21.028862243370053,55.75491848066309,-47.50393016567429
5.7057057057057055,318.1211564962747,-21.979891876316486,55.75491848066309,-47.70413036587449
5.7257257257257255,319.23737108047214,-22.93492952127894,55.75491848066309,-47.90433056607469
5.745745745745746,320.3535856646696,-23.89397517825741,55.75491848066309,-48.10453076627489
5.7657657657657655,321.46980024886705,-24.857028847251904,55.75491848066309,-48.30473096647509
5.7857857857857855,322.5860148330645,-25.824090528262417,55.75491848066309,-48.50493116667529
5.8058058058058055,323.70222941726195,-26.79516022128895,55.75491848066309,-48.70513136687549
5.8258258258258255,324.8184440014594,-27.7702379263315,55.75491848066309,-48.90533156707569
5.845845845845846,325.93465858565685,-28.749323643390074,55.75491848066309,-49.10553176727589
5.865865865865866,327.0508731698543,-29.732417372464667,55.75491848066309,-49.30573196747609
5.885885885885886,328.16708775405175,-30.71951911355528,55.75491848066309,-49.50593216767629
5.905905905905906,329.2833023382492,-31.71062886666191,55.75491848066309,-49.70613236787649
5.925925925925926,330.39951692244665,-32.705746631784564,55.75491848066309,-49.90633256807669
5.9459459459459465,331.5157315066441,-33.70487240892324,55.75491848066309,-50.10653276827689
5.965965965965966,332.63194609084155,-34.70800619807793,55.75491848066309,-50.30673296847709
5.9859859859859865,333.748160675039,-35.71514799924864,55.75491848066309,-50.50693316867729
6.006006006006006,334.86437525923645,-36.72629781243538,55.75491848066309,-50.70713336887749
6.026026026026026,335.9805898434339,-37.741455637638126,55.75491848066309,-50.90733356907769
6.046046046046047,337.09680442763135,-38.7606214748569,55.75491848066309,-51.10753376927789
6.066066066066066,338.2130190118288,-39.78379532409169,55.75491848066309,-51.30773396947809
6.086086086086087,339.32923359602626,-40.8109771853425,55.75491848066309,-51.50793416967829
6.106106106106106,340.4454481802237,-41.842167058609334,55.75491848066309,-51.70813436987849
6.126126126126126,341.56166276442116,-42.87736494389219,55.75491848066309,-51.908334570078694
6.146146146146147,342.6778773486186,-43.91657084119106,55.75491848066309,-52.108534770278894
6.166166166166166,343.79409193281606,-44.95978475050595,55.75491848066309,-52.308734970479094
6.186186186186187,344.9103065170135,-46.00700667183687,55.75491848066309,-52.508935170679294
6.206206206206206,346.02652110121096,-47.0582366051838,55.75491848066309,-52.709135370879494
6.226226226226226,347.1427356854084,-48.113474550546755,55.75491848066309,-52.909335571079694
6.246246246246247,348.25895026960586,-49.172720507925725,55.75491848066309,-53.109535771279894
6.266266266266266,349.3751648538033,-50.23597447732072,55.75491848066309,-53.309735971480094
6.286286286286287,350.49137943800076,-51.30323645873173,55.75491848066309,-53.509936171680295
6.306306306306306,351.6075940221982,-52.37450645215876,55.75491848066309,-53.710136371880495
6.326326326326326,352.72380860639566,-53.449784457601815,55.75491848066309,-53.910336572080695
6.346346346346347,353.8400231905931,-54.52907047506089,55.75491848066309,-54.110536772280895
6.366366366366366,354.95623777479057,-55.61236450453598,55.75491848066309,-54.310736972481095
6.386386386386387,356.072452358988,-56.699666546027096,55.75491848066309,-54.510937172681295
6.406406406406406,357.18866694318547,-57.79097659953423,55.75491848066309,-54.711137372881495
6.426426426426426,358.3048815273829,-58.886294665057385,55.75491848066309,-54.911337573081695
6.446446446446447,359.42109611158037,-59.98562074259656,55.75491848066309,-55.111537773281896
6.466466466466466,360.5373106957778,-61.08895483215175,55.75491848066309,-55.311737973482096
6.486486486486487,361.65352527997527,-62.19629693372296,55.75491848066309,-55.511938173682296
6.506506506506506,362.7697398641727,-63.3076470473102,55.75491848066309,-55.712138373882496
6.526526526526526,363.88595444837017,-64.42300517291345,55.75491848066309,-55.912338574082696
6.546546546546547,365.0021690325676,-65.54237131053272,55.75491848066309,-56.112538774282896
6.566566566566566,366.1183836167651,-66.66574546016801,55.75491848066309,-56.312738974483096
6.586586586586587,367.2345982009625,-67.79312762181932,55.75491848066309,-56.5129391746833
6.606606606606606,368.35081278516,-68.92451779548665,55.75491848066309,-56.7131393748835
6.626626626626627,369.4670273693574,-70.05991598117001,55.75491848066309,-56.9133395750837
6.646646646646647,370.5832419535549,-71.19932217886938,55.75491848066309,-57.1135397752839
6.666666666666666,371.6994565377523,-72.34273638858477,55.75491848066309,-57.3137399754841
6.686686686686687,372.8156711219498,-73.49015861031619,55.75491848066309,-57.5139401756843
6.706706706706706,373.9318857061472,-74.64158884406362,55.75491848066309,-57.7141403758845
6.726726726726727,375.0481002903447,-75.79702708982707,55.75491848066309,-57.9143405760847
6.746746746746747,376.16431487454213,-76.95647334760655,55.75491848066309,-58.1145407762849
6.766766766766766,377.2805294587396,-78.11992761740204,55.75491848066309,-58.3147409764851
6.786786786786787,378.39674404293703,-79.28738989921355,55.75491848066309,-58.5149411766853
6.806806806806806,379.5129586271345,-80.45886019304109,55.75491848066309,-58.7151413768855
6.826826826826827,380.62917321133193,-81.63433849888465,55.75491848066309,-58.9153415770857
6.846846846846847,381.7453877955294,-82.81382481674422,55.75491848066309,-59.1155417772859
6.866866866866866,382.86160237972683,-83.99731914661982,55.75491848066309,-59.3157419774861
6.886886886886887,383.9778169639243,-85.18482148851143,55.75491848066309,-59.5159421776863
6.906906906906906,385.09403154812173,-86.37633184241906,55.75491848066309,-59.7161423778865
6.926926926926927,386.2102461323192,-87.57185020834271,55.75491848066309,-59.9163425780867
6.946946946946947,387.32646071651664,-88.77137658628239,55.75491848066309,-60.1165427782869
6.966966966966966,388.4426753007141,-89.97491097623808,55.75491848066309,-60.3167429784871
6.986986986986987,389.55888988491154,-91.18245337820979,55.75491848066309,-60.5169431786873
7.007007007007006,390.675104469109,-92.39400379219752,55.75491848066309,-60.7171433788875
7.027027027027027,391.79131905330644,-93.60956221820128,55.75491848066309,-60.9173435790877
7.047047047047047,392.9075336375039,-94.82912865622104,55.75491848066309,-61.1175437792879
7.067067067067066,394.02374822170134,-96.05270310625684,55.75491848066309,-61.3177439794881
7.087087087087087,395.1399628058988,-97.28028556830866,55.75491848066309,-61.5179441796883
7.107107107107106,396.25617739009624,-98.51187604237649,55.75491848066309,-61.7181443798885
7.127127127127127,397.3723919742937,-99.74747452846034,55.75491848066309,-61.9183445800887
7.147147147147147,398.48860655849114,-100.98708102656022,55.75491848066309,-62.1185447802889
7.167167167167166,399.6048211426886,-102.23069553667611,55.75491848066309,-62.3187449804891
7.187187187187187,400.72103572688604,-103.47831805880803,55.75491848066309,-62.5189451806893
7.207207207207206,401.8372503110835,-104.72994859295596,55.75491848066309,-62.7191453808895
7.227227227227227,402.95346489528094,-105.98558713911991,55.75491848066309,-62.9193455810897
7.247247247247247,404.0696794794784,-107.2452336972999,55.75491848066309,-63.1195457812899
7.267267267267268,405.18589406367585,-108.50888826749589,55.75491848066309,-63.3197459814901
7.287287287287287,406.3021086478733,-109.7765508497079,55.75491848066309,-63.5199461816903
7.3073073073073065,407.41832323207075,-111.04822144393593,55.75491848066309,-63.7201463818905
7.327327327327327,408.5345378162682,-112.32390005017999,55.75491848066309,-63.9203465820907
7.347347347347347,409.65075240046565,-113.60358666844006,55.75491848066309,-64.1205467822909
7.367367367367368,410.7669669846631,-114.88728129871615,55.75491848066309,-64.3207469824911
7.387387387387387,411.88318156886055,-116.17498394100826,55.75491848066309,-64.5209471826913
7.4074074074074066,412.999396153058,-117.4666945953164,55.75491848066309,-64.7211473828915
7.4274274274274275,414.11561073725545,-118.76241326164055,55.75491848066309,-64.9213475830917
7.4474474474474475,415.2318253214529,-120.06213993998072,55.75491848066309,-65.1215477832919
7.467467467467468,416.34803990565035,-121.36587463033692,55.75491848066309,-65.3217479834921
7.4874874874874875,417.4642544898478,-122.67361733270913,55.75491848066309,-65.5219481836923
7.507507507507507,418.58046907404525,-123.98536804709737,55.75491848066309,-65.7221483838925
7.5275275275275275,419.6966836582427,-125.30112677350162,55.75491848066309,-65.9223485840927
7.5475475475475475,420.81289824244016,-126.62089351192189,55.75491848066309,-66.1225487842929
7.567567567567568,421.9291128266376,-127.94466826235819,55.75491848066309,-66.3227489844931
7.587587587587588,423.04532741083506,-129.2724510248105,55.75491848066309,-66.5229491846933
7.607607607607607,424.1615419950325,-130.60424179927884,55.75491848066309,-66.7231493848935
7.627627627627628,425.27775657922996,-131.9400405857632,55.75491848066309,-66.9233495850937
7.647647647647648,426.3939711634274,-133.27984738426358,55.75491848066309,-67.1235497852939
7.6676676676676685,427.51018574762486,-134.62366219477997,55.75491848066309,-67.3237499854941
7.687687687687688,428.6264003318223,-135.97148501731238,55.75491848066309,-67.5239501856943
7.707707707707707,429.74261491601976,-137.3233158518608,55.75491848066309,-67.7241503858945
7.727727727727728,430.8588295002172,-138.67915469842526,55.75491848066309,-67.9243505860947
7.747747747747748,431.97504408441466,-140.03900155700575,55.75491848066309,-68.1245507862949
7.767767767767769,433.0912586686121,-141.40285642760225,55.75491848066309,-68.3247509864951
7.787787787787788,434.20747325280956,-142.77071931021476,55.75491848066309,-68.5249511866953
7.807807807807807,435.323687837007,-144.1425902048433,55.75491848066309,-68.7251513868955
7.827827827827828,436.43990242120447,-145.51846911148783,55.75491848066309,-68.9253515870957
7.847847847847848,437.5561170054019,-146.89835603014842,55.75491848066309,-69.1255517872959
7.867867867867869,438.67233158959937,-148.28225096082502,55.75491848066309,-69.3257519874961
7.887887887887888,439.7885461737968,-149.67015390351764,55.75491848066309,-69.5259521876963
7.907907907907909,440.90476075799427,-151.06206485822628,55.75491848066309,-69.7261523878965
7.927927927927928,442.0209753421917,-152.45798382495093,55.75491848066309,-69.9263525880967
7.947947947947948,443.13718992638917,-153.8579108036916,55.75491848066309,-70.1265527882969
7.967967967967969,444.2534045105866,-155.26184579444828,55.75491848066309,-70.3267529884971
7.987987987987988,445.36961909478407,-156.669788797221,55.75491848066309,-70.5269531886973
8.008008008008009,446.4858336789815,-158.08173981200974,55.75491848066309,-70.7271533888975
8.028028028028029,447.602048263179,-159.4976988388145,55.75491848066309,-70.9273535890977
8.048048048048047,448.7182628473764,-160.91766587763527,55.75491848066309,-71.1275537892979
8.068068068068069,449.8344774315739,-162.34164092847206,55.75491848066309,-71.3277539894981
8.088088088088089,450.9506920157713,-163.76962399132486,55.75491848066309,-71.5279541896983
8.108108108108109,452.0669065999688,-165.2016150661937,55.75491848066309,-71.7281543898985
8.128128128128129,453.1831211841662,-166.63761415307857,55.75491848066309,-71.9283545900987
8.148148148148147,454.2993357683637,-168.07762125197945,55.75491848066309,-72.1285547902989
8.168168168168169,455.4155503525611,-169.52163636289634,55.75491848066309,-72.3287549904991
8.188188188188189,456.5317649367586,-170.96965948582925,55.75491848066309,-72.5289551906993
8.208208208208209,457.647979520956,-172.42169062077818,55.75491848066309,-72.7291553908995
8.228228228228229,458.7641941051535,-173.87772976774315,55.75491848066309,-72.92935559109971
8.248248248248247,459.88040868935093,-175.33777692672413,55.75491848066309,-73.12955579129991
8.268268268268269,460.9966232735484,-176.80183209772113,55.75491848066309,-73.32975599150011
8.288288288288289,462.11283785774583,-178.26989528073415,55.75491848066309,-73.52995619170031
8.308308308308309,463.2290524419433,-179.74196647576318,55.75491848066309,-73.73015639190051
8.328328328328329,464.34526702614073,-181.21804568280822,55.75491848066309,-73.93035659210071
8.348348348348347,465.4614816103382,-182.6981329018693,55.75491848066309,-74.13055679230091
8.368368368368369,466.57769619453563,-184.1822281329464,55.75491848066309,-74.33075699250111
8.388388388388389,467.6939107787331,-185.6703313760395,55.75491848066309,-74.53095719270131
8.408408408408409,468.81012536293053,-187.16244263114865,55.75491848066309,-74.73115739290151
8.428428428428429,469.926339947128,-188.6585618982738,55.75491848066309,-74.93135759310171
8.448448448448449,471.04255453132544,-190.15868917741497,55.75491848066309,-75.13155779330191
8.468468468468469,472.1587691155229,-191.66282446857215,55.75491848066309,-75.33175799350211
8.488488488488489,473.27498369972034,-193.17096777174538,55.75491848066309,-75.53195819370231
8.508508508508509,474.3911982839178,-194.68311908693462,55.75491848066309,-75.73215839390251
8.528528528528529,475.50741286811524,-196.19927841413988,55.75491848066309,-75.93235859410271
8.548548548548549,476.6236274523127,-197.71944575336116,55.75491848066309,-76.13255879430291
8.568568568568569,477.73984203651014,-199.24362110459845,55.75491848066309,-76.33275899450311
8.588588588588589,478.8560566207076,-200.77180446785175,55.75491848066309,-76.53295919470331
8.608608608608609,479.97227120490504,-202.3039958431211,55.75491848066309,-76.73315939490351
8.62862862862863,481.0884857891025,-203.84019523040647,55.75491848066309,-76.93335959510371
8.64864864864865,482.20470037329994,-205.38040262970785,55.75491848066309,-77.13355979530391
8.66866866866867,483.3209149574974,-206.92461804102524,55.75491848066309,-77.33375999550411
8.68868868868869,484.43712954169484,-208.47284146435865,55.75491848066309,-77.53396019570431
8.70870870870871,485.5533441258923,-210.02507289970808,55.75491848066309,-77.73416039590451
8.72872872872873,486.66955871008975,-211.58131234707352,55.75491848066309,-77.93436059610471
8.74874874874875,487.7857732942872,-213.141559806455,55.75491848066309,-78.13456079630491
8.76876876876877,488.90198787848465,-214.7058152778525,55.75491848066309,-78.33476099650511
8.78878878878879,490.0182024626821,-216.27407876126603,55.75491848066309,-78.53496119670531
8.80880880880881,491.13441704687955,-217.84635025669556,55.75491848066309,-78.73516139690551
8.82882882882883,492.250631631077,-219.4226297641411,55.75491848066309,-78.93536159710571
8.84884884884885,493.36684621527445,-221.00291728360267,55.75491848066309,-79.13556179730591
8.86886886886887,494.4830607994719,-222.58721281508028,55.75491848066309,-79.33576199750611
8.88888888888889,495.59927538366935,-224.1755163585739,55.75491848066309,-79.53596219770631
8.90890890890891,496.7154899678668,-225.76782791408354,55.75491848066309,-79.73616239790651
8.92892892892893,497.83170455206425,-227.3641474816092,55.75491848066309,-79.93636259810671
8.94894894894895,498.9479191362617,-228.96447506115086,55.75491848066309,-80.13656279830691
8.96896896896897,500.06413372045915,-230.56881065270855,55.75491848066309,-80.33676299850711
8.98898898898899,501.1803483046566,-232.17715425628228,55.75491848066309,-80.53696319870731
9.00900900900901,502.29656288885406,-233.78950587187202,55.75491848066309,-80.73716339890751
9.02902902902903,503.4127774730515,-235.40586549947778,55.75491848066309,-80.93736359910771
9.04904904904905,504.52899205724896,-237.02623313909956,55.75491848066309,-81.13756379930791
9.06906906906907,505.6452066414464,-238.65060879073735,55.75491848066309,-81.33776399950811
9.08908908908909,506.76142122564386,-240.27899245439116,55.75491848066309,-81.53796419970831
9.10910910910911,507.8776358098413,-241.91138413006098,55.75491848066309,-81.73816439990851
9.12912912912913,508.99385039403876,-243.54778381774685,55.75491848066309,-81.93836460010871
9.14914914914915,510.1100649782362,-245.18819151744873,55.75491848066309,-82.13856480030891
9.16916916916917,511.22627956243366,-246.83260722916663,55.75491848066309,-82.33876500050911
9.18918918918919,512.3424941466311,-248.48103095290054,55.75491848066309,-82.53896520070931
9.20920920920921,513.4587087308286,-250.13346268865047,55.75491848066309,-82.73916540090951
9.22922922922923,514.574923315026,-251.7899024364164,55.75491848066309,-82.93936560110971
9.24924924924925,515.6911378992235,-253.4503501961984,55.75491848066309,-83.13956580130991
9.26926926926927,516.8073524834209,-255.1148059679964,55.75491848066309,-83.33976600151011
9.28928928928929,517.9235670676184,-256.7832697518104,55.75491848066309,-83.53996620171031
9.30930930930931,519.0397816518158,-258.45574154764046,55.75491848066309,-83.74016640191051
9.32932932932933,520.1559962360133,-260.13222135548654,55.75491848066309,-83.94036660211071
9.34934934934935,521.2722108202107,-261.81270917534863,55.75491848066309,-84.14056680231091
9.36936936936937,522.3884254044082,-263.49720500722674,55.75491848066309,-84.34076700251111
9.38938938938939,523.5046399886056,-265.18570885112086,55.75491848066309,-84.54096720271131
9.40940940940941,524.6208545728031,-266.878220707031,55.75491848066309,-84.74116740291151
9.42942942942943,525.7370691570005,-268.57474057495716,55.75491848066309,-84.94136760311171
9.44944944944945,526.853283741198,-270.27526845489933,55.75491848066309,-85.14156780331191
9.46946946946947,527.9694983253954,-271.9798043468575,55.75491848066309,-85.34176800351212
9.48948948948949,529.0857129095929,-273.6883482508317,55.75491848066309,-85.54196820371232
9.50950950950951,530.2019274937903,-275.40090016682194,55.75491848066309,-85.74216840391252
9.52952952952953,531.3181420779878,-277.1174600948282,55.75491848066309,-85.94236860411272
9.54954954954955,532.4343566621852,-278.8380280348504,55.75491848066309,-86.14256880431292
9.56956956956957,533.5505712463827,-280.56260398688875,55.75491848066309,-86.34276900451312
9.58958958958959,534.6667858305801,-282.2911879509431,55.75491848066309,-86.54296920471332
9.60960960960961,535.7830004147776,-284.02377992701344,55.75491848066309,-86.74316940491352
9.62962962962963,536.899214998975,-285.7603799150998,55.75491848066309,-86.94336960511372
9.64964964964965,538.0154295831725,-287.5009879152022,55.75491848066309,-87.14356980531392
9.66966966966967,539.1316441673699,-289.2456039273206,55.75491848066309,-87.34377000551412
9.68968968968969,540.2478587515674,-290.994227951455,55.75491848066309,-87.54397020571432
9.70970970970971,541.3640733357648,-292.74685998760543,55.75491848066309,-87.74417040591452
9.72972972972973,542.4802879199623,-294.5035000357719,55.75491848066309,-87.94437060611472
9.74974974974975,543.5965025041597,-296.26414809595434,55.75491848066309,-88.14457080631492
9.76976976976977,544.7127170883572,-298.0288041681528,55.75491848066309,-88.34477100651512
9.78978978978979,545.8289316725546,-299.7974682523673,55.75491848066309,-88.54497120671532
9.80980980980981,546.9451462567521,-301.5701403485979,55.75491848066309,-88.74517140691552
9.82982982982983,548.0613608409495,-303.34682045684445,55.75491848066309,-88.94537160711572
9.84984984984985,549.177575425147,-305.12750857710705,55.75491848066309,-89.14557180731592
9.86986986986987,550.2937900093444,-306.91220470938566,55.75491848066309,-89.34577200751612
9.88988988988989,551.4100045935419,-308.7009088536803,55.75491848066309,-89.54597220771632
9.90990990990991,552.5262191777393,-310.49362100999093,55.75491848066309,-89.74617240791652
9.92992992992993,553.6424337619368,-312.2903411783176,55.75491848066309,-89.94637260811672
9.94994994994995,554.7586483461342,-314.09106935866026,55.75491848066309,-90.14657280831692
9.96996996996997,555.8748629303317,-315.89580555101895,55.75491848066309,-90.34677300851712
9.98998998998999,556.9910775145291,-317.70454975539366,55.75491848066309,-90.54697320871732
10.01001001001001,558.1072920987266,-319.5173019717844,55.75491848066309,-90.74717340891752
10.03003003003003,559.223506682924,-321.3340622001911,55.75491848066309,-90.94737360911772
10.05005005005005,560.3397212671215,-323.15483044061386,55.75491848066309,-91.14757380931792
10.07007007007007,561.4559358513189,-324.9796066930527,55.75491848066309,-91.34777400951812
10.09009009009009,562.5721504355164,-326.8083909575075,55.75491848066309,-91.54797420971832
10.11011011011011,563.6883650197138,-328.6411832339784,55.75491848066309,-91.74817440991852
10.13013013013013,564.8045796039113,-330.47798352246525,55.75491848066309,-91.94837461011872
10.15015015015015,565.9207941881087,-332.31879182296814,55.75491848066309,-92.14857481031892
10.17017017017017,567.0370087723062,-334.16360813548704,55.75491848066309,-92.34877501051912
10.19019019019019,568.1532233565036,-336.01243246002196,55.75491848066309,-92.54897521071932
10.21021021021021,569.2694379407011,-337.8652647965729,55.75491848066309,-92.74917541091952
10.23023023023023,570.3856525248985,-339.72210514513984,55.75491848066309,-92.94937561111972
10.25025025025025,571.501867109096,-341.5829535057228,55.75491848066309,-93.14957581131992
10.27027027027027,572.6180816932934,-343.4478098783218,55.75491848066309,-93.34977601152012
10.29029029029029,573.7342962774909,-345.3166742629368,55.75491848066309,-93.54997621172032
10.31031031031031,574.8505108616883,-347.1895466595678,55.75491848066309,-93.75017641192052
10.33033033033033,575.9667254458858,-349.06642706821486,55.75491848066309,-93.95037661212072
10.35035035035035,577.0829400300833,-350.94731548887796,55.75491848066309,-94.15057681232092
10.37037037037037,578.1991546142807,-352.8322119215571,55.75491848066309,-94.35077701252112
10.39039039039039,579.3153691984782,-354.7211163662522,55.75491848066309,-94.55097721272132
10.41041041041041,580.4315837826756,-356.61402882296335,55.75491848066309,-94.75117741292152
10.43043043043043,581.547798366873,-358.5109492916905,55.75491848066309,-94.95137761312172
10.45045045045045,582.6640129510705,-360.4118777724337,55.75491848066309,-95.15157781332192
10.47047047047047,583.780227535268,-362.3168142651929,55.75491848066309,-95.35177801352212
10.49049049049049,584.8964421194654,-364.2257587699681,55.75491848066309,-95.55197821372232
10.51051051051051,586.0126567036629,-366.1387112867593,55.75491848066309,-95.75217841392252
10.53053053053053,587.1288712878603,-368.05567181556654,55.75491848066309,-95.95237861412272
10.55055055055055,588.2450858720578,-369.9766403563898,55.75491848066309,-96.15257881432292
10.57057057057057,589.3613004562552,-371.9016169092291,55.75491848066309,-96.35277901452312
10.59059059059059,590.4775150404527,-373.83060147408446,55.75491848066309,-96.55297921472332
10.61061061061061,591.5937296246501,-375.7635940509558,55.75491848066309,-96.75317941492352
10.63063063063063,592.7099442088476,-377.7005946398432,55.75491848066309,-96.95337961512372
10.65065065065065,593.826158793045,-379.6416032407466,55.75491848066309,-97.15357981532392
10.67067067067067,594.9423733772425,-381.586619853666,55.75491848066309,-97.35378001552412
10.690690690690692,596.0585879614399,-383.5356444786014,55.75491848066309,-97.55398021572432
10.71071071071071,597.1748025456374,-385.48867711555283,55.75491848066309,-97.75418041592452
10.73073073073073,598.2910171298348,-387.4457177645203,55.75491848066309,-97.95438061612472
10.75075075075075,599.4072317140323,-389.40676642550375,55.75491848066309,-98.15458081632492
10.77077077077077,600.5234462982297,-391.3718230985032,55.75491848066309,-98.35478101652512
10.790790790790792,601.6396608824272,-393.3408877835187,55.75491848066309,-98.55498121672532
10.81081081081081,602.7558754666246,-395.31396048055024,55.75491848066309,-98.75518141692552
10.83083083083083,603.8720900508221,-397.2910411895978,55.75491848066309,-98.95538161712572
10.85085085085085,604.9883046350195,-399.2721299106614,55.75491848066309,-99.15558181732592
10.87087087087087,606.104519219217,-401.25722664374103,55.75491848066309,-99.35578201752612
10.890890890890892,607.2207338034144,-403.24633138883667,55.75491848066309,-99.55598221772632
10.91091091091091,608.3369483876119,-405.2394441459483,55.75491848066309,-99.75618241792652
10.93093093093093,609.4531629718093,-407.236564915076,55.75491848066309,-99.95638261812672
10.95095095095095,610.5693775560068,-409.23769369621965,55.75491848066309,-100.15658281832692
10.97097097097097,611.6855921402042,-411.24283048937934,55.75491848066309,-100.35678301852712
10.990990990990992,612.8018067244017,-413.25197529455505,55.75491848066309,-100.55698321872732
11.01101101101101,613.9180213085991,-415.2651281117468,55.75491848066309,-100.75718341892753
11.03103103103103,615.0342358927966,-417.2822889409545,55.75491848066309,-100.95738361912773
11.05105105105105,616.150450476994,-419.30345778217827,55.75491848066309,-101.15758381932793
11.07107107107107,617.2666650611915,-421.32863463541804,55.75491848066309,-101.35778401952813
11.091091091091092,618.3828796453889,-423.3578195006739,55.75491848066309,-101.55798421972833
11.11111111111111,619.4990942295864,-425.39101237794574,55.75491848066309,-101.75818441992853
11.13113113113113,620.6153088137838,-427.4282132672336,55.75491848066309,-101.95838462012873
11.15115115115115,621.7315233979813,-429.4694221685375,55.75491848066309,-102.15858482032893
11.17117117117117,622.8477379821787,-431.5146390818574,55.75491848066309,-102.35878502052913
11.191191191191193,623.9639525663762,-433.56386400719333,55.75491848066309,-102.55898522072933
11.21121121121121,625.0801671505736,-435.61709694454527,55.75491848066309,-102.75918542092953
11.23123123123123,626.1963817347711,-437.6743378939132,55.75491848066309,-102.95938562112973
11.25125125125125,627.3125963189685,-439.7355868552972,55.75491848066309,-103.15958582132993
11.27127127127127,628.428810903166,-441.80084382869717,55.75491848066309,-103.35978602153013
11.291291291291293,629.5450254873634,-443.87010881411317,55.75491848066309,-103.55998622173033
11.31131131131131,630.6612400715609,-445.9433818115452,55.75491848066309,-103.76018642193053
11.33133133133133,631.7774546557583,-448.02066282099327,55.75491848066309,-103.96038662213073
11.35135135135135,632.8936692399558,-450.10195184245737,55.75491848066309,-104.16058682233093
11.37137137137137,634.0098838241532,-452.1872488759375,55.75491848066309,-104.36078702253113
11.391391391391393,635.1260984083507,-454.2765539214336,55.75491848066309,-104.56098722273133
11.411411411411411,636.2423129925481,-456.36986697894577,55.75491848066309,-104.76118742293153
11.431431431431431,637.3585275767456,-458.46718804847393,55.75491848066309,-104.96138762313173
11.451451451451451,638.474742160943,-460.5685171300181,55.75491848066309,-105.16158782333193
11.471471471471471,639.5909567451405,-462.6738542235783,55.75491848066309,-105.36178802353213
11.491491491491493,640.7071713293379,-464.7831993291545,55.75491848066309,-105.56198822373233
11.511511511511511,641.8233859135354,-466.89655244674674,55.75491848066309,-105.76218842393253
11.531531531531531,642.9396004977328,-469.013913576355,55.75491848066309,-105.96238862413273
11.551551551551551,644.0558150819303,-471.13528271797924,55.75491848066309,-106.16258882433293
11.571571571571571,645.1720296661277,-473.2606598716195,55.75491848066309,-106.36278902453313
11.591591591591593,646.2882442503252,-475.39004503727585,55.75491848066309,-106.56298922473333
11.611611611611611,647.4044588345226,-477.5234382149482,55.75491848066309,-106.76318942493353
11.631631631631631,648.5206734187201,-479.6608394046366,55.75491848066309,-106.96338962513373
11.651651651651651,649.6368880029175,-481.802248606341,55.75491848066309,-107.16358982533393
11.671671671671671,650.753102587115,-483.9476658200614,55.75491848066309,-107.36379002553413
11.691691691691693,651.8693171713124,-486.0970910457978,55.75491848066309,-107.56399022573433
11.711711711711711,652.9855317555099,-488.25052428355025,55.75491848066309,-107.76419042593453
11.731731731731731,654.1017463397073,-490.4079655333187,55.75491848066309,-107.96439062613473
11.751751751751751,655.2179609239048,-492.56941479510317,55.75491848066309,-108.16459082633493
11.771771771771771,656.3341755081022,-494.73487206890366,55.75491848066309,-108.36479102653513
11.791791791791793,657.4503900922997,-496.90433735472016,55.75491848066309,-108.56499122673533
11.811811811811811,658.5666046764971,-499.07781065255267,55.75491848066309,-108.76519142693553
11.831831831831831,659.6828192606946,-501.2552919624012,55.75491848066309,-108.96539162713573
11.851851851851851,660.799033844892,-503.4367812842658,55.75491848066309,-109.16559182733593
11.871871871871871,661.9152484290895,-505.6222786181464,55.75491848066309,-109.36579202753613
11.891891891891893,663.031463013287,-507.81178396404306,55.75491848066309,-109.56599222773633
11.911911911911911,664.1476775974844,-510.0052973219557,55.75491848066309,-109.76619242793653
11.931931931931931,665.2638921816819,-512.2028186918843,55.75491848066309,-109.96639262813673
11.951951951951951,666.3801067658793,-514.4043480738289,55.75491848066309,-110.16659282833693
11.971971971971973,667.4963213500768,-516.6098854677897,55.75491848066309,-110.36679302853713
11.991991991991993,668.6125359342742,-518.8194308737665,55.75491848066309,-110.56699322873733
12.012012012012011,669.7287505184717,-521.0329842917592,55.75491848066309,-110.76719342893753
12.032032032032031,670.8449651026691,-523.250545721768,55.75491848066309,-110.96739362913773
12.052052052052051,671.9611796868666,-525.4721151637929,55.75491848066309,-111.16759382933793
12.072072072072073,673.077394271064,-527.6976926178337,55.75491848066309,-111.36779402953813
12.092092092092093,674.1936088552615,-529.9272780838905,55.75491848066309,-111.56799422973833
12.112112112112111,675.3098234394589,-532.1608715619634,55.75491848066309,-111.76819442993853
12.132132132132131,676.4260380236564,-534.3984730520523,55.75491848066309,-111.96839463013873
12.152152152152151,677.5422526078538,-536.6400825541572,55.75491848066309,-112.16859483033893
12.172172172172173,678.6584671920513,-538.8857000682781,55.75491848066309,-112.36879503053913
12.192192192192193,679.7746817762487,-541.135325594415,55.75491848066309,-112.56899523073933
12.212212212212211,680.8908963604462,-543.388959132568,55.75491848066309,-112.76919543093953
12.232232232232231,682.0071109446436,-545.6466006827369,55.75491848066309,-112.96939563113973
12.252252252252251,683.1233255288411,-547.9082502449219,55.75491848066309,-113.16959583133993
12.272272272272273,684.2395401130385,-550.1739078191229,55.75491848066309,-113.36979603154013
12.292292292292293,685.355754697236,-552.4435734053399,55.75491848066309,-113.56999623174033
12.312312312312311,686.4719692814334,-554.7172470035729,55.75491848066309,-113.77019643194053
12.332332332332332,687.5881838656309,-556.9949286138219,55.75491848066309,-113.97039663214073
12.352352352352352,688.7043984498283,-559.276618236087,55.75491848066309,-114.17059683234093
12.372372372372373,689.8206130340258,-561.562315870368,55.75491848066309,-114.37079703254113
12.392392392392393,690.9368276182232,-563.8520215166651,55.75491848066309,-114.57099723274133
12.412412412412412,692.0530422024207,-566.1457351749782,55.75491848066309,-114.77119743294153
12.432432432432432,693.1692567866181,-568.4434568453073,55.75491848066309,-114.97139763314173
12.452452452452452,694.2854713708156,-570.7451865276524,55.75491848066309,-115.17159783334193
12.472472472472473,695.401685955013,-573.0509242220137,55.75491848066309,-115.37179803354213
12.492492492492493,696.5179005392105,-575.360669928391,55.75491848066309,-115.57199823374233
12.512512512512512,697.6341151234079,-577.6744236467842,55.75491848066309,-115.77219843394253
12.532532532532532,698.7503297076054,-579.9921853771936,55.75491848066309,-115.97239863414273
12.552552552552552,699.8665442918028,-582.3139551196189,55.75491848066309,-116.17259883434293
12.572572572572573,700.9827588760003,-584.6397328740602,55.75491848066309,-116.37279903454314
12.592592592592593,702.0989734601977,-586.9695186405175,55.75491848066309,-116.57299923474334
12.612612612612612,703.2151880443952,-589.3033124189909,55.75491848066309,-116.77319943494354
12.632632632632632,704.3314026285926,-591.6411142094803,55.75491848066309,-116.97339963514374
12.652652652652652,705.4476172127901,-593.9829240119857,55.75491848066309,-117.17359983534394
12.672672672672673,706.5638317969875,-596.3287418265071,55.75491848066309,-117.37380003554414
12.692692692692694,707.680046381185,-598.6785676530445,55.75491848066309,-117.57400023574434
12.712712712712712,708.7962609653824,-601.032401491598,55.75491848066309,-117.77420043594454
12.732732732732732,709.9124755495799,-603.3902433421674,55.75491848066309,-117.97440063614474
12.752752752752752,711.0286901337773,-605.7520932047529,55.75491848066309,-118.17460083634494
12.772772772772774,712.1449047179748,-608.1179510793544,55.75491848066309,-118.37480103654514
12.792792792792794,713.2611193021722,-610.4878169659719,55.75491848066309,-118.57500123674534
12.812812812812812,714.3773338863697,-612.8616908646054,55.75491848066309,-118.77520143694554
12.832832832832832,715.4935484705671,-615.2395727752549,55.75491848066309,-118.97540163714574
12.852852852852852,716.6097630547646,-617.6214626979205,55.75491848066309,-119.17560183734594
12.872872872872874,717.725977638962,-620.0073606326021,55.75491848066309,-119.37580203754614
12.892892892892894,718.8421922231595,-622.3972665792996,55.75491848066309,-119.57600223774634
12.912912912912912,719.9584068073569,-624.7911805380132,55.75491848066309,-119.77620243794654
12.932932932932932,721.0746213915544,-627.1891025087428,55.75491848066309,-119.97640263814674
12.952952952952952,722.1908359757518,-629.5910324914885,55.75491848066309,-120.17660283834694
12.972972972972974,723.3070505599493,-631.9969704862501,55.75491848066309,-120.37680303854714
12.992992992992994,724.4232651441467,-634.4069164930279,55.75491848066309,-120.57700323874734
13.013013013013012,725.5394797283442,-636.8208705118217,55.75491848066309,-120.77720343894754
13.033033033033032,726.6556943125416,-639.2388325426315,55.75491848066309,-120.97740363914774
13.053053053053052,727.7719088967391,-641.6608025854573,55.75491848066309,-121.17760383934794
13.073073073073074,728.8881234809365,-644.0867806402991,55.75491848066309,-121.37780403954814
13.093093093093094,730.004338065134,-646.516766707157,55.75491848066309,-121.57800423974834
13.113113113113112,731.1205526493314,-648.9507607860309,55.75491848066309,-121.77820443994854
13.133133133133132,732.2367672335289,-651.3887628769207,55.75491848066309,-121.97840464014874
13.153153153153154,733.3529818177263,-653.8307729798266,55.75491848066309,-122.17860484034894
13.173173173173174,734.4691964019238,-656.2767910947485,55.75491848066309,-122.37880504054914
13.193193193193194,735.5854109861212,-658.7268172216865,55.75491848066309,-122.57900524074934
13.213213213213212,736.7016255703187,-661.1808513606404,55.75491848066309,-122.77920544094954
13.233233233233232,737.8178401545161,-663.6388935116104,55.75491848066309,-122.97940564114974
13.253253253253254,738.9340547387136,-666.1009436745964,55.75491848066309,-123.17960584134994
13.273273273273274,740.050269322911,-668.5670018495983,55.75491848066309,-123.37980604155014
13.293293293293294,741.1664839071085,-671.0370680366163,55.75491848066309,-123.58000624175034
13.313313313313312,742.282698491306,-673.5111422356504,55.75491848066309,-123.78020644195054
13.333333333333332,743.3989130755034,-675.9892244467004,55.75491848066309,-123.98040664215074
13.353353353353354,744.5151276597009,-678.4713146697665,55.75491848066309,-124.18060684235094
13.373373373373374,745.6313422438983,-680.9574129048485,55.75491848066309,-124.38080704255114
13.393393393393394,746.7475568280958,-683.4475191519466,55.75491848066309,-124.58100724275134
13.413413413413412,747.8637714122932,-685.9416334110607,55.75491848066309,-124.78120744295154
13.433433433433432,748.9799859964907,-688.4397556821908,55.75491848066309,-124.98140764315174
13.453453453453454,750.0962005806881,-690.941885965337,55.75491848066309,-125.18160784335194
13.473473473473474,751.2124151648856,-693.4480242604991,55.75491848066309,-125.38180804355214
13.493493493493494,752.328629749083,-695.9581705676774,55.75491848066309,-125.58200824375234
13.513513513513512,753.4448443332805,-698.4723248868717,55.75491848066309,-125.78220844395254
13.533533533533532,754.5610589174779,-700.990487218082,55.75491848066309,-125.98240864415274
13.553553553553554,755.6772735016754,-703.5126575613083,55.75491848066309,-126.18260884435294
13.573573573573574,756.7934880858728,-706.0388359165506,55.75491848066309,-126.38280904455314
13.593593593593594,757.9097026700703,-708.569022283809,55.75491848066309,-126.58300924475334
13.613613613613612,759.0259172542677,-711.1032166630833,55.75491848066309,-126.78320944495354
13.633633633633632,760.1421318384652,-713.6414190543737,55.75491848066309,-126.98340964515374
13.653653653653654,761.2583464226626,-716.1836294576801,55.75491848066309,-127.18360984535394
13.673673673673674,762.3745610068601,-718.7298478730025,55.75491848066309,-127.38381004555414
13.693693693693694,763.4907755910575,-721.280074300341,55.75491848066309,-127.58401024575434
13.713713713713712,764.606990175255,-723.8343087396954,55.75491848066309,-127.78421044595454
13.733733733733732,765.7232047594524,-726.3925511910659,55.75491848066309,-127.98441064615474
13.753753753753754,766.8394193436499,-728.9548016544524,55.75491848066309,-128.18461084635496
13.773773773773774,767.9556339278473,-731.5210601298548,55.75491848066309,-128.38481104655517
13.793793793793794,769.0718485120448,-734.0913266172734,55.75491848066309,-128.58501124675539
13.813813813813812,770.1880630962422,-736.6656011167079,55.75491848066309,-128.7852114469556
13.833833833833832,771.3042776804397,-739.2438836281584,55.75491848066309,-128.98541164715581
13.853853853853854,772.4204922646371,-741.826174151625,55.75491848066309,-129.18561184735603
13.873873873873874,773.5367068488346,-744.4124726871075,55.75491848066309,-129.38581204755624
13.893893893893894,774.652921433032,-747.0027792346061,55.75491848066309,-129.58601224775646
13.913913913913913,775.7691360172295,-749.5970937941207,55.75491848066309,-129.78621244795667
13.933933933933933,776.8853506014269,-752.1954163656513,55.75491848066309,-129.9864126481569
13.953953953953954,778.0015651856244,-754.797746949198,55.75491848066309,-130.1866128483571
13.973973973973974,779.1177797698218,-757.4040855447607,55.75491848066309,-130.38681304855731
13.993993993993994,780.2339943540193,-760.0144321523395,55.75491848066309,-130.58701324875753
14.014014014014013,781.3502089382167,-762.6287867719343,55.75491848066309,-130.78721344895774
14.034034034034033,782.4664235224142,-765.2471494035451,55.75491848066309,-130.98741364915796
14.054054054054054,783.5826381066116,-767.8695200471719,55.75491848066309,-131.18761384935817
14.074074074074074,784.6988526908091,-770.4958987028148,55.75491848066309,-131.3878140495584
14.094094094094094,785.8150672750065,-773.1262853704736,55.75491848066309,-131.5880142497586
14.114114114114113,786.931281859204,-775.7606800501485,55.75491848066309,-131.78821444995882
14.134134134134133,788.0474964434014,-778.3990827418394,55.75491848066309,-131.98841465015903
14.154154154154154,789.1637110275989,-781.0414934455463,55.75491848066309,-132.18861485035924
14.174174174174174,790.2799256117963,-783.6879121612692,55.75491848066309,-132.38881505055946
14.194194194194194,791.3961401959938,-786.3383388890081,55.75491848066309,-132.58901525075967
14.214214214214213,792.5123547801912,-788.9927736287631,55.75491848066309,-132.7892154509599
14.234234234234233,793.6285693643887,-791.651216380534,55.75491848066309,-132.9894156511601
14.254254254254255,794.7447839485861,-794.313667144321,55.75491848066309,-133.18961585136032
14.274274274274275,795.8609985327836,-796.980125920124,55.75491848066309,-133.38981605156053
14.294294294294295,796.977213116981,-799.650592707943,55.75491848066309,-133.59001625176074
14.314314314314313,798.0934277011785,-802.325067507778,55.75491848066309,-133.79021645196096
14.334334334334333,799.2096422853759,-805.0035503196291,55.75491848066309,-133.99041665216117
14.354354354354355,800.3258568695734,-807.6860411434961,55.75491848066309,-134.1906168523614
14.374374374374375,801.4420714537708,-810.3725399793792,55.75491848066309,-134.3908170525616
14.394394394394395,802.5582860379683,-813.0630468272783,55.75491848066309,-134.59101725276182
14.414414414414413,803.6745006221657,-815.7575616871934,55.75491848066309,-134.79121745296203
14.434434434434436,804.7907152063632,-818.4560845591245,55.75491848066309,-134.99141765316224
14.454454454454455,805.9069297905606,-821.1586154430718,55.75491848066309,-135.19161785336246
14.474474474474475,807.0231443747581,-823.865154339035,55.75491848066309,-135.39181805356267
14.494494494494495,808.1393589589555,-826.5757012470143,55.75491848066309,-135.5920182537629
14.514514514514513,809.255573543153,-829.2902561670096,55.75491848066309,-135.7922184539631
14.534534534534536,810.3717881273504,-832.0088190990209,55.75491848066309,-135.99241865416332
14.554554554554555,811.4880027115479,-834.7313900430482,55.75491848066309,-136.19261885436353
14.574574574574575,812.6042172957453,-837.4579689990916,55.75491848066309,-136.39281905456374
14.594594594594595,813.7204318799428,-840.1885559671509,55.75491848066309,-136.59301925476396
14.614614614614613,814.8366464641402,-842.9231509472263,55.75491848066309,-136.79321945496417
14.634634634634637,815.9528610483377,-845.6617539393177,55.75491848066309,-136.9934196551644
14.654654654654655,817.0690756325351,-848.4043649434251,55.75491848066309,-137.1936198553646
14.674674674674675,818.1852902167326,-851.1509839595485,55.75491848066309,-137.39382005556482
14.694694694694695,819.30150480093,-853.901610987688,55.75491848066309,-137.59402025576503
14.714714714714713,820.4177193851275,-856.6562460278434,55.75491848066309,-137.79422045596525
14.734734734734737,821.533933969325,-859.4148890800149,55.75491848066309,-137.99442065616546
14.754754754754755,822.6501485535224,-862.1775401442023,55.75491848066309,-138.19462085636567
14.774774774774775,823.7663631377198,-864.9441992204058,55.75491848066309,-138.3948210565659
14.794794794794795,824.8825777219173,-867.7148663086253,55.75491848066309,-138.5950212567661
14.814814814814813,825.9987923061148,-870.4895414088609,55.75491848066309,-138.79522145696632
14.834834834834837,827.1150068903122,-873.2682245211124,55.75491848066309,-138.99542165716653
14.854854854854855,828.2312214745097,-876.05091564538,55.75491848066309,-139.19562185736675
14.874874874874875,829.3474360587071,-878.8376147816635,55.75491848066309,-139.39582205756696
14.894894894894895,830.4636506429046,-881.6283219299631,55.75491848066309,-139.59602225776717
14.914914914914913,831.579865227102,-884.4230370902787,55.75491848066309,-139.7962224579674
14.934934934934937,832.6960798112995,-887.2217602626105,55.75491848066309,-139.9964226581676
14.954954954954955,833.8122943954969,-890.0244914469582,55.75491848066309,-140.19662285836782
14.974974974974975,834.9285089796944,-892.831230643322,55.75491848066309,-140.39682305856803
14.994994994994995,836.0447235638918,-895.6419778517018,55.75491848066309,-140.59702325876825
15.015015015015013,837.1609381480893,-898.4567330720976,55.75491848066309,-140.79722345896846
15.035035035035037,838.2771527322867,-901.2754963045094,55.75491848066309,-140.99742365916867
15.055055055055055,839.3933673164842,-904.0982675489372,55.75491848066309,-141.1976238593689
15.075075075075075,840.5095819006816,-906.925046805381,55.75491848066309,-141.3978240595691
15.095095095095095,841.6257964848791,-909.7558340738409,55.75491848066309,-141.59802425976932
15.115115115115113,842.7420110690765,-912.5906293543168,55.75491848066309,-141.79822445996953
15.135135135135137,843.858225653274,-915.4294326468087,55.75491848066309,-141.99842466016975
15.155155155155155,844.9744402374714,-918.2722439513166,55.75491848066309,-142.19862486036996
15.175175175175175,846.0906548216689,-921.1190632678405,55.75491848066309,-142.39882506057018
15.195195195195195,847.2068694058663,-923.9698905963804,55.75491848066309,-142.5990252607704
15.215215215215213,848.3230839900638,-926.8247259369364,55.75491848066309,-142.7992254609706
15.235235235235237,849.4392985742612,-929.6835692895083,55.75491848066309,-142.99942566117082
15.255255255255255,850.5555131584587,-932.5464206540963,55.75491848066309,-143.19962586137103
15.275275275275275,851.6717277426561,-935.4132800307003,55.75491848066309,-143.39982606157125
15.295295295295295,852.7879423268536,-938.2841474193203,55.75491848066309,-143.60002626177146
15.315315315315313,853.904156911051,-941.1590228199564,55.75491848066309,-143.80022646197168
15.335335335335337,855.0203714952485,-944.0379062326084,55.75491848066309,-144.0004266621719
15.355355355355355,856.1365860794459,-946.9207976572765,55.75491848066309,-144.2006268623721
15.375375375375375,857.2528006636434,-949.8076970939605,55.75491848066309,-144.40082706257232
15.395395395395395,858.3690152478408,-952.6986045426606,55.75491848066309,-144.60102726277253
15.415415415415413,859.4852298320383,-955.5935200033769,55.75491848066309,-144.80122746297275
15.435435435435437,860.6014444162357,-958.4924434761091,55.75491848066309,-145.00142766317296
15.455455455455455,861.7176590004332,-961.3953749608573,55.75491848066309,-145.20162786337318
15.475475475475475,862.8338735846306,-964.3023144576216,55.75491848066309,-145.4018280635734
15.495495495495495,863.9500881688281,-967.2132619664019,55.75491848066309,-145.6020282637736
15.515515515515514,865.0663027530255,-970.1282174871982,55.75491848066309,-145.80222846397382
15.535535535535537,866.182517337223,-973.0471810200105,55.75491848066309,-146.00242866417403
15.555555555555555,867.2987319214204,-975.9701525648388,55.75491848066309,-146.20262886437425
15.575575575575575,868.4149465056179,-978.8971321216832,55.75491848066309,-146.40282906457446
15.595595595595595,869.5311610898153,-981.8281196905435,55.75491848066309,-146.60302926477468
15.615615615615614,870.6473756740128,-984.7631152714199,55.75491848066309,-146.8032294649749
15.635635635635637,871.7635902582102,-987.7021188643123,55.75491848066309,-147.0034296651751
15.655655655655655,872.8798048424077,-990.6451304692207,55.75491848066309,-147.20362986537532
15.675675675675675,873.9960194266051,-993.5921500861451,55.75491848066309,-147.40383006557553
15.695695695695695,875.1122340108026,-996.5431777150856,55.75491848066309,-147.60403026577575
15.715715715715717,876.228448595,-999.498213356042,55.75491848066309,-147.80423046597596
15.735735735735737,877.3446631791975,-1002.4572570090145,55.75491848066309,-148.00443066617618
15.755755755755755,878.4608777633949,-1005.420308674003,55.75491848066309,-148.2046308663764
15.775775775775776,879.5770923475924,-1008.3873683510075,55.75491848066309,-148.4048310665766
15.795795795795796,880.6933069317898,-1011.358436040028,55.75491848066309,-148.60503126677682
15.815815815815817,881.8095215159873,-1014.3335117410645,55.75491848066309,-148.80523146697703
15.835835835835837,882.9257361001847,-1017.3125954541171,55.75491848066309,-149.00543166717725
15.855855855855856,884.0419506843822,-1020.2956871791856,55.75491848066309,-149.20563186737746
15.875875875875876,885.1581652685796,-1023.2827869162702,55.75491848066309,-149.40583206757768
15.895895895895896,886.2743798527771,-1026.2738946653708,55.75491848066309,-149.6060322677779
15.915915915915917,887.3905944369745,-1029.2690104264875,55.75491848066309,-149.8062324679781
15.935935935935937,888.506809021172,-1032.2681341996201,55.75491848066309,-150.00643266817832
15.955955955955956,889.6230236053694,-1035.271265984769,55.75491848066309,-150.20663286837853
15.975975975975976,890.7392381895669,-1038.2784057819335,55.75491848066309,-150.40683306857875
15.995995995995996,891.8554527737643,-1041.2895535911143,55.75491848066309,-150.60703326877896
16.016016016016017,892.9716673579618,-1044.304709412311,55.75491848066309,-150.80723346897918
16.036036036036037,894.0878819421592,-1047.3238732455238,55.75491848066309,-151.0074336691794
16.056056056056057,895.2040965263567,-1050.3470450907525,55.75491848066309,-151.2076338693796
16.076076076076077,896.3203111105541,-1053.3742249479974,55.75491848066309,-151.40783406957982
16.096096096096094,897.4365256947516,-1056.4054128172581,55.75491848066309,-151.60803426978003
16.116116116116117,898.552740278949,-1059.440608698535,55.75491848066309,-151.80823446998025
16.136136136136138,899.6689548631465,-1062.479812591828,55.75491848066309,-152.00843467018046
16.156156156156158,900.785169447344,-1065.523024497137,55.75491848066309,-152.20863487038068
16.176176176176178,901.9013840315414,-1068.570244414462,55.75491848066309,-152.4088350705809
16.196196196196194,903.0175986157388,-1071.621472343803,55.75491848066309,-152.6090352707811
16.216216216216218,904.1338131999363,-1074.67670828516,55.75491848066309,-152.80923547098132
16.236236236236238,905.2500277841337,-1077.735952238533,55.75491848066309,-153.00943567118154
16.256256256256258,906.3662423683312,-1080.799204203922,55.75491848066309,-153.20963587138175
16.276276276276278,907.4824569525287,-1083.866464181327,55.75491848066309,-153.40983607158196
16.296296296296294,908.5986715367261,-1086.9377321707482,55.75491848066309,-153.61003627178218
16.316316316316318,909.7148861209236,-1090.0130081721852,55.75491848066309,-153.8102364719824
16.336336336336338,910.831100705121,-1093.0922921856384,55.75491848066309,-154.0104366721826
16.356356356356358,911.9473152893185,-1096.1755842111074,55.75491848066309,-154.21063687238282
16.376376376376378,913.0635298735159,-1099.2628842485926,55.75491848066309,-154.41083707258304
16.396396396396394,914.1797444577134,-1102.3541922980937,55.75491848066309,-154.61103727278325
16.416416416416418,915.2959590419108,-1105.449508359611,55.75491848066309,-154.81123747298346
16.436436436436438,916.4121736261083,-1108.548832433144,55.75491848066309,-155.01143767318368
16.456456456456458,917.5283882103057,-1111.6521645186933,55.75491848066309,-155.2116378733839
16.476476476476478,918.6446027945032,-1114.7595046162585,55.75491848066309,-155.4118380735841
16.496496496496494,919.7608173787006,-1117.8708527258398,55.75491848066309,-155.61203827378432
16.516516516516518,920.8770319628981,-1120.986208847437,55.75491848066309,-155.81223847398454
16.536536536536538,921.9932465470955,-1124.1055729810503,55.75491848066309,-156.01243867418475
16.556556556556558,923.109461131293,-1127.2289451266795,55.75491848066309,-156.21263887438496
16.576576576576578,924.2256757154904,-1130.3563252843248,55.75491848066309,-156.41283907458518
16.596596596596594,925.3418902996879,-1133.4877134539863,55.75491848066309,-156.6130392747854
16.616616616616618,926.4581048838853,-1136.6231096356637,55.75491848066309,-156.8132394749856
16.636636636636638,927.5743194680828,-1139.7625138293572,55.75491848066309,-157.01343967518582
16.656656656656658,928.6905340522802,-1142.9059260350666,55.75491848066309,-157.21363987538604
16.676676676676678,929.8067486364777,-1146.0533462527922,55.75491848066309,-157.41384007558625
16.696696696696694,930.9229632206751,-1149.2047744825336,55.75491848066309,-157.61404027578646
16.716716716716718,932.0391778048726,-1152.3602107242912,55.75491848066309,-157.81424047598668
16.736736736736738,933.15539238907,-1155.5196549780646,55.75491848066309,-158.0144406761869
16.756756756756758,934.2716069732675,-1158.6831072438542,55.75491848066309,-158.2146408763871
16.776776776776778,935.3878215574649,-1161.8505675216597,55.75491848066309,-158.41484107658732
16.796796796796794,936.5040361416624,-1165.0220358114814,55.75491848066309,-158.61504127678754
16.816816816816818,937.6202507258598,-1168.197512113319,55.75491848066309,-158.81524147698775
16.836836836836838,938.7364653100573,-1171.3769964271726,55.75491848066309,-159.01544167718797
16.856856856856858,939.8526798942547,-1174.5604887530421,55.75491848066309,-159.21564187738818
16.876876876876878,940.9688944784522,-1177.7479890909278,55.75491848066309,-159.4158420775884
16.896896896896898,942.0851090626496,-1180.9394974408294,55.75491848066309,-159.6160422777886
16.916916916916918,943.2013236468471,-1184.1350138027472,55.75491848066309,-159.81624247798882
16.936936936936938,944.3175382310445,-1187.3345381766808,55.75491848066309,-160.01644267818904
16.956956956956958,945.433752815242,-1190.5380705626305,55.75491848066309,-160.21664287838925
16.976976976976978,946.5499673994394,-1193.7456109605962,55.75491848066309,-160.41684307858947
16.996996996996998,947.6661819836369,-1196.957159370578,55.75491848066309,-160.61704327878968
17.017017017017018,948.7823965678343,-1200.1727157925757,55.75491848066309,-160.8172434789899
17.037037037037038,949.8986111520318,-1203.3922802265895,55.75491848066309,-161.0174436791901
17.057057057057058,951.0148257362292,-1206.6158526726192,55.75491848066309,-161.21764387939032
17.077077077077078,952.1310403204267,-1209.843433130665,55.75491848066309,-161.41784407959054
17.097097097097098,953.2472549046241,-1213.075021600727,55.75491848066309,-161.61804427979075
17.117117117117118,954.3634694888216,-1216.310618082805,55.75491848066309,-161.81824447999097
17.137137137137138,955.479684073019,-1219.550222576899,55.75491848066309,-162.01844468019118
17.157157157157158,956.5958986572165,-1222.7938350830088,55.75491848066309,-162.2186448803914
17.177177177177178,957.7121132414139,-1226.0414556011349,55.75491848066309,-162.4188450805916
17.197197197197198,958.8283278256114,-1229.2930841312768,55.75491848066309,-162.61904528079182
17.217217217217218,959.9445424098088,-1232.548720673435,55.75491848066309,-162.81924548099204
17.237237237237238,961.0607569940063,-1235.8083652276089,55.75491848066309,-163.01944568119225
17.25725725725726,962.1769715782037,-1239.072017793799,55.75491848066309,-163.21964588139247
17.27727727727728,963.2931861624012,-1242.339678372005,55.75491848066309,-163.41984608159268
17.2972972972973,964.4094007465986,-1245.6113469622271,55.75491848066309,-163.6200462817929
17.31731731731732,965.5256153307961,-1248.8870235644652,55.75491848066309,-163.8202464819931
17.33733733733734,966.6418299149935,-1252.1667081787193,55.75491848066309,-164.02044668219332
17.35735735735736,967.758044499191,-1255.4504008049894,55.75491848066309,-164.22064688239354
17.37737737737738,968.8742590833884,-1258.7381014432756,55.75491848066309,-164.42084708259375
17.3973973973974,969.9904736675859,-1262.0298100935777,55.75491848066309,-164.62104728279397
17.41741741741742,971.1066882517833,-1265.325526755896,55.75491848066309,-164.82124748299418
17.43743743743744,972.2229028359808,-1268.62525143023,55.75491848066309,-165.0214476831944
17.45745745745746,973.3391174201782,-1271.9289841165803,55.75491848066309,-165.2216478833946
17.47747747747748,974.4553320043757,-1275.2367248149465,55.75491848066309,-165.42184808359482
17.4974974974975,975.5715465885731,-1278.5484735253287,55.75491848066309,-165.62204828379504
17.51751751751752,976.6877611727706,-1281.864230247727,55.75491848066309,-165.82224848399525
17.53753753753754,977.803975756968,-1285.1839949821413,55.75491848066309,-166.02244868419547
17.55755755755756,978.9201903411655,-1288.5077677285717,55.75491848066309,-166.22264888439568
17.57757757757758,980.036404925363,-1291.835548487018,55.75491848066309,-166.4228490845959
17.5975975975976,981.1526195095604,-1295.1673372574805,55.75491848066309,-166.6230492847961
17.61761761761762,982.2688340937578,-1298.503134039959,55.75491848066309,-166.82324948499632
17.63763763763764,983.3850486779553,-1301.8429388344534,55.75491848066309,-167.02344968519654
17.65765765765766,984.5012632621527,-1305.1867516409638,55.75491848066309,-167.22364988539675
17.67767767767768,985.6174778463502,-1308.5345724594904,55.75491848066309,-167.42385008559697
17.6976976976977,986.7336924305476,-1311.8864012900328,55.75491848066309,-167.62405028579718
17.71771771771772,987.8499070147451,-1315.2422381325914,55.75491848066309,-167.8242504859974
17.73773773773774,988.9661215989426,-1318.6020829871659,55.75491848066309,-168.0244506861976
17.75775775775776,990.08233618314,-1321.9659358537565,55.75491848066309,-168.22465088639782
17.77777777777778,991.1985507673375,-1325.333796732363,55.75491848066309,-168.42485108659804
17.7977977977978,992.3147653515349,-1328.7056656229856,55.75491848066309,-168.62505128679825
17.81781781781782,993.4309799357324,-1332.0815425256242,55.75491848066309,-168.82525148699847
17.83783783783784,994.5471945199298,-1335.4614274402788,55.75491848066309,-169.02545168719868
17.85785785785786,995.6634091041273,-1338.8453203669494,55.75491848066309,-169.2256518873989
17.87787787787788,996.7796236883247,-1342.233221305636,55.75491848066309,-169.4258520875991
17.8978978978979,997.8958382725222,-1345.6251302563387,55.75491848066309,-169.62605228779933
17.91791791791792,999.0120528567196,-1349.0210472190574,55.75491848066309,-169.82625248799954
17.93793793793794,1000.128267440917,-1352.420972193792,55.75491848066309,-170.02645268819975
17.95795795795796,1001.2444820251145,-1355.8249051805428,55.75491848066309,-170.22665288839997
17.97797797797798,1002.360696609312,-1359.2328461793095,55.75491848066309,-170.42685308860018
17.997997997998,1003.4769111935094,-1362.6447951900923,55.75491848066309,-170.6270532888004
18.01801801801802,1004.5931257777069,-1366.060752212891,55.75491848066309,-170.8272534890006
18.03803803803804,1005.7093403619043,-1369.4807172477058,55.75491848066309,-171.02745368920083
18.05805805805806,1006.8255549461018,-1372.9046902945367,55.75491848066309,-171.22765388940104
18.07807807807808,1007.9417695302992,-1376.3326713533836,55.75491848066309,-171.42785408960125
18.0980980980981,1009.0579841144967,-1379.7646604242466,55.75491848066309,-171.62805428980147
18.11811811811812,1010.1741986986941,-1383.2006575071255,55.75491848066309,-171.82825449000168
18.13813813813814,1011.2904132828916,-1386.6406626020205,55.75491848066309,-172.0284546902019
18.15815815815816,1012.406627867089,-1390.0846757089314,55.75491848066309,-172.2286548904021
18.17817817817818,1013.5228424512865,-1393.5326968278584,55.75491848066309,-172.42885509060233
18.1981981981982,1014.6390570354839,-1396.9847259588014,55.75491848066309,-172.62905529080254
18.21821821821822,1015.7552716196814,-1400.4407631017605,55.75491848066309,-172.82925549100275
18.23823823823824,1016.8714862038788,-1403.9008082567354,55.75491848066309,-173.02945569120297
18.25825825825826,1017.9877007880763,-1407.3648614237266,55.75491848066309,-173.22965589140318
18.27827827827828,1019.1039153722737,-1410.8329226027336,55.75491848066309,-173.4298560916034
18.2982982982983,1020.2201299564712,-1414.3049917937567,55.75491848066309,-173.6300562918036
18.31831831831832,1021.3363445406686,-1417.7810689967957,55.75491848066309,-173.83025649200383
18.33833833833834,1022.4525591248661,-1421.261154211851,55.75491848066309,-174.03045669220404
18.35835835835836,1023.5687737090635,-1424.745247438922,55.75491848066309,-174.23065689240426
18.37837837837838,1024.684988293261,-1428.2333486780092,55.75491848066309,-174.43085709260447
18.3983983983984,1025.8012028774585,-1431.7254579291123,55.75491848066309,-174.63105729280468
18.41841841841842,1026.917417461656,-1435.2215751922315,55.75491848066309,-174.8312574930049
18.43843843843844,1028.0336320458534,-1438.7217004673666,55.75491848066309,-175.0314576932051
18.45845845845846,1029.149846630051,-1442.225833754518,55.75491848066309,-175.23165789340533
18.47847847847848,1030.2660612142483,-1445.733975053685,55.75491848066309,-175.43185809360554
18.4984984984985,1031.3822757984458,-1449.2461243648684,55.75491848066309,-175.63205829380576
18.51851851851852,1032.4984903826432,-1452.7622816880678,55.75491848066309,-175.83225849400597
18.53853853853854,1033.6147049668407,-1456.282447023283,55.75491848066309,-176.03245869420618
18.55855855855856,1034.7309195510381,-1459.8066203705146,55.75491848066309,-176.2326588944064
18.57857857857858,1035.8471341352356,-1463.334801729762,55.75491848066309,-176.4328590946066
18.5985985985986,1036.963348719433,-1466.8669911010254,55.75491848066309,-176.63305929480683
18.61861861861862,1038.0795633036305,-1470.4031884843048,55.75491848066309,-176.83325949500704
18.63863863863864,1039.195777887828,-1473.9433938796003,55.75491848066309,-177.03345969520726
18.65865865865866,1040.3119924720254,-1477.4876072869117,55.75491848066309,-177.23365989540747
18.67867867867868,1041.4282070562228,-1481.0358287062393,55.75491848066309,-177.43386009560768
18.6986986986987,1042.5444216404203,-1484.5880581375827,55.75491848066309,-177.6340602958079
18.71871871871872,1043.6606362246177,-1488.1442955809423,55.75491848066309,-177.8342604960081
18.73873873873874,1044.7768508088152,-1491.7045410363178,55.75491848066309,-178.03446069620833
18.75875875875876,1045.8930653930126,-1495.2687945037094,55.75491848066309,-178.23466089640854
18.77877877877878,1047.00927997721,-1498.837055983117,55.75491848066309,-178.43486109660876
18.7987987987988,1048.1254945614075,-1502.4093254745405,55.75491848066309,-178.63506129680897
18.81881881881882,1049.241709145605,-1505.98560297798,55.75491848066309,-178.83526149700918
18.83883883883884,1050.3579237298025,-1509.5658884934358,55.75491848066309,-179.0354616972094
18.85885885885886,1051.474138314,-1513.1501820209073,55.75491848066309,-179.2356618974096
18.87887887887888,1052.5903528981974,-1516.738483560395,55.75491848066309,-179.43586209760983
18.8988988988989,1053.7065674823948,-1520.3307931118986,55.75491848066309,-179.63606229781004
18.91891891891892,1054.8227820665923,-1523.9271106754184,55.75491848066309,-179.83626249801026
18.93893893893894,1055.9389966507897,-1527.527436250954,55.75491848066309,-180.03646269821047
18.95895895895896,1057.0552112349872,-1531.1317698385058,55.75491848066309,-180.23666289841069
18.97897897897898,1058.1714258191846,-1534.7401114380737,55.75491848066309,-180.4368630986109
18.998998998999,1059.287640403382,-1538.3524610496574,55.75491848066309,-180.6370632988111
19.01901901901902,1060.4038549875795,-1541.9688186732574,55.75491848066309,-180.83726349901133
19.03903903903904,1061.520069571777,-1545.5891843088732,55.75491848066309,-181.03746369921154
19.05905905905906,1062.6362841559744,-1549.2135579565052,55.75491848066309,-181.23766389941176
19.07907907907908,1063.7524987401719,-1552.841939616153,55.75491848066309,-181.43786409961197
19.0990990990991,1064.8687133243693,-1556.474329287817,55.75491848066309,-181.63806429981219
19.11911911911912,1065.9849279085668,-1560.110726971497,55.75491848066309,-181.8382645000124
19.13913913913914,1067.1011424927642,-1563.751132667193,55.75491848066309,-182.03846470021261
19.15915915915916,1068.2173570769617,-1567.3955463749048,55.75491848066309,-182.23866490041283
19.17917917917918,1069.333571661159,-1571.0439680946329,55.75491848066309,-182.43886510061304
19.1991991991992,1070.4497862453566,-1574.6963978263768,55.75491848066309,-182.63906530081326
19.21921921921922,1071.566000829554,-1578.352835570137,55.75491848066309,-182.83926550101347
19.23923923923924,1072.6822154137515,-1582.0132813259129,55.75491848066309,-183.0394657012137
19.25925925925926,1073.798429997949,-1585.677735093705,55.75491848066309,-183.2396659014139
19.27927927927928,1074.9146445821464,-1589.346196873513,55.75491848066309,-183.43986610161411
19.2992992992993,1076.0308591663438,-1593.0186666653372,55.75491848066309,-183.64006630181433
19.31931931931932,1077.1470737505413,-1596.6951444691772,55.75491848066309,-183.84026650201454
19.33933933933934,1078.2632883347387,-1600.3756302850334,55.75491848066309,-184.04046670221476
19.35935935935936,1079.3795029189362,-1604.0601241129054,55.75491848066309,-184.24066690241497
19.37937937937938,1080.4957175031336,-1607.7486259527936,55.75491848066309,-184.4408671026152
19.3993993993994,1081.611932087331,-1611.4411358046978,55.75491848066309,-184.6410673028154
19.41941941941942,1082.7281466715285,-1615.137653668618,55.75491848066309,-184.84126750301562
19.43943943943944,1083.844361255726,-1618.8381795445541,55.75491848066309,-185.04146770321583
19.45945945945946,1084.9605758399234,-1622.5427134325064,55.75491848066309,-185.24166790341604
19.47947947947948,1086.0767904241209,-1626.2512553324748,55.75491848066309,-185.44186810361626
19.4994994994995,1087.1930050083183,-1629.963805244459,55.75491848066309,-185.64206830381647
19.51951951951952,1088.3092195925158,-1633.6803631684595,55.75491848066309,-185.8422685040167
19.53953953953954,1089.4254341767132,-1637.4009291044758,55.75491848066309,-186.0424687042169
19.55955955955956,1090.5416487609107,-1641.1255030525083,55.75491848066309,-186.24266890441712
19.57957957957958,1091.6578633451081,-1644.8540850125567,55.75491848066309,-186.44286910461733
19.5995995995996,1092.7740779293056,-1648.5866749846211,55.75491848066309,-186.64306930481754
19.61961961961962,1093.890292513503,-1652.3232729687015,55.75491848066309,-186.84326950501776
19.63963963963964,1095.0065070977005,-1656.063878964798,55.75491848066309,-187.04346970521797
19.65965965965966,1096.122721681898,-1659.8084929729105,55.75491848066309,-187.2436699054182
19.67967967967968,1097.2389362660954,-1663.557114993039,55.75491848066309,-187.4438701056184
19.6996996996997,1098.3551508502928,-1667.3097450251835,55.75491848066309,-187.64407030581862
19.71971971971972,1099.4713654344903,-1671.066383069344,55.75491848066309,-187.84427050601883
19.73973973973974,1100.5875800186877,-1674.8270291255205,55.75491848066309,-188.04447070621904
19.75975975975976,1101.7037946028852,-1678.5916831937132,55.75491848066309,-188.24467090641926
19.77977977977978,1102.8200091870826,-1682.3603452739217,55.75491848066309,-188.44487110661947
19.7997997997998,1103.93622377128,-1686.1330153661463,55.75491848066309,-188.6450713068197
19.81981981981982,1105.0524383554775,-1689.9096934703869,55.75491848066309,-188.8452715070199
19.83983983983984,1106.168652939675,-1693.6903795866435,55.75491848066309,-189.04547170722012
19.85985985985986,1107.2848675238724,-1697.475073714916,55.75491848066309,-189.24567190742033
19.87987987987988,1108.4010821080699,-1701.2637758552048,55.75491848066309,-189.44587210762054
19.8998998998999,1109.5172966922673,-1705.0564860075094,55.75491848066309,-189.64607230782076
19.91991991991992,1110.6335112764648,-1708.8532041718302,55.75491848066309,-189.84627250802097
19.93993993993994,1111.7497258606622,-1712.653930348167,55.75491848066309,-190.0464727082212
19.95995995995996,1112.8659404448597,-1716.4586645365198,55.75491848066309,-190.2466729084214
19.97997997997998,1113.9821550290571,-1720.2674067368887,55.75491848066309,-190.44687310862162
20.0,1115.0983696132546,-1724.0801569492735,55.75491848066309,-190.64707330882183
