t,xpos,ypos,vx,vy
0.0,0.0,91.78874594588501,59.30254701576313,69.97282818982279
0.02002002002002002,1.1872381784937565,93.18960336710269,59.30254701576313,69.77262798962259
0.04004004004004004,2.374476356987513,94.58645277630434,59.30254701576313,69.57242778942239
0.06006006006006006,3.5617145354812694,95.97929417348998,59.30254701576313,69.37222758922219
0.08008008008008008,4.748952713975026,97.3681275586596,59.30254701576313,69.17202738902199
0.10010010010010009,5.936190892468782,98.75295293181318,59.30254701576313,68.97182718882179
0.12012012012012012,7.123429070962539,100.13377029295076,59.30254701576313,68.77162698862159
0.14014014014014015,8.310667249456294,101.51057964207232,59.30254701576313,68.57142678842139
0.16016016016016016,9.497905427950052,102.88338097917784,59.30254701576313,68.37122658822119
0.18018018018018017,10.685143606443809,104.25217430426736,59.30254701576313,68.17102638802099
0.20020020020020018,11.872381784937566,105.61695961734085,59.30254701576313,67.97082618782079
0.22022022022022023,13.059619963431324,106.97773691839832,59.30254701576313,67.77062598762059
0.24024024024024024,14.246858141925081,108.33450620743977,59.30254701576313,67.57042578742039
0.2602602602602603,15.434096320418838,109.68726748446521,59.30254701576313,67.37022558722019
0.2802802802802803,16.621334498912596,111.03602074947462,59.30254701576313,67.17002538701999
0.3003003003003003,17.808572677406353,112.38076600246801,59.30254701576313,66.96982518681979
0.3203203203203203,18.99581085590011,113.72150324344538,59.30254701576313,66.76962498661959
0.3403403403403404,20.183049034393868,115.05823247240673,59.30254701576313,66.56942478641939
0.36036036036036034,21.370287212887625,116.39095368935206,59.30254701576313,66.36922458621919
0.3803803803803804,22.557525391381382,117.71966689428137,59.30254701576313,66.16902438601899
0.40040040040040037,23.74476356987514,119.04437208719467,59.30254701576313,65.96882418581879
0.42042042042042044,24.932001748368897,120.36506926809194,59.30254701576313,65.76862398561859
0.44044044044044045,26.119239926862654,121.6817584369732,59.30254701576313,65.56842378541839
0.4604604604604605,27.306478105356412,122.99443959383844,59.30254701576313,65.36822358521819
0.4804804804804805,28.49371628385017,124.30311273868764,59.30254701576313,65.16802338501799
0.5005005005005005,29.680954462343927,125.60777787152084,59.30254701576313,64.96782318481779
0.5205205205205206,30.868192640837684,126.90843499233802,59.30254701576313,64.76762298461759
0.5405405405405406,32.05543081933144,128.20508410113916,59.30254701576313,64.56742278441739
0.5605605605605606,33.2426689978252,129.4977251979243,59.30254701576313,64.36722258421719
0.5805805805805806,34.429907176318956,130.7863582826934,59.30254701576313,64.16702238401699
0.6006006006006006,35.61714535481271,132.07098335544651,59.30254701576313,63.96682218381679
0.6206206206206206,36.80438353330647,133.3516004161836,59.30254701576313,63.76662198361659
0.6406406406406406,37.99162171180023,134.62820946490464,59.30254701576313,63.56642178341639
0.6606606606606606,39.178859890293985,135.90081050160967,59.30254701576313,63.36622158321619
0.6806806806806808,40.36609806878774,137.16940352629868,59.30254701576313,63.16602138301599
0.7007007007007007,41.5533362472815,138.43398853897168,59.30254701576313,62.96582118281579
0.7207207207207207,42.74057442577526,139.69456553962866,59.30254701576313,62.76562098261559
0.7407407407407407,43.927812604269015,140.95113452826962,59.30254701576313,62.56542078241539
0.7607607607607608,45.11505078276277,142.20369550489454,59.30254701576313,62.36522058221519
0.7807807807807808,46.30228896125653,143.45224846950344,59.30254701576313,62.16502038201499
0.8008008008008007,47.48952713975029,144.69679342209633,59.30254701576313,61.96482018181479
0.8208208208208208,48.676765318244044,145.9373303626732,59.30254701576313,61.76461998161459
0.8408408408408409,49.8640034967378,147.17385929123407,59.30254701576313,61.56441978141439
0.8608608608608609,51.05124167523156,148.4063802077789,59.30254701576313,61.364219581214186
0.8808808808808809,52.238479853725316,149.6348931123077,59.30254701576313,61.164019381013986
0.9009009009009008,53.42571803221907,150.8593980048205,59.30254701576313,60.963819180813786
0.920920920920921,54.61295621071283,152.07989488531726,59.30254701576313,60.763618980613586
0.9409409409409409,55.80019438920659,153.296383753798,59.30254701576313,60.563418780413386
0.960960960960961,56.987432567700345,154.50886461026275,59.30254701576313,60.363218580213186
0.980980980980981,58.1746707461941,155.71733745471147,59.30254701576313,60.163018380012986
1.001001001001001,59.36190892468786,156.92180228714417,59.30254701576313,59.962818179812786
1.021021021021021,60.54914710318162,158.12225910756084,59.30254701576313,59.762617979612585
1.0410410410410411,61.736385281675375,159.31870791596148,59.30254701576313,59.562417779412385
1.0610610610610611,62.92362346016913,160.5111487123461,59.30254701576313,59.362217579212185
1.0810810810810811,64.11086163866288,161.69958149671473,59.30254701576313,59.162017379011985
1.1011011011011012,65.29809981715664,162.88400626906733,59.30254701576313,58.961817178811785
1.1211211211211212,66.4853379956504,164.0644230294039,59.30254701576313,58.761616978611585
1.1411411411411412,67.67257617414415,165.24083177772445,59.30254701576313,58.561416778411385
1.1611611611611612,68.85981435263791,166.41323251402898,59.30254701576313,58.361216578211184
1.1811811811811812,70.04705253113167,167.58162523831749,59.30254701576313,58.161016378010984
1.2012012012012012,71.23429070962543,168.74600995058998,59.30254701576313,57.960816177810784
1.2212212212212212,72.42152888811918,169.90638665084646,59.30254701576313,57.760615977610584
1.2412412412412412,73.60876706661294,171.06275533908692,59.30254701576313,57.560415777410384
1.2612612612612613,74.7960052451067,172.21511601531134,59.30254701576313,57.360215577210184
1.2812812812812813,75.98324342360046,173.36346867951974,59.30254701576313,57.160015377009984
1.3013013013013013,77.17048160209421,174.50781333171213,59.30254701576313,56.959815176809784
1.3213213213213213,78.35771978058797,175.6481499718885,59.30254701576313,56.75961497660958
1.3413413413413413,79.54495795908173,176.78447860004886,59.30254701576313,56.55941477640938
1.3613613613613615,80.73219613757549,177.9167992161932,59.30254701576313,56.35921457620918
1.3813813813813813,81.91943431606924,179.04511182032152,59.30254701576313,56.15901437600898
1.4014014014014013,83.106672494563,180.1694164124338,59.30254701576313,55.95881417580878
1.4214214214214214,84.29391067305676,181.28971299253007,59.30254701576313,55.75861397560858
1.4414414414414414,85.48114885155051,182.40600156061032,59.30254701576313,55.55841377540838
1.4614614614614616,86.66838703004427,183.51828211667456,59.30254701576313,55.35821357520818
1.4814814814814814,87.85562520853803,184.62655466072277,59.30254701576313,55.15801337500798
1.5015015015015014,89.04286338703179,185.73081919275498,59.30254701576313,54.95781317480778
1.5215215215215216,90.23010156552554,186.83107571277114,59.30254701576313,54.75761297460758
1.5415415415415414,91.4173397440193,187.92732422077128,59.30254701576313,54.55741277440738
1.5615615615615617,92.60457792251306,189.0195647167554,59.30254701576313,54.35721257420718
1.5815815815815815,93.79181610100682,190.10779720072352,59.30254701576313,54.15701237400698
1.6016016016016015,94.97905427950057,191.19202167267562,59.30254701576313,53.95681217380678
1.6216216216216217,96.16629245799433,192.2722381326117,59.30254701576313,53.75661197360658
1.6416416416416415,97.35353063648809,193.34844658053174,59.30254701576313,53.55641177340638
1.6616616616616617,98.54076881498185,194.42064701643577,59.30254701576313,53.35621157320618
1.6816816816816818,99.7280069934756,195.48883944032377,59.30254701576313,53.15601137300598
1.7017017017017015,100.91524517196936,196.55302385219576,59.30254701576313,52.95581117280578
1.7217217217217218,102.10248335046312,197.61320025205174,59.30254701576313,52.75561097260558
1.7417417417417416,103.28972152895687,198.6693686398917,59.30254701576313,52.55541077240538
1.7617617617617618,104.47695970745063,199.72152901571565,59.30254701576313,52.35521057220518
1.7817817817817818,105.66419788594439,200.76968137952355,59.30254701576313,52.15501037200498
1.8018018018018016,106.85143606443815,201.81382573131543,59.30254701576313,51.95481017180478
1.8218218218218218,108.0386742429319,202.8539620710913,59.30254701576313,51.75460997160458
1.841841841841842,109.22591242142566,203.89009039885116,59.30254701576313,51.55440977140438
1.8618618618618619,110.41315059991942,204.922210714595,59.30254701576313,51.35420957120418
1.8818818818818819,111.60038877841318,205.95032301832282,59.30254701576313,51.15400937100398
1.9019019019019017,112.78762695690693,206.9744273100346,59.30254701576313,50.95380917080378
1.921921921921922,113.97486513540069,207.99452358973036,59.30254701576313,50.75360897060358
1.9419419419419421,115.16210331389445,209.0106118574101,59.30254701576313,50.55340877040338
1.961961961961962,116.3493414923882,210.02269211307384,59.30254701576313,50.35320857020318
1.981981981981982,117.53657967088196,211.03076435672156,59.30254701576313,50.15300837000298
2.002002002002002,118.72381784937572,212.03482858835326,59.30254701576313,49.95280816980278
2.022022022022022,119.91105602786948,213.03488480796892,59.30254701576313,49.75260796960258
2.042042042042042,121.09829420636324,214.03093301556856,59.30254701576313,49.55240776940238
2.0620620620620618,122.28553238485699,215.0229732111522,59.30254701576313,49.35220756920218
2.0820820820820822,123.47277056335075,216.0110053947198,59.30254701576313,49.15200736900198
2.1021021021021022,124.6600087418445,216.9950295662714,59.30254701576313,48.95180716880178
2.1221221221221223,125.84724692033826,217.97504572580698,59.30254701576313,48.75160696860158
2.1421421421421423,127.03448509883202,218.95105387332654,59.30254701576313,48.55140676840138
2.1621621621621623,128.22172327732576,219.92305400883006,59.30254701576313,48.35120656820118
2.1821821821821823,129.4089614558195,220.89104613231757,59.30254701576313,48.15100636800098
2.2022022022022023,130.59619963431325,221.85503024378906,59.30254701576313,47.95080616780078
2.2222222222222223,131.783437812807,222.81500634324453,59.30254701576313,47.75060596760058
2.2422422422422423,132.97067599130074,223.770974430684,59.30254701576313,47.55040576740038
2.2622622622622623,134.15791416979448,224.72293450610744,59.30254701576313,47.35020556720018
2.2822822822822824,135.34515234828822,225.67088656951483,59.30254701576313,47.15000536699998
2.3023023023023024,136.53239052678197,226.61483062090622,59.30254701576313,46.94980516679978
2.3223223223223224,137.7196287052757,227.5547666602816,59.30254701576313,46.74960496659958
2.3423423423423424,138.90686688376945,228.49069468764094,59.30254701576313,46.54940476639938
2.3623623623623624,140.0941050622632,229.42261470298428,59.30254701576313,46.34920456619918
2.3823823823823824,141.28134324075694,230.3505267063116,59.30254701576313,46.14900436599898
2.4024024024024024,142.46858141925068,231.27443069762288,59.30254701576313,45.94880416579878
2.4224224224224224,143.65581959774443,232.19432667691814,59.30254701576313,45.748603965598576
2.4424424424424425,144.84305777623817,233.11021464419738,59.30254701576313,45.548403765398376
2.4624624624624625,146.0302959547319,234.02209459946062,59.30254701576313,45.348203565198176
2.4824824824824825,147.21753413322566,234.92996654270783,59.30254701576313,45.148003364997976
2.5025025025025025,148.4047723117194,235.83383047393903,59.30254701576313,44.947803164797776
2.5225225225225225,149.59201049021314,236.73368639315422,59.30254701576313,44.747602964597576
2.5425425425425425,150.77924866870688,237.62953430035336,59.30254701576313,44.547402764397376
2.5625625625625625,151.96648684720063,238.52137419553648,59.30254701576313,44.347202564197175
2.5825825825825826,153.15372502569437,239.4092060787036,59.30254701576313,44.147002363996975
2.6026026026026026,154.3409632041881,240.29302994985468,59.30254701576313,43.946802163796775
2.6226226226226226,155.52820138268186,241.17284580898976,59.30254701576313,43.746601963596575
2.6426426426426426,156.7154395611756,242.04865365610883,59.30254701576313,43.546401763396375
2.6626626626626626,157.90267773966934,242.92045349121184,59.30254701576313,43.346201563196175
2.6826826826826826,159.0899159181631,243.78824531429885,59.30254701576313,43.146001362995975
2.7027027027027026,160.27715409665683,244.65202912536984,59.30254701576313,42.945801162795775
2.722722722722723,161.46439227515057,245.5118049244248,59.30254701576313,42.745600962595574
2.7427427427427427,162.65163045364432,246.36757271146377,59.30254701576313,42.545400762395374
2.7627627627627627,163.83886863213806,247.2193324864867,59.30254701576313,42.345200562195174
2.7827827827827827,165.0261068106318,248.0670842494936,59.30254701576313,42.145000361994974
2.8028028028028027,166.21334498912555,248.91082800048449,59.30254701576313,41.944800161794774
2.822822822822823,167.4005831676193,249.75056373945935,59.30254701576313,41.744599961594574
2.8428428428428427,168.58782134611303,250.5862914664182,59.30254701576313,41.544399761394374
2.8628628628628627,169.77505952460677,251.41801118136104,59.30254701576313,41.34419956119417
2.8828828828828827,170.96229770310052,252.24572288428786,59.30254701576313,41.14399936099397
2.9029029029029028,172.14953588159426,253.06942657519866,59.30254701576313,40.94379916079377
2.922922922922923,173.336774060088,253.88912225409342,59.30254701576313,40.74359896059357
2.942942942942943,174.52401223858175,254.70480992097217,59.30254701576313,40.54339876039337
2.962962962962963,175.7112504170755,255.5164895758349,59.30254701576313,40.34319856019317
2.982982982982983,176.89848859556923,256.3241612186816,59.30254701576313,40.14299835999297
3.003003003003003,178.08572677406298,257.12782484951225,59.30254701576313,39.94279815979277
3.0230230230230233,179.27296495255672,257.9274804683269,59.30254701576313,39.74259795959257
3.0430430430430433,180.46020313105046,258.72312807512554,59.30254701576313,39.54239775939237
3.063063063063063,181.6474413095442,259.51476766990817,59.30254701576313,39.34219755919217
3.083083083083083,182.83467948803795,260.3023992526748,59.30254701576313,39.14199735899197
3.103103103103103,184.0219176665317,261.08602282342537,59.30254701576313,38.94179715879177
3.1231231231231233,185.20915584502544,261.86563838215994,59.30254701576313,38.74159695859157
3.1431431431431434,186.39639402351918,262.6412459288785,59.30254701576313,38.54139675839137
3.163163163163163,187.58363220201292,263.41284546358105,59.30254701576313,38.34119655819117
3.183183183183183,188.77087038050666,264.1804369862676,59.30254701576313,38.14099635799097
3.203203203203203,189.9581085590004,264.9440204969381,59.30254701576313,37.94079615779077
3.2232232232232234,191.14534673749415,265.70359599559254,59.30254701576313,37.74059595759057
3.2432432432432434,192.3325849159879,266.45916348223096,59.30254701576313,37.54039575739037
3.263263263263263,193.51982309448164,267.2107229568534,59.30254701576313,37.34019555719017
3.283283283283283,194.70706127297538,267.95827441945977,59.30254701576313,37.13999535698997
3.303303303303303,195.89429945146912,268.70181787005015,59.30254701576313,36.93979515678977
3.3233233233233235,197.08153762996287,269.4413533086245,59.30254701576313,36.73959495658957
3.3433433433433435,198.2687758084566,270.17688073518286,59.30254701576313,36.53939475638937
3.3633633633633635,199.45601398695035,270.9084001497252,59.30254701576313,36.33919455618917
3.383383383383383,200.6432521654441,271.6359115522515,59.30254701576313,36.13899435598897
3.403403403403403,201.83049034393784,272.3594149427618,59.30254701576313,35.93879415578877
3.4234234234234235,203.01772852243158,273.0789103212561,59.30254701576313,35.73859395558857
3.4434434434434436,204.20496670092533,273.7943976877344,59.30254701576313,35.53839375538837
3.4634634634634636,205.39220487941907,274.50587704219663,59.30254701576313,35.33819355518817
3.483483483483483,206.5794430579128,275.2133483846428,59.30254701576313,35.13799335498797
3.503503503503503,207.76668123640655,275.916811715073,59.30254701576313,34.93779315478777
3.5235235235235236,208.9539194149003,276.61626703348713,59.30254701576313,34.73759295458757
3.5435435435435436,210.14115759339404,277.31171433988527,59.30254701576313,34.53739275438737
3.5635635635635636,211.32839577188778,278.0031536342674,59.30254701576313,34.33719255418717
3.583583583583583,212.51563395038153,278.6905849166335,59.30254701576313,34.13699235398697
3.603603603603603,213.70287212887527,279.3740081869836,59.30254701576313,33.93679215378677
3.6236236236236237,214.890110307369,280.05342344531766,59.30254701576313,33.73659195358657
3.6436436436436437,216.07734848586276,280.7288306916357,59.30254701576313,33.53639175338637
3.6636636636636637,217.2645866643565,281.40022992593777,59.30254701576313,33.33619155318617
3.683683683683684,218.45182484285024,282.0676211482238,59.30254701576313,33.13599135298597
3.7037037037037033,219.639063021344,282.7310043584938,59.30254701576313,32.93579115278577
3.7237237237237237,220.82630119983773,283.3903795567478,59.30254701576313,32.73559095258557
3.7437437437437437,222.01353937833147,284.0457467429857,59.30254701576313,32.53539075238537
3.7637637637637638,223.20077755682522,284.69710591720764,59.30254701576313,32.33519055218517
3.783783783783784,224.38801573531896,285.34445707941353,59.30254701576313,32.13499035198497
3.8038038038038033,225.5752539138127,285.9878002296034,59.30254701576313,31.934790151784767
3.823823823823824,226.76249209230645,286.62713536777727,59.30254701576313,31.734589951584567
3.843843843843844,227.9497302708002,287.2624624939351,59.30254701576313,31.534389751384367
3.863863863863864,229.13696844929393,287.89378160807695,59.30254701576313,31.334189551184167
3.8838838838838843,230.32420662778767,288.52109271020277,59.30254701576313,31.133989350983967
3.9039039039039034,231.51144480628142,289.14439580031257,59.30254701576313,30.933789150783767
3.923923923923924,232.69868298477516,289.76369087840635,59.30254701576313,30.733588950583567
3.943943943943944,233.8859211632689,290.3789779444841,59.30254701576313,30.533388750383367
3.963963963963964,235.07315934176265,290.9902569985459,59.30254701576313,30.333188550183166
3.9839839839839843,236.2603975202564,291.59752804059156,59.30254701576313,30.132988349982966
4.004004004004004,237.44763569875013,292.2007910706212,59.30254701576313,29.932788149782766
4.0240240240240235,238.63487387724388,292.8000460886349,59.30254701576313,29.732587949582566
4.044044044044044,239.82211205573762,293.3952930946325,59.30254701576313,29.532387749382366
4.064064064064064,241.00935023423136,293.9865320886141,59.30254701576313,29.332187549182166
4.084084084084084,242.1965884127251,294.57376307057973,59.30254701576313,29.131987348981966
4.104104104104104,243.38382659121885,295.1569860405293,59.30254701576313,28.931787148781765
4.1241241241241235,244.5710647697126,295.7362009984629,59.30254701576313,28.731586948581565
4.1441441441441444,245.75830294820634,296.31140794438045,59.30254701576313,28.531386748381365
4.1641641641641645,246.94554112670008,296.882606878282,59.30254701576313,28.331186548181165
4.1841841841841845,248.13277930519382,297.4497978001675,59.30254701576313,28.130986347980965
4.2042042042042045,249.32001748368756,298.012980710037,59.30254701576313,27.930786147780765
4.2242242242242245,250.5072556621813,298.5721556078905,59.30254701576313,27.730585947580565
4.2442442442442445,251.69449384067505,299.12732249372795,59.30254701576313,27.530385747380365
4.2642642642642645,252.8817320191688,299.67848136754935,59.30254701576313,27.330185547180164
4.2842842842842845,254.06897019766254,300.22563222935474,59.30254701576313,27.129985346979964
4.3043043043043046,255.25620837615628,300.7687750791441,59.30254701576313,26.929785146779764
4.324324324324325,256.44344655465005,301.3079099169175,59.30254701576313,26.729584946579564
4.344344344344345,257.6306847331438,301.8430367426748,59.30254701576313,26.529384746379364
4.364364364364365,258.8179229116376,302.37415555641616,59.30254701576313,26.329184546179164
4.384384384384385,260.00516109013137,302.90126635814147,59.30254701576313,26.128984345978964
4.404404404404405,261.19239926862514,303.42436914785077,59.30254701576313,25.928784145778764
4.424424424424425,262.3796374471189,303.94346392554405,59.30254701576313,25.728583945578563
4.444444444444445,263.5668756256127,304.4585506912213,59.30254701576313,25.528383745378363
4.464464464464465,264.75411380410645,304.96962944488257,59.30254701576313,25.328183545178163
4.484484484484485,265.9413519826002,305.4767001865278,59.30254701576313,25.127983344977963
4.504504504504505,267.128590161094,305.979762916157,59.30254701576313,24.927783144777763
4.524524524524525,268.31582833958777,306.4788176337701,59.30254701576313,24.727582944577563
4.544544544544545,269.50306651808154,306.97386433936725,59.30254701576313,24.527382744377363
4.564564564564565,270.6903046965753,307.46490303294837,59.30254701576313,24.327182544177163
4.584584584584585,271.8775428750691,307.9519337145135,59.30254701576313,24.126982343976962
4.604604604604605,273.06478105356285,308.43495638406256,59.30254701576313,23.926782143776762
4.624624624624625,274.2520192320566,308.91397104159563,59.30254701576313,23.726581943576562
4.644644644644645,275.4392574105504,309.3889776871127,59.30254701576313,23.526381743376362
4.664664664664665,276.62649558904417,309.8599763206137,59.30254701576313,23.326181543176162
4.684684684684685,277.81373376753794,310.32696694209875,59.30254701576313,23.12598134297596
4.704704704704705,279.0009719460317,310.78994955156776,59.30254701576313,22.92578114277576
4.724724724724725,280.1882101245255,311.24892414902075,59.30254701576313,22.72558094257556
4.744744744744745,281.37544830301925,311.7038907344577,59.30254701576313,22.52538074237536
4.764764764764765,282.562686481513,312.1548493078786,59.30254701576313,22.32518054217516
4.784784784784785,283.7499246600068,312.60179986928347,59.30254701576313,22.12498034197496
4.804804804804805,284.93716283850057,313.04474241867234,59.30254701576313,21.92478014177476
4.824824824824825,286.12440101699434,313.4836769560452,59.30254701576313,21.72457994157456
4.844844844844845,287.3116391954881,313.91860348140204,59.30254701576313,21.52437974137436
4.864864864864865,288.4988773739819,314.3495219947429,59.30254701576313,21.32417954117416
4.884884884884885,289.68611555247566,314.7764324960677,59.30254701576313,21.12397934097396
4.904904904904905,290.8733537309694,315.1993349853765,59.30254701576313,20.92377914077376
4.924924924924925,292.0605919094632,315.61822946266926,59.30254701576313,20.72357894057356
4.944944944944945,293.24783008795697,316.033115927946,59.30254701576313,20.52337874037336
4.964964964964965,294.43506826645074,316.4439943812068,59.30254701576313,20.32317854017316
4.984984984984985,295.6223064449445,316.8508648224515,59.30254701576313,20.12297833997296
5.005005005005005,296.8095446234383,317.2537272516802,59.30254701576313,19.92277813977276
5.025025025025025,297.99678280193206,317.6525816688928,59.30254701576313,19.72257793957256
5.045045045045045,299.1840209804258,318.04742807408945,59.30254701576313,19.52237773937236
5.065065065065065,300.3712591589196,318.43826646727007,59.30254701576313,19.32217753917216
5.085085085085085,301.55849733741337,318.82509684843467,59.30254701576313,19.12197733897196
5.105105105105105,302.74573551590714,319.20791921758325,59.30254701576313,18.92177713877176
5.125125125125125,303.9329736944009,319.5867335747158,59.30254701576313,18.72157693857156
5.145145145145145,305.1202118728947,319.9615399198324,59.30254701576313,18.52137673837136
5.165165165165165,306.30745005138846,320.3323382529329,59.30254701576313,18.32117653817116
5.185185185185185,307.49468822988223,320.69912857401744,59.30254701576313,18.12097633797096
5.205205205205205,308.681926408376,321.06191088308594,59.30254701576313,17.92077613777076
5.225225225225225,309.8691645868698,321.42068518013843,59.30254701576313,17.72057593757056
5.245245245245245,311.05640276536354,321.7754514651749,59.30254701576313,17.520375737370358
5.265265265265265,312.2436409438573,322.1262097381953,59.30254701576313,17.320175537170158
5.285285285285285,313.4308791223511,322.4729599991997,59.30254701576313,17.119975336969958
5.305305305305305,314.61811730084486,322.8157022481881,59.30254701576313,16.919775136769758
5.325325325325325,315.80535547933863,323.15443648516043,59.30254701576313,16.719574936569558
5.345345345345346,316.9925936578324,323.4891627101168,59.30254701576313,16.519374736369357
5.365365365365365,318.1798318363262,323.8198809230571,59.30254701576313,16.319174536169157
5.385385385385385,319.36707001481994,324.1465911239814,59.30254701576313,16.118974335968957
5.405405405405405,320.5543081933137,324.4692933128897,59.30254701576313,15.918774135768757
5.425425425425425,321.7415463718075,324.787987489782,59.30254701576313,15.718573935568557
5.445445445445446,322.92878455030126,325.10267365465825,59.30254701576313,15.518373735368357
5.465465465465465,324.11602272879503,325.4133518075185,59.30254701576313,15.318173535168157
5.485485485485485,325.3032609072888,325.7200219483627,59.30254701576313,15.117973334967957
5.505505505505505,326.4904990857826,326.0226840771909,59.30254701576313,14.917773134767756
5.525525525525525,327.67773726427635,326.32133819400303,59.30254701576313,14.717572934567556
5.545545545545546,328.8649754427701,326.61598429879916,59.30254701576313,14.517372734367356
5.565565565565565,330.0522136212639,326.9066223915793,59.30254701576313,14.317172534167156
5.585585585585585,331.23945179975766,327.1932524723434,59.30254701576313,14.116972333966956
5.605605605605605,332.42668997825143,327.47587454109146,59.30254701576313,13.916772133766756
5.625625625625625,333.6139281567452,327.7544885978235,59.30254701576313,13.716571933566556
5.645645645645646,334.801166335239,328.0290946425396,59.30254701576313,13.516371733366356
5.665665665665665,335.98840451373275,328.2996926752396,59.30254701576313,13.316171533166155
5.685685685685685,337.1756426922265,328.56628269592363,59.30254701576313,13.115971332965955
5.7057057057057055,338.3628808707203,328.82886470459164,59.30254701576313,12.915771132765755
5.7257257257257255,339.55011904921406,329.0874387012436,59.30254701576313,12.715570932565555
5.745745745745746,340.73735722770783,329.3420046858796,59.30254701576313,12.515370732365355
5.7657657657657655,341.9245954062016,329.5925626584995,59.30254701576313,12.315170532165155
5.7857857857857855,343.1118335846954,329.8391126191034,59.30254701576313,12.114970331964955
5.8058058058058055,344.29907176318915,330.08165456769126,59.30254701576313,11.914770131764755
5.8258258258258255,345.4863099416829,330.3201885042631,59.30254701576313,11.714569931564554
5.845845845845846,346.6735481201767,330.55471442881895,59.30254701576313,11.514369731364354
5.865865865865866,347.86078629867046,330.7852323413588,59.30254701576313,11.314169531164154
5.885885885885886,349.04802447716423,331.0117422418826,59.30254701576313,11.113969330963954
5.905905905905906,350.235262655658,331.2342441303904,59.30254701576313,10.913769130763754
5.925925925925926,351.4225008341518,331.45273800688216,59.30254701576313,10.713568930563554
5.9459459459459465,352.60973901264555,331.6672238713579,59.30254701576313,10.513368730363354
5.965965965965966,353.7969771911393,331.87770172381767,59.30254701576313,10.313168530163153
5.9859859859859865,354.9842153696331,332.0841715642614,59.30254701576313,10.112968329962953
6.006006006006006,356.17145354812686,332.28663339268905,59.30254701576313,9.912768129762753
6.026026026026026,357.35869172662063,332.4850872091007,59.30254701576313,9.712567929562553
6.046046046046047,358.5459299051144,332.6795330134963,59.30254701576313,9.512367729362353
6.066066066066066,359.7331680836082,332.86997080587594,59.30254701576313,9.312167529162153
6.086086086086087,360.92040626210195,333.05640058623953,59.30254701576313,9.111967328961953
6.106106106106106,362.1076444405957,333.2388223545871,59.30254701576313,8.911767128761753
6.126126126126126,363.2948826190895,333.4172361109187,59.30254701576313,8.711566928561552
6.146146146146147,364.48212079758326,333.59164185523423,59.30254701576313,8.511366728361352
6.166166166166166,365.66935897607704,333.76203958753376,59.30254701576313,8.311166528161152
6.186186186186187,366.8565971545708,333.9284293078173,59.30254701576313,8.110966327960952
6.206206206206206,368.0438353330646,334.0908110160848,59.30254701576313,7.910766127760752
6.226226226226226,369.23107351155835,334.2491847123363,59.30254701576313,7.710565927560552
6.246246246246247,370.4183116900521,334.40355039657175,59.30254701576313,7.510365727360352
6.266266266266266,371.6055498685459,334.55390806879115,59.30254701576313,7.3101655271601516
6.286286286286287,372.79278804703966,334.70025772899453,59.30254701576313,7.109965326959951
6.306306306306306,373.98002622553344,334.8425993771819,59.30254701576313,6.909765126759751
6.326326326326326,375.1672644040272,334.98093301335325,59.30254701576313,6.709564926559551
6.346346346346347,376.354502582521,335.1152586375086,59.30254701576313,6.509364726359351
6.366366366366366,377.54174076101475,335.2455762496479,59.30254701576313,6.309164526159151
6.386386386386387,378.7289789395085,335.3718858497712,59.30254701576313,6.108964325958951
6.406406406406406,379.9162171180023,335.4941874378785,59.30254701576313,5.908764125758751
6.426426426426426,381.10345529649607,335.6124810139698,59.30254701576313,5.7085639255585505
6.446446446446447,382.29069347498984,335.72676657804504,59.30254701576313,5.50836372535835
6.466466466466466,383.4779316534836,335.8370441301043,59.30254701576313,5.30816352515815
6.486486486486487,384.6651698319774,335.9433136701475,59.30254701576313,5.10796332495795
6.506506506506506,385.85240801047115,336.04557519817473,59.30254701576313,4.90776312475775
6.526526526526526,387.0396461889649,336.1438287141859,59.30254701576313,4.70756292455755
6.546546546546547,388.2268843674587,336.238074218181,59.30254701576313,4.50736272435735
6.566566566566566,389.41412254595247,336.3283117101601,59.30254701576313,4.30716252415715
6.586586586586587,390.60136072444624,336.4145411901232,59.30254701576313,4.1069623239569495
6.606606606606606,391.78859890294,336.4967626580703,59.30254701576313,3.9067621237567494
6.626626626626627,392.9758370814338,336.57497611400134,59.30254701576313,3.7065619235565492
6.646646646646647,394.16307525992755,336.6491815579164,59.30254701576313,3.506361723356349
6.666666666666666,395.3503134384213,336.7193789898154,59.30254701576313,3.306161523156149
6.686686686686687,396.5375516169151,336.78556840969844,59.30254701576313,3.105961322955949
6.706706706706706,397.72478979540887,336.84774981756544,59.30254701576313,2.9057611227557487
6.726726726726727,398.91202797390264,336.90592321341643,59.30254701576313,2.7055609225555486
6.746746746746747,400.0992661523964,336.9600885972514,59.30254701576313,2.5053607223553485
6.766766766766766,401.2865043308902,337.0102459690703,59.30254701576313,2.3051605221551483
6.786786786786787,402.47374250938395,337.0563953288732,59.30254701576313,2.104960321954948
6.806806806806806,403.6609806878777,337.09853667666005,59.30254701576313,1.904760121754748
6.826826826826827,404.8482188663715,337.1366700124309,59.30254701576313,1.704559921554548
6.846846846846847,406.03545704486527,337.17079533618573,59.30254701576313,1.5043597213543478
6.866866866866866,407.22269522335904,337.20091264792455,59.30254701576313,1.3041595211541477
6.886886886886887,408.4099334018528,337.22702194764736,59.30254701576313,1.1039593209539476
6.906906906906906,409.5971715803466,337.24912323535415,59.30254701576313,0.9037591207537474
6.926926926926927,410.78440975884035,337.2672165110449,59.30254701576313,0.7035589205535473
6.946946946946947,411.9716479373341,337.2813017747197,59.30254701576313,0.5033587203533472
6.966966966966966,413.1588861158279,337.2913790263784,59.30254701576313,0.303158520153147
6.986986986986987,414.34612429432167,337.29744826602115,59.30254701576313,0.1029583199529468
7.007007007007006,415.53336247281544,337.29950949364786,59.30254701576313,-0.09724188024725339
7.027027027027027,416.7206006513092,337.2975627092585,59.30254701576313,-0.29744208044745357
7.047047047047047,417.907838829803,337.2916079128531,59.30254701576313,-0.49764228064765376
7.067067067067066,419.09507700829676,337.28164510443173,59.30254701576313,-0.6978424808478539
7.087087087087087,420.2823151867905,337.2676742839943,59.30254701576313,-0.8980426810480542
7.107107107107106,421.4695533652843,337.2496954515409,59.30254701576313,-1.0982428812482543
7.127127127127127,422.65679154377807,337.22770860707146,59.30254701576313,-1.2984430814484544
7.147147147147147,423.84402972227184,337.201713750586,59.30254701576313,-1.4986432816486546
7.167167167167166,425.0312679007656,337.17171088208454,59.30254701576313,-1.6988434818488547
7.187187187187187,426.2185060792594,337.13770000156705,59.30254701576313,-1.8990436820490548
7.207207207207206,427.40574425775316,337.09968110903355,59.30254701576313,-2.099243882249255
7.227227227227227,428.5929824362469,337.05765420448404,59.30254701576313,-2.299444082449455
7.247247247247247,429.7802206147407,337.0116192879185,59.30254701576313,-2.499644282649655
7.267267267267268,430.96745879323447,336.96157635933696,59.30254701576313,-2.6998444828498553
7.287287287287287,432.15469697172824,336.90752541873934,59.30254701576313,-2.9000446830500555
7.3073073073073065,433.341935150222,336.8494664661257,59.30254701576313,-3.1002448832502556
7.327327327327327,434.5291733287158,336.78739950149605,59.30254701576313,-3.3004450834504557
7.347347347347347,435.71641150720956,336.7213245248504,59.30254701576313,-3.500645283650656
7.367367367367368,436.90364968570333,336.6512415361887,59.30254701576313,-3.700845483850856
7.387387387387387,438.0908878641971,336.577150535511,59.30254701576313,-3.901045684051056
7.4074074074074066,439.2781260426909,336.4990515228173,59.30254701576313,-4.101245884251257
7.4274274274274275,440.46536422118464,336.41694449810757,59.30254701576313,-4.301446084451457
7.4474474474474475,441.6526023996784,336.3308294613818,59.30254701576313,-4.501646284651657
7.467467467467468,442.8398405781722,336.24070641264007,59.30254701576313,-4.701846484851857
7.4874874874874875,444.02707875666596,336.1465753518823,59.30254701576313,-4.902046685052057
7.507507507507507,445.21431693515973,336.0484362791085,59.30254701576313,-5.102246885252257
7.5275275275275275,446.4015551136535,335.94628919431864,59.30254701576313,-5.3024470854524575
7.5475475475475475,447.5887932921473,335.84013409751276,59.30254701576313,-5.502647285652658
7.567567567567568,448.77603147064104,335.72997098869087,59.30254701576313,-5.702847485852858
7.587587587587588,449.9632696491348,335.61579986785296,59.30254701576313,-5.903047686053058
7.607607607607607,451.1505078276286,335.49762073499903,59.30254701576313,-6.103247886253258
7.627627627627628,452.33774600612236,335.3754335901291,59.30254701576313,-6.303448086453458
7.647647647647648,453.52498418461613,335.24923843324314,59.30254701576313,-6.503648286653658
7.6676676676676685,454.7122223631099,335.11903526434116,59.30254701576313,-6.703848486853858
7.687687687687688,455.8994605416037,334.9848240834232,59.30254701576313,-6.9040486870540585
7.707707707707707,457.08669872009744,334.8466048904892,59.30254701576313,-7.104248887254259
7.727727727727728,458.2739368985912,334.70437768553916,59.30254701576313,-7.304449087454459
7.747747747747748,459.461175077085,334.5581424685731,59.30254701576313,-7.504649287654659
7.767767767767769,460.64841325557876,334.4078992395911,59.30254701576313,-7.704849487854859
7.787787787787788,461.83565143407253,334.25364799859295,59.30254701576313,-7.905049688055059
7.807807807807807,463.0228896125663,334.0953887455788,59.30254701576313,-8.10524988825526
7.827827827827828,464.2101277910601,333.93312148054866,59.30254701576313,-8.30545008845546
7.847847847847848,465.39736596955385,333.7668462035025,59.30254701576313,-8.50565028865566
7.867867867867869,466.5846041480476,333.5965629144403,59.30254701576313,-8.70585048885586
7.887887887887888,467.7718423265414,333.4222716133621,59.30254701576313,-8.90605068905606
7.907907907907909,468.95908050503516,333.2439723002679,59.30254701576313,-9.10625088925626
7.927927927927928,470.14631868352893,333.06166497515767,59.30254701576313,-9.306451089456461
7.947947947947948,471.3335568620227,332.8753496380314,59.30254701576313,-9.506651289656661
7.967967967967969,472.5207950405165,332.68502628888916,59.30254701576313,-9.706851489856861
7.987987987987988,473.70803321901025,332.4906949277309,59.30254701576313,-9.907051690057061
8.008008008008009,474.895271397504,332.2923555545566,59.30254701576313,-10.107251890257261
8.028028028028029,476.0825095759978,332.0900081693663,59.30254701576313,-10.307452090457462
8.048048048048047,477.26974775449156,331.8836527721599,59.30254701576313,-10.507652290657662
8.068068068068069,478.45698593298533,331.6732893629375,59.30254701576313,-10.707852490857862
8.088088088088089,479.6442241114791,331.4589179416991,59.30254701576313,-10.908052691058062
8.108108108108109,480.8314622899729,331.2405385084447,59.30254701576313,-11.108252891258262
8.128128128128129,482.01870046846665,331.01815106317423,59.30254701576313,-11.308453091458462
8.148148148148147,483.2059386469604,330.7917556058878,59.30254701576313,-11.508653291658662
8.168168168168169,484.3931768254542,330.5613521365853,59.30254701576313,-11.708853491858862
8.188188188188189,485.58041500394796,330.3269406552668,59.30254701576313,-11.909053692059063
8.208208208208209,486.76765318244173,330.0885211619323,59.30254701576313,-12.109253892259263
8.228228228228229,487.9548913609355,329.8460936565818,59.30254701576313,-12.309454092459463
8.248248248248247,489.1421295394293,329.59965813921525,59.30254701576313,-12.509654292659663
8.268268268268269,490.32936771792305,329.3492146098327,59.30254701576313,-12.709854492859863
8.288288288288289,491.5166058964168,329.0947630684341,59.30254701576313,-12.910054693060063
8.308308308308309,492.7038440749106,328.83630351501944,59.30254701576313,-13.110254893260263
8.328328328328329,493.89108225340436,328.5738359495888,59.30254701576313,-13.310455093460464
8.348348348348347,495.07832043189813,328.3073603721421,59.30254701576313,-13.510655293660664
8.368368368368369,496.2655586103919,328.0368767826794,59.30254701576313,-13.710855493860864
8.388388388388389,497.4527967888857,327.7623851812007,59.30254701576313,-13.911055694061064
8.408408408408409,498.64003496737945,327.483885567706,59.30254701576313,-14.111255894261264
8.428428428428429,499.8272731458732,327.2013779421953,59.30254701576313,-14.311456094461464
8.448448448448449,501.014511324367,326.91486230466853,59.30254701576313,-14.511656294661664
8.468468468468469,502.20174950286076,326.62433865512577,59.30254701576313,-14.711856494861864
8.488488488488489,503.38898768135454,326.329806993567,59.30254701576313,-14.912056695062065
8.508508508508509,504.5762258598483,326.0312673199922,59.30254701576313,-15.112256895262265
8.528528528528529,505.7634640383421,325.7287196344014,59.30254701576313,-15.312457095462465
8.548548548548549,506.95070221683585,325.4221639367945,59.30254701576313,-15.512657295662665
8.568568568568569,508.1379403953296,325.1116002271716,59.30254701576313,-15.712857495862865
8.588588588588589,509.3251785738234,324.7970285055327,59.30254701576313,-15.913057696063065
8.608608608608609,510.51241675231716,324.47844877187777,59.30254701576313,-16.113257896263267
8.62862862862863,511.69965493081094,324.1558610262068,59.30254701576313,-16.313458096463467
8.64864864864865,512.8868931093047,323.82926526851986,59.30254701576313,-16.513658296663667
8.66866866866867,514.0741312877984,323.4986614988169,59.30254701576313,-16.713858496863867
8.68868868868869,515.2613694662922,323.1640497170979,59.30254701576313,-16.914058697064068
8.70870870870871,516.448607644786,322.8254299233629,59.30254701576313,-17.114258897264268
8.72872872872873,517.6358458232797,322.48280211761187,59.30254701576313,-17.314459097464468
8.74874874874875,518.8230840017735,322.13616629984483,59.30254701576313,-17.514659297664668
8.76876876876877,520.0103221802673,321.7855224700618,59.30254701576313,-17.714859497864868
8.78878878878879,521.197560358761,321.4308706282627,59.30254701576313,-17.91505969806507
8.80880880880881,522.3847985372548,321.07221077444757,59.30254701576313,-18.11525989826527
8.82882882882883,523.5720367157486,320.7095429086164,59.30254701576313,-18.31546009846547
8.84884884884885,524.7592748942424,320.34286703076924,59.30254701576313,-18.51566029866567
8.86886886886887,525.9465130727361,319.97218314090605,59.30254701576313,-18.71586049886587
8.88888888888889,527.1337512512299,319.59749123902685,59.30254701576313,-18.91606069906607
8.90890890890891,528.3209894297237,319.21879132513163,59.30254701576313,-19.11626089926627
8.92892892892893,529.5082276082175,318.8360833992204,59.30254701576313,-19.31646109946647
8.94894894894895,530.6954657867112,318.44936746129315,59.30254701576313,-19.51666129966667
8.96896896896897,531.882703965205,318.0586435113499,59.30254701576313,-19.71686149986687
8.98898898898899,533.0699421436988,317.6639115493906,59.30254701576313,-19.91706170006707
9.00900900900901,534.2571803221925,317.2651715754153,59.30254701576313,-20.11726190026727
9.02902902902903,535.4444185006863,316.862423589424,59.30254701576313,-20.31746210046747
9.04904904904905,536.6316566791801,316.4556675914166,59.30254701576313,-20.51766230066767
9.06906906906907,537.8188948576739,316.0449035813932,59.30254701576313,-20.71786250086787
9.08908908908909,539.0061330361676,315.6301315593538,59.30254701576313,-20.91806270106807
9.10910910910911,540.1933712146614,315.21135152529837,59.30254701576313,-21.11826290126827
9.12912912912913,541.3806093931552,314.7885634792269,59.30254701576313,-21.31846310146847
9.14914914914915,542.5678475716489,314.36176742113946,59.30254701576313,-21.51866330166867
9.16916916916917,543.7550857501427,313.930963351036,59.30254701576313,-21.71886350186887
9.18918918918919,544.9423239286365,313.4961512689165,59.30254701576313,-21.91906370206907
9.20920920920921,546.1295621071303,313.057331174781,59.30254701576313,-22.11926390226927
9.22922922922923,547.316800285624,312.61450306862946,59.30254701576313,-22.31946410246947
9.24924924924925,548.5040384641178,312.1676669504619,59.30254701576313,-22.51966430266967
9.26926926926927,549.6912766426116,311.71682282027837,59.30254701576313,-22.71986450286987
9.28928928928929,550.8785148211053,311.2619706780788,59.30254701576313,-22.92006470307007
9.30930930930931,552.0657529995991,310.80311052386315,59.30254701576313,-23.12026490327027
9.32932932932933,553.2529911780929,310.3402423576315,59.30254701576313,-23.32046510347047
9.34934934934935,554.4402293565867,309.8733661793838,59.30254701576313,-23.520665303670672
9.36936936936937,555.6274675350804,309.40248198912013,59.30254701576313,-23.720865503870872
9.38938938938939,556.8147057135742,308.92758978684043,59.30254701576313,-23.921065704071072
9.40940940940941,558.001943892068,308.4486895725447,59.30254701576313,-24.121265904271272
9.42942942942943,559.1891820705617,307.965781346233,59.30254701576313,-24.321466104471472
9.44944944944945,560.3764202490555,307.4788651079052,59.30254701576313,-24.521666304671673
9.46946946946947,561.5636584275493,306.98794085756145,59.30254701576313,-24.721866504871873
9.48948948948949,562.750896606043,306.4930085952017,59.30254701576313,-24.922066705072073
9.50950950950951,563.9381347845368,305.9940683208259,59.30254701576313,-25.122266905272273
9.52952952952953,565.1253729630306,305.49112003443406,59.30254701576313,-25.322467105472473
9.54954954954955,566.3126111415244,304.9841637360262,59.30254701576313,-25.522667305672673
9.56956956956957,567.4998493200181,304.4731994256023,59.30254701576313,-25.722867505872873
9.58958958958959,568.6870874985119,303.95822710316236,59.30254701576313,-25.923067706073073
9.60960960960961,569.8743256770057,303.4392467687064,59.30254701576313,-26.123267906273274
9.62962962962963,571.0615638554995,302.9162584222345,59.30254701576313,-26.323468106473474
9.64964964964965,572.2488020339932,302.3892620637465,59.30254701576313,-26.523668306673674
9.66966966966967,573.436040212487,301.85825769324254,59.30254701576313,-26.723868506873874
9.68968968968969,574.6232783909808,301.32324531072254,59.30254701576313,-26.924068707074074
9.70970970970971,575.8105165694745,300.78422491618653,59.30254701576313,-27.124268907274274
9.72972972972973,576.9977547479683,300.2411965096345,59.30254701576313,-27.324469107474474
9.74974974974975,578.1849929264621,299.69416009106646,59.30254701576313,-27.524669307674674
9.76976976976977,579.3722311049559,299.1431156604824,59.30254701576313,-27.724869507874875
9.78978978978979,580.5594692834496,298.58806321788234,59.30254701576313,-27.925069708075075
9.80980980980981,581.7467074619434,298.0290027632662,59.30254701576313,-28.125269908275275
9.82982982982983,582.9339456404372,297.46593429663403,59.30254701576313,-28.325470108475475
9.84984984984985,584.121183818931,296.89885781798586,59.30254701576313,-28.525670308675675
9.86986986986987,585.3084219974247,296.32777332732167,59.30254701576313,-28.725870508875875
9.88988988988989,586.4956601759185,295.75268082464146,59.30254701576313,-28.926070709076075
9.90990990990991,587.6828983544123,295.17358030994524,59.30254701576313,-29.126270909276275
9.92992992992993,588.870136532906,294.590471783233,59.30254701576313,-29.326471109476476
9.94994994994995,590.0573747113998,294.00335524450475,59.30254701576313,-29.526671309676676
9.96996996996997,591.2446128898936,293.4122306937605,59.30254701576313,-29.726871509876876
9.98998998998999,592.4318510683873,292.8170981310002,59.30254701576313,-29.927071710077076
10.01001001001001,593.6190892468811,292.2179575562239,59.30254701576313,-30.127271910277276
10.03003003003003,594.8063274253749,291.6148089694316,59.30254701576313,-30.327472110477476
10.05005005005005,595.9935656038687,291.00765237062325,59.30254701576313,-30.527672310677676
10.07007007007007,597.1808037823624,290.39648775979884,59.30254701576313,-30.727872510877877
10.09009009009009,598.3680419608562,289.7813151369584,59.30254701576313,-30.928072711078077
10.11011011011011,599.55528013935,289.162134502102,59.30254701576313,-31.128272911278277
10.13013013013013,600.7425183178437,288.53894585522954,59.30254701576313,-31.328473111478477
10.15015015015015,601.9297564963375,287.9117491963411,59.30254701576313,-31.528673311678677
10.17017017017017,603.1169946748313,287.2805445254366,59.30254701576313,-31.728873511878877
10.19019019019019,604.3042328533251,286.6453318425161,59.30254701576313,-31.929073712079077
10.21021021021021,605.4914710318188,286.0061111475796,59.30254701576313,-32.12927391227928
10.23023023023023,606.6787092103126,285.36288244062706,59.30254701576313,-32.32947411247948
10.25025025025025,607.8659473888064,284.7156457216585,59.30254701576313,-32.52967431267968
10.27027027027027,609.0531855673001,284.06440099067396,59.30254701576313,-32.72987451287988
10.29029029029029,610.2404237457939,283.4091482476734,59.30254701576313,-32.93007471308008
10.31031031031031,611.4276619242877,282.74988749265674,59.30254701576313,-33.13027491328028
10.33033033033033,612.6149001027815,282.0866187256241,59.30254701576313,-33.33047511348048
10.35035035035035,613.8021382812752,281.4193419465754,59.30254701576313,-33.53067531368068
10.37037037037037,614.989376459769,280.7480571555107,59.30254701576313,-33.73087551388088
10.39039039039039,616.1766146382628,280.07276435243,59.30254701576313,-33.93107571408108
10.41041041041041,617.3638528167565,279.3934635373333,59.30254701576313,-34.13127591428128
10.43043043043043,618.5510909952503,278.71015471022054,59.30254701576313,-34.33147611448148
10.45045045045045,619.7383291737441,278.0228378710918,59.30254701576313,-34.53167631468168
10.47047047047047,620.9255673522379,277.331513019947,59.30254701576313,-34.73187651488188
10.49049049049049,622.1128055307316,276.6361801567862,59.30254701576313,-34.93207671508208
10.51051051051051,623.3000437092254,275.9368392816094,59.30254701576313,-35.13227691528228
10.53053053053053,624.4872818877192,275.2334903944166,59.30254701576313,-35.33247711548248
10.55055055055055,625.674520066213,274.5261334952078,59.30254701576313,-35.53267731568268
10.57057057057057,626.8617582447067,273.81476858398287,59.30254701576313,-35.73287751588288
10.59059059059059,628.0489964232005,273.09939566074195,59.30254701576313,-35.93307771608308
10.61061061061061,629.2362346016943,272.380014725485,59.30254701576313,-36.133277916283284
10.63063063063063,630.423472780188,271.65662577821206,59.30254701576313,-36.333478116483484
10.65065065065065,631.6107109586818,270.9292288189231,59.30254701576313,-36.533678316683684
10.67067067067067,632.7979491371756,270.1978238476181,59.30254701576313,-36.733878516883884
10.690690690690692,633.9851873156694,269.4624108642971,59.30254701576313,-36.934078717084084
10.71071071071071,635.1724254941631,268.7229898689601,59.30254701576313,-37.134278917284284
10.73073073073073,636.3596636726569,267.97956086160707,59.30254701576313,-37.334479117484484
10.75075075075075,637.5469018511507,267.232123842238,59.30254701576313,-37.534679317684684
10.77077077077077,638.7341400296444,266.48067881085296,59.30254701576313,-37.734879517884885
10.790790790790792,639.9213782081382,265.7252257674519,59.30254701576313,-37.935079718085085
10.81081081081081,641.108616386632,264.9657647120348,59.30254701576313,-38.135279918285285
10.83083083083083,642.2958545651258,264.20229564460163,59.30254701576313,-38.335480118485485
10.85085085085085,643.4830927436195,263.43481856515245,59.30254701576313,-38.535680318685685
10.87087087087087,644.6703309221133,262.66333347368726,59.30254701576313,-38.735880518885885
10.890890890890892,645.8575691006071,261.88784037020605,59.30254701576313,-38.936080719086085
10.91091091091091,647.0448072791008,261.1083392547088,59.30254701576313,-39.136280919286285
10.93093093093093,648.2320454575946,260.3248301271956,59.30254701576313,-39.336481119486486
10.95095095095095,649.4192836360884,259.5373129876663,59.30254701576313,-39.536681319686686
10.97097097097097,650.6065218145822,258.74578783612105,59.30254701576313,-39.736881519886886
10.990990990990992,651.7937599930759,257.95025467255977,59.30254701576313,-39.937081720087086
11.01101101101101,652.9809981715697,257.15071349698246,59.30254701576313,-40.137281920287286
11.03103103103103,654.1682363500635,256.34716430938914,59.30254701576313,-40.337482120487486
11.05105105105105,655.3554745285572,255.53960710977978,59.30254701576313,-40.537682320687686
11.07107107107107,656.542712707051,254.7280418981544,59.30254701576313,-40.73788252088789
11.091091091091092,657.7299508855448,253.912468674513,59.30254701576313,-40.93808272108809
11.11111111111111,658.9171890640386,253.0928874388556,59.30254701576313,-41.13828292128829
11.13113113113113,660.1044272425323,252.26929819118214,59.30254701576313,-41.33848312148849
11.15115115115115,661.2916654210261,251.44170093149268,59.30254701576313,-41.53868332168869
11.17117117117117,662.4789035995199,250.6100956597872,59.30254701576313,-41.73888352188889
11.191191191191193,663.6661417780136,249.7744823760657,59.30254701576313,-41.93908372208909
11.21121121121121,664.8533799565074,248.93486108032818,59.30254701576313,-42.13928392228929
11.23123123123123,666.0406181350012,248.09123177257464,59.30254701576313,-42.33948412248949
11.25125125125125,667.227856313495,247.2435944528051,59.30254701576313,-42.53968432268969
11.27127127127127,668.4150944919887,246.3919491210195,59.30254701576313,-42.73988452288989
11.291291291291293,669.6023326704825,245.5362957772179,59.30254701576313,-42.94008472309009
11.31131131131131,670.7895708489763,244.67663442140028,59.30254701576313,-43.14028492329029
11.33133133133133,671.97680902747,243.81296505356664,59.30254701576313,-43.34048512349049
11.35135135135135,673.1640472059638,242.945287673717,59.30254701576313,-43.54068532369069
11.37137137137137,674.3512853844576,242.07360228185132,59.30254701576313,-43.74088552389089
11.391391391391393,675.5385235629514,241.1979088779696,59.30254701576313,-43.94108572409109
11.411411411411411,676.7257617414451,240.31820746207188,59.30254701576313,-44.14128592429129
11.431431431431431,677.9129999199389,239.43449803415814,59.30254701576313,-44.34148612449149
11.451451451451451,679.1002380984327,238.54678059422838,59.30254701576313,-44.54168632469169
11.471471471471471,680.2874762769264,237.6550551422826,59.30254701576313,-44.74188652489189
11.491491491491493,681.4747144554202,236.75932167832082,59.30254701576313,-44.94208672509209
11.511511511511511,682.661952633914,235.85958020234298,59.30254701576313,-45.14228692529229
11.531531531531531,683.8491908124078,234.95583071434913,59.30254701576313,-45.34248712549249
11.551551551551551,685.0364289909015,234.04807321433927,59.30254701576313,-45.54268732569269
11.571571571571571,686.2236671693953,233.1363077023134,59.30254701576313,-45.74288752589289
11.591591591591593,687.4109053478891,232.2205341782715,59.30254701576313,-45.94308772609309
11.611611611611611,688.5981435263828,231.30075264221358,59.30254701576313,-46.14328792629329
11.631631631631631,689.7853817048766,230.37696309413965,59.30254701576313,-46.34348812649349
11.651651651651651,690.9726198833704,229.44916553404968,59.30254701576313,-46.54368832669369
11.671671671671671,692.1598580618642,228.5173599619437,59.30254701576313,-46.74388852689389
11.691691691691693,693.3470962403579,227.5815463778217,59.30254701576313,-46.94408872709409
11.711711711711711,694.5343344188517,226.64172478168368,59.30254701576313,-47.14428892729429
11.731731731731731,695.7215725973455,225.69789517352964,59.30254701576313,-47.34448912749449
11.751751751751751,696.9088107758392,224.7500575533596,59.30254701576313,-47.54468932769469
11.771771771771771,698.096048954333,223.7982119211735,59.30254701576313,-47.74488952789489
11.791791791791793,699.2832871328268,222.8423582769714,59.30254701576313,-47.94508972809509
11.811811811811811,700.4705253113206,221.88249662075327,59.30254701576313,-48.14528992829529
11.831831831831831,701.6577634898143,220.91862695251913,59.30254701576313,-48.34549012849549
11.851851851851851,702.8450016683081,219.95074927226898,59.30254701576313,-48.54569032869569
11.871871871871871,704.0322398468019,218.9788635800028,59.30254701576313,-48.74589052889589
11.891891891891893,705.2194780252956,218.0029698757206,59.30254701576313,-48.94609072909609
11.911911911911911,706.4067162037894,217.02306815942237,59.30254701576313,-49.14629092929629
11.931931931931931,707.5939543822832,216.03915843110812,59.30254701576313,-49.34649112949649
11.951951951951951,708.781192560777,215.05124069077786,59.30254701576313,-49.54669132969669
11.971971971971973,709.9684307392707,214.05931493843158,59.30254701576313,-49.74689152989689
11.991991991991993,711.1556689177645,213.0633811740693,59.30254701576313,-49.94709173009709
12.012012012012011,712.3429070962583,212.06343939769098,59.30254701576313,-50.14729193029729
12.032032032032031,713.530145274752,211.05948960929663,59.30254701576313,-50.34749213049749
12.052052052052051,714.7173834532458,210.05153180888627,59.30254701576313,-50.54769233069769
12.072072072072073,715.9046216317396,209.03956599645988,59.30254701576313,-50.74789253089789
12.092092092092093,717.0918598102334,208.0235921720175,59.30254701576313,-50.94809273109809
12.112112112112111,718.2790979887271,207.00361033555907,59.30254701576313,-51.14829293129829
12.132132132132131,719.4663361672209,205.97962048708465,59.30254701576313,-51.34849313149849
12.152152152152151,720.6535743457147,204.95162262659417,59.30254701576313,-51.54869333169869
12.172172172172173,721.8408125242084,203.91961675408768,59.30254701576313,-51.748893531898894
12.192192192192193,723.0280507027022,202.88360286956518,59.30254701576313,-51.949093732099094
12.212212212212211,724.215288881196,201.84358097302666,59.30254701576313,-52.149293932299294
12.232232232232231,725.4025270596898,200.79955106447213,59.30254701576313,-52.349494132499494
12.252252252252251,726.5897652381835,199.75151314390158,59.30254701576313,-52.549694332699694
12.272272272272273,727.7770034166773,198.69946721131498,59.30254701576313,-52.749894532899894
12.292292292292293,728.9642415951711,197.64341326671237,59.30254701576313,-52.950094733100094
12.312312312312311,730.1514797736648,196.58335131009375,59.30254701576313,-53.150294933300295
12.332332332332332,731.3387179521586,195.5192813414591,59.30254701576313,-53.350495133500495
12.352352352352352,732.5259561306524,194.45120336080845,59.30254701576313,-53.550695333700695
12.372372372372373,733.7131943091462,193.37911736814178,59.30254701576313,-53.750895533900895
12.392392392392393,734.9004324876399,192.3030233634591,59.30254701576313,-53.951095734101095
12.412412412412412,736.0876706661337,191.22292134676036,59.30254701576313,-54.151295934301295
12.432432432432432,737.2749088446275,190.1388113180456,59.30254701576313,-54.351496134501495
12.452452452452452,738.4621470231212,189.05069327731485,59.30254701576313,-54.551696334701695
12.472472472472473,739.649385201615,187.95856722456807,59.30254701576313,-54.751896534901896
12.492492492492493,740.8366233801088,186.86243315980528,59.30254701576313,-54.952096735102096
12.512512512512512,742.0238615586026,185.76229108302647,59.30254701576313,-55.152296935302296
12.532532532532532,743.2110997370963,184.65814099423162,59.30254701576313,-55.352497135502496
12.552552552552552,744.3983379155901,183.54998289342075,59.30254701576313,-55.552697335702696
12.572572572572573,745.5855760940839,182.43781678059386,59.30254701576313,-55.752897535902896
12.592592592592593,746.7728142725776,181.32164265575096,59.30254701576313,-55.953097736103096
12.612612612612612,747.9600524510714,180.20146051889205,59.30254701576313,-56.1532979363033
12.632632632632632,749.1472906295652,179.07727037001712,59.30254701576313,-56.3534981365035
12.652652652652652,750.334528808059,177.94907220912614,59.30254701576313,-56.5536983367037
12.672672672672673,751.5217669865527,176.81686603621915,59.30254701576313,-56.7538985369039
12.692692692692694,752.7090051650465,175.68065185129615,59.30254701576313,-56.9540987371041
12.712712712712712,753.8962433435403,174.54042965435713,59.30254701576313,-57.1542989373043
12.732732732732732,755.083481522034,173.3961994454021,59.30254701576313,-57.3544991375045
12.752752752752752,756.2707197005278,172.24796122443104,59.30254701576313,-57.5546993377047
12.772772772772774,757.4579578790216,171.09571499144397,59.30254701576313,-57.7548995379049
12.792792792792794,758.6451960575154,169.93946074644086,59.30254701576313,-57.9550997381051
12.812812812812812,759.8324342360091,168.77919848942173,59.30254701576313,-58.1552999383053
12.832832832832832,761.0196724145029,167.6149282203866,59.30254701576313,-58.3555001385055
12.852852852852852,762.2069105929967,166.44664993933543,59.30254701576313,-58.5557003387057
12.872872872872874,763.3941487714904,165.27436364626826,59.30254701576313,-58.7559005389059
12.892892892892894,764.5813869499842,164.09806934118507,59.30254701576313,-58.9561007391061
12.912912912912912,765.768625128478,162.91776702408583,59.30254701576313,-59.1563009393063
12.932932932932932,766.9558633069718,161.73345669497058,59.30254701576313,-59.3565011395065
12.952952952952952,768.1431014854655,160.54513835383932,59.30254701576313,-59.5567013397067
12.972972972972974,769.3303396639593,159.35281200069204,59.30254701576313,-59.7569015399069
12.992992992992994,770.5175778424531,158.15647763552874,59.30254701576313,-59.9571017401071
13.013013013013012,771.7048160209469,156.95613525834943,59.30254701576313,-60.1573019403073
13.033033033033032,772.8920541994406,155.75178486915408,59.30254701576313,-60.3575021405075
13.053053053053052,774.0792923779344,154.5434264679427,59.30254701576313,-60.5577023407077
13.073073073073074,775.2665305564282,153.33106005471532,59.30254701576313,-60.7579025409079
13.093093093093094,776.4537687349219,152.11468562947192,59.30254701576313,-60.9581027411081
13.113113113113112,777.6410069134157,150.8943031922125,59.30254701576313,-61.1583029413083
13.133133133133132,778.8282450919095,149.66991274293707,59.30254701576313,-61.3585031415085
13.153153153153154,780.0154832704033,148.44151428164562,59.30254701576313,-61.5587033417087
13.173173173173174,781.202721448897,147.20910780833813,59.30254701576313,-61.7589035419089
13.193193193193194,782.3899596273908,145.97269332301462,59.30254701576313,-61.9591037421091
13.213213213213212,783.5771978058846,144.7322708256751,59.30254701576313,-62.1593039423093
13.233233233233232,784.7644359843783,143.48784031631956,59.30254701576313,-62.3595041425095
13.253253253253254,785.9516741628721,142.239401794948,59.30254701576313,-62.5597043427097
13.273273273273274,787.1389123413659,140.98695526156044,59.30254701576313,-62.7599045429099
13.293293293293294,788.3261505198597,139.73050071615683,59.30254701576313,-62.9601047431101
13.313313313313312,789.5133886983534,138.4700381587372,59.30254701576313,-63.1603049433103
13.333333333333332,790.7006268768472,137.20556758930155,59.30254701576313,-63.3605051435105
13.353353353353354,791.887865055341,135.9370890078499,59.30254701576313,-63.5607053437107
13.373373373373374,793.0751032338347,134.66460241438222,59.30254701576313,-63.7609055439109
13.393393393393394,794.2623414123285,133.38810780889852,59.30254701576313,-63.9611057441111
13.413413413413412,795.4495795908223,132.1076051913988,59.30254701576313,-64.16130594431131
13.433433433433432,796.636817769316,130.82309456188304,59.30254701576313,-64.36150614451151
13.453453453453454,797.8240559478098,129.53457592035127,59.30254701576313,-64.56170634471171
13.473473473473474,799.0112941263036,128.2420492668035,59.30254701576313,-64.76190654491191
13.493493493493494,800.1985323047974,126.9455146012397,59.30254701576313,-64.96210674511211
13.513513513513512,801.3857704832911,125.64497192365987,59.30254701576313,-65.16230694531231
13.533533533533532,802.5730086617849,124.34042123406402,59.30254701576313,-65.36250714551251
13.553553553553554,803.7602468402787,123.03186253245217,59.30254701576313,-65.56270734571271
13.573573573573574,804.9474850187725,121.71929581882428,59.30254701576313,-65.76290754591291
13.593593593593594,806.1347231972662,120.40272109318038,59.30254701576313,-65.96310774611311
13.613613613613612,807.32196137576,119.08213835552046,59.30254701576313,-66.16330794631331
13.633633633633632,808.5091995542538,117.75754760584451,59.30254701576313,-66.36350814651351
13.653653653653654,809.6964377327475,116.42894884415254,59.30254701576313,-66.56370834671371
13.673673673673674,810.8836759112413,115.09634207044456,59.30254701576313,-66.76390854691391
13.693693693693694,812.0709140897351,113.75972728472055,59.30254701576313,-66.96410874711411
13.713713713713712,813.2581522682289,112.41910448698053,59.30254701576313,-67.16430894731431
13.733733733733732,814.4453904467226,111.07447367722449,59.30254701576313,-67.36450914751451
13.753753753753754,815.6326286252164,109.72583485545243,59.30254701576313,-67.56470934771471
13.773773773773774,816.8198668037102,108.37318802166435,59.30254701576313,-67.76490954791491
13.793793793793794,818.0071049822039,107.01653317586025,59.30254701576313,-67.96510974811511
13.813813813813812,819.1943431606977,105.65587031804013,59.30254701576313,-68.16530994831531
13.833833833833832,820.3815813391915,104.29119944820398,59.30254701576313,-68.36551014851551
13.853853853853854,821.5688195176853,102.92252056635182,59.30254701576313,-68.56571034871571
13.873873873873874,822.756057696179,101.54983367248364,59.30254701576313,-68.76591054891591
13.893893893893894,823.9432958746728,100.17313876659944,59.30254701576313,-68.96611074911611
13.913913913913913,825.1305340531666,98.79243584869921,59.30254701576313,-69.16631094931631
13.933933933933933,826.3177722316603,97.40772491878298,59.30254701576313,-69.36651114951651
13.953953953953954,827.5050104101541,96.0190059768507,59.30254701576313,-69.56671134971671
13.973973973973974,828.6922485886479,94.62627902290242,59.30254701576313,-69.76691154991691
13.993993993993994,829.8794867671417,93.22954405693812,59.30254701576313,-69.96711175011711
14.014014014014013,831.0667249456354,91.8288010789578,59.30254701576313,-70.16731195031731
14.034034034034033,832.2539631241292,90.42405008896145,59.30254701576313,-70.36751215051751
14.054054054054054,833.441201302623,89.01529108694909,59.30254701576313,-70.56771235071771
14.074074074074074,834.6284394811167,87.60252407292072,59.30254701576313,-70.76791255091791
14.094094094094094,835.8156776596105,86.18574904687631,59.30254701576313,-70.96811275111811
14.114114114114113,837.0029158381043,84.76496600881589,59.30254701576313,-71.16831295131831
14.134134134134133,838.1901540165981,83.34017495873945,59.30254701576313,-71.36851315151851
14.154154154154154,839.3773921950918,81.91137589664699,59.30254701576313,-71.56871335171871
14.174174174174174,840.5646303735856,80.4785688225385,59.30254701576313,-71.76891355191891
14.194194194194194,841.7518685520794,79.04175373641401,59.30254701576313,-71.96911375211911
14.214214214214213,842.9391067305731,77.60093063827348,59.30254701576313,-72.16931395231931
14.234234234234233,844.1263449090669,76.15609952811694,59.30254701576313,-72.36951415251951
14.254254254254255,845.3135830875607,74.70726040594438,59.30254701576313,-72.56971435271971
14.274274274274275,846.5008212660545,73.2544132717558,59.30254701576313,-72.76991455291991
14.294294294294295,847.6880594445482,71.79755812555119,59.30254701576313,-72.97011475312011
14.314314314314313,848.875297623042,70.33669496733057,59.30254701576313,-73.17031495332031
14.334334334334333,850.0625358015358,68.87182379709392,59.30254701576313,-73.37051515352051
14.354354354354355,851.2497739800295,67.40294461484126,59.30254701576313,-73.57071535372071
14.374374374374375,852.4370121585233,65.93005742057258,59.30254701576313,-73.77091555392091
14.394394394394395,853.6242503370171,64.45316221428787,59.30254701576313,-73.97111575412112
14.414414414414413,854.8114885155109,62.97225899598715,59.30254701576313,-74.17131595432132
14.434434434434436,855.9987266940046,61.48734776567041,59.30254701576313,-74.37151615452152
14.454454454454455,857.1859648724984,59.998428523337644,59.30254701576313,-74.57171635472172
14.474474474474475,858.3732030509922,58.50550126898886,59.30254701576313,-74.77191655492192
14.494494494494495,859.560441229486,57.00856600262406,59.30254701576313,-74.97211675512212
14.514514514514513,860.7476794079797,55.507622724243234,59.30254701576313,-75.17231695532232
14.534534534534536,861.9349175864735,54.00267143384639,59.30254701576313,-75.37251715552252
14.554554554554555,863.1221557649673,52.493712131433526,59.30254701576313,-75.57271735572272
14.574574574574575,864.309393943461,50.98074481700464,59.30254701576313,-75.77291755592292
14.594594594594595,865.4966321219548,49.46376949055974,59.30254701576313,-75.97311775612312
14.614614614614613,866.6838703004486,47.94278615209882,59.30254701576313,-76.17331795632332
14.634634634634637,867.8711084789423,46.41779480162187,59.30254701576313,-76.37351815652352
14.654654654654655,869.0583466574361,44.88879543912891,59.30254701576313,-76.57371835672372
14.674674674674675,870.2455848359299,43.35578806461993,59.30254701576313,-76.77391855692392
14.694694694694695,871.4328230144237,41.81877267809492,59.30254701576313,-76.97411875712412
14.714714714714713,872.6200611929174,40.2777492795539,59.30254701576313,-77.17431895732432
14.734734734734737,873.8072993714112,38.73271786899686,59.30254701576313,-77.37451915752452
14.754754754754755,874.994537549905,37.18367844642379,59.30254701576313,-77.57471935772472
14.774774774774775,876.1817757283987,35.63063101183471,59.30254701576313,-77.77491955792492
14.794794794794795,877.3690139068925,34.0735755652296,59.30254701576313,-77.97511975812512
14.814814814814813,878.5562520853863,32.51251210660848,59.30254701576313,-78.17531995832532
14.834834834834837,879.7434902638801,30.94744063597134,59.30254701576313,-78.37552015852552
14.854854854854855,880.9307284423738,29.378361153318178,59.30254701576313,-78.57572035872572
14.874874874874875,882.1179666208676,27.805273658648993,59.30254701576313,-78.77592055892592
14.894894894894895,883.3052047993614,26.22817815196379,59.30254701576313,-78.97612075912612
14.914914914914913,884.4924429778551,24.647074633262566,59.30254701576313,-79.17632095932632
14.934934934934937,885.6796811563489,23.061963102545324,59.30254701576313,-79.37652115952652
14.954954954954955,886.8669193348427,21.47284355981206,59.30254701576313,-79.57672135972672
14.974974974974975,888.0541575133365,19.879716005062775,59.30254701576313,-79.77692155992692
14.994994994994995,889.2413956918302,18.282580438297472,59.30254701576313,-79.97712176012712
15.015015015015013,890.428633870324,16.681436859516147,59.30254701576313,-80.17732196032732
15.035035035035037,891.6158720488178,15.076285268718802,59.30254701576313,-80.37752216052752
15.055055055055055,892.8031102273115,13.467125665905439,59.30254701576313,-80.57772236072772
15.075075075075075,893.9903484058053,11.853958051076054,59.30254701576313,-80.77792256092792
15.095095095095095,895.1775865842991,10.23678242423065,59.30254701576313,-80.97812276112812
15.115115115115113,896.3648247627929,8.615598785369226,59.30254701576313,-81.17832296132832
15.135135135135137,897.5520629412866,6.990407134491782,59.30254701576313,-81.37852316152852
15.155155155155155,898.7393011197804,5.361207471598319,59.30254701576313,-81.57872336172872
15.175175175175175,899.9265392982742,3.727999796688835,59.30254701576313,-81.77892356192892
15.195195195195195,901.113777476768,2.090784109763331,59.30254701576313,-81.97912376212912
15.215215215215213,902.3010156552617,0.4495604108218072,59.30254701576313,-82.17932396232932
15.235235235235237,903.4882538337555,-1.1956713001357366,59.30254701576313,-82.37952416252952
15.255255255255255,904.6754920122493,-2.844911023109301,59.30254701576313,-82.57972436272972
15.275275275275275,905.862730190743,-4.498158758098885,59.30254701576313,-82.77992456292992
15.295295295295295,907.0499683692368,-6.155414505104489,59.30254701576313,-82.98012476313012
15.315315315315313,908.2372065477306,-7.816678264126113,59.30254701576313,-83.18032496333032
15.335335335335337,909.4244447262244,-9.481950035163758,59.30254701576313,-83.38052516353052
15.355355355355355,910.6116829047181,-11.151229818217422,59.30254701576313,-83.58072536373072
15.375375375375375,911.7989210832119,-12.824517613287107,59.30254701576313,-83.78092556393092
15.395395395395395,912.9861592617057,-14.50181342037281,59.30254701576313,-83.98112576413112
15.415415415415413,914.1733974401994,-16.183117239474534,59.30254701576313,-84.18132596433132
15.435435435435437,915.3606356186932,-17.868429070592278,59.30254701576313,-84.38152616453152
15.455455455455455,916.547873797187,-19.55774891372604,59.30254701576313,-84.58172636473172
15.475475475475475,917.7351119756808,-21.251076768875826,59.30254701576313,-84.78192656493192
15.495495495495495,918.9223501541745,-22.94841263604163,59.30254701576313,-84.98212676513212
15.515515515515514,920.1095883326683,-24.649756515223455,59.30254701576313,-85.18232696533232
15.535535535535537,921.2968265111621,-26.355108406421298,59.30254701576313,-85.38252716553252
15.555555555555555,922.4840646896558,-28.064468309635163,59.30254701576313,-85.58272736573272
15.575575575575575,923.6713028681496,-29.777836224865048,59.30254701576313,-85.78292756593292
15.595595595595595,924.8585410466434,-31.495212152110952,59.30254701576313,-85.98312776613312
15.615615615615614,926.0457792251372,-33.21659609137288,59.30254701576313,-86.18332796633332
15.635635635635637,927.2330174036309,-34.94198804265082,59.30254701576313,-86.38352816653352
15.655655655655655,928.4202555821247,-36.671388005944785,59.30254701576313,-86.58372836673372
15.675675675675675,929.6074937606185,-38.40479598125477,59.30254701576313,-86.78392856693392
15.695695695695695,930.7947319391122,-40.142211968580774,59.30254701576313,-86.98412876713412
15.715715715715717,931.981970117606,-41.8836359679228,59.30254701576313,-87.18432896733432
15.735735735735737,933.1692082960998,-43.62906797928085,59.30254701576313,-87.38452916753452
15.755755755755755,934.3564464745936,-45.37850800265491,59.30254701576313,-87.58472936773472
15.775775775775776,935.5436846530873,-47.131956038045,59.30254701576313,-87.78492956793492
15.795795795795796,936.7309228315811,-48.8894120854511,59.30254701576313,-87.98512976813512
15.815815815815817,937.9181610100749,-50.65087614487322,59.30254701576313,-88.18532996833532
15.835835835835837,939.1053991885686,-52.41634821631137,59.30254701576313,-88.38553016853552
15.855855855855856,940.2926373670624,-54.18582829976553,59.30254701576313,-88.58573036873572
15.875875875875876,941.4798755455562,-55.95931639523572,59.30254701576313,-88.78593056893592
15.895895895895896,942.66711372405,-57.736812502721925,59.30254701576313,-88.98613076913612
15.915915915915917,943.8543519025437,-59.51831662222415,59.30254701576313,-89.18633096933632
15.935935935935937,945.0415900810375,-61.303828753742394,59.30254701576313,-89.38653116953652
15.955955955955956,946.2288282595313,-63.093348897276655,59.30254701576313,-89.58673136973673
15.975975975975976,947.416066438025,-64.88687705282695,59.30254701576313,-89.78693156993693
15.995995995995996,948.6033046165188,-66.68441322039325,59.30254701576313,-89.98713177013713
16.016016016016017,949.7905427950126,-68.48595739997558,59.30254701576313,-90.18733197033733
16.036036036036037,950.9777809735064,-70.29150959157391,59.30254701576313,-90.38753217053753
16.056056056056057,952.1650191520001,-72.10106979518828,59.30254701576313,-90.58773237073773
16.076076076076077,953.3522573304939,-73.91463801081866,59.30254701576313,-90.78793257093793
16.096096096096094,954.5394955089877,-75.73221423846506,59.30254701576313,-90.98813277113813
16.116116116116117,955.7267336874814,-77.55379847812749,59.30254701576313,-91.18833297133833
16.136136136136138,956.9139718659752,-79.37939072980593,59.30254701576313,-91.38853317153853
16.156156156156158,958.101210044469,-81.2089909935004,59.30254701576313,-91.58873337173873
16.176176176176178,959.2884482229628,-83.04259926921088,59.30254701576313,-91.78893357193893
16.196196196196194,960.4756864014565,-84.88021555693739,59.30254701576313,-91.98913377213913
16.216216216216218,961.6629245799503,-86.7218398566799,59.30254701576313,-92.18933397233933
16.236236236236238,962.8501627584441,-88.56747216843846,59.30254701576313,-92.38953417253953
16.256256256256258,964.0374009369378,-90.41711249221302,59.30254701576313,-92.58973437273973
16.276276276276278,965.2246391154316,-92.2707608280036,59.30254701576313,-92.78993457293993
16.296296296296294,966.4118772939254,-94.12841717581021,59.30254701576313,-92.99013477314013
16.316316316316318,967.5991154724192,-95.99008153563284,59.30254701576313,-93.19033497334033
16.336336336336338,968.7863536509129,-97.85575390747148,59.30254701576313,-93.39053517354053
16.356356356356358,969.9735918294067,-99.72543429132615,59.30254701576313,-93.59073537374073
16.376376376376378,971.1608300079005,-101.59912268719684,59.30254701576313,-93.79093557394093
16.396396396396394,972.3480681863942,-103.47681909508354,59.30254701576313,-93.99113577414113
16.416416416416418,973.535306364888,-105.35852351498627,59.30254701576313,-94.19133597434133
16.436436436436438,974.7225445433818,-107.24423594690502,59.30254701576313,-94.39153617454153
16.456456456456458,975.9097827218756,-109.13395639083978,59.30254701576313,-94.59173637474173
16.476476476476478,977.0970209003693,-111.02768484679056,59.30254701576313,-94.79193657494193
16.496496496496494,978.2842590788631,-112.92542131475737,59.30254701576313,-94.99213677514213
16.516516516516518,979.4714972573569,-114.8271657947402,59.30254701576313,-95.19233697534233
16.536536536536538,980.6587354358506,-116.73291828673904,59.30254701576313,-95.39253717554253
16.556556556556558,981.8459736143444,-118.6426787907539,59.30254701576313,-95.59273737574273
16.576576576576578,983.0332117928382,-120.55644730678479,59.30254701576313,-95.79293757594293
16.596596596596594,984.220449971332,-122.47422383483169,59.30254701576313,-95.99313777614313
16.616616616616618,985.4076881498257,-124.39600837489462,59.30254701576313,-96.19333797634333
16.636636636636638,986.5949263283195,-126.32180092697357,59.30254701576313,-96.39353817654353
16.656656656656658,987.7821645068133,-128.25160149106853,59.30254701576313,-96.59373837674373
16.676676676676678,988.969402685307,-130.1854100671795,59.30254701576313,-96.79393857694393
16.696696696696694,990.1566408638008,-132.1232266553065,59.30254701576313,-96.99413877714413
16.716716716716718,991.3438790422946,-134.06505125544953,59.30254701576313,-97.19433897734433
16.736736736736738,992.5311172207884,-136.01088386760858,59.30254701576313,-97.39453917754453
16.756756756756758,993.7183553992821,-137.96072449178365,59.30254701576313,-97.59473937774473
16.776776776776778,994.9055935777759,-139.91457312797473,59.30254701576313,-97.79493957794493
16.796796796796794,996.0928317562697,-141.87242977618183,59.30254701576313,-97.99513977814513
16.816816816816818,997.2800699347634,-143.83429443640495,59.30254701576313,-98.19533997834533
16.836836836836838,998.4673081132572,-145.8001671086441,59.30254701576313,-98.39554017854553
16.856856856856858,999.654546291751,-147.77004779289928,59.30254701576313,-98.59574037874573
16.876876876876878,1000.8417844702448,-149.74393648917047,59.30254701576313,-98.79594057894593
16.896896896896898,1002.0290226487385,-151.72183319745767,59.30254701576313,-98.99614077914613
16.916916916916918,1003.2162608272323,-153.7037379177609,59.30254701576313,-99.19634097934633
16.936936936936938,1004.4034990057261,-155.68965065008013,59.30254701576313,-99.39654117954653
16.956956956956958,1005.5907371842198,-157.6795713944154,59.30254701576313,-99.59674137974673
16.976976976976978,1006.7779753627136,-159.6735001507667,59.30254701576313,-99.79694157994693
16.996996996996998,1007.9652135412074,-161.671436919134,59.30254701576313,-99.99714178014713
17.017017017017018,1009.1524517197012,-163.67338169951734,59.30254701576313,-100.19734198034733
17.037037037037038,1010.3396898981949,-165.67933449191668,59.30254701576313,-100.39754218054753
17.057057057057058,1011.5269280766887,-167.68929529633203,59.30254701576313,-100.59774238074773
17.077077077077078,1012.7141662551825,-169.7032641127634,59.30254701576313,-100.79794258094793
17.097097097097098,1013.9014044336762,-171.72124094121082,59.30254701576313,-100.99814278114813
17.117117117117118,1015.08864261217,-173.74322578167425,59.30254701576313,-101.19834298134833
17.137137137137138,1016.2758807906638,-175.7692186341537,59.30254701576313,-101.39854318154853
17.157157157157158,1017.4631189691576,-177.79921949864917,59.30254701576313,-101.59874338174873
17.177177177177178,1018.6503571476513,-179.83322837516064,59.30254701576313,-101.79894358194893
17.197197197197198,1019.8375953261451,-181.87124526368814,59.30254701576313,-101.99914378214913
17.217217217217218,1021.0248335046389,-183.91327016423168,59.30254701576313,-102.19934398234933
17.237237237237238,1022.2120716831326,-185.95930307679123,59.30254701576313,-102.39954418254953
17.25725725725726,1023.3993098616264,-188.0093440013668,59.30254701576313,-102.59974438274973
17.27727727727728,1024.58654804012,-190.06339293795838,59.30254701576313,-102.79994458294993
17.2972972972973,1025.7737862186138,-192.12144988656598,59.30254701576313,-103.00014478315013
17.31731731731732,1026.9610243971076,-194.1835148471896,59.30254701576313,-103.20034498335033
17.33733733733734,1028.1482625756014,-196.24958781982926,59.30254701576313,-103.40054518355053
17.35735735735736,1029.3355007540952,-198.31966880448493,59.30254701576313,-103.60074538375073
17.37737737737738,1030.522738932589,-200.39375780115662,59.30254701576313,-103.80094558395093
17.3973973973974,1031.7099771110827,-202.47185480984433,59.30254701576313,-104.00114578415113
17.41741741741742,1032.8972152895765,-204.55395983054805,59.30254701576313,-104.20134598435133
17.43743743743744,1034.0844534680703,-206.6400728632678,59.30254701576313,-104.40154618455153
17.45745745745746,1035.271691646564,-208.73019390800354,59.30254701576313,-104.60174638475173
17.47747747747748,1036.4589298250578,-210.82432296475534,59.30254701576313,-104.80194658495193
17.4974974974975,1037.6461680035516,-212.92246003352315,59.30254701576313,-105.00214678515214
17.51751751751752,1038.8334061820453,-215.02460511430698,59.30254701576313,-105.20234698535234
17.53753753753754,1040.020644360539,-217.13075820710682,59.30254701576313,-105.40254718555254
17.55755755755756,1041.2078825390329,-219.24091931192268,59.30254701576313,-105.60274738575274
17.57757757757758,1042.3951207175267,-221.35508842875456,59.30254701576313,-105.80294758595294
17.5975975975976,1043.5823588960204,-223.47326555760247,59.30254701576313,-106.00314778615314
17.61761761761762,1044.7695970745142,-225.5954506984664,59.30254701576313,-106.20334798635334
17.63763763763764,1045.956835253008,-227.72164385134636,59.30254701576313,-106.40354818655354
17.65765765765766,1047.1440734315017,-229.85184501624232,59.30254701576313,-106.60374838675374
17.67767767767768,1048.3313116099955,-231.9860541931543,59.30254701576313,-106.80394858695394
17.6976976976977,1049.5185497884893,-234.1242713820823,59.30254701576313,-107.00414878715414
17.71771771771772,1050.705787966983,-236.26649658302634,59.30254701576313,-107.20434898735434
17.73773773773774,1051.8930261454768,-238.4127297959864,59.30254701576313,-107.40454918755454
17.75775775775776,1053.0802643239706,-240.56297102096246,59.30254701576313,-107.60474938775474
17.77777777777778,1054.2675025024644,-242.71722025795455,59.30254701576313,-107.80494958795494
17.7977977977978,1055.4547406809581,-244.87547750696265,59.30254701576313,-108.00514978815514
17.81781781781782,1056.641978859452,-247.03774276798677,59.30254701576313,-108.20534998835534
17.83783783783784,1057.8292170379457,-249.2040160410269,59.30254701576313,-108.40555018855554
17.85785785785786,1059.0164552164395,-251.37429732608308,59.30254701576313,-108.60575038875574
17.87787787787788,1060.2036933949332,-253.54858662315527,59.30254701576313,-108.80595058895594
17.8978978978979,1061.390931573427,-255.72688393224348,59.30254701576313,-109.00615078915614
17.91791791791792,1062.5781697519208,-257.90918925334773,59.30254701576313,-109.20635098935634
17.93793793793794,1063.7654079304145,-260.095502586468,59.30254701576313,-109.40655118955654
17.95795795795796,1064.9526461089083,-262.2858239316043,59.30254701576313,-109.60675138975674
17.97797797797798,1066.139884287402,-264.4801532887566,59.30254701576313,-109.80695158995694
17.997997997998,1067.3271224658959,-266.6784906579249,59.30254701576313,-110.00715179015714
18.01801801801802,1068.5143606443896,-268.8808360391092,59.30254701576313,-110.20735199035734
18.03803803803804,1069.7015988228834,-271.0871894323096,59.30254701576313,-110.40755219055754
18.05805805805806,1070.8888370013772,-273.29755083752593,59.30254701576313,-110.60775239075774
18.07807807807808,1072.076075179871,-275.5119202547583,59.30254701576313,-110.80795259095794
18.0980980980981,1073.2633133583647,-277.7302976840067,59.30254701576313,-111.00815279115814
18.11811811811812,1074.4505515368585,-279.9526831252711,59.30254701576313,-111.20835299135834
18.13813813813814,1075.6377897153523,-282.17907657855153,59.30254701576313,-111.40855319155854
18.15815815815816,1076.825027893846,-284.409478043848,59.30254701576313,-111.60875339175874
18.17817817817818,1078.0122660723398,-286.64388752116054,59.30254701576313,-111.80895359195894
18.1981981981982,1079.1995042508336,-288.88230501048906,59.30254701576313,-112.00915379215914
18.21821821821822,1080.3867424293273,-291.1247305118336,59.30254701576313,-112.20935399235934
18.23823823823824,1081.573980607821,-293.37116402519416,59.30254701576313,-112.40955419255954
18.25825825825826,1082.7612187863149,-295.62160555057073,59.30254701576313,-112.60975439275974
18.27827827827828,1083.9484569648087,-297.8760550879633,59.30254701576313,-112.80995459295994
18.2982982982983,1085.1356951433024,-300.1345126373719,59.30254701576313,-113.01015479316014
18.31831831831832,1086.3229333217962,-302.39697819879655,59.30254701576313,-113.21035499336034
18.33833833833834,1087.51017150029,-304.6634517722372,59.30254701576313,-113.41055519356054
18.35835835835836,1088.6974096787837,-306.93393335769383,59.30254701576313,-113.61075539376074
18.37837837837838,1089.8846478572775,-309.2084229551665,59.30254701576313,-113.81095559396094
18.3983983983984,1091.0718860357713,-311.4869205646552,59.30254701576313,-114.01115579416114
18.41841841841842,1092.259124214265,-313.76942618615993,59.30254701576313,-114.21135599436134
18.43843843843844,1093.4463623927588,-316.0559398196807,59.30254701576313,-114.41155619456154
18.45845845845846,1094.6336005712526,-318.3464614652175,59.30254701576313,-114.61175639476174
18.47847847847848,1095.8208387497464,-320.6409911227703,59.30254701576313,-114.81195659496194
18.4984984984985,1097.0080769282401,-322.9395287923391,59.30254701576313,-115.01215679516214
18.51851851851852,1098.195315106734,-325.24207447392394,59.30254701576313,-115.21235699536234
18.53853853853854,1099.3825532852277,-327.5486281675248,59.30254701576313,-115.41255719556254
18.55855855855856,1100.5697914637215,-329.85918987314164,59.30254701576313,-115.61275739576274
18.57857857857858,1101.7570296422152,-332.1737595907745,59.30254701576313,-115.81295759596294
18.5985985985986,1102.944267820709,-334.4923373204234,59.30254701576313,-116.01315779616314
18.61861861861862,1104.1315059992028,-336.8149230620883,59.30254701576313,-116.21335799636334
18.63863863863864,1105.3187441776965,-339.14151681576925,59.30254701576313,-116.41355819656354
18.65865865865866,1106.5059823561903,-341.4721185814662,59.30254701576313,-116.61375839676374
18.67867867867868,1107.693220534684,-343.8067283591792,59.30254701576313,-116.81395859696394
18.6986986986987,1108.8804587131779,-346.14534614890823,59.30254701576313,-117.01415879716414
18.71871871871872,1110.0676968916716,-348.4879719506533,59.30254701576313,-117.21435899736434
18.73873873873874,1111.2549350701654,-350.83460576441433,59.30254701576313,-117.41455919756454
18.75875875875876,1112.4421732486592,-353.1852475901914,59.30254701576313,-117.61475939776474
18.77877877877878,1113.629411427153,-355.5398974279845,59.30254701576313,-117.81495959796494
18.7987987987988,1114.8166496056467,-357.8985552777936,59.30254701576313,-118.01515979816514
18.81881881881882,1116.0038877841405,-360.2612211396187,59.30254701576313,-118.21535999836534
18.83883883883884,1117.1911259626343,-362.62789501345986,59.30254701576313,-118.41556019856554
18.85885885885886,1118.378364141128,-364.998576899317,59.30254701576313,-118.61576039876574
18.87887887887888,1119.5656023196218,-367.3732667971902,59.30254701576313,-118.81596059896594
18.8988988988989,1120.7528404981156,-369.75196470707937,59.30254701576313,-119.01616079916614
18.91891891891892,1121.9400786766093,-372.1346706289846,59.30254701576313,-119.21636099936634
18.93893893893894,1123.1273168551031,-374.5213845629059,59.30254701576313,-119.41656119956654
18.95895895895896,1124.314555033597,-376.9121065088432,59.30254701576313,-119.61676139976674
18.97897897897898,1125.5017932120907,-379.3068364667965,59.30254701576313,-119.81696159996694
18.998998998999,1126.6890313905844,-381.7055744367658,59.30254701576313,-120.01716180016714
19.01901901901902,1127.8762695690782,-384.10832041875113,59.30254701576313,-120.21736200036734
19.03903903903904,1129.063507747572,-386.5150744127525,59.30254701576313,-120.41756220056755
19.05905905905906,1130.2507459260657,-388.92583641876985,59.30254701576313,-120.61776240076775
19.07907907907908,1131.4379841045595,-391.3406064368032,59.30254701576313,-120.81796260096795
19.0990990990991,1132.6252222830533,-393.7593844668526,59.30254701576313,-121.01816280116815
19.11911911911912,1133.812460461547,-396.18217050891803,59.30254701576313,-121.21836300136835
19.13913913913914,1134.9996986400408,-398.60896456299946,59.30254701576313,-121.41856320156855
19.15915915915916,1136.1869368185346,-401.0397666290969,59.30254701576313,-121.61876340176875
19.17917917917918,1137.3741749970284,-403.4745767072104,59.30254701576313,-121.81896360196895
19.1991991991992,1138.5614131755221,-405.91339479733995,59.30254701576313,-122.01916380216915
19.21921921921922,1139.748651354016,-408.3562208994855,59.30254701576313,-122.21936400236935
19.23923923923924,1140.9358895325097,-410.80305501364705,59.30254701576313,-122.41956420256955
19.25925925925926,1142.1231277110035,-413.25389713982463,59.30254701576313,-122.61976440276975
19.27927927927928,1143.3103658894972,-415.7087472780182,59.30254701576313,-122.81996460296995
19.2992992992993,1144.497604067991,-418.16760542822783,59.30254701576313,-123.02016480317015
19.31931931931932,1145.6848422464848,-420.63047159045345,59.30254701576313,-123.22036500337035
19.33933933933934,1146.8720804249785,-423.0973457646951,59.30254701576313,-123.42056520357055
19.35935935935936,1148.0593186034723,-425.56822795095275,59.30254701576313,-123.62076540377075
19.37937937937938,1149.246556781966,-428.0431181492264,59.30254701576313,-123.82096560397095
19.3993993993994,1150.4337949604599,-430.5220163595161,59.30254701576313,-124.02116580417115
19.41941941941942,1151.6210331389536,-433.0049225818218,59.30254701576313,-124.22136600437135
19.43943943943944,1152.8082713174474,-435.4918368161436,59.30254701576313,-124.42156620457155
19.45945945945946,1153.9955094959412,-437.98275906248136,59.30254701576313,-124.62176640477175
19.47947947947948,1155.182747674435,-440.47768932083517,59.30254701576313,-124.82196660497195
19.4994994994995,1156.3699858529287,-442.976627591205,59.30254701576313,-125.02216680517215
19.51951951951952,1157.5572240314225,-445.4795738735908,59.30254701576313,-125.22236700537235
19.53953953953954,1158.7444622099163,-447.9865281679927,59.30254701576313,-125.42256720557255
19.55955955955956,1159.93170038841,-450.49749047441054,59.30254701576313,-125.62276740577275
19.57957957957958,1161.1189385669038,-453.0124607928444,59.30254701576313,-125.82296760597295
19.5995995995996,1162.3061767453976,-455.5314391232943,59.30254701576313,-126.02316780617315
19.61961961961962,1163.4934149238914,-458.05442546576023,59.30254701576313,-126.22336800637335
19.63963963963964,1164.6806531023851,-460.58141982024216,59.30254701576313,-126.42356820657355
19.65965965965966,1165.867891280879,-463.1124221867401,59.30254701576313,-126.62376840677375
19.67967967967968,1167.0551294593727,-465.6474325652541,59.30254701576313,-126.82396860697395
19.6996996996997,1168.2423676378664,-468.18645095578415,59.30254701576313,-127.02416880717415
19.71971971971972,1169.4296058163602,-470.7294773583302,59.30254701576313,-127.22436900737435
19.73973973973974,1170.616843994854,-473.27651177289226,59.30254701576313,-127.42456920757455
19.75975975975976,1171.8040821733478,-475.82755419947034,59.30254701576313,-127.62476940777475
19.77977977977978,1172.9913203518415,-478.38260463806444,59.30254701576313,-127.82496960797495
19.7997997997998,1174.1785585303353,-480.94166308867455,59.30254701576313,-128.02516980817515
19.81981981981982,1175.365796708829,-483.50472955130067,59.30254701576313,-128.22537000837536
19.83983983983984,1176.5530348873228,-486.0718040259428,59.30254701576313,-128.42557020857558
19.85985985985986,1177.7402730658166,-488.64288651260097,59.30254701576313,-128.6257704087758
19.87987987987988,1178.9275112443104,-491.21797701127514,59.30254701576313,-128.825970608976
19.8998998998999,1180.1147494228042,-493.7970755219653,59.30254701576313,-129.02617080917622
19.91991991991992,1181.301987601298,-496.3801820446715,59.30254701576313,-129.22637100937644
19.93993993993994,1182.4892257797917,-498.9672965793938,59.30254701576313,-129.42657120957665
19.95995995995996,1183.6764639582855,-501.5584191261321,59.30254701576313,-129.62677140977686
19.97997997997998,1184.8637021367792,-504.1535496848864,59.30254701576313,-129.82697160997708
20.0,1186.050940315273,-506.7526882556567,59.30254701576313,-130.0271718101773
