t,xpos,ypos,vx,vy
0.0,0.0,95.83367023956738,15.26516615613174,94.60241703917075
0.02002002002002002,0.3056089320546895,97.72761252263386,15.26516615613174,94.40221683897055
0.04004004004004004,0.611217864109379,99.61754679368433,15.26516615613174,94.20201663877035
0.06006006006006006,0.9168267961640684,101.50347305271876,15.26516615613174,94.00181643857015
0.08008008008008008,1.222435728218758,103.38539129973718,15.26516615613174,93.80161623836995
0.10010010010010009,1.5280446602734474,105.26330153473958,15.26516615613174,93.60141603816975
0.12012012012012012,1.833653592328137,107.13720375772597,15.26516615613174,93.40121583796954
0.14014014014014015,2.1392625243828265,109.00709796869633,15.26516615613174,93.20101563776934
0.16016016016016016,2.444871456437516,110.87298416765067,15.26516615613174,93.00081543756914
0.18018018018018017,2.750480388492205,112.734862354589,15.26516615613174,92.80061523736894
0.20020020020020018,3.0560893205468944,114.5927325295113,15.26516615613174,92.60041503716874
0.22022022022022023,3.3616982526015837,116.44659469241758,15.26516615613174,92.40021483696854
0.24024024024024024,3.667307184656273,118.29644884330784,15.26516615613174,92.20001463676834
0.2602602602602603,3.9729161167109623,120.14229498218208,15.26516615613174,91.99981443656814
0.2802802802802803,4.278525048765652,121.9841331090403,15.26516615613174,91.79961423636794
0.3003003003003003,4.584133980820342,123.8219632238825,15.26516615613174,91.59941403616774
0.3203203203203203,4.889742912875032,125.65578532670868,15.26516615613174,91.39921383596754
0.3403403403403404,5.195351844929721,127.48559941751884,15.26516615613174,91.19901363576734
0.36036036036036034,5.500960776984411,129.31140549631297,15.26516615613174,90.99881343556714
0.3803803803803804,5.806569709039101,131.1332035630911,15.26516615613174,90.79861323536694
0.40040040040040037,6.112178641093791,132.9509936178532,15.26516615613174,90.59841303516674
0.42042042042042044,6.41778757314848,134.76477566059927,15.26516615613174,90.39821283496654
0.44044044044044045,6.72339650520317,136.57454969132934,15.26516615613174,90.19801263476634
0.4604604604604605,7.02900543725786,138.3803157100434,15.26516615613174,89.99781243456614
0.4804804804804805,7.33461436931255,140.1820737167414,15.26516615613174,89.79761223436594
0.5005005005005005,7.640223301367239,141.9798237114234,15.26516615613174,89.59741203416574
0.5205205205205206,7.945832233421929,143.77356569408937,15.26516615613174,89.39721183396554
0.5405405405405406,8.251441165476619,145.56329966473933,15.26516615613174,89.19701163376534
0.5605605605605606,8.557050097531308,147.34902562337328,15.26516615613174,88.99681143356514
0.5805805805805806,8.862659029585997,149.1307435699912,15.26516615613174,88.79661123336494
0.6006006006006006,9.168267961640685,150.9084535045931,15.26516615613174,88.59641103316474
0.6206206206206206,9.473876893695374,152.68215542717897,15.26516615613174,88.39621083296454
0.6406406406406406,9.779485825750063,154.45184933774883,15.26516615613174,88.19601063276434
0.6606606606606606,10.085094757804752,156.21753523630267,15.26516615613174,87.99581043256414
0.6806806806806808,10.390703689859441,157.9792131228405,15.26516615613174,87.79561023236394
0.7007007007007007,10.69631262191413,159.7368829973623,15.26516615613174,87.59541003216374
0.7207207207207207,11.001921553968819,161.4905448598681,15.26516615613174,87.39520983196354
0.7407407407407407,11.307530486023508,163.24019871035784,15.26516615613174,87.19500963176334
0.7607607607607608,11.613139418078196,164.98584454883158,15.26516615613174,86.99480943156314
0.7807807807807808,11.918748350132885,166.7274823752893,15.26516615613174,86.79460923136294
0.8008008008008007,12.224357282187574,168.465112189731,15.26516615613174,86.59440903116274
0.8208208208208208,12.529966214242263,170.1987339921567,15.26516615613174,86.39420883096254
0.8408408408408409,12.835575146296952,171.92834778256636,15.26516615613174,86.19400863076234
0.8608608608608609,13.14118407835164,173.65395356096,15.26516615613174,85.99380843056214
0.8808808808808809,13.44679301040633,175.3755513273376,15.26516615613174,85.79360823036194
0.9009009009009008,13.752401942461018,177.0931410816992,15.26516615613174,85.59340803016174
0.920920920920921,14.058010874515707,178.80672282404478,15.26516615613174,85.39320782996154
0.9409409409409409,14.363619806570396,180.51629655437435,15.26516615613174,85.19300762976134
0.960960960960961,14.669228738625085,182.2218622726879,15.26516615613174,84.99280742956114
0.980980980980981,14.974837670679774,183.9234199789854,15.26516615613174,84.79260722936094
1.001001001001001,15.280446602734463,185.6209696732669,15.26516615613174,84.59240702916074
1.021021021021021,15.586055534789152,187.31451135553237,15.26516615613174,84.39220682896054
1.0410410410410411,15.89166446684384,189.00404502578183,15.26516615613174,84.19200662876034
1.0610610610610611,16.19727339889853,190.68957068401528,15.26516615613174,83.99180642856014
1.0810810810810811,16.50288233095322,192.3710883302327,15.26516615613174,83.79160622835994
1.1011011011011012,16.80849126300791,194.04859796443412,15.26516615613174,83.59140602815974
1.1211211211211212,17.114100195062598,195.7220995866195,15.26516615613174,83.39120582795954
1.1411411411411412,17.419709127117287,197.39159319678885,15.26516615613174,83.19100562775934
1.1611611611611612,17.725318059171975,199.05707879494219,15.26516615613174,82.99080542755914
1.1811811811811812,18.030926991226664,200.7185563810795,15.26516615613174,82.79060522735894
1.2012012012012012,18.336535923281353,202.37602595520082,15.26516615613174,82.59040502715874
1.2212212212212212,18.642144855336042,204.0294875173061,15.26516615613174,82.39020482695854
1.2412412412412412,18.94775378739073,205.67894106739536,15.26516615613174,82.19000462675834
1.2612612612612613,19.25336271944542,207.3243866054686,15.26516615613174,81.98980442655814
1.2812812812812813,19.55897165150011,208.9658241315258,15.26516615613174,81.78960422635794
1.3013013013013013,19.864580583554797,210.603253645567,15.26516615613174,81.58940402615774
1.3213213213213213,20.170189515609486,212.2366751475922,15.26516615613174,81.38920382595754
1.3413413413413413,20.475798447664175,213.86608863760137,15.26516615613174,81.18900362575734
1.3613613613613615,20.781407379718864,215.4914941155945,15.26516615613174,80.98880342555714
1.3813813813813813,21.087016311773553,217.1128915815716,15.26516615613174,80.78860322535694
1.4014014014014013,21.392625243828242,218.7302810355327,15.26516615613174,80.58840302515674
1.4214214214214214,21.69823417588293,220.34366247747778,15.26516615613174,80.38820282495654
1.4414414414414414,22.00384310793762,221.95303590740684,15.26516615613174,80.18800262475634
1.4614614614614616,22.30945203999231,223.5584013253199,15.26516615613174,79.98780242455614
1.4814814814814814,22.615060972046997,225.15975873121693,15.26516615613174,79.78760222435594
1.5015015015015014,22.920669904101686,226.75710812509791,15.26516615613174,79.58740202415574
1.5215215215215216,23.226278836156375,228.3504495069629,15.26516615613174,79.38720182395554
1.5415415415415414,23.531887768211064,229.93978287681185,15.26516615613174,79.18700162375534
1.5615615615615617,23.837496700265753,231.5251082346448,15.26516615613174,78.98680142355514
1.5815815815815815,24.14310563232044,233.10642558046172,15.26516615613174,78.78660122335494
1.6016016016016015,24.44871456437513,234.68373491426263,15.26516615613174,78.58640102315474
1.6216216216216217,24.75432349642982,236.2570362360475,15.26516615613174,78.38620082295454
1.6416416416416415,25.059932428484508,237.82632954581635,15.26516615613174,78.18600062275434
1.6616616616616617,25.365541360539197,239.3916148435692,15.26516615613174,77.98580042255414
1.6816816816816818,25.671150292593886,240.952892129306,15.26516615613174,77.78560022235393
1.7017017017017015,25.976759224648575,242.5101614030268,15.26516615613174,77.58540002215373
1.7217217217217218,26.282368156703264,244.0634226647316,15.26516615613174,77.38519982195353
1.7417417417417416,26.587977088757953,245.61267591442035,15.26516615613174,77.18499962175333
1.7617617617617618,26.89358602081264,247.15792115209308,15.26516615613174,76.98479942155313
1.7817817817817818,27.19919495286733,248.6991583777498,15.26516615613174,76.78459922135293
1.8018018018018016,27.50480388492202,250.2363875913905,15.26516615613174,76.58439902115273
1.8218218218218218,27.810412816976708,251.76960879301518,15.26516615613174,76.38419882095253
1.841841841841842,28.116021749031397,253.29882198262385,15.26516615613174,76.18399862075233
1.8618618618618619,28.421630681086086,254.8240271602165,15.26516615613174,75.98379842055213
1.8818818818818819,28.727239613140775,256.34522432579314,15.26516615613174,75.78359822035193
1.9019019019019017,29.032848545195463,257.86241347935373,15.26516615613174,75.58339802015173
1.921921921921922,29.338457477250152,259.3755946208983,15.26516615613174,75.38319781995153
1.9419419419419421,29.64406640930484,260.8847677504269,15.26516615613174,75.18299761975133
1.961961961961962,29.94967534135953,262.3899328679394,15.26516615613174,74.98279741955113
1.981981981981982,30.25528427341422,263.89108997343595,15.26516615613174,74.78259721935093
2.002002002002002,30.560893205468908,265.38823906691647,15.26516615613174,74.58239701915073
2.022022022022022,30.866502137523597,266.88138014838097,15.26516615613174,74.38219681895053
2.042042042042042,31.172111069578285,268.37051321782945,15.26516615613174,74.18199661875033
2.0620620620620618,31.477720001632974,269.85563827526187,15.26516615613174,73.98179641855013
2.0820820820820822,31.783328933687663,271.33675532067826,15.26516615613174,73.78159621834993
2.1021021021021022,32.08893786574235,272.81386435407865,15.26516615613174,73.58139601814973
2.1221221221221223,32.39454679779704,274.286965375463,15.26516615613174,73.38119581794953
2.1421421421421423,32.70015572985173,275.75605838483136,15.26516615613174,73.18099561774933
2.1621621621621623,33.00576466190642,277.2211433821837,15.26516615613174,72.98079541754913
2.1821821821821823,33.31137359396111,278.68222036752,15.26516615613174,72.78059521734893
2.2022022022022023,33.616982526015796,280.1392893408403,15.26516615613174,72.58039501714873
2.2222222222222223,33.922591458070485,281.5923503021446,15.26516615613174,72.38019481694853
2.2422422422422423,34.228200390125174,283.0414032514329,15.26516615613174,72.17999461674833
2.2622622622622623,34.53380932217986,284.48644818870514,15.26516615613174,71.97979441654813
2.2822822822822824,34.83941825423455,285.9274851139614,15.26516615613174,71.77959421634793
2.3023023023023024,35.14502718628924,287.3645140272016,15.26516615613174,71.57939401614773
2.3223223223223224,35.45063611834393,288.79753492842576,15.26516615613174,71.37919381594753
2.3423423423423424,35.75624505039862,290.2265478176339,15.26516615613174,71.17899361574733
2.3623623623623624,36.06185398245331,291.651552694826,15.26516615613174,70.97879341554713
2.3823823823823824,36.367462914507996,293.07254956000213,15.26516615613174,70.77859321534693
2.4024024024024024,36.673071846562685,294.4895384131622,15.26516615613174,70.57839301514673
2.4224224224224224,36.978680778617374,295.9025192543063,15.26516615613174,70.37819281494653
2.4424424424424425,37.28428971067206,297.31149208343436,15.26516615613174,70.17799261474633
2.4624624624624625,37.58989864272675,298.7164569005464,15.26516615613174,69.97779241454613
2.4824824824824825,37.89550757478144,300.11741370564243,15.26516615613174,69.77759221434593
2.5025025025025025,38.20111650683613,301.51436249872245,15.26516615613174,69.57739201414573
2.5225225225225225,38.50672543889082,302.90730327978645,15.26516615613174,69.37719181394553
2.5425425425425425,38.81233437094551,304.29623604883443,15.26516615613174,69.17699161374533
2.5625625625625625,39.117943303000196,305.68116080586634,15.26516615613174,68.97679141354513
2.5825825825825826,39.423552235054885,307.06207755088224,15.26516615613174,68.77659121334493
2.6026026026026026,39.729161167109574,308.4389862838821,15.26516615613174,68.57639101314473
2.6226226226226226,40.03477009916426,309.811887004866,15.26516615613174,68.37619081294453
2.6426426426426426,40.34037903121895,311.18077971383383,15.26516615613174,68.17599061274433
2.6626626626626626,40.64598796327364,312.54566441078566,15.26516615613174,67.97579041254413
2.6826826826826826,40.95159689532833,313.9065410957215,15.26516615613174,67.77559021234393
2.7027027027027026,41.25720582738302,315.2634097686413,15.26516615613174,67.57539001214373
2.722722722722723,41.56281475943771,316.61627042954507,15.26516615613174,67.37518981194353
2.7427427427427427,41.868423691492396,317.96512307843284,15.26516615613174,67.17498961174333
2.7627627627627627,42.174032623547085,319.3099677153046,15.26516615613174,66.97478941154313
2.7827827827827827,42.47964155560177,320.65080434016033,15.26516615613174,66.77458921134293
2.8028028028028027,42.78525048765646,321.98763295300006,15.26516615613174,66.57438901114273
2.822822822822823,43.09085941971115,323.3204535538237,15.26516615613174,66.37418881094253
2.8428428428428427,43.39646835176584,324.64926614263135,15.26516615613174,66.17398861074233
2.8628628628628627,43.70207728382053,325.97407071942297,15.26516615613174,65.97378841054213
2.8828828828828827,44.00768621587522,327.2948672841986,15.26516615613174,65.77358821034193
2.9029029029029028,44.31329514792991,328.61165583695816,15.26516615613174,65.57338801014173
2.922922922922923,44.618904079984596,329.92443637770174,15.26516615613174,65.37318780994153
2.942942942942943,44.924513012039284,331.2332089064293,15.26516615613174,65.17298760974133
2.962962962962963,45.23012194409397,332.53797342314084,15.26516615613174,64.97278740954113
2.982982982982983,45.53573087614866,333.83872992783637,15.26516615613174,64.77258720934093
3.003003003003003,45.84133980820335,335.1354784205159,15.26516615613174,64.57238700914073
3.0230230230230233,46.14694874025804,336.4282189011794,15.26516615613174,64.37218680894053
3.0430430430430433,46.45255767231273,337.71695136982686,15.26516615613174,64.17198660874033
3.063063063063063,46.75816660436742,339.0016758264583,15.26516615613174,63.971786408540126
3.083083083083083,47.063775536422106,340.2823922710737,15.26516615613174,63.771586208339926
3.103103103103103,47.369384468476795,341.5591007036731,15.26516615613174,63.571386008139726
3.1231231231231233,47.674993400531484,342.83180112425646,15.26516615613174,63.371185807939526
3.1431431431431434,47.98060233258617,344.1004935328238,15.26516615613174,63.170985607739325
3.163163163163163,48.28621126464086,345.36517792937514,15.26516615613174,62.970785407539125
3.183183183183183,48.59182019669555,346.62585431391045,15.26516615613174,62.770585207338925
3.203203203203203,48.89742912875024,347.88252268642975,15.26516615613174,62.570385007138725
3.2232232232232234,49.20303806080493,349.13518304693304,15.26516615613174,62.370184806938525
3.2432432432432434,49.50864699285962,350.3838353954203,15.26516615613174,62.169984606738325
3.263263263263263,49.814255924914306,351.62847973189156,15.26516615613174,61.969784406538125
3.283283283283283,50.119864856968995,352.8691160563468,15.26516615613174,61.769584206337925
3.303303303303303,50.425473789023684,354.105744368786,15.26516615613174,61.569384006137724
3.3233233233233235,50.73108272107837,355.33836466920917,15.26516615613174,61.369183805937524
3.3433433433433435,51.03669165313306,356.5669769576163,15.26516615613174,61.168983605737324
3.3633633633633635,51.34230058518775,357.7915812340074,15.26516615613174,60.968783405537124
3.383383383383383,51.64790951724244,359.0121774983825,15.26516615613174,60.768583205336924
3.403403403403403,51.95351844929713,360.2287657507416,15.26516615613174,60.568383005136724
3.4234234234234235,52.25912738135182,361.4413459910847,15.26516615613174,60.368182804936524
3.4434434434434436,52.564736313406506,362.64991821941175,15.26516615613174,60.16798260473632
3.4634634634634636,52.870345245461195,363.8544824357228,15.26516615613174,59.96778240453612
3.483483483483483,53.175954177515884,365.0550386400178,15.26516615613174,59.76758220433592
3.503503503503503,53.48156310957057,366.2515868322968,15.26516615613174,59.56738200413572
3.5235235235235236,53.78717204162526,367.4441270125598,15.26516615613174,59.36718180393552
3.5435435435435436,54.09278097367995,368.6326591808068,15.26516615613174,59.16698160373532
3.5635635635635636,54.39838990573464,369.81718333703776,15.26516615613174,58.96678140353512
3.583583583583583,54.70399883778933,370.99769948125265,15.26516615613174,58.76658120333492
3.603603603603603,55.00960776984402,372.17420761345153,15.26516615613174,58.56638100313472
3.6236236236236237,55.315216701898706,373.3467077336344,15.26516615613174,58.36618080293452
3.6436436436436437,55.620825633953395,374.51519984180123,15.26516615613174,58.16598060273432
3.6636636636636637,55.92643456600808,375.67968393795206,15.26516615613174,57.96578040253412
3.683683683683684,56.23204349806277,376.8401600220869,15.26516615613174,57.76558020233392
3.7037037037037033,56.53765243011746,377.9966280942057,15.26516615613174,57.56538000213372
3.7237237237237237,56.84326136217215,379.14908815430846,15.26516615613174,57.36517980193352
3.7437437437437437,57.14887029422684,380.2975402023952,15.26516615613174,57.16497960173332
3.7637637637637638,57.45447922628153,381.441984238466,15.26516615613174,56.96477940153312
3.783783783783784,57.76008815833622,382.5824202625207,15.26516615613174,56.76457920133292
3.8038038038038033,58.065697090390906,383.71884827455943,15.26516615613174,56.56437900113272
3.823823823823824,58.371306022445594,384.85126827458214,15.26516615613174,56.36417880093252
3.843843843843844,58.67691495450028,385.9796802625888,15.26516615613174,56.16397860073232
3.863863863863864,58.98252388655497,387.1040842385794,15.26516615613174,55.96377840053212
3.8838838838838843,59.28813281860966,388.224480202554,15.26516615613174,55.76357820033192
3.9039039039039034,59.59374175066435,389.3408681545126,15.26516615613174,55.56337800013172
3.923923923923924,59.89935068271904,390.45324809445515,15.26516615613174,55.36317779993152
3.943943943943944,60.20495961477373,391.5616200223817,15.26516615613174,55.16297759973132
3.963963963963964,60.51056854682842,392.66598393829224,15.26516615613174,54.96277739953112
3.9839839839839843,60.816177478883105,393.76633984218677,15.26516615613174,54.76257719933092
4.004004004004004,61.121786410937794,394.8626877340653,15.26516615613174,54.56237699913072
4.0240240240240235,61.42739534299248,395.95502761392777,15.26516615613174,54.36217679893052
4.044044044044044,61.73300427504717,397.04335948177425,15.26516615613174,54.16197659873032
4.064064064064064,62.03861320710186,398.1276833376047,15.26516615613174,53.96177639853012
4.084084084084084,62.34422213915655,399.2079991814191,15.26516615613174,53.76157619832992
4.104104104104104,62.64983107121124,400.2843070132175,15.26516615613174,53.56137599812972
4.1241241241241235,62.95544000326593,401.35660683299983,15.26516615613174,53.36117579792952
4.1441441441441444,63.261048935320616,402.4248986407662,15.26516615613174,53.16097559772932
4.1641641641641645,63.566657867375305,403.4891824365165,15.26516615613174,52.96077539752912
4.1841841841841845,63.872266799429994,404.5494582202508,15.26516615613174,52.76057519732892
4.2042042042042045,64.17787573148469,405.6057259919691,15.26516615613174,52.56037499712872
4.2242242242242245,64.48348466353939,406.6579857516714,15.26516615613174,52.36017479692852
4.2442442442442445,64.78909359559408,407.70623749935766,15.26516615613174,52.15997459672832
4.2642642642642645,65.09470252764878,408.7504812350279,15.26516615613174,51.95977439652812
4.2842842842842845,65.40031145970347,409.79071695868214,15.26516615613174,51.75957419632792
4.3043043043043046,65.70592039175817,410.82694467032036,15.26516615613174,51.55937399612772
4.324324324324325,66.01152932381287,411.85916436994256,15.26516615613174,51.35917379592752
4.344344344344345,66.31713825586756,412.8873760575487,15.26516615613174,51.15897359572732
4.364364364364365,66.62274718792226,413.9115797331388,15.26516615613174,50.95877339552712
4.384384384384385,66.92835611997695,414.9317753967129,15.26516615613174,50.75857319532692
4.404404404404405,67.23396505203165,415.947963048271,15.26516615613174,50.55837299512672
4.424424424424425,67.53957398408635,416.96014268781306,15.26516615613174,50.35817279492652
4.444444444444445,67.84518291614104,417.9683143153391,15.26516615613174,50.15797259472632
4.464464464464465,68.15079184819574,418.97247793084915,15.26516615613174,49.95777239452612
4.484484484484485,68.45640078025043,419.9726335343432,15.26516615613174,49.75757219432592
4.504504504504505,68.76200971230513,420.9687811258212,15.26516615613174,49.55737199412572
4.524524524524525,69.06761864435983,421.9609207052832,15.26516615613174,49.35717179392552
4.544544544544545,69.37322757641452,422.94905227272915,15.26516615613174,49.156971593725316
4.564564564564565,69.67883650846922,423.9331758281591,15.26516615613174,48.956771393525116
4.584584584584585,69.98444544052391,424.91329137157305,15.26516615613174,48.756571193324916
4.604604604604605,70.29005437257861,425.8893989029709,15.26516615613174,48.556370993124716
4.624624624624625,70.5956633046333,426.8614984223528,15.26516615613174,48.356170792924516
4.644644644644645,70.901272236688,427.8295899297186,15.26516615613174,48.155970592724316
4.664664664664665,71.2068811687427,428.79367342506845,15.26516615613174,47.955770392524116
4.684684684684685,71.5124901007974,429.75374890840226,15.26516615613174,47.755570192323916
4.704704704704705,71.81809903285209,430.70981637972005,15.26516615613174,47.555369992123715
4.724724724724725,72.12370796490679,431.66187583902183,15.26516615613174,47.355169791923515
4.744744744744745,72.42931689696148,432.6099272863076,15.26516615613174,47.154969591723315
4.764764764764765,72.73492582901618,433.55397072157734,15.26516615613174,46.954769391523115
4.784784784784785,73.04053476107087,434.4940061448311,15.26516615613174,46.754569191322915
4.804804804804805,73.34614369312557,435.4300335560688,15.26516615613174,46.554368991122715
4.824824824824825,73.65175262518026,436.3620529552905,15.26516615613174,46.354168790922515
4.844844844844845,73.95736155723496,437.2900643424961,15.26516615613174,46.153968590722315
4.864864864864865,74.26297048928966,438.21406771768574,15.26516615613174,45.953768390522114
4.884884884884885,74.56857942134435,439.13406308085933,15.26516615613174,45.753568190321914
4.904904904904905,74.87418835339905,440.0500504320169,15.26516615613174,45.553367990121714
4.924924924924925,75.17979728545374,440.9620297711585,15.26516615613174,45.353167789921514
4.944944944944945,75.48540621750844,441.87000109828404,15.26516615613174,45.152967589721314
4.964964964964965,75.79101514956314,442.77396441339357,15.26516615613174,44.952767389521114
4.984984984984985,76.09662408161783,443.6739197164871,15.26516615613174,44.752567189320914
5.005005005005005,76.40223301367253,444.5698670075646,15.26516615613174,44.55236698912071
5.025025025025025,76.70784194572722,445.4618062866261,15.26516615613174,44.35216678892051
5.045045045045045,77.01345087778192,446.34973755367156,15.26516615613174,44.15196658872031
5.065065065065065,77.31905980983662,447.233660808701,15.26516615613174,43.95176638852011
5.085085085085085,77.62466874189131,448.11357605171446,15.26516615613174,43.75156618831991
5.105105105105105,77.93027767394601,448.98948328271183,15.26516615613174,43.55136598811971
5.125125125125125,78.2358866060007,449.8613825016932,15.26516615613174,43.35116578791951
5.145145145145145,78.5414955380554,450.7292737086585,15.26516615613174,43.15096558771931
5.165165165165165,78.8471044701101,451.59315690360785,15.26516615613174,42.95076538751911
5.185185185185185,79.15271340216479,452.45303208654116,15.26516615613174,42.75056518731891
5.205205205205205,79.45832233421949,453.30889925745845,15.26516615613174,42.55036498711871
5.225225225225225,79.76393126627418,454.1607584163597,15.26516615613174,42.35016478691851
5.245245245245245,80.06954019832888,455.008609563245,15.26516615613174,42.14996458671831
5.265265265265265,80.37514913038358,455.85245269811423,15.26516615613174,41.94976438651811
5.285285285285285,80.68075806243827,456.69228782096746,15.26516615613174,41.74956418631791
5.305305305305305,80.98636699449297,457.5281149318047,15.26516615613174,41.54936398611771
5.325325325325325,81.29197592654766,458.3599340306259,15.26516615613174,41.34916378591751
5.345345345345346,81.59758485860236,459.187745117431,15.26516615613174,41.14896358571731
5.365365365365365,81.90319379065706,460.0115481922201,15.26516615613174,40.94876338551711
5.385385385385385,82.20880272271175,460.8313432549932,15.26516615613174,40.74856318531691
5.405405405405405,82.51441165476645,461.6471303057503,15.26516615613174,40.54836298511671
5.425425425425425,82.82002058682114,462.45890934449136,15.26516615613174,40.34816278491651
5.445445445445446,83.12562951887584,463.2666803712164,15.26516615613174,40.14796258471631
5.465465465465465,83.43123845093054,464.07044338592544,15.26516615613174,39.94776238451611
5.485485485485485,83.73684738298523,464.87019838861846,15.26516615613174,39.74756218431591
5.505505505505505,84.04245631503993,465.66594537929547,15.26516615613174,39.54736198411571
5.525525525525525,84.34806524709462,466.45768435795645,15.26516615613174,39.34716178391551
5.545545545545546,84.65367417914932,467.2454153246014,15.26516615613174,39.14696158371531
5.565565565565565,84.95928311120402,468.0291382792304,15.26516615613174,38.94676138351511
5.585585585585585,85.26489204325871,468.8088532218433,15.26516615613174,38.74656118331491
5.605605605605605,85.57050097531341,469.5845601524402,15.26516615613174,38.54636098311471
5.625625625625625,85.8761099073681,470.35625907102104,15.26516615613174,38.34616078291451
5.645645645645646,86.1817188394228,471.1239499775859,15.26516615613174,38.14596058271431
5.665665665665665,86.4873277714775,471.8876328721347,15.26516615613174,37.94576038251411
5.685685685685685,86.79293670353219,472.6473077546675,15.26516615613174,37.74556018231391
5.7057057057057055,87.09854563558689,473.4029746251843,15.26516615613174,37.54535998211371
5.7257257257257255,87.40415456764158,474.1546334836851,15.26516615613174,37.34515978191351
5.745745745745746,87.70976349969628,474.90228433016983,15.26516615613174,37.14495958171331
5.7657657657657655,88.01537243175098,475.6459271646386,15.26516615613174,36.94475938151311
5.7857857857857855,88.32098136380567,476.3855619870913,15.26516615613174,36.74455918131291
5.8058058058058055,88.62659029586037,477.121188797528,15.26516615613174,36.54435898111271
5.8258258258258255,88.93219922791506,477.8528075959487,15.26516615613174,36.34415878091251
5.845845845845846,89.23780815996976,478.5804183823534,15.26516615613174,36.14395858071231
5.865865865865866,89.54341709202446,479.304021156742,15.26516615613174,35.94375838051211
5.885885885885886,89.84902602407915,480.0236159191146,15.26516615613174,35.74355818031191
5.905905905905906,90.15463495613385,480.7392026694712,15.26516615613174,35.54335798011171
5.925925925925926,90.46024388818854,481.45078140781175,15.26516615613174,35.34315777991151
5.9459459459459465,90.76585282024324,482.1583521341363,15.26516615613174,35.14295757971131
5.965965965965966,91.07146175229794,482.8619148484448,15.26516615613174,34.94275737951111
5.9859859859859865,91.37707068435263,483.56146955073734,15.26516615613174,34.74255717931091
6.006006006006006,91.68267961640733,484.25701624101384,15.26516615613174,34.54235697911071
6.026026026026026,91.98828854846202,484.94855491927433,15.26516615613174,34.34215677891051
6.046046046046047,92.29389748051672,485.6360855855188,15.26516615613174,34.14195657871031
6.066066066066066,92.59950641257142,486.31960823974725,15.26516615613174,33.94175637851011
6.086086086086087,92.90511534462611,486.9991228819597,15.26516615613174,33.74155617830991
6.106106106106106,93.2107242766808,487.67462951215606,15.26516615613174,33.541355978109706
6.126126126126126,93.5163332087355,488.3461281303364,15.26516615613174,33.341155777909506
6.146146146146147,93.8219421407902,489.01361873650075,15.26516615613174,33.140955577709306
6.166166166166166,94.1275510728449,489.67710133064907,15.26516615613174,32.940755377509106
6.186186186186187,94.43316000489959,490.33657591278137,15.26516615613174,32.740555177308906
6.206206206206206,94.73876893695429,490.99204248289766,15.26516615613174,32.540354977108706
6.226226226226226,95.04437786900898,491.64350104099793,15.26516615613174,32.340154776908506
6.246246246246247,95.34998680106368,492.2909515870822,15.26516615613174,32.139954576708305
6.266266266266266,95.65559573311837,492.93439412115043,15.26516615613174,31.939754376508105
6.286286286286287,95.96120466517307,493.57382864320266,15.26516615613174,31.739554176307905
6.306306306306306,96.26681359722777,494.20925515323887,15.26516615613174,31.539353976107705
6.326326326326326,96.57242252928246,494.84067365125907,15.26516615613174,31.339153775907505
6.346346346346347,96.87803146133716,495.46808413726325,15.26516615613174,31.138953575707305
6.366366366366366,97.18364039339185,496.09148661125136,15.26516615613174,30.938753375507105
6.386386386386387,97.48924932544655,496.71088107322345,15.26516615613174,30.738553175306905
6.406406406406406,97.79485825750125,497.3262675231795,15.26516615613174,30.538352975106704
6.426426426426426,98.10046718955594,497.9376459611196,15.26516615613174,30.338152774906504
6.446446446446447,98.40607612161064,498.54501638704363,15.26516615613174,30.137952574706304
6.466466466466466,98.71168505366533,499.14837880095166,15.26516615613174,29.937752374506104
6.486486486486487,99.01729398572003,499.7477332028437,15.26516615613174,29.737552174305904
6.506506506506506,99.32290291777473,500.3430795927197,15.26516615613174,29.537351974105704
6.526526526526526,99.62851184982942,500.93441797057966,15.26516615613174,29.337151773905504
6.546546546546547,99.93412078188412,501.5217483364236,15.26516615613174,29.136951573705304
6.566566566566566,100.23972971393881,502.1050706902516,15.26516615613174,28.936751373505103
6.586586586586587,100.54533864599351,502.6843850320635,15.26516615613174,28.736551173304903
6.606606606606606,100.8509475780482,503.25969136185944,15.26516615613174,28.536350973104703
6.626626626626627,101.1565565101029,503.8309896796393,15.26516615613174,28.336150772904503
6.646646646646647,101.4621654421576,504.3982799854031,15.26516615613174,28.135950572704303
6.666666666666666,101.7677743742123,504.96156227915094,15.26516615613174,27.935750372504103
6.686686686686687,102.07338330626699,505.52083656088274,15.26516615613174,27.735550172303903
6.706706706706706,102.37899223832169,506.07610283059853,15.26516615613174,27.535349972103702
6.726726726726727,102.68460117037638,506.6273610882983,15.26516615613174,27.335149771903502
6.746746746746747,102.99021010243108,507.17461133398206,15.26516615613174,27.134949571703302
6.766766766766766,103.29581903448577,507.7178535676498,15.26516615613174,26.934749371503102
6.786786786786787,103.60142796654047,508.2570877893015,15.26516615613174,26.734549171302902
6.806806806806806,103.90703689859517,508.79231399893723,15.26516615613174,26.534348971102702
6.826826826826827,104.21264583064986,509.3235321965569,15.26516615613174,26.3341487709025
6.846846846846847,104.51825476270456,509.8507423821606,15.26516615613174,26.1339485707023
6.866866866866866,104.82386369475925,510.3739445557482,15.26516615613174,25.9337483705021
6.886886886886887,105.12947262681395,510.8931387173198,15.26516615613174,25.7335481703019
6.906906906906906,105.43508155886865,511.4083248668754,15.26516615613174,25.5333479701017
6.926926926926927,105.74069049092334,511.91950300441493,15.26516615613174,25.3331477699015
6.946946946946947,106.04629942297804,512.4266731299385,15.26516615613174,25.1329475697013
6.966966966966966,106.35190835503273,512.9298352434461,15.26516615613174,24.9327473695011
6.986986986986987,106.65751728708743,513.4289893449376,15.26516615613174,24.7325471693009
7.007007007007006,106.96312621914213,513.9241354344131,15.26516615613174,24.5323469691007
7.027027027027027,107.26873515119682,514.4152735118726,15.26516615613174,24.3321467689005
7.047047047047047,107.57434408325152,514.902403577316,15.26516615613174,24.1319465687003
7.067067067067066,107.87995301530621,515.3855256307435,15.26516615613174,23.9317463685001
7.087087087087087,108.18556194736091,515.8646396721549,15.26516615613174,23.7315461682999
7.107107107107106,108.4911708794156,516.3397457015503,15.26516615613174,23.5313459680997
7.127127127127127,108.7967798114703,516.8108437189297,15.26516615613174,23.3311457678995
7.147147147147147,109.102388743525,517.2779337242931,15.26516615613174,23.1309455676993
7.167167167167166,109.4079976755797,517.7410157176405,15.26516615613174,22.9307453674991
7.187187187187187,109.71360660763439,518.2000896989719,15.26516615613174,22.7305451672989
7.207207207207206,110.01921553968909,518.6551556682872,15.26516615613174,22.5303449670987
7.227227227227227,110.32482447174378,519.1062136255865,15.26516615613174,22.3301447668985
7.247247247247247,110.63043340379848,519.5532635708697,15.26516615613174,22.1299445666983
7.267267267267268,110.93604233585317,519.9963055041369,15.26516615613174,21.9297443664981
7.287287287287287,111.24165126790787,520.4353394253881,15.26516615613174,21.7295441662979
7.3073073073073065,111.54726019996257,520.8703653346232,15.26516615613174,21.5293439660977
7.327327327327327,111.85286913201726,521.3013832318424,15.26516615613174,21.3291437658975
7.347347347347347,112.15847806407196,521.7283931170455,15.26516615613174,21.1289435656973
7.367367367367368,112.46408699612665,522.1513949902326,15.26516615613174,20.9287433654971
7.387387387387387,112.76969592818135,522.5703888514037,15.26516615613174,20.728543165296898
7.4074074074074066,113.07530486023605,522.9853747005587,15.26516615613174,20.528342965096698
7.4274274274274275,113.38091379229074,523.3963525376978,15.26516615613174,20.328142764896498
7.4474474474474475,113.68652272434544,523.8033223628208,15.26516615613174,20.127942564696298
7.467467467467468,113.99213165640013,524.2062841759279,15.26516615613174,19.927742364496098
7.4874874874874875,114.29774058845483,524.6052379770189,15.26516615613174,19.727542164295897
7.507507507507507,114.60334952050952,525.0001837660939,15.26516615613174,19.527341964095697
7.5275275275275275,114.90895845256422,525.3911215431528,15.26516615613174,19.327141763895497
7.5475475475475475,115.21456738461892,525.7780513081958,15.26516615613174,19.126941563695297
7.567567567567568,115.52017631667361,526.1609730612228,15.26516615613174,18.926741363495097
7.587587587587588,115.82578524872831,526.5398868022337,15.26516615613174,18.726541163294897
7.607607607607607,116.131394180783,526.9147925312286,15.26516615613174,18.526340963094697
7.627627627627628,116.4370031128377,527.2856902482075,15.26516615613174,18.326140762894497
7.647647647647648,116.7426120448924,527.6525799531704,15.26516615613174,18.125940562694296
7.6676676676676685,117.04822097694709,528.0154616461173,15.26516615613174,17.925740362494096
7.687687687687688,117.35382990900179,528.3743353270481,15.26516615613174,17.725540162293896
7.707707707707707,117.65943884105648,528.729200995963,15.26516615613174,17.525339962093696
7.727727727727728,117.96504777311118,529.0800586528618,15.26516615613174,17.325139761893496
7.747747747747748,118.27065670516588,529.4269082977446,15.26516615613174,17.124939561693296
7.767767767767769,118.57626563722057,529.7697499306113,15.26516615613174,16.924739361493096
7.787787787787788,118.88187456927527,530.108583551462,15.26516615613174,16.724539161292896
7.807807807807807,119.18748350132996,530.4434091602966,15.26516615613174,16.524338961092695
7.827827827827828,119.49309243338466,530.7742267571152,15.26516615613174,16.324138760892495
7.847847847847848,119.79870136543936,531.1010363419178,15.26516615613174,16.123938560692295
7.867867867867869,120.10431029749405,531.4238379147044,15.26516615613174,15.923738360492095
7.887887887887888,120.40991922954875,531.742631475475,15.26516615613174,15.723538160291895
7.907907907907909,120.71552816160344,532.0574170242296,15.26516615613174,15.523337960091695
7.927927927927928,121.02113709365814,532.3681945609682,15.26516615613174,15.323137759891495
7.947947947947948,121.32674602571284,532.6749640856907,15.26516615613174,15.122937559691294
7.967967967967969,121.63235495776753,532.9777255983972,15.26516615613174,14.922737359491094
7.987987987987988,121.93796388982223,533.2764790990877,15.26516615613174,14.722537159290894
8.008008008008009,122.24357282187692,533.5712245877622,15.26516615613174,14.522336959090694
8.028028028028029,122.54918175393162,533.8619620644207,15.26516615613174,14.322136758890494
8.048048048048047,122.85479068598632,534.1486915290632,15.26516615613174,14.121936558690294
8.068068068068069,123.16039961804101,534.4314129816896,15.26516615613174,13.921736358490094
8.088088088088089,123.46600855009571,534.7101264223,15.26516615613174,13.721536158289894
8.108108108108109,123.7716174821504,534.9848318508945,15.26516615613174,13.521335958089693
8.128128128128129,124.0772264142051,535.2555292674729,15.26516615613174,13.321135757889493
8.148148148148147,124.3828353462598,535.5222186720353,15.26516615613174,13.120935557689293
8.168168168168169,124.68844427831449,535.7849000645816,15.26516615613174,12.920735357489093
8.188188188188189,124.99405321036919,536.043573445112,15.26516615613174,12.720535157288893
8.208208208208209,125.29966214242388,536.2982388136263,15.26516615613174,12.520334957088693
8.228228228228229,125.60527107447858,536.5488961701246,15.26516615613174,12.320134756888493
8.248248248248247,125.91088000653328,536.7955455146069,15.26516615613174,12.119934556688293
8.268268268268269,126.21648893858797,537.0381868470731,15.26516615613174,11.919734356488092
8.288288288288289,126.52209787064267,537.2768201675233,15.26516615613174,11.719534156287892
8.308308308308309,126.82770680269736,537.5114454759574,15.26516615613174,11.519333956087692
8.328328328328329,127.13331573475206,537.7420627723756,15.26516615613174,11.319133755887492
8.348348348348347,127.43892466680676,537.9686720567777,15.26516615613174,11.118933555687292
8.368368368368369,127.74453359886145,538.1912733291638,15.26516615613174,10.918733355487092
8.388388388388389,128.05014253091613,538.4098665895339,15.26516615613174,10.718533155286892
8.408408408408409,128.35575146297083,538.6244518378879,15.26516615613174,10.518332955086692
8.428428428428429,128.66136039502553,538.835029074226,15.26516615613174,10.318132754886491
8.448448448448449,128.96696932708022,539.041598298548,15.26516615613174,10.117932554686291
8.468468468468469,129.27257825913492,539.244159510854,15.26516615613174,9.917732354486091
8.488488488488489,129.5781871911896,539.442712711144,15.26516615613174,9.717532154285891
8.508508508508509,129.8837961232443,539.637257899418,15.26516615613174,9.51733195408569
8.528528528528529,130.189405055299,539.827795075676,15.26516615613174,9.31713175388549
8.548548548548549,130.4950139873537,540.014324239918,15.26516615613174,9.11693155368529
8.568568568568569,130.8006229194084,540.1968453921439,15.26516615613174,8.91673135348509
8.588588588588589,131.1062318514631,540.3753585323539,15.26516615613174,8.71653115328489
8.608608608608609,131.4118407835178,540.5498636605478,15.26516615613174,8.51633095308469
8.62862862862863,131.71744971557249,540.7203607767257,15.26516615613174,8.31613075288449
8.64864864864865,132.02305864762718,540.8868498808876,15.26516615613174,8.11593055268429
8.66866866866867,132.32866757968188,541.0493309730334,15.26516615613174,7.91573035248409
8.68868868868869,132.63427651173657,541.2078040531633,15.26516615613174,7.71553015228389
8.70870870870871,132.93988544379127,541.3622691212771,15.26516615613174,7.51532995208369
8.72872872872873,133.24549437584596,541.5127261773749,15.26516615613174,7.3151297518834895
8.74874874874875,133.55110330790066,541.6591752214567,15.26516615613174,7.114929551683289
8.76876876876877,133.85671223995536,541.8016162535224,15.26516615613174,6.914729351483089
8.78878878878879,134.16232117201005,541.9400492735721,15.26516615613174,6.714529151282889
8.80880880880881,134.46793010406475,542.0744742816057,15.26516615613174,6.514328951082689
8.82882882882883,134.77353903611944,542.2048912776233,15.26516615613174,6.314128750882489
8.84884884884885,135.07914796817414,542.331300261625,15.26516615613174,6.113928550682289
8.86886886886887,135.38475690022884,542.4537012336106,15.26516615613174,5.913728350482089
8.88888888888889,135.69036583228353,542.5720941935801,15.26516615613174,5.713528150281888
8.90890890890891,135.99597476433823,542.6864791415337,15.26516615613174,5.513327950081688
8.92892892892893,136.30158369639292,542.7968560774713,15.26516615613174,5.313127749881488
8.94894894894895,136.60719262844762,542.9032250013928,15.26516615613174,5.112927549681288
8.96896896896897,136.91280156050232,543.0055859132983,15.26516615613174,4.912727349481088
8.98898898898899,137.218410492557,543.1039388131878,15.26516615613174,4.712527149280888
9.00900900900901,137.5240194246117,543.1982837010613,15.26516615613174,4.512326949080688
9.02902902902903,137.8296283566664,543.2886205769188,15.26516615613174,4.3121267488804875
9.04904904904905,138.1352372887211,543.3749494407602,15.26516615613174,4.111926548680287
9.06906906906907,138.4408462207758,543.4572702925857,15.26516615613174,3.9117263484800873
9.08908908908909,138.7464551528305,543.5355831323951,15.26516615613174,3.711526148279887
9.10910910910911,139.0520640848852,543.6098879601885,15.26516615613174,3.511325948079687
9.12912912912913,139.35767301693988,543.6801847759659,15.26516615613174,3.311125747879487
9.14914914914915,139.66328194899458,543.7464735797273,15.26516615613174,3.1109255476792868
9.16916916916917,139.96889088104928,543.8087543714727,15.26516615613174,2.9107253474790866
9.18918918918919,140.27449981310397,543.867027151202,15.26516615613174,2.7105251472788865
9.20920920920921,140.58010874515867,543.9212919189154,15.26516615613174,2.5103249470786864
9.22922922922923,140.88571767721336,543.9715486746127,15.26516615613174,2.3101247468784862
9.24924924924925,141.19132660926806,544.017797418294,15.26516615613174,2.109924546678286
9.26926926926927,141.49693554132276,544.0600381499592,15.26516615613174,1.909724346478086
9.28928928928929,141.80254447337745,544.0982708696083,15.26516615613174,1.7095241462778858
9.30930930930931,142.10815340543215,544.1324955772415,15.26516615613174,1.5093239460776857
9.32932932932933,142.41376233748684,544.1627122728586,15.26516615613174,1.3091237458774856
9.34934934934935,142.71937126954154,544.1889209564597,15.26516615613174,1.1089235456772855
9.36936936936937,143.02498020159624,544.2111216280448,15.26516615613174,0.9087233454770853
9.38938938938939,143.33058913365093,544.2293142876139,15.26516615613174,0.7085231452768852
9.40940940940941,143.63619806570563,544.2434989351669,15.26516615613174,0.5083229450766851
9.42942942942943,143.94180699776032,544.253675570704,15.26516615613174,0.3081227448764849
9.44944944944945,144.24741592981502,544.259844194225,15.26516615613174,0.1079225446762847
9.46946946946947,144.55302486186972,544.26200480573,15.26516615613174,-0.09227765552391548
9.48948948948949,144.8586337939244,544.260157405219,15.26516615613174,-0.29247785572411567
9.50950950950951,145.1642427259791,544.254301992692,15.26516615613174,-0.49267805592431585
9.52952952952953,145.4698516580338,544.244438568149,15.26516615613174,-0.692878256124516
9.54954954954955,145.7754605900885,544.23056713159,15.26516615613174,-0.8930784563247163
9.56956956956957,146.0810695221432,544.2126876830149,15.26516615613174,-1.0932786565249164
9.58958958958959,146.3866784541979,544.1908002224238,15.26516615613174,-1.2934788567251165
9.60960960960961,146.6922873862526,544.1649047498167,15.26516615613174,-1.4936790569253167
9.62962962962963,146.99789631830728,544.1350012651936,15.26516615613174,-1.6938792571255168
9.64964964964965,147.30350525036198,544.1010897685545,15.26516615613174,-1.894079457325717
9.66966966966967,147.60911418241668,544.0631702598994,15.26516615613174,-2.094279657525917
9.68968968968969,147.91472311447137,544.0212427392282,15.26516615613174,-2.294479857726117
9.70970970970971,148.22033204652607,543.9753072065411,15.26516615613174,-2.4946800579263173
9.72972972972973,148.52594097858076,543.9253636618379,15.26516615613174,-2.6948802581265174
9.74974974974975,148.83154991063546,543.8714121051187,15.26516615613174,-2.8950804583267176
9.76976976976977,149.13715884269016,543.8134525363835,15.26516615613174,-3.0952806585269177
9.78978978978979,149.44276777474485,543.7514849556321,15.26516615613174,-3.295480858727118
9.80980980980981,149.74837670679955,543.6855093628648,15.26516615613174,-3.495681058927318
9.82982982982983,150.05398563885424,543.6155257580814,15.26516615613174,-3.695881259127518
9.84984984984985,150.35959457090894,543.541534141282,15.26516615613174,-3.896081459327718
9.86986986986987,150.66520350296364,543.4635345124666,15.26516615613174,-4.096281659527919
9.88988988988989,150.97081243501833,543.3815268716352,15.26516615613174,-4.296481859728119
9.90990990990991,151.27642136707303,543.2955112187877,15.26516615613174,-4.496682059928319
9.92992992992993,151.58203029912772,543.2054875539243,15.26516615613174,-4.696882260128519
9.94994994994995,151.88763923118242,543.1114558770448,15.26516615613174,-4.897082460328719
9.96996996996997,152.19324816323712,543.0134161881493,15.26516615613174,-5.097282660528919
9.98998998998999,152.4988570952918,542.9113684872378,15.26516615613174,-5.29748286072912
10.01001001001001,152.8044660273465,542.8053127743103,15.26516615613174,-5.49768306092932
10.03003003003003,153.1100749594012,542.6952490493668,15.26516615613174,-5.69788326112952
10.05005005005005,153.4156838914559,542.5811773124072,15.26516615613174,-5.89808346132972
10.07007007007007,153.7212928235106,542.4630975634317,15.26516615613174,-6.09828366152992
10.09009009009009,154.0269017555653,542.3410098024401,15.26516615613174,-6.29848386173012
10.11011011011011,154.33251068762,542.2149140294325,15.26516615613174,-6.49868406193032
10.13013013013013,154.63811961967468,542.0848102444089,15.26516615613174,-6.6988842621305205
10.15015015015015,154.94372855172938,541.9506984473693,15.26516615613174,-6.899084462330721
10.17017017017017,155.24933748378407,541.8125786383137,15.26516615613174,-7.099284662530921
10.19019019019019,155.55494641583877,541.670450817242,15.26516615613174,-7.299484862731121
10.21021021021021,155.86055534789347,541.5243149841543,15.26516615613174,-7.499685062931321
10.23023023023023,156.16616427994816,541.3741711390506,15.26516615613174,-7.699885263131521
10.25025025025025,156.47177321200286,541.220019281931,15.26516615613174,-7.900085463331721
10.27027027027027,156.77738214405755,541.0618594127952,15.26516615613174,-8.100285663531922
10.29029029029029,157.08299107611225,540.8996915316434,15.26516615613174,-8.300485863732122
10.31031031031031,157.38860000816695,540.7335156384755,15.26516615613174,-8.500686063932323
10.33033033033033,157.69420894022164,540.5633317332916,15.26516615613174,-8.700886264132523
10.35035035035035,157.99981787227634,540.3891398160918,15.26516615613174,-8.901086464332723
10.37037037037037,158.30542680433103,540.2109398868758,15.26516615613174,-9.101286664532923
10.39039039039039,158.61103573638573,540.0287319456439,15.26516615613174,-9.301486864733123
10.41041041041041,158.91664466844043,539.842515992396,15.26516615613174,-9.501687064933323
10.43043043043043,159.22225360049512,539.652292027132,15.26516615613174,-9.701887265133523
10.45045045045045,159.52786253254982,539.4580600498521,15.26516615613174,-9.902087465333723
10.47047047047047,159.83347146460451,539.2598200605561,15.26516615613174,-10.102287665533924
10.49049049049049,160.1390803966592,539.0575720592441,15.26516615613174,-10.302487865734124
10.51051051051051,160.4446893287139,538.8513160459161,15.26516615613174,-10.502688065934324
10.53053053053053,160.7502982607686,538.641052020572,15.26516615613174,-10.702888266134524
10.55055055055055,161.0559071928233,538.426779983212,15.26516615613174,-10.903088466334724
10.57057057057057,161.361516124878,538.2084999338359,15.26516615613174,-11.103288666534924
10.59059059059059,161.6671250569327,537.9862118724438,15.26516615613174,-11.303488866735124
10.61061061061061,161.9727339889874,537.7599157990358,15.26516615613174,-11.503689066935324
10.63063063063063,162.27834292104208,537.5296117136116,15.26516615613174,-11.703889267135525
10.65065065065065,162.58395185309678,537.2952996161715,15.26516615613174,-11.904089467335725
10.67067067067067,162.88956078515147,537.0569795067154,15.26516615613174,-12.104289667535925
10.690690690690692,163.19516971720617,536.8146513852432,15.26516615613174,-12.304489867736125
10.71071071071071,163.50077864926087,536.568315251755,15.26516615613174,-12.504690067936325
10.73073073073073,163.80638758131556,536.3179711062509,15.26516615613174,-12.704890268136525
10.75075075075075,164.11199651337026,536.0636189487307,15.26516615613174,-12.905090468336725
10.77077077077077,164.41760544542495,535.8052587791944,15.26516615613174,-13.105290668536925
10.790790790790792,164.72321437747965,535.5428905976421,15.26516615613174,-13.305490868737126
10.81081081081081,165.02882330953435,535.2765144040737,15.26516615613174,-13.505691068937326
10.83083083083083,165.33443224158904,535.0061301984894,15.26516615613174,-13.705891269137526
10.85085085085085,165.64004117364374,534.731737980889,15.26516615613174,-13.906091469337726
10.87087087087087,165.94565010569843,534.4533377512726,15.26516615613174,-14.106291669537926
10.890890890890892,166.25125903775313,534.1709295096401,15.26516615613174,-14.306491869738126
10.91091091091091,166.55686796980783,533.8845132559917,15.26516615613174,-14.506692069938326
10.93093093093093,166.86247690186252,533.5940889903272,15.26516615613174,-14.706892270138527
10.95095095095095,167.16808583391722,533.2996567126468,15.26516615613174,-14.907092470338727
10.97097097097097,167.4736947659719,533.0012164229503,15.26516615613174,-15.107292670538927
10.990990990990992,167.7793036980266,532.6987681212378,15.26516615613174,-15.307492870739127
11.01101101101101,168.0849126300813,532.3923118075093,15.26516615613174,-15.507693070939327
11.03103103103103,168.390521562136,532.0818474817647,15.26516615613174,-15.707893271139527
11.05105105105105,168.6961304941907,531.7673751440042,15.26516615613174,-15.908093471339727
11.07107107107107,169.0017394262454,531.4488947942276,15.26516615613174,-16.10829367153993
11.091091091091092,169.3073483583001,531.126406432435,15.26516615613174,-16.30849387174013
11.11111111111111,169.61295729035479,530.7999100586264,15.26516615613174,-16.50869407194033
11.13113113113113,169.91856622240948,530.4694056728018,15.26516615613174,-16.70889427214053
11.15115115115115,170.22417515446418,530.1348932749612,15.26516615613174,-16.90909447234073
11.17117117117117,170.52978408651887,529.7963728651046,15.26516615613174,-17.10929467254093
11.191191191191193,170.83539301857357,529.4538444432319,15.26516615613174,-17.30949487274113
11.21121121121121,171.14100195062827,529.1073080093432,15.26516615613174,-17.50969507294133
11.23123123123123,171.44661088268296,528.7567635634385,15.26516615613174,-17.70989527314153
11.25125125125125,171.75221981473766,528.4022111055178,15.26516615613174,-17.91009547334173
11.27127127127127,172.05782874679235,528.0436506355811,15.26516615613174,-18.11029567354193
11.291291291291293,172.36343767884705,527.6810821536284,15.26516615613174,-18.31049587374213
11.31131131131131,172.66904661090174,527.3145056596595,15.26516615613174,-18.51069607394233
11.33133133133133,172.97465554295644,526.9439211536746,15.26516615613174,-18.71089627414253
11.35135135135135,173.28026447501114,526.5693286356737,15.26516615613174,-18.91109647434273
11.37137137137137,173.58587340706583,526.1907281056568,15.26516615613174,-19.11129667454293
11.391391391391393,173.89148233912053,525.8081195636239,15.26516615613174,-19.31149687474313
11.411411411411411,174.19709127117522,525.421503009575,15.26516615613174,-19.51169707494333
11.431431431431431,174.50270020322992,525.03087844351,15.26516615613174,-19.71189727514353
11.451451451451451,174.80830913528462,524.636245865429,15.26516615613174,-19.91209747534373
11.471471471471471,175.1139180673393,524.237605275332,15.26516615613174,-20.11229767554393
11.491491491491493,175.419526999394,523.834956673219,15.26516615613174,-20.312497875744132
11.511511511511511,175.7251359314487,523.42830005909,15.26516615613174,-20.512698075944332
11.531531531531531,176.0307448635034,523.017635432945,15.26516615613174,-20.712898276144532
11.551551551551551,176.3363537955581,522.6029627947839,15.26516615613174,-20.913098476344732
11.571571571571571,176.6419627276128,522.1842821446069,15.26516615613174,-21.113298676544932
11.591591591591593,176.9475716596675,521.7615934824138,15.26516615613174,-21.313498876745133
11.611611611611611,177.25318059172218,521.3348968082047,15.26516615613174,-21.513699076945333
11.631631631631631,177.55878952377688,520.9041921219796,15.26516615613174,-21.713899277145533
11.651651651651651,177.86439845583158,520.4694794237384,15.26516615613174,-21.914099477345733
11.671671671671671,178.17000738788627,520.0307587134813,15.26516615613174,-22.114299677545933
11.691691691691693,178.47561631994097,519.5880299912081,15.26516615613174,-22.314499877746133
11.711711711711711,178.78122525199566,519.141293256919,15.26516615613174,-22.514700077946333
11.731731731731731,179.08683418405036,518.6905485106138,15.26516615613174,-22.714900278146533
11.751751751751751,179.39244311610506,518.2357957522926,15.26516615613174,-22.915100478346734
11.771771771771771,179.69805204815975,517.7770349819554,15.26516615613174,-23.115300678546934
11.791791791791793,180.00366098021445,517.3142661996021,15.26516615613174,-23.315500878747134
11.811811811811811,180.30926991226914,516.8474894052327,15.26516615613174,-23.515701078947334
11.831831831831831,180.61487884432384,516.3767045988474,15.26516615613174,-23.715901279147534
11.851851851851851,180.92048777637854,515.901911780446,15.26516615613174,-23.916101479347734
11.871871871871871,181.22609670843323,515.4231109500286,15.26516615613174,-24.116301679547934
11.891891891891893,181.53170564048793,514.9403021075951,15.26516615613174,-24.316501879748134
11.911911911911911,181.83731457254262,514.4534852531457,15.26516615613174,-24.516702079948335
11.931931931931931,182.14292350459732,513.9626603866802,15.26516615613174,-24.716902280148535
11.951951951951951,182.44853243665202,513.4678275081988,15.26516615613174,-24.917102480348735
11.971971971971973,182.7541413687067,512.9689866177013,15.26516615613174,-25.117302680548935
11.991991991991993,183.0597503007614,512.4661377151878,15.26516615613174,-25.317502880749135
12.012012012012011,183.3653592328161,511.95928080065823,15.26516615613174,-25.517703080949335
12.032032032032031,183.6709681648708,511.4484158741127,15.26516615613174,-25.717903281149535
12.052052052052051,183.9765770969255,510.93354293555115,15.26516615613174,-25.918103481349736
12.072072072072073,184.2821860289802,510.4146619849736,15.26516615613174,-26.118303681549936
12.092092092092093,184.5877949610349,509.89177302238,15.26516615613174,-26.318503881750136
12.112112112112111,184.89340389308958,509.3648760477704,15.26516615613174,-26.518704081950336
12.132132132132131,185.19901282514428,508.8339710611448,15.26516615613174,-26.718904282150536
12.152152152152151,185.50462175719898,508.29905806250315,15.26516615613174,-26.919104482350736
12.172172172172173,185.81023068925367,507.7601370518455,15.26516615613174,-27.119304682550936
12.192192192192193,186.11583962130837,507.2172080291718,15.26516615613174,-27.319504882751136
12.212212212212211,186.42144855336306,506.67027099448205,15.26516615613174,-27.519705082951337
12.232232232232231,186.72705748541776,506.1193259477763,15.26516615613174,-27.719905283151537
12.252252252252251,187.03266641747246,505.56437288905454,15.26516615613174,-27.920105483351737
12.272272272272273,187.33827534952715,505.00541181831676,15.26516615613174,-28.120305683551937
12.292292292292293,187.64388428158185,504.44244273556296,15.26516615613174,-28.320505883752137
12.312312312312311,187.94949321363654,503.87546564079315,15.26516615613174,-28.520706083952337
12.332332332332332,188.25510214569124,503.3044805340073,15.26516615613174,-28.720906284152537
12.352352352352352,188.56071107774594,502.7294874152055,15.26516615613174,-28.921106484352737
12.372372372372373,188.86632000980063,502.1504862843876,15.26516615613174,-29.121306684552938
12.392392392392393,189.17192894185533,501.56747714155375,15.26516615613174,-29.321506884753138
12.412412412412412,189.47753787391002,500.98045998670386,15.26516615613174,-29.521707084953338
12.432432432432432,189.78314680596472,500.38943481983796,15.26516615613174,-29.721907285153538
12.452452452452452,190.08875573801942,499.794401640956,15.26516615613174,-29.922107485353738
12.472472472472473,190.3943646700741,499.195360450058,15.26516615613174,-30.12230768555394
12.492492492492493,190.6999736021288,498.592311247144,15.26516615613174,-30.32250788575414
12.512512512512512,191.0055825341835,497.98525403221396,15.26516615613174,-30.52270808595434
12.532532532532532,191.3111914662382,497.3741888052679,15.26516615613174,-30.72290828615454
12.552552552552552,191.6168003982929,496.75911556630587,15.26516615613174,-30.92310848635474
12.572572572572573,191.9224093303476,496.1400343153278,15.26516615613174,-31.12330868655494
12.592592592592593,192.2280182624023,495.5169450523337,15.26516615613174,-31.32350888675514
12.612612612612612,192.53362719445698,494.8898477773236,15.26516615613174,-31.52370908695534
12.632632632632632,192.83923612651168,494.2587424902975,15.26516615613174,-31.72390928715554
12.652652652652652,193.14484505856637,493.62362919125536,15.26516615613174,-31.92410948735574
12.672672672672673,193.45045399062107,492.9845078801972,15.26516615613174,-32.12430968755594
12.692692692692694,193.75606292267577,492.341378557123,15.26516615613174,-32.32450988775614
12.712712712712712,194.06167185473046,491.69424122203276,15.26516615613174,-32.52471008795634
12.732732732732732,194.36728078678516,491.0430958749265,15.26516615613174,-32.72491028815654
12.752752752752752,194.67288971883985,490.38794251580424,15.26516615613174,-32.925110488356744
12.772772772772774,194.97849865089455,489.72878114466596,15.26516615613174,-33.125310688556944
12.792792792792794,195.28410758294925,489.06561176151166,15.26516615613174,-33.325510888757144
12.812812812812812,195.58971651500394,488.39843436634135,15.26516615613174,-33.525711088957344
12.832832832832832,195.89532544705864,487.727248959155,15.26516615613174,-33.725911289157544
12.852852852852852,196.20093437911333,487.0520555399527,15.26516615613174,-33.926111489357744
12.872872872872874,196.50654331116803,486.3728541087343,15.26516615613174,-34.126311689557944
12.892892892892894,196.81215224322273,485.68964466549994,15.26516615613174,-34.326511889758144
12.912912912912912,197.11776117527742,485.00242721024955,15.26516615613174,-34.526712089958345
12.932932932932932,197.42337010733212,484.31120174298314,15.26516615613174,-34.726912290158545
12.952952952952952,197.72897903938681,483.61596826370067,15.26516615613174,-34.927112490358745
12.972972972972974,198.0345879714415,482.91672677240217,15.26516615613174,-35.127312690558945
12.992992992992994,198.3401969034962,482.21347726908766,15.26516615613174,-35.327512890759145
13.013013013013012,198.6458058355509,481.50621975375714,15.26516615613174,-35.527713090959345
13.033033033033032,198.9514147676056,480.7949542264106,15.26516615613174,-35.727913291159545
13.053053053053052,199.2570236996603,480.07968068704804,15.26516615613174,-35.928113491359746
13.073073073073074,199.562632631715,479.36039913566947,15.26516615613174,-36.128313691559946
13.093093093093094,199.8682415637697,478.6371095722749,15.26516615613174,-36.328513891760146
13.113113113113112,200.17385049582438,477.9098119968643,15.26516615613174,-36.528714091960346
13.133133133133132,200.47945942787908,477.17850640943766,15.26516615613174,-36.728914292160546
13.153153153153154,200.78506835993377,476.443192809995,15.26516615613174,-36.929114492360746
13.173173173173174,201.09067729198847,475.7038711985364,15.26516615613174,-37.129314692560946
13.193193193193194,201.39628622404317,474.96054157506165,15.26516615613174,-37.329514892761146
13.213213213213212,201.70189515609786,474.2132039395709,15.26516615613174,-37.52971509296135
13.233233233233232,202.00750408815256,473.46185829206416,15.26516615613174,-37.72991529316155
13.253253253253254,202.31311302020725,472.7065046325414,15.26516615613174,-37.93011549336175
13.273273273273274,202.61872195226195,471.9471429610026,15.26516615613174,-38.13031569356195
13.293293293293294,202.92433088431665,471.1837732774478,15.26516615613174,-38.33051589376215
13.313313313313312,203.22993981637134,470.416395581877,15.26516615613174,-38.53071609396235
13.333333333333332,203.53554874842604,469.64500987429017,15.26516615613174,-38.73091629416255
13.353353353353354,203.84115768048073,468.8696161546873,15.26516615613174,-38.93111649436275
13.373373373373374,204.14676661253543,468.09021442306846,15.26516615613174,-39.13131669456295
13.393393393393394,204.45237554459013,467.3068046794336,15.26516615613174,-39.33151689476315
13.413413413413412,204.75798447664482,466.5193869237827,15.26516615613174,-39.53171709496335
13.433433433433432,205.06359340869952,465.7279611561158,15.26516615613174,-39.73191729516355
13.453453453453454,205.3692023407542,464.9325273764328,15.26516615613174,-39.93211749536375
13.473473473473474,205.6748112728089,464.1330855847338,15.26516615613174,-40.13231769556395
13.493493493493494,205.9804202048636,463.3296357810188,15.26516615613174,-40.33251789576415
13.513513513513512,206.2860291369183,462.52217796528777,15.26516615613174,-40.53271809596435
13.533533533533532,206.591638068973,461.7107121375407,15.26516615613174,-40.73291829616455
13.553553553553554,206.8972470010277,460.89523829777767,15.26516615613174,-40.93311849636475
13.573573573573574,207.2028559330824,460.0757564459986,15.26516615613174,-41.13331869656495
13.593593593593594,207.50846486513709,459.2522665822035,15.26516615613174,-41.33351889676515
13.613613613613612,207.81407379719178,458.4247687063924,15.26516615613174,-41.53371909696535
13.633633633633632,208.11968272924648,457.5932628185653,15.26516615613174,-41.73391929716555
13.653653653653654,208.42529166130117,456.75774891872214,15.26516615613174,-41.93411949736575
13.673673673673674,208.73090059335587,455.918227006863,15.26516615613174,-42.13431969756595
13.693693693693694,209.03650952541057,455.0746970829878,15.26516615613174,-42.33451989776615
13.713713713713712,209.34211845746526,454.2271591470966,15.26516615613174,-42.53472009796635
13.733733733733732,209.64772738951996,453.37561319918933,15.26516615613174,-42.73492029816655
13.753753753753754,209.95333632157465,452.52005923926606,15.26516615613174,-42.93512049836675
13.773773773773774,210.25894525362935,451.6604972673268,15.26516615613174,-43.13532069856695
13.793793793793794,210.56455418568405,450.7969272833715,15.26516615613174,-43.33552089876715
13.813813813813812,210.87016311773874,449.92934928740016,15.26516615613174,-43.53572109896735
13.833833833833832,211.17577204979344,449.0577632794128,15.26516615613174,-43.73592129916755
13.853853853853854,211.48138098184813,448.1821692594095,15.26516615613174,-43.93612149936775
13.873873873873874,211.78698991390283,447.3025672273901,15.26516615613174,-44.13632169956795
13.893893893893894,212.09259884595753,446.41895718335473,15.26516615613174,-44.33652189976815
13.913913913913913,212.39820777801222,445.53133912730334,15.26516615613174,-44.53672209996835
13.933933933933933,212.70381671006692,444.63971305923593,15.26516615613174,-44.73692230016855
13.953953953953954,213.0094256421216,443.74407897915245,15.26516615613174,-44.93712250036875
13.973973973973974,213.3150345741763,442.84443688705295,15.26516615613174,-45.13732270056895
13.993993993993994,213.620643506231,441.94078678293744,15.26516615613174,-45.33752290076915
14.014014014014013,213.9262524382857,441.0331286668059,15.26516615613174,-45.53772310096935
14.034034034034033,214.2318613703404,440.12146253865836,15.26516615613174,-45.73792330116955
14.054054054054054,214.5374703023951,439.2057883984948,15.26516615613174,-45.93812350136975
14.074074074074074,214.8430792344498,438.2861062463152,15.26516615613174,-46.13832370156995
14.094094094094094,215.14868816650448,437.36241608211964,15.26516615613174,-46.33852390177015
14.114114114114113,215.45429709855918,436.43471790590803,15.26516615613174,-46.53872410197035
14.134134134134133,215.75990603061388,435.5030117176804,15.26516615613174,-46.73892430217055
14.154154154154154,216.06551496266857,434.56729751743677,15.26516615613174,-46.93912450237075
14.174174174174174,216.37112389472327,433.6275753051771,15.26516615613174,-47.13932470257095
14.194194194194194,216.67673282677796,432.68384508090145,15.26516615613174,-47.33952490277115
14.214214214214213,216.98234175883266,431.7361068446097,15.26516615613174,-47.53972510297135
14.234234234234233,217.28795069088736,430.78436059630195,15.26516615613174,-47.73992530317155
14.254254254254255,217.59355962294205,429.8286063359782,15.26516615613174,-47.94012550337175
14.274274274274275,217.89916855499675,428.8688440636384,15.26516615613174,-48.14032570357195
14.294294294294295,218.20477748705144,427.9050737792826,15.26516615613174,-48.34052590377215
14.314314314314313,218.51038641910614,426.93729548291077,15.26516615613174,-48.540726103972354
14.334334334334333,218.81599535116084,425.96550917452294,15.26516615613174,-48.740926304172554
14.354354354354355,219.12160428321553,424.9897148541191,15.26516615613174,-48.941126504372754
14.374374374374375,219.42721321527023,424.0099125216992,15.26516615613174,-49.141326704572954
14.394394394394395,219.73282214732492,423.02610217726334,15.26516615613174,-49.341526904773154
14.414414414414413,220.03843107937962,422.03828382081144,15.26516615613174,-49.541727104973354
14.434434434434436,220.34404001143432,421.04645745234353,15.26516615613174,-49.741927305173554
14.454454454454455,220.649648943489,420.0506230718596,15.26516615613174,-49.942127505373755
14.474474474474475,220.9552578755437,419.0507806793596,15.26516615613174,-50.142327705573955
14.494494494494495,221.2608668075984,418.0469302748436,15.26516615613174,-50.342527905774155
14.514514514514513,221.5664757396531,417.03907185831156,15.26516615613174,-50.542728105974355
14.534534534534536,221.8720846717078,416.0272054297635,15.26516615613174,-50.742928306174555
14.554554554554555,222.1776936037625,415.01133098919945,15.26516615613174,-50.943128506374755
14.574574574574575,222.4833025358172,413.9914485366194,15.26516615613174,-51.143328706574955
14.594594594594595,222.78891146787188,412.9675580720233,15.26516615613174,-51.343528906775155
14.614614614614613,223.09452039992658,411.9396595954112,15.26516615613174,-51.543729106975356
14.634634634634637,223.40012933198128,410.90775310678305,15.26516615613174,-51.743929307175556
14.654654654654655,223.70573826403597,409.8718386061389,15.26516615613174,-51.944129507375756
14.674674674674675,224.01134719609067,408.83191609347875,15.26516615613174,-52.144329707575956
14.694694694694695,224.31695612814536,407.7879855688026,15.26516615613174,-52.344529907776156
14.714714714714713,224.62256506020006,406.74004703211034,15.26516615613174,-52.544730107976356
14.734734734734737,224.92817399225476,405.6881004834021,15.26516615613174,-52.744930308176556
14.754754754754755,225.23378292430945,404.6321459226778,15.26516615613174,-52.94513050837676
14.774774774774775,225.53939185636415,403.5721833499375,15.26516615613174,-53.14533070857696
14.794794794794795,225.84500078841884,402.5082127651812,15.26516615613174,-53.34553090877716
14.814814814814813,226.15060972047354,401.4402341684089,15.26516615613174,-53.54573110897736
14.834834834834837,226.45621865252824,400.36824755962056,15.26516615613174,-53.74593130917756
14.854854854854855,226.76182758458293,399.2922529388162,15.26516615613174,-53.94613150937776
14.874874874874875,227.06743651663763,398.21225030599584,15.26516615613174,-54.14633170957796
14.894894894894895,227.37304544869232,397.12823966115945,15.26516615613174,-54.34653190977816
14.914914914914913,227.67865438074702,396.04022100430706,15.26516615613174,-54.54673210997836
14.934934934934937,227.98426331280172,394.94819433543864,15.26516615613174,-54.74693231017856
14.954954954954955,228.2898722448564,393.8521596545542,15.26516615613174,-54.94713251037876
14.974974974974975,228.5954811769111,392.7521169616537,15.26516615613174,-55.14733271057896
14.994994994994995,228.9010901089658,391.6480662567372,15.26516615613174,-55.34753291077916
15.015015015015013,229.2066990410205,390.54000753980466,15.26516615613174,-55.54773311097936
15.035035035035037,229.5123079730752,389.4279408108561,15.26516615613174,-55.74793331117956
15.055055055055055,229.8179169051299,388.31186606989155,15.26516615613174,-55.94813351137976
15.075075075075075,230.1235258371846,387.19178331691097,15.26516615613174,-56.14833371157996
15.095095095095095,230.42913476923928,386.0676925519144,15.26516615613174,-56.34853391178016
15.115115115115113,230.73474370129398,384.93959377490177,15.26516615613174,-56.54873411198036
15.135135135135137,231.04035263334868,383.80748698587314,15.26516615613174,-56.74893431218056
15.155155155155155,231.34596156540337,382.6713721848285,15.26516615613174,-56.94913451238076
15.175175175175175,231.65157049745807,381.53124937176784,15.26516615613174,-57.14933471258096
15.195195195195195,231.95717942951276,380.38711854669117,15.26516615613174,-57.34953491278116
15.215215215215213,232.26278836156746,379.2389797095985,15.26516615613174,-57.54973511298136
15.235235235235237,232.56839729362216,378.0868328604897,15.26516615613174,-57.74993531318156
15.255255255255255,232.87400622567685,376.93067799936495,15.26516615613174,-57.95013551338176
15.275275275275275,233.17961515773155,375.77051512622415,15.26516615613174,-58.15033571358196
15.295295295295295,233.48522408978624,374.60634424106735,15.26516615613174,-58.35053591378216
15.315315315315313,233.79083302184094,373.4381653438945,15.26516615613174,-58.55073611398236
15.335335335335337,234.09644195389563,372.2659784347057,15.26516615613174,-58.75093631418256
15.355355355355355,234.40205088595033,371.08978351350083,15.26516615613174,-58.95113651438276
15.375375375375375,234.70765981800503,369.90958058027996,15.26516615613174,-59.15133671458296
15.395395395395395,235.01326875005972,368.7253696350431,15.26516615613174,-59.35153691478316
15.415415415415413,235.31887768211442,367.5371506777902,15.26516615613174,-59.55173711498336
15.435435435435437,235.62448661416911,366.34492370852126,15.26516615613174,-59.75193731518356
15.455455455455455,235.9300955462238,365.14868872723633,15.26516615613174,-59.95213751538376
15.475475475475475,236.2357044782785,363.94844573393533,15.26516615613174,-60.15233771558396
15.495495495495495,236.5413134103332,362.7441947286183,15.26516615613174,-60.35253791578416
15.515515515515514,236.8469223423879,361.5359357112853,15.26516615613174,-60.55273811598436
15.535535535535537,237.1525312744426,360.3236686819362,15.26516615613174,-60.75293831618456
15.555555555555555,237.4581402064973,359.10739364057116,15.26516615613174,-60.95313851638476
15.575575575575575,237.763749138552,357.8871105871901,15.26516615613174,-61.15333871658496
15.595595595595595,238.06935807060668,356.662819521793,15.26516615613174,-61.35353891678516
15.615615615615614,238.37496700266138,355.43452044437987,15.26516615613174,-61.55373911698536
15.635635635635637,238.68057593471607,354.20221335495074,15.26516615613174,-61.75393931718556
15.655655655655655,238.98618486677077,352.9658982535056,15.26516615613174,-61.95413951738576
15.675675675675675,239.29179379882547,351.72557514004444,15.26516615613174,-62.15433971758596
15.695695695695695,239.59740273088016,350.48124401456727,15.26516615613174,-62.35453991778616
15.715715715715717,239.90301166293486,349.2329048770741,15.26516615613174,-62.55474011798636
15.735735735735737,240.20862059498955,347.9805577275648,15.26516615613174,-62.75494031818656
15.755755755755755,240.51422952704425,346.72420256603954,15.26516615613174,-62.95514051838676
15.775775775775776,240.81983845909895,345.46383939249824,15.26516615613174,-63.15534071858696
15.795795795795796,241.12544739115364,344.19946820694094,15.26516615613174,-63.35554091878716
15.815815815815817,241.43105632320834,342.9310890093676,15.26516615613174,-63.55574111898736
15.835835835835837,241.73666525526303,341.65870179977827,15.26516615613174,-63.75594131918756
15.855855855855856,242.04227418731773,340.3823065781729,15.26516615613174,-63.956141519387764
15.875875875875876,242.34788311937243,339.10190334455154,15.26516615613174,-64.15634171958797
15.895895895895896,242.65349205142712,337.81749209891416,15.26516615613174,-64.35654191978817
15.915915915915917,242.95910098348182,336.52907284126076,15.26516615613174,-64.55674211998837
15.935935935935937,243.2647099155365,335.23664557159134,15.26516615613174,-64.75694232018857
15.955955955955956,243.5703188475912,333.9402102899059,15.26516615613174,-64.95714252038877
15.975975975975976,243.8759277796459,332.63976699620446,15.26516615613174,-65.15734272058897
15.995995995995996,244.1815367117006,331.33531569048694,15.26516615613174,-65.35754292078917
16.016016016016017,244.4871456437553,330.0268563727534,15.26516615613174,-65.55774312098937
16.036036036036037,244.79275457581,328.71438904300385,15.26516615613174,-65.75794332118957
16.056056056056057,245.0983635078647,327.3979137012383,15.26516615613174,-65.95814352138977
16.076076076076077,245.4039724399194,326.0774303474567,15.26516615613174,-66.15834372158997
16.096096096096094,245.70958137197408,324.7529389816591,15.26516615613174,-66.35854392179017
16.116116116116117,246.01519030402878,323.4244396038455,15.26516615613174,-66.55874412199037
16.136136136136138,246.32079923608347,322.09193221401586,15.26516615613174,-66.75894432219057
16.156156156156158,246.62640816813817,320.7554168121702,15.26516615613174,-66.95914452239077
16.176176176176178,246.93201710019287,319.41489339830855,15.26516615613174,-67.15934472259097
16.196196196196194,247.23762603224756,318.0703619724309,15.26516615613174,-67.35954492279117
16.216216216216218,247.54323496430226,316.7218225345372,15.26516615613174,-67.55974512299137
16.236236236236238,247.84884389635695,315.3692750846274,15.26516615613174,-67.75994532319157
16.256256256256258,248.15445282841165,314.01271962270164,15.26516615613174,-67.96014552339177
16.276276276276278,248.46006176046635,312.65215614875984,15.26516615613174,-68.16034572359197
16.296296296296294,248.76567069252104,311.28758466280203,15.26516615613174,-68.36054592379217
16.316316316316318,249.07127962457574,309.9190051648282,15.26516615613174,-68.56074612399237
16.336336336336338,249.37688855663043,308.54641765483836,15.26516615613174,-68.76094632419257
16.356356356356358,249.68249748868513,307.1698221328325,15.26516615613174,-68.96114652439277
16.376376376376378,249.98810642073983,305.78921859881063,15.26516615613174,-69.16134672459297
16.396396396396394,250.29371535279452,304.40460705277275,15.26516615613174,-69.36154692479317
16.416416416416418,250.59932428484922,303.01598749471884,15.26516615613174,-69.56174712499337
16.436436436436438,250.9049332169039,301.6233599246489,15.26516615613174,-69.76194732519357
16.456456456456458,251.2105421489586,300.226724342563,15.26516615613174,-69.96214752539377
16.476476476476478,251.5161510810133,298.82608074846104,15.26516615613174,-70.16234772559397
16.496496496496494,251.821760013068,297.421429142343,15.26516615613174,-70.36254792579417
16.516516516516518,252.1273689451227,296.012769524209,15.26516615613174,-70.56274812599437
16.536536536536538,252.4329778771774,294.6001018940589,15.26516615613174,-70.76294832619458
16.556556556556558,252.7385868092321,293.18342625189285,15.26516615613174,-70.96314852639478
16.576576576576578,253.04419574128679,291.76274259771077,15.26516615613174,-71.16334872659498
16.596596596596594,253.34980467334148,290.33805093151267,15.26516615613174,-71.36354892679518
16.616616616616618,253.65541360539618,288.90935125329855,15.26516615613174,-71.56374912699538
16.636636636636638,253.96102253745087,287.4766435630684,15.26516615613174,-71.76394932719558
16.656656656656658,254.26663146950557,286.0399278608223,15.26516615613174,-71.96414952739578
16.676676676676678,254.57224040156026,284.5992041465601,15.26516615613174,-72.16434972759598
16.696696696696694,254.87784933361496,283.15447242028193,15.26516615613174,-72.36454992779618
16.716716716716718,255.18345826566966,281.70573268198774,15.26516615613174,-72.56475012799638
16.736736736736738,255.48906719772435,280.2529849316775,15.26516615613174,-72.76495032819658
16.756756756756758,255.79467612977905,278.7962291693512,15.26516615613174,-72.96515052839678
16.776776776776778,256.10028506183374,277.3354653950089,15.26516615613174,-73.16535072859698
16.796796796796794,256.4058939938884,275.8706936086506,15.26516615613174,-73.36555092879718
16.816816816816818,256.7115029259431,274.40191381027626,15.26516615613174,-73.56575112899738
16.836836836836838,257.01711185799775,272.9291259998859,15.26516615613174,-73.76595132919758
16.856856856856858,257.3227207900524,271.45233017747955,15.26516615613174,-73.96615152939778
16.876876876876878,257.6283297221071,269.9715263430572,15.26516615613174,-74.16635172959798
16.896896896896898,257.93393865416175,268.4867144966188,15.26516615613174,-74.36655192979818
16.916916916916918,258.2395475862164,266.9978946381644,15.26516615613174,-74.56675212999838
16.936936936936938,258.5451565182711,265.50506676769396,15.26516615613174,-74.76695233019858
16.956956956956958,258.85076545032575,264.0082308852075,15.26516615613174,-74.96715253039878
16.976976976976978,259.1563743823804,262.5073869907051,15.26516615613174,-75.16735273059898
16.996996996996998,259.4619833144351,261.00253508418655,15.26516615613174,-75.36755293079918
17.017017017017018,259.76759224648976,259.493675165652,15.26516615613174,-75.56775313099938
17.037037037037038,260.0732011785444,257.98080723510145,15.26516615613174,-75.76795333119958
17.057057057057058,260.3788101105991,256.4639312925349,15.26516615613174,-75.96815353139978
17.077077077077078,260.68441904265376,254.9430473379523,15.26516615613174,-76.16835373159998
17.097097097097098,260.9900279747084,253.4181553713537,15.26516615613174,-76.36855393180018
17.117117117117118,261.2956369067631,251.88925539273907,15.26516615613174,-76.56875413200038
17.137137137137138,261.60124583881776,250.35634740210844,15.26516615613174,-76.76895433220058
17.157157157157158,261.9068547708724,248.8194313994618,15.26516615613174,-76.96915453240078
17.177177177177178,262.2124637029271,247.27850738479913,15.26516615613174,-77.16935473260098
17.197197197197198,262.51807263498176,245.73357535812042,15.26516615613174,-77.36955493280118
17.217217217217218,262.82368156703643,244.1846353194257,15.26516615613174,-77.56975513300138
17.237237237237238,263.1292904990911,242.63168726871496,15.26516615613174,-77.76995533320158
17.25725725725726,263.43489943114577,241.0747312059882,15.26516615613174,-77.97015553340178
17.27727727727728,263.74050836320043,239.51376713124543,15.26516615613174,-78.17035573360198
17.2972972972973,264.0461172952551,237.94879504448664,15.26516615613174,-78.37055593380218
17.31731731731732,264.35172622730977,236.37981494571181,15.26516615613174,-78.57075613400238
17.33733733733734,264.65733515936444,234.80682683492097,15.26516615613174,-78.77095633420258
17.35735735735736,264.9629440914191,233.2298307121141,15.26516615613174,-78.97115653440278
17.37737737737738,265.26855302347377,231.64882657729123,15.26516615613174,-79.17135673460298
17.3973973973974,265.57416195552844,230.06381443045234,15.26516615613174,-79.37155693480318
17.41741741741742,265.8797708875831,228.47479427159743,15.26516615613174,-79.57175713500338
17.43743743743744,266.1853798196378,226.88176610072648,15.26516615613174,-79.77195733520358
17.45745745745746,266.49098875169244,225.2847299178395,15.26516615613174,-79.97215753540378
17.47747747747748,266.7965976837471,223.68368572293653,15.26516615613174,-80.17235773560398
17.4974974974975,267.1022066158018,222.07863351601753,15.26516615613174,-80.37255793580418
17.51751751751752,267.40781554785644,220.46957329708252,15.26516615613174,-80.57275813600438
17.53753753753754,267.7134244799111,218.8565050661315,15.26516615613174,-80.77295833620458
17.55755755755756,268.0190334119658,217.23942882316445,15.26516615613174,-80.97315853640478
17.57757757757758,268.32464234402045,215.61834456818136,15.26516615613174,-81.17335873660498
17.5975975975976,268.6302512760751,213.99325230118225,15.26516615613174,-81.37355893680518
17.61761761761762,268.9358602081298,212.36415202216713,15.26516615613174,-81.57375913700538
17.63763763763764,269.24146914018445,210.731043731136,15.26516615613174,-81.77395933720558
17.65765765765766,269.5470780722391,209.09392742808885,15.26516615613174,-81.97415953740578
17.67767767767768,269.8526870042938,207.45280311302568,15.26516615613174,-82.17435973760598
17.6976976976977,270.15829593634845,205.80767078594647,15.26516615613174,-82.37455993780618
17.71771771771772,270.4639048684031,204.15853044685124,15.26516615613174,-82.57476013800638
17.73773773773774,270.7695138004578,202.50538209574,15.26516615613174,-82.77496033820658
17.75775775775776,271.07512273251245,200.84822573261275,15.26516615613174,-82.97516053840678
17.77777777777778,271.3807316645671,199.18706135746947,15.26516615613174,-83.17536073860698
17.7977977977978,271.6863405966218,197.5218889703102,15.26516615613174,-83.37556093880718
17.81781781781782,271.99194952867646,195.85270857113485,15.26516615613174,-83.57576113900738
17.83783783783784,272.2975584607311,194.1795201599435,15.26516615613174,-83.77596133920758
17.85785785785786,272.6031673927858,192.50232373673614,15.26516615613174,-83.97616153940778
17.87787787787788,272.90877632484046,190.82111930151277,15.26516615613174,-84.17636173960798
17.8978978978979,273.2143852568951,189.13590685427337,15.26516615613174,-84.37656193980818
17.91791791791792,273.5199941889498,187.44668639501796,15.26516615613174,-84.57676214000838
17.93793793793794,273.82560312100446,185.7534579237465,15.26516615613174,-84.77696234020858
17.95795795795796,274.13121205305913,184.05622144045904,15.26516615613174,-84.97716254040878
17.97797797797798,274.4368209851138,182.35497694515556,15.26516615613174,-85.17736274060898
17.997997997998,274.74242991716847,180.64972443783606,15.26516615613174,-85.37756294080918
18.01801801801802,275.04803884922313,178.94046391850054,15.26516615613174,-85.57776314100938
18.03803803803804,275.3536477812778,177.227195387149,15.26516615613174,-85.77796334120958
18.05805805805806,275.65925671333247,175.50991884378146,15.26516615613174,-85.97816354140978
18.07807807807808,275.96486564538714,173.78863428839787,15.26516615613174,-86.17836374160999
18.0980980980981,276.2704745774418,172.06334172099827,15.26516615613174,-86.37856394181019
18.11811811811812,276.57608350949647,170.33404114158265,15.26516615613174,-86.57876414201039
18.13813813813814,276.88169244155114,168.600732550151,15.26516615613174,-86.77896434221059
18.15815815815816,277.1873013736058,166.86341594670336,15.26516615613174,-86.97916454241079
18.17817817817818,277.4929103056605,165.1220913312397,15.26516615613174,-87.17936474261099
18.1981981981982,277.79851923771514,163.37675870375998,15.26516615613174,-87.37956494281119
18.21821821821822,278.1041281697698,161.62741806426425,15.26516615613174,-87.57976514301139
18.23823823823824,278.4097371018245,159.8740694127525,15.26516615613174,-87.77996534321159
18.25825825825826,278.71534603387914,158.11671274922475,15.26516615613174,-87.98016554341179
18.27827827827828,279.0209549659338,156.35534807368097,15.26516615613174,-88.18036574361199
18.2982982982983,279.3265638979885,154.58997538612118,15.26516615613174,-88.38056594381219
18.31831831831832,279.63217283004315,152.82059468654535,15.26516615613174,-88.58076614401239
18.33833833833834,279.9377817620978,151.0472059749535,15.26516615613174,-88.78096634421259
18.35835835835836,280.2433906941525,149.26980925134563,15.26516615613174,-88.98116654441279
18.37837837837838,280.54899962620715,147.48840451572175,15.26516615613174,-89.18136674461299
18.3983983983984,280.8546085582618,145.70299176808186,15.26516615613174,-89.38156694481319
18.41841841841842,281.1602174903165,143.91357100842595,15.26516615613174,-89.58176714501339
18.43843843843844,281.46582642237115,142.12014223675402,15.26516615613174,-89.78196734521359
18.45845845845846,281.7714353544258,140.32270545306605,15.26516615613174,-89.98216754541379
18.47847847847848,282.0770442864805,138.52126065736206,15.26516615613174,-90.18236774561399
18.4984984984985,282.38265321853515,136.71580784964206,15.26516615613174,-90.38256794581419
18.51851851851852,282.6882621505898,134.90634702990604,15.26516615613174,-90.58276814601439
18.53853853853854,282.9938710826445,133.092878198154,15.26516615613174,-90.78296834621459
18.55855855855856,283.29948001469916,131.27540135438596,15.26516615613174,-90.98316854641479
18.57857857857858,283.6050889467538,129.45391649860187,15.26516615613174,-91.18336874661499
18.5985985985986,283.9106978788085,127.62842363080178,15.26516615613174,-91.38356894681519
18.61861861861862,284.21630681086316,125.79892275098565,15.26516615613174,-91.58376914701539
18.63863863863864,284.5219157429178,123.96541385915351,15.26516615613174,-91.78396934721559
18.65865865865866,284.8275246749725,122.12789695530536,15.26516615613174,-91.98416954741579
18.67867867867868,285.13313360702716,120.28637203944118,15.26516615613174,-92.18436974761599
18.6986986986987,285.43874253908183,118.44083911156098,15.26516615613174,-92.38456994781619
18.71871871871872,285.7443514711365,116.59129817166476,15.26516615613174,-92.58477014801639
18.73873873873874,286.04996040319116,114.73774921975252,15.26516615613174,-92.78497034821659
18.75875875875876,286.35556933524583,112.88019225582426,15.26516615613174,-92.98517054841679
18.77877877877878,286.6611782673005,111.01862727987998,15.26516615613174,-93.18537074861699
18.7987987987988,286.96678719935517,109.15305429191967,15.26516615613174,-93.38557094881719
18.81881881881882,287.27239613140983,107.28347329194335,15.26516615613174,-93.58577114901739
18.83883883883884,287.5780050634645,105.40988427995102,15.26516615613174,-93.78597134921759
18.85885885885886,287.88361399551917,103.53228725594265,15.26516615613174,-93.98617154941779
18.87887887887888,288.18922292757384,101.65068221991827,15.26516615613174,-94.18637174961799
18.8988988988989,288.4948318596285,99.76506917187787,15.26516615613174,-94.38657194981819
18.91891891891892,288.8004407916832,97.87544811182144,15.26516615613174,-94.58677215001839
18.93893893893894,289.10604972373784,95.981819039749,15.26516615613174,-94.78697235021859
18.95895895895896,289.4116586557925,94.08418195566054,15.26516615613174,-94.98717255041879
18.97897897897898,289.7172675878472,92.18253685955607,15.26516615613174,-95.18737275061899
18.998998998999,290.02287651990184,90.27688375143556,15.26516615613174,-95.38757295081919
19.01901901901902,290.3284854519565,88.36722263129904,15.26516615613174,-95.58777315101939
19.03903903903904,290.6340943840112,86.45355349914651,15.26516615613174,-95.78797335121959
19.05905905905906,290.93970331606585,84.53587635497794,15.26516615613174,-95.98817355141979
19.07907907907908,291.2453122481205,82.61419119879336,15.26516615613174,-96.18837375161999
19.0990990990991,291.5509211801752,80.68849803059277,15.26516615613174,-96.38857395182019
19.11911911911912,291.85653011222985,78.75879685037614,15.26516615613174,-96.58877415202039
19.13913913913914,292.1621390442845,76.8250876581435,15.26516615613174,-96.78897435222059
19.15915915915916,292.4677479763392,74.88737045389485,15.26516615613174,-96.98917455242079
19.17917917917918,292.77335690839385,72.94564523763016,15.26516615613174,-97.18937475262099
19.1991991991992,293.0789658404485,70.99991200934946,15.26516615613174,-97.38957495282119
19.21921921921922,293.3845747725032,69.05017076905274,15.26516615613174,-97.58977515302139
19.23923923923924,293.69018370455785,67.09642151674,15.26516615613174,-97.78997535322159
19.25925925925926,293.9957926366125,65.13866425241123,15.26516615613174,-97.99017555342179
19.27927927927928,294.3014015686672,63.176898976066454,15.26516615613174,-98.19037575362199
19.2992992992993,294.60701050072186,61.21112568770565,15.26516615613174,-98.3905759538222
19.31931931931932,294.9126194327765,59.24134438732883,15.26516615613174,-98.5907761540224
19.33933933933934,295.2182283648312,57.26755507493599,15.26516615613174,-98.7909763542226
19.35935935935936,295.52383729688586,55.28975775052713,15.26516615613174,-98.9911765544228
19.37937937937938,295.8294462289405,53.307952414102246,15.26516615613174,-99.191376754623
19.3993993993994,296.1350551609952,51.32213906566135,15.26516615613174,-99.3915769548232
19.41941941941942,296.44066409304986,49.332317705204424,15.26516615613174,-99.5917771550234
19.43943943943944,296.74627302510453,47.33848833273149,15.26516615613174,-99.7919773552236
19.45945945945946,297.0518819571592,45.340650948242526,15.26516615613174,-99.9921775554238
19.47947947947948,297.35749088921386,43.33880555173754,15.26516615613174,-100.192377755624
19.4994994994995,297.66309982126853,41.332952143216545,15.26516615613174,-100.3925779558242
19.51951951951952,297.9687087533232,39.323090722679524,15.26516615613174,-100.5927781560244
19.53953953953954,298.27431768537787,37.30922129012648,15.26516615613174,-100.7929783562246
19.55955955955956,298.57992661743253,35.29134384555742,15.26516615613174,-100.9931785564248
19.57957957957958,298.8855355494872,33.26945838897234,15.26516615613174,-101.193378756625
19.5995995995996,299.19114448154187,31.243564920371238,15.26516615613174,-101.3935789568252
19.61961961961962,299.49675341359654,29.213663439754118,15.26516615613174,-101.5937791570254
19.63963963963964,299.8023623456512,27.17975394712098,15.26516615613174,-101.7939793572256
19.65965965965966,300.1079712777059,25.141836442471817,15.26516615613174,-101.9941795574258
19.67967967967968,300.41358020976054,23.099910925806636,15.26516615613174,-102.194379757626
19.6996996996997,300.7191891418152,21.053977397125436,15.26516615613174,-102.3945799578262
19.71971971971972,301.0247980738699,19.004035856428214,15.26516615613174,-102.5947801580264
19.73973973973974,301.33040700592454,16.950086303714972,15.26516615613174,-102.7949803582266
19.75975975975976,301.6360159379792,14.892128738985711,15.26516615613174,-102.9951805584268
19.77977977977978,301.9416248700339,12.83016316224043,15.26516615613174,-103.195380758627
19.7997997997998,302.24723380208854,10.764189573479129,15.26516615613174,-103.3955809588272
19.81981981981982,302.5528427341432,8.694207972701808,15.26516615613174,-103.5957811590274
19.83983983983984,302.8584516661979,6.620218359908467,15.26516615613174,-103.7959813592276
19.85985985985986,303.16406059825255,4.5422207350991055,15.26516615613174,-103.9961815594278
19.87987987987988,303.4696695303072,2.460215098273724,15.26516615613174,-104.196381759628
19.8998998998999,303.7752784623619,0.3742014494323227,15.26516615613174,-104.3965819598282
19.91991991991992,304.08088739441655,-1.7158202114250987,15.26516615613174,-104.5967821600284
19.93993993993994,304.3864963264712,-3.80984988429854,15.26516615613174,-104.7969823602286
19.95995995995996,304.6921052585259,-5.907887569188001,15.26516615613174,-104.9971825604288
19.97997997997998,304.99771419058055,-8.009933266093483,15.26516615613174,-105.197382760629
20.0,305.3033231226352,-10.115986975014984,15.26516615613174,-105.3975829608292
