t,xpos,ypos,vx,vy
0.0,0.0,99.10912127653188,91.61090011061823,13.572940884693558
0.02002002002002002,1.8340520542666312,99.380851824774,91.61090011061823,13.372740684493358
0.04004004004004004,3.6681041085332624,99.64857436100009,91.61090011061823,13.172540484293158
0.06006006006006006,5.502156162799894,99.91228888521016,91.61090011061823,12.972340284092958
0.08008008008008008,7.336208217066525,100.17199539740422,91.61090011061823,12.772140083892758
0.10010010010010009,9.170260271333156,100.42769389758224,91.61090011061823,12.571939883692558
0.12012012012012012,11.004312325599788,100.67938438574426,91.61090011061823,12.371739683492358
0.14014014014014015,12.83836437986642,100.92706686189025,91.61090011061823,12.171539483292158
0.16016016016016016,14.672416434133051,101.17074132602022,91.61090011061823,11.971339283091957
0.18018018018018017,16.506468488399683,101.41040777813417,91.61090011061823,11.771139082891757
0.20020020020020018,18.340520542666315,101.64606621823211,91.61090011061823,11.570938882691557
0.22022022022022023,20.174572596932947,101.87771664631401,91.61090011061823,11.370738682491357
0.24024024024024024,22.00862465119958,102.1053590623799,91.61090011061823,11.170538482291157
0.2602602602602603,23.84267670546621,102.32899346642978,91.61090011061823,10.970338282090957
0.2802802802802803,25.676728759732843,102.54861985846364,91.61090011061823,10.770138081890757
0.3003003003003003,27.510780813999475,102.76423823848147,91.61090011061823,10.569937881690556
0.3203203203203203,29.344832868266106,102.97584860648328,91.61090011061823,10.369737681490356
0.3403403403403404,31.17888492253274,103.18345096246908,91.61090011061823,10.169537481290156
0.36036036036036034,33.01293697679937,103.38704530643885,91.61090011061823,9.969337281089956
0.3803803803803804,34.846989031065995,103.5866316383926,91.61090011061823,9.769137080889756
0.40040040040040037,36.68104108533262,103.78220995833034,91.61090011061823,9.568936880689556
0.42042042042042044,38.51509313959925,103.97378026625205,91.61090011061823,9.368736680489356
0.44044044044044045,40.34914519386588,104.16134256215774,91.61090011061823,9.168536480289156
0.4604604604604605,42.18319724813251,104.34489684604742,91.61090011061823,8.968336280088955
0.4804804804804805,44.01724930239914,104.52444311792107,91.61090011061823,8.768136079888755
0.5005005005005005,45.851301356665765,104.6999813777787,91.61090011061823,8.567935879688555
0.5205205205205206,47.68535341093239,104.87151162562031,91.61090011061823,8.367735679488355
0.5405405405405406,49.51940546519902,105.0390338614459,91.61090011061823,8.167535479288155
0.5605605605605606,51.35345751946565,105.20254808525547,91.61090011061823,7.967335279087955
0.5805805805805806,53.18750957373228,105.36205429704903,91.61090011061823,7.767135078887755
0.6006006006006006,55.021561627998906,105.51755249682655,91.61090011061823,7.5669348786875545
0.6206206206206206,56.855613682265535,105.66904268458806,91.61090011061823,7.366734678487354
0.6406406406406406,58.68966573653216,105.81652486033356,91.61090011061823,7.166534478287154
0.6606606606606606,60.52371779079879,105.95999902406304,91.61090011061823,6.966334278086954
0.6806806806806808,62.35776984506542,106.09946517577649,91.61090011061823,6.766134077886754
0.7007007007007007,64.19182189933206,106.23492331547392,91.61090011061823,6.565933877686554
0.7207207207207207,66.02587395359869,106.36637344315534,91.61090011061823,6.365733677486354
0.7407407407407407,67.85992600786533,106.49381555882073,91.61090011061823,6.165533477286154
0.7607607607607608,69.69397806213196,106.6172496624701,91.61090011061823,5.9653332770859535
0.7807807807807808,71.5280301163986,106.73667575410346,91.61090011061823,5.765133076885753
0.8008008008008007,73.36208217066523,106.85209383372079,91.61090011061823,5.564932876685553
0.8208208208208208,75.19613422493187,106.9635039013221,91.61090011061823,5.364732676485353
0.8408408408408409,77.0301862791985,107.0709059569074,91.61090011061823,5.164532476285153
0.8608608608608609,78.86423833346514,107.17430000047666,91.61090011061823,4.964332276084953
0.8808808808808809,80.69829038773177,107.27368603202991,91.61090011061823,4.764132075884753
0.9009009009009008,82.53234244199841,107.36906405156715,91.61090011061823,4.563931875684553
0.920920920920921,84.36639449626504,107.46043405908836,91.61090011061823,4.3637316754843525
0.9409409409409409,86.20044655053168,107.54779605459355,91.61090011061823,4.163531475284152
0.960960960960961,88.03449860479832,107.63115003808272,91.61090011061823,3.963331275083952
0.980980980980981,89.86855065906495,107.71049600955587,91.61090011061823,3.763131074883752
1.001001001001001,91.70260271333159,107.785833969013,91.61090011061823,3.562930874683552
1.021021021021021,93.53665476759822,107.85716391645411,91.61090011061823,3.362730674483352
1.0410410410410411,95.37070682186486,107.92448585187921,91.61090011061823,3.1625304742831517
1.0610610610610611,97.20475887613149,107.98779977528828,91.61090011061823,2.9623302740829516
1.0810810810810811,99.03881093039813,108.04710568668133,91.61090011061823,2.7621300738827514
1.1011011011011012,100.87286298466476,108.10240358605837,91.61090011061823,2.5619298736825513
1.1211211211211212,102.7069150389314,108.15369347341938,91.61090011061823,2.361729673482351
1.1411411411411412,104.54096709319803,108.20097534876437,91.61090011061823,2.161529473282151
1.1611611611611612,106.37501914746467,108.24424921209335,91.61090011061823,1.961329273081951
1.1811811811811812,108.2090712017313,108.2835150634063,91.61090011061823,1.7611290728817508
1.2012012012012012,110.04312325599794,108.31877290270323,91.61090011061823,1.5609288726815507
1.2212212212212212,111.87717531026458,108.35002272998415,91.61090011061823,1.3607286724813505
1.2412412412412412,113.71122736453121,108.37726454524903,91.61090011061823,1.1605284722811504
1.2612612612612613,115.54527941879785,108.4004983484979,91.61090011061823,0.9603282720809503
1.2812812812812813,117.37933147306448,108.41972413973076,91.61090011061823,0.7601280718807502
1.3013013013013013,119.21338352733112,108.43494191894759,91.61090011061823,0.55992787168055
1.3213213213213213,121.04743558159775,108.4461516861484,91.61090011061823,0.35972767148034984
1.3413413413413413,122.88148763586439,108.45335344133319,91.61090011061823,0.15952747128014966
1.3613613613613615,124.71553969013102,108.45654718450196,91.61090011061823,-0.04067272892005053
1.3813813813813813,126.54959174439766,108.4557329156547,91.61090011061823,-0.2408729291202507
1.4014014014014013,128.38364379866428,108.45091063479144,91.61090011061823,-0.4410731293204509
1.4214214214214214,130.21769585293092,108.44208034191216,91.61090011061823,-0.6412733295206511
1.4414414414414414,132.05174790719755,108.42924203701685,91.61090011061823,-0.8414735297208513
1.4614614614614616,133.8857999614642,108.41239572010552,91.61090011061823,-1.0416737299210515
1.4814814814814814,135.71985201573082,108.39154139117818,91.61090011061823,-1.2418739301212516
1.5015015015015014,137.55390406999746,108.36667905023481,91.61090011061823,-1.4420741303214517
1.5215215215215216,139.3879561242641,108.33780869727542,91.61090011061823,-1.6422743305216518
1.5415415415415414,141.22200817853073,108.30493033230002,91.61090011061823,-1.842474530721852
1.5615615615615617,143.05606023279736,108.26804395530858,91.61090011061823,-2.042674730922052
1.5815815815815815,144.890112287064,108.22714956630114,91.61090011061823,-2.2428749311222522
1.6016016016016015,146.72416434133063,108.18224716527767,91.61090011061823,-2.4430751313224524
1.6216216216216217,148.55821639559727,108.13333675223818,91.61090011061823,-2.6432753315226525
1.6416416416416415,150.3922684498639,108.08041832718267,91.61090011061823,-2.8434755317228526
1.6616616616616617,152.22632050413054,108.02349189011115,91.61090011061823,-3.0436757319230527
1.6816816816816818,154.06037255839718,107.96255744102359,91.61090011061823,-3.243875932123253
1.7017017017017015,155.8944246126638,107.89761497992002,91.61090011061823,-3.444076132323453
1.7217217217217218,157.72847666693045,107.82866450680044,91.61090011061823,-3.644276332523653
1.7417417417417416,159.56252872119708,107.75570602166482,91.61090011061823,-3.8444765327238533
1.7617617617617618,161.39658077546372,107.67873952451319,91.61090011061823,-4.044676732924054
1.7817817817817818,163.23063282973035,107.59776501534554,91.61090011061823,-4.244876933124254
1.8018018018018016,165.064684883997,107.51278249416188,91.61090011061823,-4.445077133324454
1.8218218218218218,166.89873693826362,107.42379196096219,91.61090011061823,-4.645277333524654
1.841841841841842,168.73278899253026,107.33079341574648,91.61090011061823,-4.845477533724854
1.8618618618618619,170.5668410467969,107.23378685851476,91.61090011061823,-5.0456777339250545
1.8818818818818819,172.40089310106353,107.13277228926701,91.61090011061823,-5.245877934125255
1.9019019019019017,174.23494515533017,107.02774970800324,91.61090011061823,-5.446078134325455
1.921921921921922,176.0689972095968,106.91871911472346,91.61090011061823,-5.646278334525655
1.9419419419419421,177.90304926386344,106.80568050942765,91.61090011061823,-5.846478534725855
1.961961961961962,179.73710131813007,106.68863389211582,91.61090011061823,-6.046678734926055
1.981981981981982,181.5711533723967,106.56757926278797,91.61090011061823,-6.246878935126255
2.002002002002002,183.40520542666334,106.4425166214441,91.61090011061823,-6.447079135326455
2.022022022022022,185.23925748092998,106.31344596808421,91.61090011061823,-6.6472793355266555
2.042042042042042,187.0733095351966,106.1803673027083,91.61090011061823,-6.847479535726856
2.0620620620620618,188.90736158946325,106.04328062531637,91.61090011061823,-7.047679735927056
2.0820820820820822,190.74141364372989,105.90218593590842,91.61090011061823,-7.247879936127256
2.1021021021021022,192.57546569799652,105.75708323448445,91.61090011061823,-7.448080136327456
2.1221221221221223,194.40951775226316,105.60797252104446,91.61090011061823,-7.648280336527656
2.1421421421421423,196.2435698065298,105.45485379558845,91.61090011061823,-7.848480536727856
2.1621621621621623,198.07762186079643,105.29772705811642,91.61090011061823,-8.048680736928057
2.1821821821821823,199.91167391506306,105.13659230862837,91.61090011061823,-8.248880937128257
2.2022022022022023,201.7457259693297,104.9714495471243,91.61090011061823,-8.449081137328458
2.2222222222222223,203.57977802359633,104.8022987736042,91.61090011061823,-8.649281337528658
2.2422422422422423,205.41383007786297,104.6291399880681,91.61090011061823,-8.849481537728858
2.2622622622622623,207.2478821321296,104.45197319051597,91.61090011061823,-9.049681737929058
2.2822822822822824,209.08193418639624,104.27079838094782,91.61090011061823,-9.249881938129258
2.3023023023023024,210.91598624066287,104.08561555936366,91.61090011061823,-9.450082138329458
2.3223223223223224,212.7500382949295,103.89642472576347,91.61090011061823,-9.650282338529658
2.3423423423423424,214.58409034919615,103.70322588014726,91.61090011061823,-9.850482538729858
2.3623623623623624,216.41814240346278,103.50601902251503,91.61090011061823,-10.050682738930059
2.3823823823823824,218.25219445772942,103.30480415286678,91.61090011061823,-10.250882939130259
2.4024024024024024,220.08624651199605,103.09958127120251,91.61090011061823,-10.451083139330459
2.4224224224224224,221.9202985662627,102.89035037752222,91.61090011061823,-10.651283339530659
2.4424424424424425,223.75435062052932,102.67711147182591,91.61090011061823,-10.851483539730859
2.4624624624624625,225.58840267479596,102.45986455411358,91.61090011061823,-11.05168373993106
2.4824824824824825,227.4224547290626,102.23860962438523,91.61090011061823,-11.25188394013126
2.5025025025025025,229.25650678332923,102.01334668264086,91.61090011061823,-11.45208414033146
2.5225225225225225,231.09055883759586,101.78407572888047,91.61090011061823,-11.65228434053166
2.5425425425425425,232.9246108918625,101.55079676310406,91.61090011061823,-11.85248454073186
2.5625625625625625,234.75866294612914,101.31350978531162,91.61090011061823,-12.05268474093206
2.5825825825825826,236.59271500039577,101.07221479550317,91.61090011061823,-12.25288494113226
2.6026026026026026,238.4267670546624,100.8269117936787,91.61090011061823,-12.45308514133246
2.6226226226226226,240.26081910892904,100.57760077983822,91.61090011061823,-12.65328534153266
2.6426426426426426,242.09487116319568,100.32428175398171,91.61090011061823,-12.85348554173286
2.6626626626626626,243.9289232174623,100.06695471610918,91.61090011061823,-13.05368574193306
2.6826826826826826,245.76297527172895,99.80561966622064,91.61090011061823,-13.25388594213326
2.7027027027027026,247.59702732599558,99.54027660431606,91.61090011061823,-13.45408614233346
2.722722722722723,249.43107938026222,99.27092553039547,91.61090011061823,-13.654286342533661
2.7427427427427427,251.26513143452885,98.99756644445887,91.61090011061823,-13.854486542733861
2.7627627627627627,253.0991834887955,98.72019934650623,91.61090011061823,-14.054686742934061
2.7827827827827827,254.93323554306212,98.43882423653758,91.61090011061823,-14.254886943134261
2.8028028028028027,256.76728759732873,98.15344111455292,91.61090011061823,-14.455087143334461
2.822822822822823,258.60133965159537,97.86404998055222,91.61090011061823,-14.655287343534662
2.8428428428428427,260.435391705862,97.57065083453551,91.61090011061823,-14.855487543734862
2.8628628628628627,262.26944376012864,97.27324367650279,91.61090011061823,-15.055687743935062
2.8828828828828827,264.1034958143953,96.97182850645403,91.61090011061823,-15.255887944135262
2.9029029029029028,265.9375478686619,96.66640532438926,91.61090011061823,-15.456088144335462
2.922922922922923,267.77159992292854,96.35697413030847,91.61090011061823,-15.656288344535662
2.942942942942943,269.6056519771952,96.04353492421166,91.61090011061823,-15.856488544735862
2.962962962962963,271.4397040314618,95.72608770609882,91.61090011061823,-16.056688744936064
2.982982982982983,273.27375608572845,95.40463247596998,91.61090011061823,-16.256888945136264
3.003003003003003,275.1078081399951,95.07916923382511,91.61090011061823,-16.457089145336464
3.0230230230230233,276.9418601942617,94.74969797966422,91.61090011061823,-16.657289345536665
3.0430430430430433,278.77591224852836,94.41621871348731,91.61090011061823,-16.857489545736865
3.063063063063063,280.609964302795,94.07873143529439,91.61090011061823,-17.057689745937065
3.083083083083083,282.4440163570616,93.73723614508543,91.61090011061823,-17.257889946137265
3.103103103103103,284.27806841132826,93.39173284286046,91.61090011061823,-17.458090146337465
3.1231231231231233,286.1121204655949,93.04222152861948,91.61090011061823,-17.658290346537665
3.1431431431431434,287.94617251986153,92.68870220236246,91.61090011061823,-17.858490546737865
3.163163163163163,289.78022457412817,92.33117486408943,91.61090011061823,-18.058690746938066
3.183183183183183,291.6142766283948,91.96963951380039,91.61090011061823,-18.258890947138266
3.203203203203203,293.44832868266144,91.60409615149531,91.61090011061823,-18.459091147338466
3.2232232232232234,295.2823807369281,91.23454477717422,91.61090011061823,-18.659291347538666
3.2432432432432434,297.1164327911947,90.86098539083712,91.61090011061823,-18.859491547738866
3.263263263263263,298.95048484546135,90.48341799248398,91.61090011061823,-19.059691747939066
3.283283283283283,300.784536899728,90.10184258211483,91.61090011061823,-19.259891948139266
3.303303303303303,302.6185889539946,89.71625915972966,91.61090011061823,-19.460092148339466
3.3233233233233235,304.45264100826125,89.32666772532846,91.61090011061823,-19.660292348539667
3.3433433433433435,306.2866930625279,88.93306827891125,91.61090011061823,-19.860492548739867
3.3633633633633635,308.1207451167945,88.53546082047802,91.61090011061823,-20.060692748940067
3.383383383383383,309.95479717106116,88.13384535002878,91.61090011061823,-20.260892949140267
3.403403403403403,311.7888492253278,87.7282218675635,91.61090011061823,-20.461093149340467
3.4234234234234235,313.62290127959443,87.31859037308222,91.61090011061823,-20.661293349540667
3.4434434434434436,315.45695333386107,86.90495086658491,91.61090011061823,-20.861493549740867
3.4634634634634636,317.2910053881277,86.48730334807158,91.61090011061823,-21.061693749941067
3.483483483483483,319.12505744239434,86.06564781754223,91.61090011061823,-21.261893950141268
3.503503503503503,320.959109496661,85.63998427499686,91.61090011061823,-21.462094150341468
3.5235235235235236,322.7931615509276,85.21031272043547,91.61090011061823,-21.662294350541668
3.5435435435435436,324.62721360519424,84.77663315385806,91.61090011061823,-21.862494550741868
3.5635635635635636,326.4612656594609,84.33894557526463,91.61090011061823,-22.062694750942068
3.583583583583583,328.2953177137275,83.89724998465518,91.61090011061823,-22.26289495114227
3.603603603603603,330.12936976799415,83.4515463820297,91.61090011061823,-22.46309515134247
3.6236236236236237,331.9634218222608,83.00183476738822,91.61090011061823,-22.66329535154267
3.6436436436436437,333.7974738765274,82.5481151407307,91.61090011061823,-22.86349555174287
3.6636636636636637,335.63152593079406,82.09038750205717,91.61090011061823,-23.06369575194307
3.683683683683684,337.4655779850607,81.62865185136762,91.61090011061823,-23.26389595214327
3.7037037037037033,339.2996300393273,81.16290818866204,91.61090011061823,-23.46409615234347
3.7237237237237237,341.13368209359396,80.69315651394045,91.61090011061823,-23.66429635254367
3.7437437437437437,342.9677341478606,80.21939682720284,91.61090011061823,-23.86449655274387
3.7637637637637638,344.80178620212723,79.7416291284492,91.61090011061823,-24.06469675294407
3.783783783783784,346.63583825639387,79.25985341767955,91.61090011061823,-24.26489695314427
3.8038038038038033,348.4698903106605,78.77406969489388,91.61090011061823,-24.46509715334447
3.823823823823824,350.30394236492714,78.2842779600922,91.61090011061823,-24.66529735354467
3.843843843843844,352.1379944191938,77.79047821327448,91.61090011061823,-24.86549755374487
3.863863863863864,353.9720464734604,77.29267045444075,91.61090011061823,-25.06569775394507
3.8838838838838843,355.80609852772704,76.79085468359101,91.61090011061823,-25.26589795414527
3.9039039039039034,357.6401505819937,76.28503090072523,91.61090011061823,-25.46609815434547
3.923923923923924,359.4742026362603,75.77519910584344,91.61090011061823,-25.66629835454567
3.943943943943944,361.30825469052695,75.26135929894564,91.61090011061823,-25.86649855474587
3.963963963963964,363.1423067447936,74.7435114800318,91.61090011061823,-26.06669875494607
3.9839839839839843,364.9763587990602,74.22165564910195,91.61090011061823,-26.26689895514627
4.004004004004004,366.81041085332686,73.69579180615608,91.61090011061823,-26.46709915534647
4.0240240240240235,368.6444629075935,73.16591995119418,91.61090011061823,-26.66729935554667
4.044044044044044,370.4785149618601,72.63204008421627,91.61090011061823,-26.86749955574687
4.064064064064064,372.31256701612676,72.09415220522234,91.61090011061823,-27.06769975594707
4.084084084084084,374.1466190703934,71.55225631421239,91.61090011061823,-27.26789995614727
4.104104104104104,375.98067112466003,71.00635241118641,91.61090011061823,-27.46810015634747
4.1241241241241235,377.81472317892667,70.45644049614442,91.61090011061823,-27.66830035654767
4.1441441441441444,379.6487752331933,69.9025205690864,91.61090011061823,-27.868500556747872
4.1641641641641645,381.48282728745994,69.34459263001237,91.61090011061823,-28.068700756948072
4.1841841841841845,383.3168793417266,68.78265667892232,91.61090011061823,-28.268900957148272
4.2042042042042045,385.1509313959932,68.21671271581626,91.61090011061823,-28.469101157348472
4.2242242242242245,386.98498345025985,67.64676074069416,91.61090011061823,-28.669301357548672
4.2442442442442445,388.8190355045265,67.07280075355605,91.61090011061823,-28.869501557748873
4.2642642642642645,390.6530875587931,66.49483275440193,91.61090011061823,-29.069701757949073
4.2842842842842845,392.48713961305975,65.91285674323177,91.61090011061823,-29.269901958149273
4.3043043043043046,394.3211916673264,65.3268727200456,91.61090011061823,-29.470102158349473
4.324324324324325,396.155243721593,64.73688068484341,91.61090011061823,-29.670302358549673
4.344344344344345,397.98929577585966,64.1428806376252,91.61090011061823,-29.870502558749873
4.364364364364365,399.8233478301263,63.544872578390965,91.61090011061823,-30.070702758950073
4.384384384384385,401.65739988439293,62.94285650714071,91.61090011061823,-30.270902959150273
4.404404404404405,403.49145193865957,62.33683242387444,91.61090011061823,-30.471103159350474
4.424424424424425,405.3255039929262,61.72680032859215,91.61090011061823,-30.671303359550674
4.444444444444445,407.15955604719284,61.11276022129383,91.61090011061823,-30.871503559750874
4.464464464464465,408.9936081014595,60.4947121019795,91.61090011061823,-31.071703759951074
4.484484484484485,410.8276601557261,59.87265597064915,91.61090011061823,-31.271903960151274
4.504504504504505,412.66171220999274,59.24659182730278,91.61090011061823,-31.472104160351474
4.524524524524525,414.4957642642594,58.61651967194039,91.61090011061823,-31.672304360551674
4.544544544544545,416.329816318526,57.982439504561974,91.61090011061823,-31.872504560751874
4.564564564564565,418.16386837279265,57.344351325167544,91.61090011061823,-32.07270476095208
4.584584584584585,419.9979204270593,56.70225513375709,91.61090011061823,-32.27290496115228
4.604604604604605,421.8319724813259,56.05615093033062,91.61090011061823,-32.47310516135248
4.624624624624625,423.66602453559256,55.406038714888126,91.61090011061823,-32.67330536155268
4.644644644644645,425.5000765898592,54.75191848742961,91.61090011061823,-32.87350556175288
4.664664664664665,427.3341286441258,54.093790247955084,91.61090011061823,-33.07370576195308
4.684684684684685,429.16818069839246,53.43165399646453,91.61090011061823,-33.27390596215328
4.704704704704705,431.0022327526591,52.76550973295796,91.61090011061823,-33.47410616235348
4.724724724724725,432.83628480692573,52.09535745743537,91.61090011061823,-33.67430636255368
4.744744744744745,434.67033686119237,51.42119716989676,91.61090011061823,-33.87450656275388
4.764764764764765,436.504388915459,50.74302887034212,91.61090011061823,-34.07470676295408
4.784784784784785,438.33844096972564,50.06085255877147,91.61090011061823,-34.27490696315428
4.804804804804805,440.1724930239923,49.3746682351848,91.61090011061823,-34.47510716335448
4.824824824824825,442.0065450782589,48.684475899582104,91.61090011061823,-34.67530736355468
4.844844844844845,443.84059713252555,47.99027555196339,91.61090011061823,-34.87550756375488
4.864864864864865,445.6746491867922,47.29206719232866,91.61090011061823,-35.07570776395508
4.884884884884885,447.5087012410588,46.58985082067791,91.61090011061823,-35.27590796415528
4.904904904904905,449.34275329532545,45.88362643701114,91.61090011061823,-35.47610816435548
4.924924924924925,451.1768053495921,45.17339404132834,91.61090011061823,-35.67630836455568
4.944944944944945,453.0108574038587,44.45915363362953,91.61090011061823,-35.87650856475588
4.964964964964965,454.84490945812536,43.7409052139147,91.61090011061823,-36.07670876495608
4.984984984984985,456.678961512392,43.018648782183845,91.61090011061823,-36.27690896515628
5.005005005005005,458.5130135666586,42.292384338436975,91.61090011061823,-36.47710916535648
5.025025025025025,460.34706562092526,41.56211188267408,91.61090011061823,-36.67730936555668
5.045045045045045,462.1811176751919,40.82783141489517,91.61090011061823,-36.87750956575688
5.065065065065065,464.01516972945853,40.08954293510024,91.61090011061823,-37.07770976595708
5.085085085085085,465.84922178372517,39.347246443289286,91.61090011061823,-37.27790996615728
5.105105105105105,467.6832738379918,38.60094193946232,91.61090011061823,-37.47811016635748
5.125125125125125,469.51732589225844,37.850629423619324,91.61090011061823,-37.67831036655768
5.145145145145145,471.3513779465251,37.09630889576031,91.61090011061823,-37.87851056675788
5.165165165165165,473.1854300007917,36.33798035588528,91.61090011061823,-38.07871076695808
5.185185185185185,475.01948205505835,35.575643803994225,91.61090011061823,-38.27891096715828
5.205205205205205,476.853534109325,34.80929924008715,91.61090011061823,-38.47911116735848
5.225225225225225,478.6875861635916,34.03894666416406,91.61090011061823,-38.67931136755868
5.245245245245245,480.52163821785825,33.264586076224944,91.61090011061823,-38.87951156775888
5.265265265265265,482.3556902721249,32.486217476269815,91.61090011061823,-39.07971176795908
5.285285285285285,484.1897423263915,31.703840864298662,91.61090011061823,-39.27991196815928
5.305305305305305,486.02379438065816,30.91745624031149,91.61090011061823,-39.48011216835948
5.325325325325325,487.8578464349248,30.127063604308297,91.61090011061823,-39.68031236855968
5.345345345345346,489.69189848919143,29.332662956289084,91.61090011061823,-39.88051256875988
5.365365365365365,491.52595054345807,28.534254296253852,91.61090011061823,-40.08071276896008
5.385385385385385,493.3600025977247,27.731837624202598,91.61090011061823,-40.28091296916028
5.405405405405405,495.19405465199134,26.925412940135324,91.61090011061823,-40.48111316936048
5.425425425425425,497.028106706258,26.11498024405203,91.61090011061823,-40.681313369560684
5.445445445445446,498.8621587605246,25.30053953595272,91.61090011061823,-40.881513569760884
5.465465465465465,500.69621081479124,24.482090815837385,91.61090011061823,-41.081713769961084
5.485485485485485,502.5302628690579,23.65963408370603,91.61090011061823,-41.281913970161284
5.505505505505505,504.3643149233245,22.83316933955866,91.61090011061823,-41.482114170361484
5.525525525525525,506.19836697759115,22.002696583395267,91.61090011061823,-41.682314370561684
5.545545545545546,508.0324190318578,21.168215815215852,91.61090011061823,-41.882514570761884
5.565565565565565,509.8664710861244,20.32972703502042,91.61090011061823,-42.082714770962085
5.585585585585585,511.70052314039106,19.487230242808966,91.61090011061823,-42.282914971162285
5.605605605605605,513.5345751946577,18.640725438581494,91.61090011061823,-42.483115171362485
5.625625625625625,515.3686272489243,17.790212622338,91.61090011061823,-42.683315371562685
5.645645645645646,517.202679303191,16.935691794078487,91.61090011061823,-42.883515571762885
5.665665665665665,519.0367313574576,16.077162953802954,91.61090011061823,-43.083715771963085
5.685685685685685,520.8707834117242,15.214626101511401,91.61090011061823,-43.283915972163285
5.7057057057057055,522.7048354659909,14.348081237203829,91.61090011061823,-43.484116172363485
5.7257257257257255,524.5388875202575,13.477528360880235,91.61090011061823,-43.684316372563686
5.745745745745746,526.3729395745241,12.602967472540621,91.61090011061823,-43.884516572763886
5.7657657657657655,528.2069916287908,11.724398572184988,91.61090011061823,-44.084716772964086
5.7857857857857855,530.0410436830574,10.841821659813334,91.61090011061823,-44.284916973164286
5.8058058058058055,531.875095737324,9.955236735425661,91.61090011061823,-44.485117173364486
5.8258258258258255,533.7091477915907,9.064643799021967,91.61090011061823,-44.685317373564686
5.845845845845846,535.5431998458573,8.170042850602254,91.61090011061823,-44.885517573764886
5.865865865865866,537.377251900124,7.27143389016652,91.61090011061823,-45.08571777396509
5.885885885885886,539.2113039543906,6.368816917714767,91.61090011061823,-45.28591797416529
5.905905905905906,541.0453560086572,5.462191933246993,91.61090011061823,-45.48611817436549
5.925925925925926,542.8794080629239,4.5515589367631994,91.61090011061823,-45.68631837456569
5.9459459459459465,544.7134601171905,3.6369179282633857,91.61090011061823,-45.88651857476589
5.965965965965966,546.5475121714571,2.718268907747552,91.61090011061823,-46.08671877496609
5.9859859859859865,548.3815642257238,1.7956118752156982,91.61090011061823,-46.28691897516629
6.006006006006006,550.2156162799904,0.8689468306678246,91.61090011061823,-46.48711917536649
6.026026026026026,552.049668334257,-0.06172622589606902,91.61090011061823,-46.68731937556669
6.046046046046047,553.8837203885237,-0.9964072944759826,91.61090011061823,-46.88751957576689
6.066066066066066,555.7177724427903,-1.9350963750719163,91.61090011061823,-47.08771977596709
6.086086086086087,557.5518244970569,-2.87779346768387,91.61090011061823,-47.28791997616729
6.106106106106106,559.3858765513236,-3.8244985723118434,91.61090011061823,-47.48812017636749
6.126126126126126,561.2199286055902,-4.775211688955837,91.61090011061823,-47.68832037656769
6.146146146146147,563.0539806598568,-5.72993281761585,91.61090011061823,-47.88852057676789
6.166166166166166,564.8880327141235,-6.688661958291884,91.61090011061823,-48.08872077696809
6.186186186186187,566.7220847683901,-7.651399110983938,91.61090011061823,-48.28892097716829
6.206206206206206,568.5561368226568,-8.618144275692012,91.61090011061823,-48.48912117736849
6.226226226226226,570.3901888769234,-9.588897452416106,91.61090011061823,-48.68932137756869
6.246246246246247,572.22424093119,-10.56365864115622,91.61090011061823,-48.88952157776889
6.266266266266266,574.0582929854567,-11.542427841912353,91.61090011061823,-49.08972177796909
6.286286286286287,575.8923450397233,-12.525205054684507,91.61090011061823,-49.28992197816929
6.306306306306306,577.7263970939899,-13.51199027947268,91.61090011061823,-49.49012217836949
6.326326326326326,579.5604491482566,-14.502783516276875,91.61090011061823,-49.69032237856969
6.346346346346347,581.3945012025232,-15.497584765097088,91.61090011061823,-49.89052257876989
6.366366366366366,583.2285532567898,-16.49639402593332,91.61090011061823,-50.09072277897009
6.386386386386387,585.0626053110565,-17.499211298785575,91.61090011061823,-50.29092297917029
6.406406406406406,586.8966573653231,-18.50603658365385,91.61090011061823,-50.49112317937049
6.426426426426426,588.7307094195897,-19.51686988053814,91.61090011061823,-50.69132337957069
6.446446446446447,590.5647614738564,-20.531711189438457,91.61090011061823,-50.89152357977089
6.466466466466466,592.398813528123,-21.550560510354792,91.61090011061823,-51.09172377997109
6.486486486486487,594.2328655823896,-22.573417843287146,91.61090011061823,-51.29192398017129
6.506506506506506,596.0669176366563,-23.60028318823552,91.61090011061823,-51.49212418037149
6.526526526526526,597.9009696909229,-24.631156545199914,91.61090011061823,-51.69232438057169
6.546546546546547,599.7350217451896,-25.66603791418033,91.61090011061823,-51.89252458077189
6.566566566566566,601.5690737994562,-26.704927295176763,91.61090011061823,-52.09272478097209
6.586586586586587,603.4031258537228,-27.747824688189215,91.61090011061823,-52.29292498117229
6.606606606606606,605.2371779079895,-28.79473009321769,91.61090011061823,-52.49312518137249
6.626626626626627,607.0712299622561,-29.845643510262185,91.61090011061823,-52.69332538157269
6.646646646646647,608.9052820165227,-30.9005649393227,91.61090011061823,-52.89352558177289
6.666666666666666,610.7393340707894,-31.959494380399235,91.61090011061823,-53.09372578197309
6.686686686686687,612.573386125056,-33.02243183349179,91.61090011061823,-53.29392598217329
6.706706706706706,614.4074381793226,-34.08937729860036,91.61090011061823,-53.49412618237349
6.726726726726727,616.2414902335893,-35.16033077572496,91.61090011061823,-53.69432638257369
6.746746746746747,618.0755422878559,-36.23529226486557,91.61090011061823,-53.89452658277389
6.766766766766766,619.9095943421225,-37.314261766022206,91.61090011061823,-54.09472678297409
6.786786786786787,621.7436463963892,-38.397239279194864,91.61090011061823,-54.29492698317429
6.806806806806806,623.5776984506558,-39.48422480438354,91.61090011061823,-54.49512718337449
6.826826826826827,625.4117505049225,-40.57521834158823,91.61090011061823,-54.69532738357469
6.846846846846847,627.2458025591891,-41.670219890808944,91.61090011061823,-54.89552758377489
6.866866866866866,629.0798546134557,-42.76922945204568,91.61090011061823,-55.09572778397509
6.886886886886887,630.9139066677224,-43.872247025298435,91.61090011061823,-55.29592798417529
6.906906906906906,632.747958721989,-44.97927261056721,91.61090011061823,-55.49612818437549
6.926926926926927,634.5820107762556,-46.090306207852,91.61090011061823,-55.69632838457569
6.946946946946947,636.4160628305223,-47.20534781715282,91.61090011061823,-55.89652858477589
6.966966966966966,638.2501148847889,-48.32439743846965,91.61090011061823,-56.096728784976094
6.986986986986987,640.0841669390555,-49.44745507180251,91.61090011061823,-56.296928985176294
7.007007007007006,641.9182189933222,-50.57452071715139,91.61090011061823,-56.497129185376494
7.027027027027027,643.7522710475888,-51.70559437451628,91.61090011061823,-56.697329385576694
7.047047047047047,645.5863231018554,-52.8406760438972,91.61090011061823,-56.897529585776894
7.067067067067066,647.4203751561221,-53.97976572529413,91.61090011061823,-57.097729785977094
7.087087087087087,649.2544272103887,-55.122863418707084,91.61090011061823,-57.297929986177294
7.107107107107106,651.0884792646553,-56.26996912413606,91.61090011061823,-57.498130186377495
7.127127127127127,652.922531318922,-57.421082841581054,91.61090011061823,-57.698330386577695
7.147147147147147,654.7565833731886,-58.57620457104207,91.61090011061823,-57.898530586777895
7.167167167167166,656.5906354274553,-59.73533431251911,91.61090011061823,-58.098730786978095
7.187187187187187,658.4246874817219,-60.89847206601216,91.61090011061823,-58.298930987178295
7.207207207207206,660.2587395359885,-62.06561783152124,91.61090011061823,-58.499131187378495
7.227227227227227,662.0927915902552,-63.23677160904633,91.61090011061823,-58.699331387578695
7.247247247247247,663.9268436445218,-64.41193339858745,91.61090011061823,-58.899531587778895
7.267267267267268,665.7608956987884,-65.59110320014459,91.61090011061823,-59.099731787979096
7.287287287287287,667.5949477530551,-66.77428101371774,91.61090011061823,-59.299931988179296
7.3073073073073065,669.4289998073217,-67.96146683930692,91.61090011061823,-59.500132188379496
7.327327327327327,671.2630518615883,-69.15266067691212,91.61090011061823,-59.700332388579696
7.347347347347347,673.097103915855,-70.34786252653333,91.61090011061823,-59.900532588779896
7.367367367367368,674.9311559701216,-71.54707238817056,91.61090011061823,-60.100732788980096
7.387387387387387,676.7652080243882,-72.75029026182382,91.61090011061823,-60.300932989180296
7.4074074074074066,678.5992600786549,-73.9575161474931,91.61090011061823,-60.501133189380496
7.4274274274274275,680.4333121329215,-75.16875004517838,91.61090011061823,-60.7013333895807
7.4474474474474475,682.2673641871882,-76.3839919548797,91.61090011061823,-60.9015335897809
7.467467467467468,684.1014162414548,-77.60324187659704,91.61090011061823,-61.1017337899811
7.4874874874874875,685.9354682957214,-78.82649981033039,91.61090011061823,-61.3019339901813
7.507507507507507,687.769520349988,-80.05376575607977,91.61090011061823,-61.5021341903815
7.5275275275275275,689.6035724042547,-81.28503971384517,91.61090011061823,-61.7023343905817
7.5475475475475475,691.4376244585213,-82.52032168362658,91.61090011061823,-61.9025345907819
7.567567567567568,693.271676512788,-83.75961166542402,91.61090011061823,-62.1027347909821
7.587587587587588,695.1057285670546,-85.00290965923747,91.61090011061823,-62.3029349911823
7.607607607607607,696.9397806213212,-86.25021566506695,91.61090011061823,-62.5031351913825
7.627627627627628,698.7738326755879,-87.50152968291245,91.61090011061823,-62.7033353915827
7.647647647647648,700.6078847298545,-88.75685171277397,91.61090011061823,-62.9035355917829
7.6676676676676685,702.4419367841211,-90.0161817546515,91.61090011061823,-63.1037357919831
7.687687687687688,704.2759888383878,-91.27951980854505,91.61090011061823,-63.3039359921833
7.707707707707707,706.1100408926544,-92.54686587445462,91.61090011061823,-63.5041361923835
7.727727727727728,707.944092946921,-93.81821995238022,91.61090011061823,-63.7043363925837
7.747747747747748,709.7781450011877,-95.09358204232183,91.61090011061823,-63.9045365927839
7.767767767767769,711.6121970554543,-96.37295214427947,91.61090011061823,-64.1047367929841
7.787787787787788,713.446249109721,-97.65633025825312,91.61090011061823,-64.3049369931843
7.807807807807807,715.2803011639876,-98.94371638424279,91.61090011061823,-64.5051371933845
7.827827827827828,717.1143532182542,-100.23511052224849,91.61090011061823,-64.7053373935847
7.847847847847848,718.9484052725209,-101.5305126722702,91.61090011061823,-64.9055375937849
7.867867867867869,720.7824573267875,-102.82992283430794,91.61090011061823,-65.1057377939851
7.887887887887888,722.6165093810541,-104.1333410083617,91.61090011061823,-65.3059379941853
7.907907907907909,724.4505614353208,-105.44076719443147,91.61090011061823,-65.5061381943855
7.927927927927928,726.2846134895874,-106.75220139251726,91.61090011061823,-65.7063383945857
7.947947947947948,728.118665543854,-108.06764360261909,91.61090011061823,-65.9065385947859
7.967967967967969,729.9527175981207,-109.38709382473692,91.61090011061823,-66.1067387949861
7.987987987987988,731.7867696523873,-110.71055205887077,91.61090011061823,-66.3069389951863
8.008008008008009,733.6208217066539,-112.03801830502066,91.61090011061823,-66.5071391953865
8.028028028028029,735.4548737609206,-113.36949256318655,91.61090011061823,-66.7073393955867
8.048048048048047,737.2889258151872,-114.70497483336847,91.61090011061823,-66.9075395957869
8.068068068068069,739.1229778694538,-116.04446511556641,91.61090011061823,-67.1077397959871
8.088088088088089,740.9570299237205,-117.38796340978037,91.61090011061823,-67.3079399961873
8.108108108108109,742.7910819779871,-118.73546971601034,91.61090011061823,-67.5081401963875
8.128128128128129,744.6251340322538,-120.08698403425633,91.61090011061823,-67.7083403965877
8.148148148148147,746.4591860865204,-121.44250636451835,91.61090011061823,-67.9085405967879
8.168168168168169,748.293238140787,-122.80203670679639,91.61090011061823,-68.1087407969881
8.188188188188189,750.1272901950537,-124.16557506109044,91.61090011061823,-68.3089409971883
8.208208208208209,751.9613422493203,-125.53312142740052,91.61090011061823,-68.5091411973885
8.228228228228229,753.7953943035869,-126.90467580572661,91.61090011061823,-68.7093413975887
8.248248248248247,755.6294463578536,-128.28023819606872,91.61090011061823,-68.9095415977889
8.268268268268269,757.4634984121202,-129.65980859842685,91.61090011061823,-69.1097417979891
8.288288288288289,759.2975504663868,-131.043387012801,91.61090011061823,-69.3099419981893
8.308308308308309,761.1316025206535,-132.43097343919118,91.61090011061823,-69.5101421983895
8.328328328328329,762.9656545749201,-133.82256787759738,91.61090011061823,-69.7103423985897
8.348348348348347,764.7997066291867,-135.2181703280196,91.61090011061823,-69.9105425987899
8.368368368368369,766.6337586834534,-136.61778079045783,91.61090011061823,-70.1107427989901
8.388388388388389,768.46781073772,-138.02139926491208,91.61090011061823,-70.3109429991903
8.408408408408409,770.3018627919867,-139.42902575138234,91.61090011061823,-70.5111431993905
8.428428428428429,772.1359148462533,-140.84066024986865,91.61090011061823,-70.7113433995907
8.448448448448449,773.9699669005199,-142.25630276037097,91.61090011061823,-70.9115435997909
8.468468468468469,775.8040189547866,-143.6759532828893,91.61090011061823,-71.1117437999911
8.488488488488489,777.6380710090532,-145.09961181742366,91.61090011061823,-71.3119440001913
8.508508508508509,779.4721230633198,-146.52727836397403,91.61090011061823,-71.5121442003915
8.528528528528529,781.3061751175865,-147.95895292254042,91.61090011061823,-71.7123444005917
8.548548548548549,783.1402271718531,-149.39463549312285,91.61090011061823,-71.9125446007919
8.568568568568569,784.9742792261197,-150.8343260757213,91.61090011061823,-72.1127448009921
8.588588588588589,786.8083312803864,-152.27802467033575,91.61090011061823,-72.3129450011923
8.608608608608609,788.642383334653,-153.72573127696623,91.61090011061823,-72.5131452013925
8.62862862862863,790.4764353889196,-155.17744589561272,91.61090011061823,-72.7133454015927
8.64864864864865,792.3104874431863,-156.63316852627523,91.61090011061823,-72.9135456017929
8.66866866866867,794.1445394974529,-158.09289916895375,91.61090011061823,-73.1137458019931
8.68868868868869,795.9785915517195,-159.55663782364832,91.61090011061823,-73.3139460021933
8.70870870870871,797.8126436059862,-161.0243844903589,91.61090011061823,-73.5141462023935
8.72872872872873,799.6466956602528,-162.4961391690855,91.61090011061823,-73.7143464025937
8.74874874874875,801.4807477145195,-163.9719018598281,91.61090011061823,-73.9145466027939
8.76876876876877,803.3147997687861,-165.45167256258674,91.61090011061823,-74.1147468029941
8.78878878878879,805.1488518230527,-166.93545127736138,91.61090011061823,-74.3149470031943
8.80880880880881,806.9829038773194,-168.42323800415207,91.61090011061823,-74.5151472033945
8.82882882882883,808.816955931586,-169.91503274295877,91.61090011061823,-74.7153474035947
8.84884884884885,810.6510079858526,-171.4108354937815,91.61090011061823,-74.9155476037949
8.86886886886887,812.4850600401193,-172.91064625662023,91.61090011061823,-75.1157478039951
8.88888888888889,814.3191120943859,-174.41446503147498,91.61090011061823,-75.3159480041953
8.90890890890891,816.1531641486525,-175.92229181834574,91.61090011061823,-75.5161482043955
8.92892892892893,817.9872162029192,-177.43412661723255,91.61090011061823,-75.7163484045957
8.94894894894895,819.8212682571858,-178.94996942813538,91.61090011061823,-75.9165486047959
8.96896896896897,821.6553203114524,-180.46982025105422,91.61090011061823,-76.1167488049961
8.98898898898899,823.4893723657191,-181.99367908598907,91.61090011061823,-76.3169490051963
9.00900900900901,825.3234244199857,-183.52154593293994,91.61090011061823,-76.5171492053965
9.02902902902903,827.1574764742523,-185.05342079190683,91.61090011061823,-76.7173494055967
9.04904904904905,828.991528528519,-186.58930366288976,91.61090011061823,-76.9175496057969
9.06906906906907,830.8255805827856,-188.1291945458887,91.61090011061823,-77.11774980599711
9.08908908908909,832.6596326370523,-189.67309344090367,91.61090011061823,-77.31795000619731
9.10910910910911,834.4936846913189,-191.22100034793465,91.61090011061823,-77.51815020639751
9.12912912912913,836.3277367455855,-192.77291526698164,91.61090011061823,-77.71835040659771
9.14914914914915,838.1617887998522,-194.32883819804465,91.61090011061823,-77.91855060679791
9.16916916916917,839.9958408541188,-195.88876914112367,91.61090011061823,-78.11875080699811
9.18918918918919,841.8298929083854,-197.45270809621874,91.61090011061823,-78.31895100719831
9.20920920920921,843.6639449626521,-199.02065506332983,91.61090011061823,-78.51915120739851
9.22922922922923,845.4979970169187,-200.59261004245693,91.61090011061823,-78.71935140759871
9.24924924924925,847.3320490711853,-202.16857303360004,91.61090011061823,-78.91955160779891
9.26926926926927,849.166101125452,-203.74854403675917,91.61090011061823,-79.11975180799911
9.28928928928929,851.0001531797186,-205.33252305193432,91.61090011061823,-79.31995200819931
9.30930930930931,852.8342052339852,-206.9205100791255,91.61090011061823,-79.52015220839951
9.32932932932933,854.6682572882519,-208.5125051183327,91.61090011061823,-79.72035240859971
9.34934934934935,856.5023093425185,-210.10850816955593,91.61090011061823,-79.92055260879991
9.36936936936937,858.3363613967852,-211.70851923279517,91.61090011061823,-80.12075280900011
9.38938938938939,860.1704134510518,-213.31253830805042,91.61090011061823,-80.32095300920031
9.40940940940941,862.0044655053184,-214.9205653953217,91.61090011061823,-80.52115320940051
9.42942942942943,863.8385175595851,-216.532600494609,91.61090011061823,-80.72135340960071
9.44944944944945,865.6725696138517,-218.14864360591233,91.61090011061823,-80.92155360980091
9.46946946946947,867.5066216681183,-219.76869472923167,91.61090011061823,-81.12175381000111
9.48948948948949,869.340673722385,-221.39275386456703,91.61090011061823,-81.32195401020131
9.50950950950951,871.1747257766516,-223.0208210119184,91.61090011061823,-81.52215421040151
9.52952952952953,873.0087778309182,-224.6528961712858,91.61090011061823,-81.72235441060171
9.54954954954955,874.8428298851849,-226.2889793426692,91.61090011061823,-81.92255461080191
9.56956956956957,876.6768819394515,-227.92907052606864,91.61090011061823,-82.12275481100211
9.58958958958959,878.5109339937181,-229.5731697214841,91.61090011061823,-82.32295501120231
9.60960960960961,880.3449860479848,-231.2212769289156,91.61090011061823,-82.52315521140251
9.62962962962963,882.1790381022514,-232.87339214836308,91.61090011061823,-82.72335541160271
9.64964964964965,884.013090156518,-234.5295153798266,91.61090011061823,-82.92355561180291
9.66966966966967,885.8471422107847,-236.18964662330612,91.61090011061823,-83.12375581200311
9.68968968968969,887.6811942650513,-237.8537858788017,91.61090011061823,-83.32395601220331
9.70970970970971,889.515246319318,-239.52193314631327,91.61090011061823,-83.52415621240351
9.72972972972973,891.3492983735846,-241.19408842584087,91.61090011061823,-83.72435641260371
9.74974974974975,893.1833504278512,-242.8702517173845,91.61090011061823,-83.92455661280391
9.76976976976977,895.0174024821179,-244.55042302094412,91.61090011061823,-84.12475681300411
9.78978978978979,896.8514545363845,-246.23460233651977,91.61090011061823,-84.32495701320431
9.80980980980981,898.6855065906511,-247.92278966411146,91.61090011061823,-84.52515721340451
9.82982982982983,900.5195586449178,-249.61498500371917,91.61090011061823,-84.72535741360471
9.84984984984985,902.3536106991844,-251.3111883553429,91.61090011061823,-84.92555761380491
9.86986986986987,904.187662753451,-253.01139971898263,91.61090011061823,-85.12575781400511
9.88988988988989,906.0217148077177,-254.71561909463838,91.61090011061823,-85.32595801420531
9.90990990990991,907.8557668619843,-256.4238464823102,91.61090011061823,-85.52615821440551
9.92992992992993,909.6898189162509,-258.136081881998,91.61090011061823,-85.72635841460571
9.94994994994995,911.5238709705176,-259.8523252937018,91.61090011061823,-85.92655861480591
9.96996996996997,913.3579230247842,-261.57257671742167,91.61090011061823,-86.12675881500611
9.98998998998999,915.1919750790508,-263.2968361531575,91.61090011061823,-86.32695901520631
10.01001001001001,917.0260271333175,-265.0251036009094,91.61090011061823,-86.52715921540651
10.03003003003003,918.8600791875841,-266.7573790606773,91.61090011061823,-86.72735941560671
10.05005005005005,920.6941312418508,-268.4936625324612,91.61090011061823,-86.92755961580691
10.07007007007007,922.5281832961174,-270.2339540162611,91.61090011061823,-87.12775981600711
10.09009009009009,924.362235350384,-271.97825351207706,91.61090011061823,-87.32796001620731
10.11011011011011,926.1962874046507,-273.726561019909,91.61090011061823,-87.52816021640751
10.13013013013013,928.0303394589173,-275.47887653975704,91.61090011061823,-87.72836041660771
10.15015015015015,929.8643915131839,-277.2352000716211,91.61090011061823,-87.92856061680791
10.17017017017017,931.6984435674506,-278.99553161550114,91.61090011061823,-88.12876081700811
10.19019019019019,933.5324956217172,-280.7598711713972,91.61090011061823,-88.32896101720831
10.21021021021021,935.3665476759838,-282.5282187393093,91.61090011061823,-88.52916121740851
10.23023023023023,937.2005997302505,-284.3005743192374,91.61090011061823,-88.72936141760871
10.25025025025025,939.0346517845171,-286.0769379111815,91.61090011061823,-88.92956161780891
10.27027027027027,940.8687038387837,-287.85730951514165,91.61090011061823,-89.12976181800911
10.29029029029029,942.7027558930504,-289.6416891311178,91.61090011061823,-89.32996201820932
10.31031031031031,944.536807947317,-291.43007675910997,91.61090011061823,-89.53016221840952
10.33033033033033,946.3708600015837,-293.22247239911815,91.61090011061823,-89.73036241860972
10.35035035035035,948.2049120558503,-295.01887605114234,91.61090011061823,-89.93056261880992
10.37037037037037,950.0389641101169,-296.81928771518255,91.61090011061823,-90.13076281901012
10.39039039039039,951.8730161643836,-298.62370739123884,91.61090011061823,-90.33096301921032
10.41041041041041,953.7070682186502,-300.43213507931114,91.61090011061823,-90.53116321941052
10.43043043043043,955.5411202729168,-302.24457077939945,91.61090011061823,-90.73136341961072
10.45045045045045,957.3751723271835,-304.0610144915038,91.61090011061823,-90.93156361981092
10.47047047047047,959.2092243814501,-305.88146621562413,91.61090011061823,-91.13176382001112
10.49049049049049,961.0432764357167,-307.7059259517605,91.61090011061823,-91.33196402021132
10.51051051051051,962.8773284899834,-309.53439369991287,91.61090011061823,-91.53216422041152
10.53053053053053,964.71138054425,-311.36686946008126,91.61090011061823,-91.73236442061172
10.55055055055055,966.5454325985166,-313.20335323226567,91.61090011061823,-91.93256462081192
10.57057057057057,968.3794846527833,-315.0438450164661,91.61090011061823,-92.13276482101212
10.59059059059059,970.2135367070499,-316.88834481268253,91.61090011061823,-92.33296502121232
10.61061061061061,972.0475887613165,-318.736852620915,91.61090011061823,-92.53316522141252
10.63063063063063,973.8816408155832,-320.5893684411635,91.61090011061823,-92.73336542161272
10.65065065065065,975.7156928698498,-322.44589227342806,91.61090011061823,-92.93356562181292
10.67067067067067,977.5497449241165,-324.3064241177086,91.61090011061823,-93.13376582201312
10.690690690690692,979.3837969783831,-326.1709639740052,91.61090011061823,-93.33396602221332
10.71071071071071,981.2178490326497,-328.0395118423178,91.61090011061823,-93.53416622241352
10.73073073073073,983.0519010869164,-329.9120677226464,91.61090011061823,-93.73436642261372
10.75075075075075,984.885953141183,-331.788631614991,91.61090011061823,-93.93456662281392
10.77077077077077,986.7200051954496,-333.66920351935164,91.61090011061823,-94.13476682301412
10.790790790790792,988.5540572497163,-335.5537834357283,91.61090011061823,-94.33496702321432
10.81081081081081,990.3881093039829,-337.44237136412096,91.61090011061823,-94.53516722341452
10.83083083083083,992.2221613582495,-339.33496730452964,91.61090011061823,-94.73536742361472
10.85085085085085,994.0562134125162,-341.23157125695434,91.61090011061823,-94.93556762381492
10.87087087087087,995.8902654667828,-343.13218322139505,91.61090011061823,-95.13576782401512
10.890890890890892,997.7243175210494,-345.03680319785184,91.61090011061823,-95.33596802421532
10.91091091091091,999.5583695753161,-346.94543118632464,91.61090011061823,-95.53616822441552
10.93093093093093,1001.3924216295827,-348.85806718681346,91.61090011061823,-95.73636842461572
10.95095095095095,1003.2264736838493,-350.7747111993183,91.61090011061823,-95.93656862481592
10.97097097097097,1005.060525738116,-352.69536322383914,91.61090011061823,-96.13676882501612
10.990990990990992,1006.8945777923826,-354.620023260376,91.61090011061823,-96.33696902521632
11.01101101101101,1008.7286298466493,-356.5486913089289,91.61090011061823,-96.53716922541652
11.03103103103103,1010.5626819009159,-358.4813673694978,91.61090011061823,-96.73736942561672
11.05105105105105,1012.3967339551825,-360.4180514420827,91.61090011061823,-96.93756962581692
11.07107107107107,1014.2307860094492,-362.3587435266836,91.61090011061823,-97.13776982601712
11.091091091091092,1016.0648380637158,-364.30344362330055,91.61090011061823,-97.33797002621732
11.11111111111111,1017.8988901179824,-366.2521517319335,91.61090011061823,-97.53817022641752
11.13113113113113,1019.7329421722491,-368.2048678525825,91.61090011061823,-97.73837042661772
11.15115115115115,1021.5669942265157,-370.1615919852475,91.61090011061823,-97.93857062681792
11.17117117117117,1023.4010462807823,-372.1223241299286,91.61090011061823,-98.13877082701812
11.191191191191193,1025.2350983350489,-374.08706428662566,91.61090011061823,-98.33897102721832
11.21121121121121,1027.0691503893154,-376.05581245533875,91.61090011061823,-98.53917122741852
11.23123123123123,1028.903202443582,-378.02856863606786,91.61090011061823,-98.73937142761872
11.25125125125125,1030.7372544978484,-380.005332828813,91.61090011061823,-98.93957162781892
11.27127127127127,1032.571306552115,-381.9861050335741,91.61090011061823,-99.13977182801912
11.291291291291293,1034.4053586063815,-383.9708852503513,91.61090011061823,-99.33997202821932
11.31131131131131,1036.239410660648,-385.95967347914444,91.61090011061823,-99.54017222841952
11.33133133133133,1038.0734627149145,-387.9524697199536,91.61090011061823,-99.74037242861972
11.35135135135135,1039.907514769181,-389.9492739727788,91.61090011061823,-99.94057262881992
11.37137137137137,1041.7415668234476,-391.95008623762004,91.61090011061823,-100.14077282902012
11.391391391391393,1043.575618877714,-393.95490651447733,91.61090011061823,-100.34097302922032
11.411411411411411,1045.4096709319806,-395.96373480335063,91.61090011061823,-100.54117322942052
11.431431431431431,1047.2437229862471,-397.97657110423995,91.61090011061823,-100.74137342962072
11.451451451451451,1049.0777750405136,-399.9934154171453,91.61090011061823,-100.94157362982092
11.471471471471471,1050.9118270947802,-402.01426774206664,91.61090011061823,-101.14177383002112
11.491491491491493,1052.7458791490467,-404.039128079004,91.61090011061823,-101.34197403022132
11.511511511511511,1054.5799312033132,-406.0679964279574,91.61090011061823,-101.54217423042152
11.531531531531531,1056.4139832575797,-408.1008727889268,91.61090011061823,-101.74237443062172
11.551551551551551,1058.2480353118463,-410.1377571619122,91.61090011061823,-101.94257463082192
11.571571571571571,1060.0820873661128,-412.1786495469136,91.61090011061823,-102.14277483102212
11.591591591591593,1061.9161394203793,-414.22354994393106,91.61090011061823,-102.34297503122232
11.611611611611611,1063.7501914746458,-416.2724583529645,91.61090011061823,-102.54317523142252
11.631631631631631,1065.5842435289123,-418.325374774014,91.61090011061823,-102.74337543162272
11.651651651651651,1067.4182955831789,-420.38229920707954,91.61090011061823,-102.94357563182292
11.671671671671671,1069.2523476374454,-422.4432316521611,91.61090011061823,-103.14377583202312
11.691691691691693,1071.086399691712,-424.5081721092587,91.61090011061823,-103.34397603222332
11.711711711711711,1072.9204517459784,-426.5771205783723,91.61090011061823,-103.54417623242352
11.731731731731731,1074.754503800245,-428.6500770595019,91.61090011061823,-103.74437643262372
11.751751751751751,1076.5885558545115,-430.7270415526475,91.61090011061823,-103.94457663282392
11.771771771771771,1078.422607908778,-432.80801405780915,91.61090011061823,-104.14477683302412
11.791791791791793,1080.2566599630445,-434.8929945749868,91.61090011061823,-104.34497703322432
11.811811811811811,1082.090712017311,-436.9819831041805,91.61090011061823,-104.54517723342452
11.831831831831831,1083.9247640715776,-439.07497964539016,91.61090011061823,-104.74537743362472
11.851851851851851,1085.758816125844,-441.17198419861586,91.61090011061823,-104.94557763382493
11.871871871871871,1087.5928681801106,-443.2729967638576,91.61090011061823,-105.14577783402513
11.891891891891893,1089.4269202343771,-445.3780173411153,91.61090011061823,-105.34597803422533
11.911911911911911,1091.2609722886436,-447.4870459303891,91.61090011061823,-105.54617823442553
11.931931931931931,1093.0950243429102,-449.60008253167894,91.61090011061823,-105.74637843462573
11.951951951951951,1094.9290763971767,-451.7171271449848,91.61090011061823,-105.94657863482593
11.971971971971973,1096.7631284514432,-453.8381797703066,91.61090011061823,-106.14677883502613
11.991991991991993,1098.5971805057097,-455.9632404076445,91.61090011061823,-106.34697903522633
12.012012012012011,1100.4312325599763,-458.0923090569984,91.61090011061823,-106.54717923542653
12.032032032032031,1102.2652846142428,-460.2253857183683,91.61090011061823,-106.74737943562673
12.052052052052051,1104.0993366685093,-462.3624703917542,91.61090011061823,-106.94757963582693
12.072072072072073,1105.9333887227758,-464.5035630771561,91.61090011061823,-107.14777983602713
12.092092092092093,1107.7674407770423,-466.64866377457406,91.61090011061823,-107.34798003622733
12.112112112112111,1109.6014928313089,-468.797772484008,91.61090011061823,-107.54818023642753
12.132132132132131,1111.4355448855754,-470.950889205458,91.61090011061823,-107.74838043662773
12.152152152152151,1113.269596939842,-473.10801393892405,91.61090011061823,-107.94858063682793
12.172172172172173,1115.1036489941084,-475.2691466844061,91.61090011061823,-108.14878083702813
12.192192192192193,1116.937701048375,-477.4342874419042,91.61090011061823,-108.34898103722833
12.212212212212211,1118.7717531026415,-479.6034362114183,91.61090011061823,-108.54918123742853
12.232232232232231,1120.605805156908,-481.7765929929484,91.61090011061823,-108.74938143762873
12.252252252252251,1122.4398572111745,-483.9537577864945,91.61090011061823,-108.94958163782893
12.272272272272273,1124.273909265441,-486.13493059205666,91.61090011061823,-109.14978183802913
12.292292292292293,1126.1079613197076,-488.3201114096348,91.61090011061823,-109.34998203822933
12.312312312312311,1127.942013373974,-490.509300239229,91.61090011061823,-109.55018223842953
12.332332332332332,1129.7760654282406,-492.7024970808392,91.61090011061823,-109.75038243862973
12.352352352352352,1131.6101174825071,-494.8997019344654,91.61090011061823,-109.95058263882993
12.372372372372373,1133.4441695367736,-497.1009148001076,91.61090011061823,-110.15078283903013
12.392392392392393,1135.2782215910402,-499.30613567776584,91.61090011061823,-110.35098303923033
12.412412412412412,1137.1122736453067,-501.51536456744014,91.61090011061823,-110.55118323943053
12.432432432432432,1138.9463256995732,-503.72860146913047,91.61090011061823,-110.75138343963073
12.452452452452452,1140.7803777538397,-505.9458463828368,91.61090011061823,-110.95158363983093
12.472472472472473,1142.6144298081063,-508.16709930855916,91.61090011061823,-111.15178384003113
12.492492492492493,1144.4484818623728,-510.3923602462975,91.61090011061823,-111.35198404023133
12.512512512512512,1146.2825339166393,-512.6216291960519,91.61090011061823,-111.55218424043153
12.532532532532532,1148.1165859709058,-514.8549061578224,91.61090011061823,-111.75238444063173
12.552552552552552,1149.9506380251723,-517.0921911316088,91.61090011061823,-111.95258464083193
12.572572572572573,1151.7846900794389,-519.3334841174113,91.61090011061823,-112.15278484103213
12.592592592592593,1153.6187421337054,-521.5787851152298,91.61090011061823,-112.35298504123233
12.612612612612612,1155.452794187972,-523.8280941250644,91.61090011061823,-112.55318524143253
12.632632632632632,1157.2868462422384,-526.0814111469149,91.61090011061823,-112.75338544163273
12.652652652652652,1159.120898296505,-528.3387361807814,91.61090011061823,-112.95358564183293
12.672672672672673,1160.9549503507715,-530.600069226664,91.61090011061823,-113.15378584203313
12.692692692692694,1162.789002405038,-532.8654102845626,91.61090011061823,-113.35398604223333
12.712712712712712,1164.6230544593045,-535.1347593544772,91.61090011061823,-113.55418624243353
12.732732732732732,1166.457106513571,-537.4081164364078,91.61090011061823,-113.75438644263373
12.752752752752752,1168.2911585678376,-539.6854815303544,91.61090011061823,-113.95458664283393
12.772772772772774,1170.125210622104,-541.9668546363171,91.61090011061823,-114.15478684303413
12.792792792792794,1171.9592626763706,-544.2522357542957,91.61090011061823,-114.35498704323433
12.812812812812812,1173.7933147306371,-546.5416248842904,91.61090011061823,-114.55518724343453
12.832832832832832,1175.6273667849036,-548.8350220263011,91.61090011061823,-114.75538744363473
12.852852852852852,1177.4614188391702,-551.1324271803278,91.61090011061823,-114.95558764383493
12.872872872872874,1179.2954708934367,-553.4338403463705,91.61090011061823,-115.15578784403513
12.892892892892894,1181.1295229477032,-555.7392615244293,91.61090011061823,-115.35598804423533
12.912912912912912,1182.9635750019697,-558.048690714504,91.61090011061823,-115.55618824443553
12.932932932932932,1184.7976270562363,-560.3621279165948,91.61090011061823,-115.75638844463573
12.952952952952952,1186.6316791105028,-562.6795731307016,91.61090011061823,-115.95658864483593
12.972972972972974,1188.4657311647693,-565.0010263568244,91.61090011061823,-116.15678884503613
12.992992992992994,1190.2997832190358,-567.3264875949632,91.61090011061823,-116.35698904523633
13.013013013013012,1192.1338352733023,-569.655956845118,91.61090011061823,-116.55718924543653
13.033033033033032,1193.9678873275689,-571.9894341072888,91.61090011061823,-116.75738944563673
13.053053053053052,1195.8019393818354,-574.3269193814758,91.61090011061823,-116.95758964583693
13.073073073073074,1197.635991436102,-576.6684126676788,91.61090011061823,-117.15778984603713
13.093093093093094,1199.4700434903684,-579.0139139658978,91.61090011061823,-117.35799004623733
13.113113113113112,1201.304095544635,-581.3634232761328,91.61090011061823,-117.55819024643753
13.133133133133132,1203.1381475989015,-583.7169405983839,91.61090011061823,-117.75839044663773
13.153153153153154,1204.972199653168,-586.0744659326509,91.61090011061823,-117.95859064683793
13.173173173173174,1206.8062517074345,-588.435999278934,91.61090011061823,-118.15879084703813
13.193193193193194,1208.640303761701,-590.8015406372331,91.61090011061823,-118.35899104723833
13.213213213213212,1210.4743558159676,-593.1710900075482,91.61090011061823,-118.55919124743853
13.233233233233232,1212.308407870234,-595.5446473898793,91.61090011061823,-118.75939144763873
13.253253253253254,1214.1424599245006,-597.9222127842264,91.61090011061823,-118.95959164783893
13.273273273273274,1215.9765119787671,-600.3037861905896,91.61090011061823,-119.15979184803913
13.293293293293294,1217.8105640330336,-602.6893676089687,91.61090011061823,-119.35999204823933
13.313313313313312,1219.6446160873002,-605.0789570393639,91.61090011061823,-119.56019224843953
13.333333333333332,1221.4786681415667,-607.4725544817751,91.61090011061823,-119.76039244863973
13.353353353353354,1223.3127201958332,-609.8701599362023,91.61090011061823,-119.96059264883993
13.373373373373374,1225.1467722500997,-612.2717734026455,91.61090011061823,-120.16079284904013
13.393393393393394,1226.9808243043663,-614.6773948811048,91.61090011061823,-120.36099304924034
13.413413413413412,1228.8148763586328,-617.08702437158,91.61090011061823,-120.56119324944054
13.433433433433432,1230.6489284128993,-619.5006618740713,91.61090011061823,-120.76139344964074
13.453453453453454,1232.4829804671658,-621.9183073885786,91.61090011061823,-120.96159364984094
13.473473473473474,1234.3170325214323,-624.3399609151019,91.61090011061823,-121.16179385004114
13.493493493493494,1236.1510845756989,-626.7656224536412,91.61090011061823,-121.36199405024134
13.513513513513512,1237.9851366299654,-629.1952920041965,91.61090011061823,-121.56219425044154
13.533533533533532,1239.819188684232,-631.6289695667679,91.61090011061823,-121.76239445064174
13.553553553553554,1241.6532407384984,-634.0666551413553,91.61090011061823,-121.96259465084194
13.573573573573574,1243.487292792765,-636.5083487279588,91.61090011061823,-122.16279485104214
13.593593593593594,1245.3213448470315,-638.9540503265783,91.61090011061823,-122.36299505124234
13.613613613613612,1247.155396901298,-641.4037599372139,91.61090011061823,-122.56319525144254
13.633633633633632,1248.9894489555645,-643.8574775598654,91.61090011061823,-122.76339545164274
13.653653653653654,1250.823501009831,-646.315203194533,91.61090011061823,-122.96359565184294
13.673673673673674,1252.6575530640976,-648.7769368412165,91.61090011061823,-123.16379585204314
13.693693693693694,1254.491605118364,-651.2426784999161,91.61090011061823,-123.36399605224334
13.713713713713712,1256.3256571726306,-653.7124281706317,91.61090011061823,-123.56419625244354
13.733733733733732,1258.1597092268971,-656.1861858533633,91.61090011061823,-123.76439645264374
13.753753753753754,1259.9937612811636,-658.663951548111,91.61090011061823,-123.96459665284394
13.773773773773774,1261.8278133354302,-661.1457252548746,91.61090011061823,-124.16479685304414
13.793793793793794,1263.6618653896967,-663.6315069736543,91.61090011061823,-124.36499705324434
13.813813813813812,1265.4959174439632,-666.12129670445,91.61090011061823,-124.56519725344454
13.833833833833832,1267.3299694982297,-668.6150944472616,91.61090011061823,-124.76539745364474
13.853853853853854,1269.1640215524963,-671.1129002020893,91.61090011061823,-124.96559765384494
13.873873873873874,1270.9980736067628,-673.6147139689331,91.61090011061823,-125.16579785404514
13.893893893893894,1272.8321256610293,-676.1205357477928,91.61090011061823,-125.36599805424534
13.913913913913913,1274.6661777152958,-678.6303655386686,91.61090011061823,-125.56619825444554
13.933933933933933,1276.5002297695623,-681.1442033415603,91.61090011061823,-125.76639845464574
13.953953953953954,1278.3342818238289,-683.6620491564681,91.61090011061823,-125.96659865484594
13.973973973973974,1280.1683338780954,-686.1839029833919,91.61090011061823,-126.16679885504614
13.993993993993994,1282.002385932362,-688.7097648223317,91.61090011061823,-126.36699905524634
14.014014014014013,1283.8364379866284,-691.2396346732876,91.61090011061823,-126.56719925544654
14.034034034034033,1285.670490040895,-693.7735125362594,91.61090011061823,-126.76739945564674
14.054054054054054,1287.5045420951615,-696.3113984112474,91.61090011061823,-126.96759965584694
14.074074074074074,1289.338594149428,-698.8532922982514,91.61090011061823,-127.16779985604714
14.094094094094094,1291.1726462036945,-701.3991941972714,91.61090011061823,-127.36800005624734
14.114114114114113,1293.006698257961,-703.9491041083074,91.61090011061823,-127.56820025644754
14.134134134134133,1294.8407503122276,-706.5030220313595,91.61090011061823,-127.76840045664774
14.154154154154154,1296.674802366494,-709.0609479664275,91.61090011061823,-127.96860065684794
14.174174174174174,1298.5088544207606,-711.6228819135116,91.61090011061823,-128.16880085704815
14.194194194194194,1300.3429064750271,-714.1888238726117,91.61090011061823,-128.36900105724837
14.214214214214213,1302.1769585292936,-716.7587738437278,91.61090011061823,-128.56920125744858
14.234234234234233,1304.0110105835602,-719.3327318268599,91.61090011061823,-128.7694014576488
14.254254254254255,1305.8450626378267,-721.910697822008,91.61090011061823,-128.969601657849
14.274274274274275,1307.6791146920932,-724.4926718291722,91.61090011061823,-129.16980185804923
14.294294294294295,1309.5131667463597,-727.0786538483524,91.61090011061823,-129.37000205824944
14.314314314314313,1311.3472188006263,-729.6686438795485,91.61090011061823,-129.57020225844965
14.334334334334333,1313.1812708548928,-732.2626419227607,91.61090011061823,-129.77040245864987
14.354354354354355,1315.0153229091593,-734.860647977989,91.61090011061823,-129.97060265885008
14.374374374374375,1316.8493749634258,-737.4626620452332,91.61090011061823,-130.1708028590503
14.394394394394395,1318.6834270176923,-740.0686841244934,91.61090011061823,-130.3710030592505
14.414414414414413,1320.5174790719589,-742.6787142157697,91.61090011061823,-130.57120325945073
14.434434434434436,1322.3515311262254,-745.292752319062,91.61090011061823,-130.77140345965094
14.454454454454455,1324.185583180492,-747.9107984343702,91.61090011061823,-130.97160365985116
14.474474474474475,1326.0196352347584,-750.5328525616945,91.61090011061823,-131.17180386005137
14.494494494494495,1327.853687289025,-753.1589147010349,91.61090011061823,-131.37200406025158
14.514514514514513,1329.6877393432915,-755.7889848523912,91.61090011061823,-131.5722042604518
14.534534534534536,1331.521791397558,-758.4230630157637,91.61090011061823,-131.772404460652
14.554554554554555,1333.3558434518245,-761.0611491911521,91.61090011061823,-131.97260466085223
14.574574574574575,1335.189895506091,-763.7032433785566,91.61090011061823,-132.17280486105244
14.594594594594595,1337.0239475603576,-766.3493455779771,91.61090011061823,-132.37300506125266
14.614614614614613,1338.857999614624,-768.9994557894137,91.61090011061823,-132.57320526145287
14.634634634634637,1340.6920516688906,-771.6535740128662,91.61090011061823,-132.77340546165308
14.654654654654655,1342.5261037231571,-774.3117002483348,91.61090011061823,-132.9736056618533
14.674674674674675,1344.3601557774236,-776.9738344958193,91.61090011061823,-133.1738058620535
14.694694694694695,1346.1942078316902,-779.6399767553199,91.61090011061823,-133.37400606225373
14.714714714714713,1348.0282598859567,-782.3101270268365,91.61090011061823,-133.57420626245394
14.734734734734737,1349.8623119402232,-784.9842853103692,91.61090011061823,-133.77440646265416
14.754754754754755,1351.6963639944897,-787.6624516059178,91.61090011061823,-133.97460666285437
14.774774774774775,1353.5304160487563,-790.3446259134824,91.61090011061823,-134.17480686305458
14.794794794794795,1355.3644681030228,-793.0308082330631,91.61090011061823,-134.3750070632548
14.814814814814813,1357.1985201572893,-795.7209985646598,91.61090011061823,-134.575207263455
14.834834834834837,1359.0325722115558,-798.4151969082725,91.61090011061823,-134.77540746365523
14.854854854854855,1360.8666242658223,-801.1134032639012,91.61090011061823,-134.97560766385544
14.874874874874875,1362.7006763200889,-803.8156176315459,91.61090011061823,-135.17580786405566
14.894894894894895,1364.5347283743554,-806.5218400112067,91.61090011061823,-135.37600806425587
14.914914914914913,1366.368780428622,-809.2320704028834,91.61090011061823,-135.57620826445608
14.934934934934937,1368.2028324828884,-811.9463088065762,91.61090011061823,-135.7764084646563
14.954954954954955,1370.036884537155,-814.664555222285,91.61090011061823,-135.9766086648565
14.974974974974975,1371.8709365914215,-817.3868096500098,91.61090011061823,-136.17680886505673
14.994994994994995,1373.704988645688,-820.1130720897506,91.61090011061823,-136.37700906525694
15.015015015015013,1375.5390406999545,-822.8433425415076,91.61090011061823,-136.57720926545716
15.035035035035037,1377.373092754221,-825.5776210052805,91.61090011061823,-136.77740946565737
15.055055055055055,1379.2071448084876,-828.3159074810695,91.61090011061823,-136.97760966585759
15.075075075075075,1381.041196862754,-831.0582019688745,91.61090011061823,-137.1778098660578
15.095095095095095,1382.8752489170206,-833.8045044686955,91.61090011061823,-137.378010066258
15.115115115115113,1384.7093009712871,-836.5548149805326,91.61090011061823,-137.57821026645823
15.135135135135137,1386.5433530255536,-839.3091335043856,91.61090011061823,-137.77841046665844
15.155155155155155,1388.3774050798202,-842.0674600402547,91.61090011061823,-137.97861066685866
15.175175175175175,1390.2114571340867,-844.8297945881397,91.61090011061823,-138.17881086705887
15.195195195195195,1392.0455091883532,-847.5961371480408,91.61090011061823,-138.37901106725909
15.215215215215213,1393.8795612426197,-850.366487719958,91.61090011061823,-138.5792112674593
15.235235235235237,1395.7136132968863,-853.1408463038911,91.61090011061823,-138.77941146765951
15.255255255255255,1397.5476653511528,-855.9192128998402,91.61090011061823,-138.97961166785973
15.275275275275275,1399.3817174054193,-858.7015875078054,91.61090011061823,-139.17981186805994
15.295295295295295,1401.2157694596858,-861.4879701277865,91.61090011061823,-139.38001206826016
15.315315315315313,1403.0498215139523,-864.2783607597837,91.61090011061823,-139.58021226846037
15.335335335335337,1404.8838735682189,-867.0727594037969,91.61090011061823,-139.7804124686606
15.355355355355355,1406.7179256224854,-869.8711660598261,91.61090011061823,-139.9806126688608
15.375375375375375,1408.551977676752,-872.6735807278714,91.61090011061823,-140.18081286906101
15.395395395395395,1410.3860297310184,-875.4800034079326,91.61090011061823,-140.38101306926123
15.415415415415413,1412.220081785285,-878.2904341000099,91.61090011061823,-140.58121326946144
15.435435435435437,1414.0541338395515,-881.1048728041031,91.61090011061823,-140.78141346966166
15.455455455455455,1415.888185893818,-883.9233195202124,91.61090011061823,-140.98161366986187
15.475475475475475,1417.7222379480845,-886.7457742483377,91.61090011061823,-141.1818138700621
15.495495495495495,1419.556290002351,-889.5722369884792,91.61090011061823,-141.3820140702623
15.515515515515514,1421.3903420566176,-892.4027077406366,91.61090011061823,-141.58221427046252
15.535535535535537,1423.224394110884,-895.2371865048101,91.61090011061823,-141.78241447066273
15.555555555555555,1425.0584461651506,-898.0756732809996,91.61090011061823,-141.98261467086294
15.575575575575575,1426.8924982194171,-900.9181680692051,91.61090011061823,-142.18281487106316
15.595595595595595,1428.7265502736836,-903.7646708694266,91.61090011061823,-142.38301507126337
15.615615615615614,1430.5606023279502,-906.6151816816641,91.61090011061823,-142.5832152714636
15.635635635635637,1432.3946543822167,-909.4697005059177,91.61090011061823,-142.7834154716638
15.655655655655655,1434.2287064364832,-912.3282273421872,91.61090011061823,-142.98361567186402
15.675675675675675,1436.0627584907497,-915.1907621904728,91.61090011061823,-143.18381587206423
15.695695695695695,1437.8968105450163,-918.0573050507744,91.61090011061823,-143.38401607226444
15.715715715715717,1439.7308625992828,-920.927855923092,91.61090011061823,-143.58421627246466
15.735735735735737,1441.5649146535493,-923.8024148074256,91.61090011061823,-143.78441647266487
15.755755755755755,1443.3989667078158,-926.6809817037753,91.61090011061823,-143.9846166728651
15.775775775775776,1445.2330187620823,-929.5635566121409,91.61090011061823,-144.1848168730653
15.795795795795796,1447.0670708163489,-932.4501395325226,91.61090011061823,-144.38501707326552
15.815815815815817,1448.9011228706154,-935.3407304649203,91.61090011061823,-144.58521727346573
15.835835835835837,1450.735174924882,-938.235329409334,91.61090011061823,-144.78541747366594
15.855855855855856,1452.5692269791484,-941.1339363657637,91.61090011061823,-144.98561767386616
15.875875875875876,1454.403279033415,-944.0365513342094,91.61090011061823,-145.18581787406637
15.895895895895896,1456.2373310876815,-946.9431743146712,91.61090011061823,-145.3860180742666
15.915915915915917,1458.071383141948,-949.853805307149,91.61090011061823,-145.5862182744668
15.935935935935937,1459.9054351962145,-952.7684443116427,91.61090011061823,-145.78641847466702
15.955955955955956,1461.739487250481,-955.6870913281525,91.61090011061823,-145.98661867486723
15.975975975975976,1463.5735393047476,-958.6097463566784,91.61090011061823,-146.18681887506744
15.995995995995996,1465.407591359014,-961.5364093972204,91.61090011061823,-146.38701907526766
16.016016016016017,1467.2416434132806,-964.4670804497783,91.61090011061823,-146.58721927546787
16.036036036036037,1469.0756954675471,-967.4017595143523,91.61090011061823,-146.7874194756681
16.056056056056057,1470.9097475218136,-970.3404465909423,91.61090011061823,-146.9876196758683
16.076076076076077,1472.7437995760802,-973.2831416795483,91.61090011061823,-147.18781987606852
16.096096096096094,1474.5778516303467,-976.2298447801703,91.61090011061823,-147.38802007626873
16.116116116116117,1476.4119036846132,-979.1805558928083,91.61090011061823,-147.58822027646895
16.136136136136138,1478.2459557388797,-982.1352750174624,91.61090011061823,-147.78842047666916
16.156156156156158,1480.0800077931463,-985.0940021541325,91.61090011061823,-147.98862067686937
16.176176176176178,1481.9140598474128,-988.0567373028185,91.61090011061823,-148.1888208770696
16.196196196196194,1483.7481119016793,-991.0234804635206,91.61090011061823,-148.3890210772698
16.216216216216218,1485.5821639559458,-993.9942316362387,91.61090011061823,-148.58922127747002
16.236236236236238,1487.4162160102123,-996.9689908209729,91.61090011061823,-148.78942147767023
16.256256256256258,1489.2502680644789,-999.947758017723,91.61090011061823,-148.98962167787045
16.276276276276278,1491.0843201187454,-1002.9305332264892,91.61090011061823,-149.18982187807066
16.296296296296294,1492.918372173012,-1005.9173164472713,91.61090011061823,-149.39002207827087
16.316316316316318,1494.7524242272784,-1008.9081076800695,91.61090011061823,-149.5902222784711
16.336336336336338,1496.586476281545,-1011.9029069248837,91.61090011061823,-149.7904224786713
16.356356356356358,1498.4205283358115,-1014.9017141817139,91.61090011061823,-149.99062267887152
16.376376376376378,1500.254580390078,-1017.9045294505602,91.61090011061823,-150.19082287907173
16.396396396396394,1502.0886324443445,-1020.9113527314224,91.61090011061823,-150.39102307927195
16.416416416416418,1503.922684498611,-1023.9221840243007,91.61090011061823,-150.59122327947216
16.436436436436438,1505.7567365528776,-1026.937023329195,91.61090011061823,-150.79142347967237
16.456456456456458,1507.590788607144,-1029.9558706461053,91.61090011061823,-150.9916236798726
16.476476476476478,1509.4248406614106,-1032.9787259750317,91.61090011061823,-151.1918238800728
16.496496496496494,1511.2588927156771,-1036.005589315974,91.61090011061823,-151.39202408027302
16.516516516516518,1513.0929447699436,-1039.0364606689325,91.61090011061823,-151.59222428047323
16.536536536536538,1514.9269968242102,-1042.0713400339068,91.61090011061823,-151.79242448067345
16.556556556556558,1516.7610488784767,-1045.1102274108973,91.61090011061823,-151.99262468087366
16.576576576576578,1518.5951009327432,-1048.1531227999037,91.61090011061823,-152.19282488107388
16.596596596596594,1520.4291529870097,-1051.2000262009262,91.61090011061823,-152.3930250812741
16.616616616616618,1522.2632050412763,-1054.2509376139647,91.61090011061823,-152.5932252814743
16.636636636636638,1524.0972570955428,-1057.3058570390192,91.61090011061823,-152.79342548167452
16.656656656656658,1525.9313091498093,-1060.3647844760897,91.61090011061823,-152.99362568187473
16.676676676676678,1527.7653612040758,-1063.4277199251762,91.61090011061823,-153.19382588207495
16.696696696696694,1529.5994132583423,-1066.494663386279,91.61090011061823,-153.39402608227516
16.716716716716718,1531.4334653126089,-1069.5656148593976,91.61090011061823,-153.59422628247538
16.736736736736738,1533.2675173668754,-1072.6405743445323,91.61090011061823,-153.7944264826756
16.756756756756758,1535.101569421142,-1075.719541841683,91.61090011061823,-153.9946266828758
16.776776776776778,1536.9356214754084,-1078.8025173508497,91.61090011061823,-154.19482688307602
16.796796796796794,1538.769673529675,-1081.8895008720324,91.61090011061823,-154.39502708327623
16.816816816816818,1540.6037255839415,-1084.9804924052312,91.61090011061823,-154.59522728347645
16.836836836836838,1542.437777638208,-1088.075491950446,91.61090011061823,-154.79542748367666
16.856856856856858,1544.2718296924745,-1091.1744995076767,91.61090011061823,-154.99562768387688
16.876876876876878,1546.105881746741,-1094.2775150769235,91.61090011061823,-155.1958278840771
16.896896896896898,1547.9399338010076,-1097.3845386581863,91.61090011061823,-155.3960280842773
16.916916916916918,1549.773985855274,-1100.495570251465,91.61090011061823,-155.59622828447752
16.936936936936938,1551.6080379095406,-1103.61060985676,91.61090011061823,-155.79642848467773
16.956956956956958,1553.4420899638071,-1106.7296574740708,91.61090011061823,-155.99662868487795
16.976976976976978,1555.2761420180736,-1109.8527131033977,91.61090011061823,-156.19682888507816
16.996996996996998,1557.1101940723402,-1112.9797767447405,91.61090011061823,-156.39702908527838
17.017017017017018,1558.9442461266067,-1116.1108483980995,91.61090011061823,-156.5972292854786
17.037037037037038,1560.7782981808732,-1119.2459280634744,91.61090011061823,-156.7974294856788
17.057057057057058,1562.6123502351397,-1122.3850157408654,91.61090011061823,-156.99762968587902
17.077077077077078,1564.4464022894063,-1125.5281114302722,91.61090011061823,-157.19782988607923
17.097097097097098,1566.2804543436728,-1128.6752151316953,91.61090011061823,-157.39803008627945
17.117117117117118,1568.1145063979393,-1131.8263268451342,91.61090011061823,-157.59823028647966
17.137137137137138,1569.9485584522058,-1134.9814465705892,91.61090011061823,-157.79843048667988
17.157157157157158,1571.7826105064723,-1138.1405743080604,91.61090011061823,-157.9986306868801
17.177177177177178,1573.6166625607389,-1141.3037100575475,91.61090011061823,-158.1988308870803
17.197197197197198,1575.4507146150054,-1144.4708538190507,91.61090011061823,-158.39903108728052
17.217217217217218,1577.284766669272,-1147.6420055925698,91.61090011061823,-158.59923128748073
17.237237237237238,1579.1188187235384,-1150.817165378105,91.61090011061823,-158.79943148768095
17.25725725725726,1580.952870777805,-1153.9963331756562,91.61090011061823,-158.99963168788116
17.27727727727728,1582.7869228320715,-1157.1795089852235,91.61090011061823,-159.19983188808138
17.2972972972973,1584.620974886338,-1160.3666928068067,91.61090011061823,-159.4000320882816
17.31731731731732,1586.4550269406045,-1163.557884640406,91.61090011061823,-159.6002322884818
17.33733733733734,1588.289078994871,-1166.7530844860212,91.61090011061823,-159.80043248868202
17.35735735735736,1590.1231310491376,-1169.9522923436525,91.61090011061823,-160.00063268888223
17.37737737737738,1591.957183103404,-1173.1555082132998,91.61090011061823,-160.20083288908245
17.3973973973974,1593.7912351576706,-1176.3627320949631,91.61090011061823,-160.40103308928266
17.41741741741742,1595.6252872119371,-1179.5739639886424,91.61090011061823,-160.60123328948288
17.43743743743744,1597.4593392662036,-1182.7892038943378,91.61090011061823,-160.8014334896831
17.45745745745746,1599.2933913204702,-1186.008451812049,91.61090011061823,-161.0016336898833
17.47747747747748,1601.1274433747367,-1189.2317077417765,91.61090011061823,-161.20183389008352
17.4974974974975,1602.9614954290032,-1192.4589716835198,91.61090011061823,-161.40203409028373
17.51751751751752,1604.7955474832697,-1195.6902436372793,91.61090011061823,-161.60223429048395
17.53753753753754,1606.6295995375363,-1198.9255236030547,91.61090011061823,-161.80243449068416
17.55755755755756,1608.4636515918028,-1202.1648115808462,91.61090011061823,-162.00263469088438
17.57757757757758,1610.2977036460693,-1205.4081075706536,91.61090011061823,-162.2028348910846
17.5975975975976,1612.1317557003358,-1208.655411572477,91.61090011061823,-162.4030350912848
17.61761761761762,1613.9658077546023,-1211.9067235863165,91.61090011061823,-162.60323529148502
17.63763763763764,1615.7998598088689,-1215.162043612172,91.61090011061823,-162.80343549168524
17.65765765765766,1617.6339118631354,-1218.4213716500437,91.61090011061823,-163.00363569188545
17.67767767767768,1619.467963917402,-1221.6847076999313,91.61090011061823,-163.20383589208566
17.6976976976977,1621.3020159716684,-1224.952051761835,91.61090011061823,-163.40403609228588
17.71771771771772,1623.136068025935,-1228.2234038357547,91.61090011061823,-163.6042362924861
17.73773773773774,1624.9701200802015,-1231.4987639216904,91.61090011061823,-163.8044364926863
17.75775775775776,1626.804172134468,-1234.778132019642,91.61090011061823,-164.00463669288652
17.77777777777778,1628.6382241887345,-1238.0615081296098,91.61090011061823,-164.20483689308674
17.7977977977978,1630.472276243001,-1241.3488922515935,91.61090011061823,-164.40503709328695
17.81781781781782,1632.3063282972676,-1244.6402843855933,91.61090011061823,-164.60523729348716
17.83783783783784,1634.140380351534,-1247.935684531609,91.61090011061823,-164.80543749368738
17.85785785785786,1635.9744324058006,-1251.2350926896409,91.61090011061823,-165.0056376938876
17.87787787787788,1637.8084844600671,-1254.5385088596886,91.61090011061823,-165.2058378940878
17.8978978978979,1639.6425365143336,-1257.8459330417525,91.61090011061823,-165.40603809428802
17.91791791791792,1641.4765885686002,-1261.1573652358322,91.61090011061823,-165.60623829448824
17.93793793793794,1643.3106406228667,-1264.4728054419281,91.61090011061823,-165.80643849468845
17.95795795795796,1645.1446926771332,-1267.79225366004,91.61090011061823,-166.00663869488866
17.97797797797798,1646.9787447313997,-1271.1157098901679,91.61090011061823,-166.20683889508888
17.997997997998,1648.8127967856663,-1274.4431741323117,91.61090011061823,-166.4070390952891
18.01801801801802,1650.6468488399328,-1277.7746463864717,91.61090011061823,-166.6072392954893
18.03803803803804,1652.4809008941993,-1281.1101266526475,91.61090011061823,-166.80743949568952
18.05805805805806,1654.3149529484658,-1284.4496149308395,91.61090011061823,-167.00763969588974
18.07807807807808,1656.1490050027323,-1287.7931112210474,91.61090011061823,-167.20783989608995
18.0980980980981,1657.9830570569989,-1291.1406155232714,91.61090011061823,-167.40804009629016
18.11811811811812,1659.8171091112654,-1294.4921278375116,91.61090011061823,-167.60824029649038
18.13813813813814,1661.651161165532,-1297.8476481637676,91.61090011061823,-167.8084404966906
18.15815815815816,1663.4852132197984,-1301.2071765020398,91.61090011061823,-168.0086406968908
18.17817817817818,1665.319265274065,-1304.570712852328,91.61090011061823,-168.20884089709102
18.1981981981982,1667.1533173283315,-1307.9382572146321,91.61090011061823,-168.40904109729124
18.21821821821822,1668.987369382598,-1311.3098095889522,91.61090011061823,-168.60924129749145
18.23823823823824,1670.8214214368645,-1314.6853699752885,91.61090011061823,-168.80944149769167
18.25825825825826,1672.655473491131,-1318.0649383736406,91.61090011061823,-169.00964169789188
18.27827827827828,1674.4895255453976,-1321.448514784009,91.61090011061823,-169.2098418980921
18.2982982982983,1676.323577599664,-1324.836099206393,91.61090011061823,-169.4100420982923
18.31831831831832,1678.1576296539306,-1328.2276916407934,91.61090011061823,-169.61024229849252
18.33833833833834,1679.9916817081971,-1331.6232920872096,91.61090011061823,-169.81044249869274
18.35835835835836,1681.8257337624636,-1335.022900545642,91.61090011061823,-170.01064269889295
18.37837837837838,1683.6597858167302,-1338.4265170160902,91.61090011061823,-170.21084289909317
18.3983983983984,1685.4938378709967,-1341.8341414985546,91.61090011061823,-170.41104309929338
18.41841841841842,1687.3278899252632,-1345.2457739930348,91.61090011061823,-170.6112432994936
18.43843843843844,1689.1619419795297,-1348.6614144995312,91.61090011061823,-170.8114434996938
18.45845845845846,1690.9959940337963,-1352.0810630180436,91.61090011061823,-171.01164369989402
18.47847847847848,1692.8300460880628,-1355.504719548572,91.61090011061823,-171.21184390009424
18.4984984984985,1694.6640981423293,-1358.9323840911163,91.61090011061823,-171.41204410029445
18.51851851851852,1696.4981501965958,-1362.3640566456768,91.61090011061823,-171.61224430049467
18.53853853853854,1698.3322022508623,-1365.7997372122531,91.61090011061823,-171.81244450069488
18.55855855855856,1700.1662543051289,-1369.2394257908456,91.61090011061823,-172.0126447008951
18.57857857857858,1702.0003063593954,-1372.683122381454,91.61090011061823,-172.2128449010953
18.5985985985986,1703.834358413662,-1376.1308269840786,91.61090011061823,-172.41304510129552
18.61861861861862,1705.6684104679284,-1379.5825395987192,91.61090011061823,-172.61324530149574
18.63863863863864,1707.502462522195,-1383.0382602253758,91.61090011061823,-172.81344550169595
18.65865865865866,1709.3365145764615,-1386.4979888640485,91.61090011061823,-173.01364570189617
18.67867867867868,1711.170566630728,-1389.961725514737,91.61090011061823,-173.21384590209638
18.6986986986987,1713.0046186849945,-1393.4294701774418,91.61090011061823,-173.4140461022966
18.71871871871872,1714.838670739261,-1396.9012228521624,91.61090011061823,-173.6142463024968
18.73873873873874,1716.6727227935276,-1400.3769835388991,91.61090011061823,-173.81444650269702
18.75875875875876,1718.506774847794,-1403.8567522376518,91.61090011061823,-174.01464670289724
18.77877877877878,1720.3408269020606,-1407.3405289484206,91.61090011061823,-174.21484690309745
18.7987987987988,1722.1748789563271,-1410.8283136712053,91.61090011061823,-174.41504710329767
18.81881881881882,1724.0089310105936,-1414.320106406006,91.61090011061823,-174.61524730349788
18.83883883883884,1725.8429830648602,-1417.8159071528228,91.61090011061823,-174.8154475036981
18.85885885885886,1727.6770351191267,-1421.3157159116556,91.61090011061823,-175.0156477038983
18.87887887887888,1729.5110871733932,-1424.8195326825044,91.61090011061823,-175.21584790409852
18.8988988988989,1731.3451392276597,-1428.3273574653692,91.61090011061823,-175.41604810429874
18.91891891891892,1733.1791912819263,-1431.83919026025,91.61090011061823,-175.61624830449895
18.93893893893894,1735.0132433361928,-1435.355031067147,91.61090011061823,-175.81644850469917
18.95895895895896,1736.8472953904593,-1438.8748798860597,91.61090011061823,-176.01664870489938
18.97897897897898,1738.6813474447258,-1442.3987367169887,91.61090011061823,-176.2168489050996
18.998998998999,1740.5153994989923,-1445.9266015599335,91.61090011061823,-176.4170491052998
19.01901901901902,1742.3494515532589,-1449.4584744148945,91.61090011061823,-176.61724930550002
19.03903903903904,1744.1835036075254,-1452.9943552818713,91.61090011061823,-176.81744950570024
19.05905905905906,1746.017555661792,-1456.5342441608643,91.61090011061823,-177.01764970590045
19.07907907907908,1747.8516077160584,-1460.0781410518734,91.61090011061823,-177.21784990610067
19.0990990990991,1749.685659770325,-1463.6260459548985,91.61090011061823,-177.41805010630088
19.11911911911912,1751.5197118245915,-1467.1779588699396,91.61090011061823,-177.6182503065011
19.13913913913914,1753.353763878858,-1470.7338797969967,91.61090011061823,-177.8184505067013
19.15915915915916,1755.1878159331245,-1474.2938087360699,91.61090011061823,-178.01865070690152
19.17917917917918,1757.021867987391,-1477.857745687159,91.61090011061823,-178.21885090710174
19.1991991991992,1758.8559200416576,-1481.4256906502642,91.61090011061823,-178.41905110730195
19.21921921921922,1760.689972095924,-1484.9976436253853,91.61090011061823,-178.61925130750217
19.23923923923924,1762.5240241501906,-1488.5736046125226,91.61090011061823,-178.81945150770238
19.25925925925926,1764.3580762044571,-1492.1535736116757,91.61090011061823,-179.0196517079026
19.27927927927928,1766.1921282587236,-1495.737550622845,91.61090011061823,-179.2198519081028
19.2992992992993,1768.0261803129902,-1499.3255356460302,91.61090011061823,-179.42005210830303
19.31931931931932,1769.8602323672567,-1502.9175286812315,91.61090011061823,-179.62025230850324
19.33933933933934,1771.6942844215232,-1506.5135297284487,91.61090011061823,-179.82045250870345
19.35935935935936,1773.5283364757897,-1510.113538787682,91.61090011061823,-180.02065270890367
19.37937937937938,1775.3623885300563,-1513.7175558589313,91.61090011061823,-180.22085290910388
19.3993993993994,1777.1964405843228,-1517.3255809421967,91.61090011061823,-180.4210531093041
19.41941941941942,1779.0304926385893,-1520.937614037478,91.61090011061823,-180.6212533095043
19.43943943943944,1780.8645446928558,-1524.5536551447753,91.61090011061823,-180.82145350970453
19.45945945945946,1782.6985967471223,-1528.1737042640887,91.61090011061823,-181.02165370990474
19.47947947947948,1784.5326488013889,-1531.797761395418,91.61090011061823,-181.22185391010495
19.4994994994995,1786.3667008556554,-1535.4258265387634,91.61090011061823,-181.42205411030517
19.51951951951952,1788.200752909922,-1539.057899694125,91.61090011061823,-181.62225431050538
19.53953953953954,1790.0348049641884,-1542.6939808615025,91.61090011061823,-181.8224545107056
19.55955955955956,1791.868857018455,-1546.334070040896,91.61090011061823,-182.0226547109058
19.57957957957958,1793.7029090727215,-1549.9781672323056,91.61090011061823,-182.22285491110603
19.5995995995996,1795.536961126988,-1553.6262724357312,91.61090011061823,-182.42305511130624
19.61961961961962,1797.3710131812545,-1557.2783856511728,91.61090011061823,-182.62325531150645
19.63963963963964,1799.205065235521,-1560.9345068786304,91.61090011061823,-182.82345551170667
19.65965965965966,1801.0391172897876,-1564.594636118104,91.61090011061823,-183.02365571190688
19.67967967967968,1802.873169344054,-1568.2587733695937,91.61090011061823,-183.2238559121071
19.6996996996997,1804.7072213983206,-1571.9269186330994,91.61090011061823,-183.4240561123073
19.71971971971972,1806.5412734525871,-1575.599071908621,91.61090011061823,-183.62425631250753
19.73973973973974,1808.3753255068536,-1579.2752331961588,91.61090011061823,-183.82445651270774
19.75975975975976,1810.2093775611202,-1582.9554024957124,91.61090011061823,-184.02465671290796
19.77977977977978,1812.0434296153867,-1586.6395798072822,91.61090011061823,-184.22485691310817
19.7997997997998,1813.8774816696532,-1590.3277651308679,91.61090011061823,-184.42505711330838
19.81981981981982,1815.7115337239197,-1594.0199584664697,91.61090011061823,-184.6252573135086
19.83983983983984,1817.5455857781863,-1597.7161598140874,91.61090011061823,-184.8254575137088
19.85985985985986,1819.3796378324528,-1601.4163691737213,91.61090011061823,-185.02565771390903
19.87987987987988,1821.2136898867193,-1605.120586545371,91.61090011061823,-185.22585791410924
19.8998998998999,1823.0477419409858,-1608.8288119290369,91.61090011061823,-185.42605811430946
19.91991991991992,1824.8817939952523,-1612.5410453247187,91.61090011061823,-185.62625831450967
19.93993993993994,1826.7158460495189,-1616.2572867324166,91.61090011061823,-185.82645851470988
19.95995995995996,1828.5498981037854,-1619.9775361521304,91.61090011061823,-186.0266587149101
19.97997997997998,1830.383950158052,-1623.7017935838603,91.61090011061823,-186.2268589151103
20.0,1832.2180022123184,-1627.4300590276061,91.61090011061823,-186.42705911531053
