t,xpos,ypos,vx,vy
0.0,0.0,99.10440553669477,49.60050903767718,41.651920675791416
0.02002002002002002,0.993003183937481,99.9382778224964,49.60050903767718,41.451720475591216
0.04004004004004004,1.986006367874962,100.76814209628202,49.60050903767718,41.251520275391016
0.06006006006006006,2.979009551812443,101.5939983580516,49.60050903767718,41.051320075190816
0.08008008008008008,3.972012735749924,102.41584660780518,49.60050903767718,40.851119874990616
0.10010010010010009,4.965015919687405,103.23368684554273,49.60050903767718,40.650919674790416
0.12012012012012012,5.958019103624886,104.04751907126426,49.60050903767718,40.450719474590215
0.14014014014014015,6.951022287562367,104.85734328496977,49.60050903767718,40.250519274390015
0.16016016016016016,7.944025471499848,105.66315948665927,49.60050903767718,40.050319074189815
0.18018018018018017,8.937028655437329,106.46496767633273,49.60050903767718,39.850118873989615
0.20020020020020018,9.93003183937481,107.26276785399018,49.60050903767718,39.649918673789415
0.22022022022022023,10.92303502331229,108.05656001963162,49.60050903767718,39.449718473589215
0.24024024024024024,11.91603820724977,108.84634417325702,49.60050903767718,39.249518273389015
0.2602602602602603,12.90904139118725,109.63212031486641,49.60050903767718,39.049318073188815
0.2802802802802803,13.90204457512473,110.41388844445979,49.60050903767718,38.849117872988614
0.3003003003003003,14.89504775906221,111.19164856203713,49.60050903767718,38.648917672788414
0.3203203203203203,15.88805094299969,111.96540066759846,49.60050903767718,38.448717472588214
0.3403403403403404,16.881054126937173,112.73514476114377,49.60050903767718,38.248517272388014
0.36036036036036034,17.874057310874655,113.50088084267306,49.60050903767718,38.048317072187814
0.3803803803803804,18.867060494812137,114.26260891218632,49.60050903767718,37.848116871987614
0.40040040040040037,19.86006367874962,115.02032896968358,49.60050903767718,37.647916671787414
0.42042042042042044,20.8530668626871,115.7740410151648,49.60050903767718,37.44771647158721
0.44044044044044045,21.846070046624583,116.52374504863,49.60050903767718,37.24751627138701
0.4604604604604605,22.839073230562065,117.2694410700792,49.60050903767718,37.04731607118681
0.4804804804804805,23.832076414499547,118.01112907951237,49.60050903767718,36.84711587098661
0.5005005005005005,24.82507959843703,118.74880907692952,49.60050903767718,36.64691567078641
0.5205205205205206,25.81808278237451,119.48248106233065,49.60050903767718,36.44671547058621
0.5405405405405406,26.811085966311992,120.21214503571576,49.60050903767718,36.24651527038601
0.5605605605605606,27.804089150249474,120.93780099708485,49.60050903767718,36.04631507018581
0.5805805805805806,28.797092334186956,121.65944894643792,49.60050903767718,35.84611486998561
0.6006006006006006,29.79009551812444,122.37708888377497,49.60050903767718,35.64591466978541
0.6206206206206206,30.78309870206192,123.090720809096,49.60050903767718,35.44571446958521
0.6406406406406406,31.776101885999402,123.80034472240101,49.60050903767718,35.24551426938501
0.6606606606606606,32.769105069936884,124.50596062369,49.60050903767718,35.04531406918481
0.6806806806806808,33.762108253874366,125.20756851296296,49.60050903767718,34.84511386898461
0.7007007007007007,34.75511143781185,125.90516839021991,49.60050903767718,34.64491366878441
0.7207207207207207,35.74811462174933,126.59876025546085,49.60050903767718,34.44471346858421
0.7407407407407407,36.74111780568681,127.28834410868575,49.60050903767718,34.24451326838401
0.7607607607607608,37.734120989624294,127.97391994989464,49.60050903767718,34.04431306818381
0.7807807807807808,38.727124173561776,128.6554877790875,49.60050903767718,33.84411286798361
0.8008008008008007,39.72012735749926,129.33304759626435,49.60050903767718,33.64391266778341
0.8208208208208208,40.71313054143674,130.00659940142518,49.60050903767718,33.44371246758321
0.8408408408408409,41.70613372537422,130.67614319457,49.60050903767718,33.24351226738301
0.8608608608608609,42.699136909311704,131.34167897569878,49.60050903767718,33.04331206718281
0.8808808808808809,43.692140093249186,132.00320674481156,49.60050903767718,32.84311186698261
0.9009009009009008,44.68514327718667,132.6607265019083,49.60050903767718,32.64291166678241
0.920920920920921,45.67814646112415,133.31423824698902,49.60050903767718,32.44271146658221
0.9409409409409409,46.67114964506163,133.96374198005373,49.60050903767718,32.24251126638201
0.960960960960961,47.664152828999114,134.60923770110242,49.60050903767718,32.04231106618181
0.980980980980981,48.657156012936596,135.2507254101351,49.60050903767718,31.84211086598161
1.001001001001001,49.65015919687408,135.88820510715175,49.60050903767718,31.64191066578141
1.021021021021021,50.64316238081156,136.5216767921524,49.60050903767718,31.44171046558121
1.0410410410410411,51.63616556474904,137.151140465137,49.60050903767718,31.24151026538101
1.0610610610610611,52.629168748686524,137.77659612610557,49.60050903767718,31.04131006518081
1.0810810810810811,53.622171932624006,138.39804377505814,49.60050903767718,30.84110986498061
1.1011011011011012,54.61517511656149,139.0154834119947,49.60050903767718,30.64090966478041
1.1211211211211212,55.60817830049897,139.62891503691523,49.60050903767718,30.44070946458021
1.1411411411411412,56.60118148443645,140.23833864981975,49.60050903767718,30.24050926438001
1.1611611611611612,57.594184668373934,140.84375425070823,49.60050903767718,30.04030906417981
1.1811811811811812,58.587187852311416,141.4451618395807,49.60050903767718,29.84010886397961
1.2012012012012012,59.5801910362489,142.04256141643714,49.60050903767718,29.63990866377941
1.2212212212212212,60.57319422018638,142.63595298127757,49.60050903767718,29.43970846357921
1.2412412412412412,61.56619740412386,143.22533653410198,49.60050903767718,29.239508263379008
1.2612612612612613,62.559200588061344,143.81071207491038,49.60050903767718,29.039308063178808
1.2812812812812813,63.552203771998826,144.39207960370274,49.60050903767718,28.839107862978608
1.3013013013013013,64.54520695593631,144.96943912047908,49.60050903767718,28.638907662778408
1.3213213213213213,65.53821013987378,145.5427906252394,49.60050903767718,28.438707462578208
1.3413413413413413,66.53121332381126,146.11213411798371,49.60050903767718,28.238507262378008
1.3613613613613615,67.52421650774873,146.677469598712,49.60050903767718,28.038307062177807
1.3813813813813813,68.51721969168621,147.2387970674243,49.60050903767718,27.838106861977607
1.4014014014014013,69.51022287562368,147.79611652412052,49.60050903767718,27.637906661777407
1.4214214214214214,70.50322605956116,148.34942796880074,49.60050903767718,27.437706461577207
1.4414414414414414,71.49622924349863,148.89873140146494,49.60050903767718,27.237506261377007
1.4614614614614616,72.48923242743611,149.44402682211313,49.60050903767718,27.037306061176807
1.4814814814814814,73.48223561137358,149.9853142307453,49.60050903767718,26.837105860976607
1.5015015015015014,74.47523879531106,150.52259362736146,49.60050903767718,26.636905660776407
1.5215215215215216,75.46824197924853,151.0558650119616,49.60050903767718,26.436705460576206
1.5415415415415414,76.461245163186,151.5851283845457,49.60050903767718,26.236505260376006
1.5615615615615617,77.45424834712348,152.11038374511378,49.60050903767718,26.036305060175806
1.5815815815815815,78.44725153106096,152.63163109366585,49.60050903767718,25.836104859975606
1.6016016016016015,79.44025471499843,153.1488704302019,49.60050903767718,25.635904659775406
1.6216216216216217,80.4332578989359,153.66210175472193,49.60050903767718,25.435704459575206
1.6416416416416415,81.42626108287338,154.17132506722595,49.60050903767718,25.235504259375006
1.6616616616616617,82.41926426681086,154.67654036771393,49.60050903767718,25.035304059174806
1.6816816816816818,83.41226745074833,155.1777476561859,49.60050903767718,24.835103858974605
1.7017017017017015,84.4052706346858,155.67494693264183,49.60050903767718,24.634903658774405
1.7217217217217218,85.39827381862328,156.16813819708176,49.60050903767718,24.434703458574205
1.7417417417417416,86.39127700256076,156.65732144950567,49.60050903767718,24.234503258374005
1.7617617617617618,87.38428018649823,157.14249668991357,49.60050903767718,24.034303058173805
1.7817817817817818,88.3772833704357,157.62366391830543,49.60050903767718,23.834102857973605
1.8018018018018016,89.37028655437318,158.10082313468126,49.60050903767718,23.633902657773405
1.8218218218218218,90.36328973831066,158.5739743390411,49.60050903767718,23.433702457573204
1.841841841841842,91.35629292224813,159.0431175313849,49.60050903767718,23.233502257373004
1.8618618618618619,92.3492961061856,159.5082527117127,49.60050903767718,23.033302057172804
1.8818818818818819,93.34229929012308,159.96937988002446,49.60050903767718,22.833101856972604
1.9019019019019017,94.33530247406055,160.42649903632022,49.60050903767718,22.632901656772404
1.921921921921922,95.32830565799803,160.87961018059994,49.60050903767718,22.432701456572204
1.9419419419419421,96.3213088419355,161.32871331286364,49.60050903767718,22.232501256372004
1.961961961961962,97.31431202587298,161.77380843311133,49.60050903767718,22.032301056171804
1.981981981981982,98.30731520981045,162.214895541343,49.60050903767718,21.832100855971603
2.002002002002002,99.30031839374793,162.65197463755865,49.60050903767718,21.631900655771403
2.022022022022022,100.2933215776854,163.0850457217583,49.60050903767718,21.431700455571203
2.042042042042042,101.28632476162288,163.5141087939419,49.60050903767718,21.231500255371003
2.0620620620620618,102.27932794556035,163.93916385410947,49.60050903767718,21.031300055170803
2.0820820820820822,103.27233112949783,164.36021090226103,49.60050903767718,20.831099854970603
2.1021021021021022,104.2653343134353,164.77724993839658,49.60050903767718,20.630899654770403
2.1221221221221223,105.25833749737278,165.1902809625161,49.60050903767718,20.430699454570203
2.1421421421421423,106.25134068131025,165.59930397461963,49.60050903767718,20.230499254370002
2.1621621621621623,107.24434386524773,166.0043189747071,49.60050903767718,20.030299054169802
2.1821821821821823,108.2373470491852,166.40532596277856,49.60050903767718,19.830098853969602
2.2022022022022023,109.23035023312268,166.802324938834,49.60050903767718,19.629898653769402
2.2222222222222223,110.22335341706015,167.19531590287343,49.60050903767718,19.429698453569202
2.2422422422422423,111.21635660099763,167.58429885489684,49.60050903767718,19.229498253369
2.2622622622622623,112.2093597849351,167.96927379490424,49.60050903767718,19.0292980531688
2.2822822822822824,113.20236296887258,168.35024072289562,49.60050903767718,18.8290978529686
2.3023023023023024,114.19536615281005,168.72719963887096,49.60050903767718,18.6288976527684
2.3223223223223224,115.18836933674753,169.10015054283028,49.60050903767718,18.4286974525682
2.3423423423423424,116.181372520685,169.46909343477358,49.60050903767718,18.228497252368
2.3623623623623624,117.17437570462248,169.83402831470087,49.60050903767718,18.0282970521678
2.3823823823823824,118.16737888855995,170.19495518261215,49.60050903767718,17.8280968519676
2.4024024024024024,119.16038207249743,170.5518740385074,49.60050903767718,17.6278966517674
2.4224224224224224,120.1533852564349,170.90478488238662,49.60050903767718,17.4276964515672
2.4424424424424425,121.14638844037238,171.25368771424982,49.60050903767718,17.227496251367
2.4624624624624625,122.13939162430985,171.598582534097,49.60050903767718,17.0272960511668
2.4824824824824825,123.13239480824733,171.93946934192817,49.60050903767718,16.8270958509666
2.5025025025025025,124.1253979921848,172.27634813774333,49.60050903767718,16.6268956507664
2.5225225225225225,125.11840117612228,172.60921892154246,49.60050903767718,16.4266954505662
2.5425425425425425,126.11140436005975,172.93808169332556,49.60050903767718,16.226495250366
2.5625625625625625,127.10440754399723,173.26293645309264,49.60050903767718,16.0262950501658
2.5825825825825826,128.09741072793472,173.5837832008437,49.60050903767718,15.8260948499656
2.6026026026026026,129.0904139118722,173.90062193657874,49.60050903767718,15.6258946497654
2.6226226226226226,130.08341709580966,174.21345266029778,49.60050903767718,15.4256944495652
2.6426426426426426,131.07642027974714,174.5222753720008,49.60050903767718,15.225494249365
2.6626626626626626,132.06942346368461,174.8270900716878,49.60050903767718,15.025294049164799
2.6826826826826826,133.0624266476221,175.12789675935875,49.60050903767718,14.825093848964599
2.7027027027027026,134.05542983155956,175.4246954350137,49.60050903767718,14.624893648764399
2.722722722722723,135.04843301549704,175.7174860986526,49.60050903767718,14.424693448564199
2.7427427427427427,136.04143619943451,176.00626875027552,49.60050903767718,14.224493248363999
2.7627627627627627,137.034439383372,176.29104338988242,49.60050903767718,14.024293048163798
2.7827827827827827,138.02744256730946,176.5718100174733,49.60050903767718,13.824092847963598
2.8028028028028027,139.02044575124694,176.84856863304813,49.60050903767718,13.623892647763398
2.822822822822823,140.0134489351844,177.12131923660695,49.60050903767718,13.423692447563198
2.8428428428428427,141.0064521191219,177.39006182814975,49.60050903767718,13.223492247362998
2.8628628628628627,141.99945530305936,177.65479640767654,49.60050903767718,13.023292047162798
2.8828828828828827,142.99245848699684,177.91552297518732,49.60050903767718,12.823091846962598
2.9029029029029028,143.9854616709343,178.17224153068207,49.60050903767718,12.622891646762397
2.922922922922923,144.9784648548718,178.42495207416079,49.60050903767718,12.422691446562197
2.942942942942943,145.97146803880926,178.67365460562348,49.60050903767718,12.222491246361997
2.962962962962963,146.96447122274674,178.91834912507016,49.60050903767718,12.022291046161797
2.982982982982983,147.9574744066842,179.15903563250083,49.60050903767718,11.822090845961597
3.003003003003003,148.9504775906217,179.39571412791548,49.60050903767718,11.621890645761397
3.0230230230230233,149.94348077455916,179.62838461131412,49.60050903767718,11.421690445561197
3.0430430430430433,150.93648395849664,179.85704708269674,49.60050903767718,11.221490245360997
3.063063063063063,151.9294871424341,180.0817015420633,49.60050903767718,11.021290045160796
3.083083083083083,152.9224903263716,180.30234798941387,49.60050903767718,10.821089844960596
3.103103103103103,153.91549351030906,180.51898642474842,49.60050903767718,10.620889644760396
3.1231231231231233,154.90849669424654,180.73161684806695,49.60050903767718,10.420689444560196
3.1431431431431434,155.901499878184,180.94023925936946,49.60050903767718,10.220489244359996
3.163163163163163,156.8945030621215,181.14485365865596,49.60050903767718,10.020289044159796
3.183183183183183,157.88750624605896,181.34546004592642,49.60050903767718,9.820088843959596
3.203203203203203,158.88050942999644,181.54205842118085,49.60050903767718,9.619888643759396
3.2232232232232234,159.8735126139339,181.73464878441928,49.60050903767718,9.419688443559195
3.2432432432432434,160.8665157978714,181.9232311356417,49.60050903767718,9.219488243358995
3.263263263263263,161.85951898180886,182.10780547484808,49.60050903767718,9.019288043158795
3.283283283283283,162.85252216574634,182.28837180203845,49.60050903767718,8.819087842958595
3.303303303303303,163.8455253496838,182.4649301172128,49.60050903767718,8.618887642758395
3.3233233233233235,164.8385285336213,182.6374804203711,49.60050903767718,8.418687442558195
3.3433433433433435,165.83153171755876,182.8060227115134,49.60050903767718,8.218487242357995
3.3633633633633635,166.82453490149624,182.9705569906397,49.60050903767718,8.018287042157795
3.383383383383383,167.8175380854337,183.13108325774996,49.60050903767718,7.818086841957594
3.403403403403403,168.81054126937119,183.28760151284422,49.60050903767718,7.617886641757394
3.4234234234234235,169.80354445330866,183.44011175592246,49.60050903767718,7.417686441557194
3.4434434434434436,170.79654763724614,183.58861398698465,49.60050903767718,7.217486241356994
3.4634634634634636,171.7895508211836,183.73310820603083,49.60050903767718,7.017286041156794
3.483483483483483,172.78255400512109,183.873594413061,49.60050903767718,6.817085840956594
3.503503503503503,173.77555718905856,184.01007260807515,49.60050903767718,6.616885640756394
3.5235235235235236,174.76856037299603,184.14254279107328,49.60050903767718,6.4166854405561935
3.5435435435435436,175.7615635569335,184.2710049620554,49.60050903767718,6.216485240355993
3.5635635635635636,176.75456674087098,184.39545912102147,49.60050903767718,6.016285040155793
3.583583583583583,177.74756992480846,184.51590526797153,49.60050903767718,5.816084839955593
3.603603603603603,178.74057310874593,184.63234340290558,49.60050903767718,5.615884639755393
3.6236236236236237,179.7335762926834,184.7447735258236,49.60050903767718,5.415684439555193
3.6436436436436437,180.72657947662088,184.85319563672562,49.60050903767718,5.215484239354993
3.6636636636636637,181.71958266055836,184.9576097356116,49.60050903767718,5.015284039154793
3.683683683683684,182.71258584449583,185.05801582248156,49.60050903767718,4.8150838389545925
3.7037037037037033,183.7055890284333,185.1544138973355,49.60050903767718,4.614883638754392
3.7237237237237237,184.69859221237078,185.24680396017342,49.60050903767718,4.414683438554192
3.7437437437437437,185.69159539630826,185.33518601099533,49.60050903767718,4.214483238353992
3.7637637637637638,186.68459858024573,185.41956004980122,49.60050903767718,4.014283038153792
3.783783783783784,187.6776017641832,185.4999260765911,49.60050903767718,3.814082837953592
3.8038038038038033,188.67060494812068,185.57628409136495,49.60050903767718,3.6138826377533917
3.823823823823824,189.66360813205816,185.64863409412277,49.60050903767718,3.4136824375531916
3.843843843843844,190.65661131599563,185.71697608486457,49.60050903767718,3.2134822373529914
3.863863863863864,191.6496144999331,185.78131006359035,49.60050903767718,3.0132820371527913
3.8838838838838843,192.64261768387058,185.84163603030012,49.60050903767718,2.813081836952591
3.9039039039039034,193.63562086780806,185.89795398499388,49.60050903767718,2.612881636752391
3.923923923923924,194.62862405174553,185.9502639276716,49.60050903767718,2.412681436552191
3.943943943943944,195.621627235683,185.9985658583333,49.60050903767718,2.212481236351991
3.963963963963964,196.61463041962048,186.042859776979,49.60050903767718,2.0122810361517907
3.9839839839839843,197.60763360355796,186.08314568360865,49.60050903767718,1.8120808359515905
4.004004004004004,198.60063678749543,186.1194235782223,49.60050903767718,1.6118806357513904
4.0240240240240235,199.5936399714329,186.15169346081993,49.60050903767718,1.4116804355511903
4.044044044044044,200.58664315537038,186.17995533140154,49.60050903767718,1.2114802353509901
4.064064064064064,201.57964633930786,186.20420918996712,49.60050903767718,1.01128003515079
4.084084084084084,202.57264952324533,186.22445503651667,49.60050903767718,0.8110798349505899
4.104104104104104,203.5656527071828,186.24069287105021,49.60050903767718,0.6108796347503898
4.1241241241241235,204.55865589112028,186.25292269356774,49.60050903767718,0.41067943455018957
4.1441441441441444,205.55165907505776,186.26114450406925,49.60050903767718,0.21047923434998939
4.1641641641641645,206.54466225899523,186.26535830255474,49.60050903767718,0.010279034149789201
4.1841841841841845,207.5376654429327,186.26556408902422,49.60050903767718,-0.18992116605041098
4.2042042042042045,208.53066862687018,186.26176186347766,49.60050903767718,-0.39012136625061117
4.2242242242242245,209.52367181080766,186.25395162591508,49.60050903767718,-0.5903215664508114
4.2442442442442445,210.51667499474513,186.24213337633648,49.60050903767718,-0.7905217666510116
4.2642642642642645,211.5096781786826,186.22630711474187,49.60050903767718,-0.9907219668512117
4.2842842842842845,212.50268136262008,186.20647284113124,49.60050903767718,-1.1909221670514119
4.3043043043043046,213.49568454655756,186.1826305555046,49.60050903767718,-1.391122367251612
4.324324324324325,214.48868773049503,186.15478025786192,49.60050903767718,-1.591322567451812
4.344344344344345,215.4816909144325,186.1229219482032,49.60050903767718,-1.7915227676520122
4.364364364364365,216.47469409836998,186.0870556265285,49.60050903767718,-1.9917229678522124
4.384384384384385,217.46769728230745,186.04718129283776,49.60050903767718,-2.1919231680524125
4.404404404404405,218.46070046624493,186.00329894713101,49.60050903767718,-2.3921233682526126
4.424424424424425,219.4537036501824,185.95540858940825,49.60050903767718,-2.5923235684528128
4.444444444444445,220.44670683411988,185.90351021966944,49.60050903767718,-2.792523768653013
4.464464464464465,221.43971001805735,185.84760383791462,49.60050903767718,-2.992723968853213
4.484484484484485,222.43271320199483,185.78768944414378,49.60050903767718,-3.192924169053413
4.504504504504505,223.4257163859323,185.72376703835693,49.60050903767718,-3.3931243692536133
4.524524524524525,224.41871956986978,185.65583662055406,49.60050903767718,-3.5933245694538134
4.544544544544545,225.41172275380725,185.58389819073517,49.60050903767718,-3.7935247696540135
4.564564564564565,226.40472593774473,185.50795174890027,49.60050903767718,-3.9937249698542137
4.584584584584585,227.3977291216822,185.42799729504932,49.60050903767718,-4.193925170054414
4.604604604604605,228.39073230561968,185.34403482918236,49.60050903767718,-4.394125370254614
4.624624624624625,229.38373548955715,185.2560643512994,49.60050903767718,-4.5943255704548145
4.644644644644645,230.37673867349463,185.1640858614004,49.60050903767718,-4.794525770655015
4.664664664664665,231.3697418574321,185.0680993594854,49.60050903767718,-4.994725970855215
4.684684684684685,232.36274504136958,184.96810484555436,49.60050903767718,-5.194926171055415
4.704704704704705,233.35574822530705,184.8641023196073,49.60050903767718,-5.395126371255615
4.724724724724725,234.34875140924453,184.75609178164422,49.60050903767718,-5.595326571455815
4.744744744744745,235.341754593182,184.64407323166512,49.60050903767718,-5.795526771656015
4.764764764764765,236.33475777711948,184.52804666967,49.60050903767718,-5.995726971856215
4.784784784784785,237.32776096105695,184.40801209565888,49.60050903767718,-6.1959271720564155
4.804804804804805,238.32076414499443,184.28396950963173,49.60050903767718,-6.396127372256616
4.824824824824825,239.3137673289319,184.15591891158854,49.60050903767718,-6.596327572456816
4.844844844844845,240.30677051286938,184.02386030152934,49.60050903767718,-6.796527772657016
4.864864864864865,241.29977369680685,183.88779367945412,49.60050903767718,-6.996727972857216
4.884884884884885,242.29277688074433,183.74771904536289,49.60050903767718,-7.196928173057416
4.904904904904905,243.2857800646818,183.60363639925563,49.60050903767718,-7.397128373257616
4.924924924924925,244.27878324861928,183.45554574113237,49.60050903767718,-7.597328573457816
4.944944944944945,245.27178643255675,183.3034470709931,49.60050903767718,-7.7975287736580166
4.964964964964965,246.26478961649423,183.14734038883776,49.60050903767718,-7.997728973858217
4.984984984984985,247.2577928004317,182.98722569466642,49.60050903767718,-8.197929174058418
5.005005005005005,248.25079598436918,182.82310298847906,49.60050903767718,-8.398129374258618
5.025025025025025,249.24379916830665,182.6549722702757,49.60050903767718,-8.598329574458818
5.045045045045045,250.23680235224413,182.4828335400563,49.60050903767718,-8.798529774659018
5.065065065065065,251.2298055361816,182.3066867978209,49.60050903767718,-8.998729974859218
5.085085085085085,252.22280872011908,182.12653204356945,49.60050903767718,-9.198930175059418
5.105105105105105,253.21581190405655,181.942369277302,49.60050903767718,-9.399130375259618
5.125125125125125,254.20881508799403,181.75419849901851,49.60050903767718,-9.599330575459819
5.145145145145145,255.2018182719315,181.56201970871902,49.60050903767718,-9.799530775660019
5.165165165165165,256.194821455869,181.3658329064035,49.60050903767718,-9.999730975860219
5.185185185185185,257.1878246398065,181.165638092072,49.60050903767718,-10.199931176060419
5.205205205205205,258.180827823744,180.96143526572442,49.60050903767718,-10.40013137626062
5.225225225225225,259.1738310076815,180.75322442736083,49.60050903767718,-10.60033157646082
5.245245245245245,260.166834191619,180.54100557698123,49.60050903767718,-10.80053177666102
5.265265265265265,261.1598373755565,180.32477871458562,49.60050903767718,-11.00073197686122
5.285285285285285,262.152840559494,180.104543840174,49.60050903767718,-11.20093217706142
5.305305305305305,263.1458437434315,179.88030095374634,49.60050903767718,-11.40113237726162
5.325325325325325,264.138846927369,179.65205005530265,49.60050903767718,-11.60133257746182
5.345345345345346,265.1318501113065,179.41979114484295,49.60050903767718,-11.80153277766202
5.365365365365365,266.124853295244,179.18352422236723,49.60050903767718,-12.00173297786222
5.385385385385385,267.1178564791815,178.9432492878755,49.60050903767718,-12.20193317806242
5.405405405405405,268.110859663119,178.69896634136774,49.60050903767718,-12.40213337826262
5.425425425425425,269.1038628470565,178.45067538284397,49.60050903767718,-12.60233357846282
5.445445445445446,270.096866030994,178.19837641230419,49.60050903767718,-12.80253377866302
5.465465465465465,271.0898692149315,177.94206942974836,49.60050903767718,-13.00273397886322
5.485485485485485,272.08287239886903,177.68175443517652,49.60050903767718,-13.202934179063421
5.505505505505505,273.07587558280653,177.41743142858866,49.60050903767718,-13.403134379263621
5.525525525525525,274.06887876674404,177.14910040998478,49.60050903767718,-13.603334579463821
5.545545545545546,275.06188195068154,176.8767613793649,49.60050903767718,-13.803534779664021
5.565565565565565,276.05488513461904,176.600414336729,49.60050903767718,-14.003734979864221
5.585585585585585,277.04788831855655,176.32005928207704,49.60050903767718,-14.203935180064422
5.605605605605605,278.04089150249405,176.03569621540908,49.60050903767718,-14.404135380264622
5.625625625625625,279.03389468643155,175.7473251367251,49.60050903767718,-14.604335580464822
5.645645645645646,280.02689787036905,175.4549460460251,49.60050903767718,-14.804535780665022
5.665665665665665,281.01990105430656,175.1585589433091,49.60050903767718,-15.004735980865222
5.685685685685685,282.01290423824406,174.85816382857706,49.60050903767718,-15.204936181065422
5.7057057057057055,283.00590742218156,174.553760701829,49.60050903767718,-15.405136381265622
5.7257257257257255,283.99891060611907,174.2453495630649,49.60050903767718,-15.605336581465822
5.745745745745746,284.99191379005657,173.9329304122848,49.60050903767718,-15.805536781666023
5.7657657657657655,285.9849169739941,173.6165032494887,49.60050903767718,-16.005736981866225
5.7857857857857855,286.9779201579316,173.29606807467655,49.60050903767718,-16.205937182066425
5.8058058058058055,287.9709233418691,172.9716248878484,49.60050903767718,-16.406137382266625
5.8258258258258255,288.9639265258066,172.64317368900424,49.60050903767718,-16.606337582466825
5.845845845845846,289.9569297097441,172.31071447814404,49.60050903767718,-16.806537782667025
5.865865865865866,290.9499328936816,171.9742472552678,49.60050903767718,-17.006737982867225
5.885885885885886,291.9429360776191,171.63377202037557,49.60050903767718,-17.206938183067425
5.905905905905906,292.9359392615566,171.28928877346732,49.60050903767718,-17.407138383267625
5.925925925925926,293.9289424454941,170.94079751454305,49.60050903767718,-17.607338583467826
5.9459459459459465,294.9219456294316,170.58829824360276,49.60050903767718,-17.807538783668026
5.965965965965966,295.9149488133691,170.23179096064644,49.60050903767718,-18.007738983868226
5.9859859859859865,296.9079519973066,169.8712756656741,49.60050903767718,-18.207939184068426
6.006006006006006,297.9009551812441,169.50675235868573,49.60050903767718,-18.408139384268626
6.026026026026026,298.8939583651816,169.13822103968135,49.60050903767718,-18.608339584468826
6.046046046046047,299.8869615491191,168.76568170866096,49.60050903767718,-18.808539784669026
6.066066066066066,300.8799647330566,168.38913436562456,49.60050903767718,-19.008739984869226
6.086086086086087,301.8729679169941,168.0085790105721,49.60050903767718,-19.208940185069427
6.106106106106106,302.86597110093163,167.62401564350364,49.60050903767718,-19.409140385269627
6.126126126126126,303.85897428486913,167.23544426441916,49.60050903767718,-19.609340585469827
6.146146146146147,304.85197746880664,166.84286487331866,49.60050903767718,-19.809540785670027
6.166166166166166,305.84498065274414,166.44627747020215,49.60050903767718,-20.009740985870227
6.186186186186187,306.83798383668164,166.04568205506962,49.60050903767718,-20.209941186070427
6.206206206206206,307.83098702061915,165.64107862792108,49.60050903767718,-20.410141386270627
6.226226226226226,308.82399020455665,165.2324671887565,49.60050903767718,-20.610341586470827
6.246246246246247,309.81699338849415,164.81984773757588,49.60050903767718,-20.810541786671028
6.266266266266266,310.80999657243166,164.40322027437927,49.60050903767718,-21.010741986871228
6.286286286286287,311.80299975636916,163.98258479916663,49.60050903767718,-21.210942187071428
6.306306306306306,312.79600294030666,163.55794131193798,49.60050903767718,-21.411142387271628
6.326326326326326,313.78900612424417,163.12928981269332,49.60050903767718,-21.611342587471828
6.346346346346347,314.78200930818167,162.6966303014326,49.60050903767718,-21.81154278767203
6.366366366366366,315.7750124921192,162.25996277815588,49.60050903767718,-22.01174298787223
6.386386386386387,316.7680156760567,161.81928724286314,49.60050903767718,-22.21194318807243
6.406406406406406,317.7610188599942,161.37460369555438,49.60050903767718,-22.41214338827263
6.426426426426426,318.7540220439317,160.9259121362296,49.60050903767718,-22.61234358847283
6.446446446446447,319.7470252278692,160.47321256488883,49.60050903767718,-22.81254378867303
6.466466466466466,320.7400284118067,160.016504981532,49.60050903767718,-23.01274398887323
6.486486486486487,321.7330315957442,159.55578938615915,49.60050903767718,-23.21294418907343
6.506506506506506,322.7260347796817,159.0910657787703,49.60050903767718,-23.41314438927363
6.526526526526526,323.7190379636192,158.6223341593654,49.60050903767718,-23.61334458947383
6.546546546546547,324.7120411475567,158.14959452794452,49.60050903767718,-23.81354478967403
6.566566566566566,325.7050443314942,157.6728468845076,49.60050903767718,-24.01374498987423
6.586586586586587,326.6980475154317,157.19209122905468,49.60050903767718,-24.21394519007443
6.606606606606606,327.6910506993692,156.7073275615857,49.60050903767718,-24.41414539027463
6.626626626626627,328.6840538833067,156.21855588210073,49.60050903767718,-24.61434559047483
6.646646646646647,329.6770570672442,155.72577619059973,49.60050903767718,-24.81454579067503
6.666666666666666,330.6700602511817,155.22898848708272,49.60050903767718,-25.01474599087523
6.686686686686687,331.6630634351192,154.7281927715497,49.60050903767718,-25.21494619107543
6.706706706706706,332.65606661905673,154.22338904400064,49.60050903767718,-25.41514639127563
6.726726726726727,333.64906980299423,153.71457730443555,49.60050903767718,-25.61534659147583
6.746746746746747,334.64207298693174,153.20175755285445,49.60050903767718,-25.81554679167603
6.766766766766766,335.63507617086924,152.68492978925732,49.60050903767718,-26.01574699187623
6.786786786786787,336.62807935480674,152.1640940136442,49.60050903767718,-26.21594719207643
6.806806806806806,337.62108253874425,151.63925022601504,49.60050903767718,-26.41614739227663
6.826826826826827,338.61408572268175,151.11039842636987,49.60050903767718,-26.61634759247683
6.846846846846847,339.60708890661925,150.57753861470866,49.60050903767718,-26.81654779267703
6.866866866866866,340.60009209055676,150.04067079103143,49.60050903767718,-27.01674799287723
6.886886886886887,341.59309527449426,149.4997949553382,49.60050903767718,-27.21694819307743
6.906906906906906,342.58609845843176,148.95491110762893,49.60050903767718,-27.417148393277632
6.926926926926927,343.57910164236927,148.40601924790366,49.60050903767718,-27.617348593477832
6.946946946946947,344.57210482630677,147.85311937616237,49.60050903767718,-27.817548793678032
6.966966966966966,345.5651080102443,147.29621149240506,49.60050903767718,-28.017748993878232
6.986986986986987,346.5581111941818,146.73529559663172,49.60050903767718,-28.217949194078432
7.007007007007006,347.5511143781193,146.17037168884235,49.60050903767718,-28.418149394278633
7.027027027027027,348.5441175620568,145.60143976903697,49.60050903767718,-28.618349594478833
7.047047047047047,349.5371207459943,145.02849983721558,49.60050903767718,-28.818549794679033
7.067067067067066,350.5301239299318,144.45155189337817,49.60050903767718,-29.018749994879233
7.087087087087087,351.5231271138693,143.87059593752474,49.60050903767718,-29.218950195079433
7.107107107107106,352.5161302978068,143.28563196965527,49.60050903767718,-29.419150395279633
7.127127127127127,353.5091334817443,142.69665998976978,49.60050903767718,-29.619350595479833
7.147147147147147,354.5021366656818,142.10367999786828,49.60050903767718,-29.819550795680033
7.167167167167166,355.4951398496193,141.50669199395077,49.60050903767718,-30.019750995880234
7.187187187187187,356.4881430335568,140.90569597801723,49.60050903767718,-30.219951196080434
7.207207207207206,357.4811462174943,140.3006919500677,49.60050903767718,-30.420151396280634
7.227227227227227,358.4741494014318,139.6916799101021,49.60050903767718,-30.620351596480834
7.247247247247247,359.4671525853693,139.0786598581205,49.60050903767718,-30.820551796681034
7.267267267267268,360.4601557693068,138.46163179412287,49.60050903767718,-31.020751996881234
7.287287287287287,361.4531589532443,137.84059571810923,49.60050903767718,-31.220952197081434
7.3073073073073065,362.44616213718183,137.21555163007957,49.60050903767718,-31.421152397281634
7.327327327327327,363.43916532111933,136.5864995300339,49.60050903767718,-31.621352597481835
7.347347347347347,364.43216850505684,135.95343941797222,49.60050903767718,-31.821552797682035
7.367367367367368,365.42517168899434,135.3163712938945,49.60050903767718,-32.02175299788224
7.387387387387387,366.41817487293184,134.67529515780075,49.60050903767718,-32.22195319808244
7.4074074074074066,367.41117805686935,134.030211009691,49.60050903767718,-32.42215339828264
7.4274274274274275,368.40418124080685,133.3811188495652,49.60050903767718,-32.62235359848284
7.4474474474474475,369.39718442474435,132.72801867742342,49.60050903767718,-32.82255379868304
7.467467467467468,370.39018760868186,132.07091049326561,49.60050903767718,-33.02275399888324
7.4874874874874875,371.38319079261936,131.40979429709176,49.60050903767718,-33.22295419908344
7.507507507507507,372.37619397655686,130.7446700889019,49.60050903767718,-33.42315439928364
7.5275275275275275,373.36919716049437,130.07553786869602,49.60050903767718,-33.62335459948384
7.5475475475475475,374.36220034443187,129.40239763647412,49.60050903767718,-33.82355479968404
7.567567567567568,375.3552035283694,128.7252493922362,49.60050903767718,-34.02375499988424
7.587587587587588,376.3482067123069,128.04409313598228,49.60050903767718,-34.22395520008444
7.607607607607607,377.3412098962444,127.35892886771232,49.60050903767718,-34.42415540028464
7.627627627627628,378.3342130801819,126.66975658742635,49.60050903767718,-34.62435560048484
7.647647647647648,379.3272162641194,125.97657629512435,49.60050903767718,-34.82455580068504
7.6676676676676685,380.3202194480569,125.27938799080633,49.60050903767718,-35.02475600088524
7.687687687687688,381.3132226319944,124.5781916744723,49.60050903767718,-35.22495620108544
7.707707707707707,382.3062258159319,123.87298734612223,49.60050903767718,-35.42515640128564
7.727727727727728,383.2992289998694,123.16377500575615,49.60050903767718,-35.62535660148584
7.747747747747748,384.2922321838069,122.45055465337406,49.60050903767718,-35.82555680168604
7.767767767767769,385.2852353677444,121.73332628897593,49.60050903767718,-36.02575700188624
7.787787787787788,386.2782385516819,121.01208991256179,49.60050903767718,-36.22595720208644
7.807807807807807,387.2712417356194,120.28684552413164,49.60050903767718,-36.42615740228664
7.827827827827828,388.2642449195569,119.55759312368545,49.60050903767718,-36.62635760248684
7.847847847847848,389.2572481034944,118.82433271122325,49.60050903767718,-36.82655780268704
7.867867867867869,390.2502512874319,118.08706428674503,49.60050903767718,-37.02675800288724
7.887887887887888,391.2432544713694,117.34578785025079,49.60050903767718,-37.22695820308744
7.907907907907909,392.23625765530693,116.60050340174053,49.60050903767718,-37.42715840328764
7.927927927927928,393.22926083924443,115.85121094121425,49.60050903767718,-37.62735860348784
7.947947947947948,394.22226402318194,115.09791046867196,49.60050903767718,-37.82755880368804
7.967967967967969,395.21526720711944,114.34060198411363,49.60050903767718,-38.02775900388824
7.987987987987988,396.20827039105694,113.5792854875393,49.60050903767718,-38.22795920408844
8.008008008008009,397.20127357499445,112.81396097894894,49.60050903767718,-38.42815940428864
8.028028028028029,398.19427675893195,112.04462845834256,49.60050903767718,-38.62835960448884
8.048048048048047,399.18727994286945,111.27128792572016,49.60050903767718,-38.82855980468904
8.068068068068069,400.18028312680696,110.49393938108174,49.60050903767718,-39.02876000488924
8.088088088088089,401.17328631074446,109.7125828244273,49.60050903767718,-39.22896020508944
8.108108108108109,402.16628949468196,108.92721825575684,49.60050903767718,-39.42916040528964
8.128128128128129,403.15929267861947,108.13784567507037,49.60050903767718,-39.62936060548984
8.148148148148147,404.15229586255697,107.34446508236786,49.60050903767718,-39.82956080569004
8.168168168168169,405.1452990464945,106.54707647764934,49.60050903767718,-40.02976100589024
8.188188188188189,406.138302230432,105.7456798609148,49.60050903767718,-40.229961206090444
8.208208208208209,407.1313054143695,104.94027523216424,49.60050903767718,-40.430161406290644
8.228228228228229,408.124308598307,104.13086259139766,49.60050903767718,-40.630361606490844
8.248248248248247,409.1173117822445,103.31744193861506,49.60050903767718,-40.830561806691044
8.268268268268269,410.110314966182,102.50001327381644,49.60050903767718,-41.030762006891244
8.288288288288289,411.1033181501195,101.6785765970018,49.60050903767718,-41.230962207091444
8.308308308308309,412.096321334057,100.85313190817114,49.60050903767718,-41.431162407291644
8.328328328328329,413.0893245179945,100.02367920732446,49.60050903767718,-41.631362607491845
8.348348348348347,414.082327701932,99.19021849446176,49.60050903767718,-41.831562807692045
8.368368368368369,415.0753308858695,98.35274976958304,49.60050903767718,-42.031763007892245
8.388388388388389,416.068334069807,97.51127303268831,49.60050903767718,-42.231963208092445
8.408408408408409,417.0613372537445,96.66578828377754,49.60050903767718,-42.432163408292645
8.428428428428429,418.054340437682,95.81629552285077,49.60050903767718,-42.632363608492845
8.448448448448449,419.0473436216195,94.96279474990797,49.60050903767718,-42.832563808693045
8.468468468468469,420.040346805557,94.10528596494915,49.60050903767718,-43.032764008893245
8.488488488488489,421.0333499894945,93.2437691679743,49.60050903767718,-43.232964209093446
8.508508508508509,422.026353173432,92.37824435898345,49.60050903767718,-43.433164409293646
8.528528528528529,423.01935635736953,91.50871153797657,49.60050903767718,-43.633364609493846
8.548548548548549,424.01235954130703,90.63517070495367,49.60050903767718,-43.833564809694046
8.568568568568569,425.00536272524454,89.75762185991475,49.60050903767718,-44.033765009894246
8.588588588588589,425.99836590918204,88.8760650028598,49.60050903767718,-44.233965210094446
8.608608608608609,426.99136909311954,87.99050013378884,49.60050903767718,-44.434165410294646
8.62862862862863,427.98437227705705,87.10092725270187,49.60050903767718,-44.63436561049485
8.64864864864865,428.97737546099455,86.20734635959886,49.60050903767718,-44.83456581069505
8.66866866866867,429.97037864493205,85.30975745447984,49.60050903767718,-45.03476601089525
8.68868868868869,430.96338182886956,84.4081605373448,49.60050903767718,-45.23496621109545
8.70870870870871,431.95638501280706,83.50255560819375,49.60050903767718,-45.43516641129565
8.72872872872873,432.94938819674456,82.59294266702666,49.60050903767718,-45.63536661149585
8.74874874874875,433.94239138068207,81.67932171384356,49.60050903767718,-45.83556681169605
8.76876876876877,434.93539456461957,80.76169274864445,49.60050903767718,-46.03576701189625
8.78878878878879,435.9283977485571,79.8400557714293,49.60050903767718,-46.23596721209645
8.80880880880881,436.9214009324946,78.91441078219815,49.60050903767718,-46.43616741229665
8.82882882882883,437.9144041164321,77.98475778095097,49.60050903767718,-46.63636761249685
8.84884884884885,438.9074073003696,77.05109676768777,49.60050903767718,-46.83656781269705
8.86886886886887,439.9004104843071,76.11342774240855,49.60050903767718,-47.03676801289725
8.88888888888889,440.8934136682446,75.17175070511331,49.60050903767718,-47.23696821309745
8.90890890890891,441.8864168521821,74.22606565580205,49.60050903767718,-47.43716841329765
8.92892892892893,442.8794200361196,73.27637259447476,49.60050903767718,-47.63736861349785
8.94894894894895,443.8724232200571,72.32267152113147,49.60050903767718,-47.83756881369805
8.96896896896897,444.8654264039946,71.36496243577214,49.60050903767718,-48.03776901389825
8.98898898898899,445.8584295879321,70.4032453383968,49.60050903767718,-48.23796921409845
9.00900900900901,446.8514327718696,69.43752022900544,49.60050903767718,-48.43816941429865
9.02902902902903,447.8444359558071,68.46778710759806,49.60050903767718,-48.63836961449885
9.04904904904905,448.8374391397446,67.49404597417465,49.60050903767718,-48.83856981469905
9.06906906906907,449.8304423236821,66.51629682873524,49.60050903767718,-49.03877001489925
9.08908908908909,450.8234455076196,65.5345396712798,49.60050903767718,-49.23897021509945
9.10910910910911,451.8164486915571,64.54877450180834,49.60050903767718,-49.43917041529965
9.12912912912913,452.80945187549463,63.55900132032086,49.60050903767718,-49.63937061549985
9.14914914914915,453.80245505943213,62.56522012681736,49.60050903767718,-49.83957081570005
9.16916916916917,454.79545824336964,61.56743092129784,49.60050903767718,-50.03977101590025
9.18918918918919,455.78846142730714,60.5656337037623,49.60050903767718,-50.23997121610045
9.20920920920921,456.78146461124464,59.55982847421074,49.60050903767718,-50.44017141630065
9.22922922922923,457.77446779518215,58.55001523264316,49.60050903767718,-50.64037161650085
9.24924924924925,458.76747097911965,57.53619397905956,49.60050903767718,-50.84057181670105
9.26926926926927,459.76047416305715,56.51836471345994,49.60050903767718,-51.04077201690125
9.28928928928929,460.75347734699466,55.4965274358443,49.60050903767718,-51.24097221710145
9.30930930930931,461.74648053093216,54.47068214621264,49.60050903767718,-51.44117241730165
9.32932932932933,462.73948371486966,53.440828844564955,49.60050903767718,-51.64137261750185
9.34934934934935,463.73248689880717,52.406967530901255,49.60050903767718,-51.84157281770205
9.36936936936937,464.72549008274467,51.36909820522153,49.60050903767718,-52.04177301790225
9.38938938938939,465.7184932666822,50.327220867525796,49.60050903767718,-52.24197321810245
9.40940940940941,466.7114964506197,49.281335517814036,49.60050903767718,-52.44217341830265
9.42942942942943,467.7044996345572,48.23144215608625,49.60050903767718,-52.64237361850285
9.44944944944945,468.6975028184947,47.177540782342454,49.60050903767718,-52.84257381870305
9.46946946946947,469.6905060024322,46.11963139658263,49.60050903767718,-53.04277401890325
9.48948948948949,470.6835091863697,45.05771399880679,49.60050903767718,-53.24297421910345
9.50950950950951,471.6765123703072,43.99178858901493,49.60050903767718,-53.44317441930365
9.52952952952953,472.6695155542447,42.92185516720705,49.60050903767718,-53.64337461950385
9.54954954954955,473.6625187381822,41.84791373338315,49.60050903767718,-53.84357481970405
9.56956956956957,474.6555219221197,40.76996428754323,49.60050903767718,-54.04377501990425
9.58958958958959,475.6485251060572,39.68800682968729,49.60050903767718,-54.24397522010445
9.60960960960961,476.6415282899947,38.60204135981533,49.60050903767718,-54.44417542030465
9.62962962962963,477.6345314739322,37.51206787792735,49.60050903767718,-54.64437562050485
9.64964964964965,478.6275346578697,36.41808638402335,49.60050903767718,-54.84457582070505
9.66966966966967,479.6205378418072,35.32009687810333,49.60050903767718,-55.04477602090525
9.68968968968969,480.6135410257447,34.21809936016729,49.60050903767718,-55.24497622110545
9.70970970970971,481.6065442096822,33.11209383021522,49.60050903767718,-55.44517642130565
9.72972972972973,482.59954739361973,32.00208028824714,49.60050903767718,-55.645376621505854
9.74974974974975,483.59255057755723,30.88805873426304,49.60050903767718,-55.845576821706054
9.76976976976977,484.58555376149474,29.77002916826292,49.60050903767718,-56.045777021906254
9.78978978978979,485.57855694543224,28.64799159024678,49.60050903767718,-56.245977222106454
9.80980980980981,486.57156012936974,27.52194600021462,49.60050903767718,-56.446177422306654
9.82982982982983,487.56456331330725,26.391892398166437,49.60050903767718,-56.646377622506854
9.84984984984985,488.55756649724475,25.257830784102236,49.60050903767718,-56.846577822707054
9.86986986986987,489.55056968118225,24.119761158022015,49.60050903767718,-57.046778022907255
9.88988988988989,490.54357286511976,22.977683519925773,49.60050903767718,-57.246978223107455
9.90990990990991,491.53657604905726,21.83159786981351,49.60050903767718,-57.447178423307655
9.92992992992993,492.52957923299476,20.68150420768523,49.60050903767718,-57.647378623507855
9.94994994994995,493.52258241693227,19.52740253354093,49.60050903767718,-57.847578823708055
9.96996996996997,494.51558560086977,18.369292847380606,49.60050903767718,-58.047779023908255
9.98998998998999,495.5085887848073,17.207175149204264,49.60050903767718,-58.247979224108455
10.01001001001001,496.5015919687448,16.041049439011903,49.60050903767718,-58.448179424308655
10.03003003003003,497.4945951526823,14.870915716803522,49.60050903767718,-58.648379624508856
10.05005005005005,498.4875983366198,13.69677398257912,49.60050903767718,-58.848579824709056
10.07007007007007,499.4806015205573,12.518624236338699,49.60050903767718,-59.048780024909256
10.09009009009009,500.4736047044948,11.336466478082258,49.60050903767718,-59.248980225109456
10.11011011011011,501.4666078884323,10.150300707809796,49.60050903767718,-59.449180425309656
10.13013013013013,502.4596110723698,8.960126925521315,49.60050903767718,-59.649380625509856
10.15015015015015,503.4526142563073,7.765945131216814,49.60050903767718,-59.849580825710056
10.17017017017017,504.4456174402448,6.567755324896292,49.60050903767718,-60.04978102591026
10.19019019019019,505.4386206241823,5.3655575065597505,49.60050903767718,-60.24998122611046
10.21021021021021,506.4316238081198,4.159351676207189,49.60050903767718,-60.45018142631066
10.23023023023023,507.4246269920573,2.9491378338386074,49.60050903767718,-60.65038162651086
10.25025025025025,508.4176301759948,1.7349159794540057,49.60050903767718,-60.85058182671106
10.27027027027027,509.4106333599323,0.516686113053384,49.60050903767718,-61.05078202691126
10.29029029029029,510.4036365438698,-0.7055517653632577,49.60050903767718,-61.25098222711146
10.31031031031031,511.3966397278073,-1.9317976557959196,49.60050903767718,-61.45118242731166
10.33033033033033,512.3896429117448,-3.1620515582446016,49.60050903767718,-61.65138262751186
10.35035035035035,513.3826460956823,-4.396313472709304,49.60050903767718,-61.85158282771206
10.37037037037037,514.3756492796198,-5.634583399190026,49.60050903767718,-62.05178302791226
10.39039039039039,515.3686524635573,-6.876861337686768,49.60050903767718,-62.25198322811246
10.41041041041041,516.3616556474948,-8.12314728819953,49.60050903767718,-62.45218342831266
10.43043043043043,517.3546588314323,-9.37344125072831,49.60050903767718,-62.65238362851286
10.45045045045045,518.3476620153698,-10.627743225273113,49.60050903767718,-62.85258382871306
10.47047047047047,519.3406651993073,-11.886053211833936,49.60050903767718,-63.05278402891326
10.49049049049049,520.3336683832448,-13.148371210410778,49.60050903767718,-63.25298422911346
10.51051051051051,521.3266715671823,-14.414697221003639,49.60050903767718,-63.45318442931366
10.53053053053053,522.3196747511198,-15.68503124361252,49.60050903767718,-63.65338462951386
10.55055055055055,523.3126779350573,-16.959373278237422,49.60050903767718,-63.85358482971406
10.57057057057057,524.3056811189948,-18.237723324878345,49.60050903767718,-64.05378502991427
10.59059059059059,525.2986843029323,-19.520081383535288,49.60050903767718,-64.25398523011447
10.61061061061061,526.2916874868698,-20.80644745420825,49.60050903767718,-64.45418543031467
10.63063063063063,527.2846906708073,-22.09682153689723,49.60050903767718,-64.65438563051487
10.65065065065065,528.2776938547448,-23.391203631602234,49.60050903767718,-64.85458583071507
10.67067067067067,529.2706970386823,-24.689593738323257,49.60050903767718,-65.05478603091527
10.690690690690692,530.2637002226198,-25.9919918570603,49.60050903767718,-65.25498623111547
10.71071071071071,531.2567034065573,-27.29839798781336,49.60050903767718,-65.45518643131567
10.73073073073073,532.2497065904948,-28.608812130582443,49.60050903767718,-65.65538663151587
10.75075075075075,533.2427097744323,-29.923234285367545,49.60050903767718,-65.85558683171607
10.77077077077077,534.2357129583698,-31.241664452168667,49.60050903767718,-66.05578703191627
10.790790790790792,535.2287161423073,-32.56410263098581,49.60050903767718,-66.25598723211647
10.81081081081081,536.2217193262449,-33.89054882181897,49.60050903767718,-66.45618743231667
10.83083083083083,537.2147225101824,-35.22100302466815,49.60050903767718,-66.65638763251687
10.85085085085085,538.2077256941199,-36.555465239533355,49.60050903767718,-66.85658783271707
10.87087087087087,539.2007288780574,-37.893935466414575,49.60050903767718,-67.05678803291727
10.890890890890892,540.1937320619949,-39.23641370531182,49.60050903767718,-67.25698823311747
10.91091091091091,541.1867352459324,-40.582899956225084,49.60050903767718,-67.45718843331767
10.93093093093093,542.1797384298699,-41.933394219154366,49.60050903767718,-67.65738863351787
10.95095095095095,543.1727416138074,-43.28789649409967,49.60050903767718,-67.85758883371807
10.97097097097097,544.1657447977449,-44.64640678106099,49.60050903767718,-68.05778903391827
10.990990990990992,545.1587479816824,-46.00892508003833,49.60050903767718,-68.25798923411847
11.01101101101101,546.1517511656199,-47.375451391031696,49.60050903767718,-68.45818943431867
11.03103103103103,547.1447543495574,-48.745985714041076,49.60050903767718,-68.65838963451887
11.05105105105105,548.1377575334949,-50.12052804906648,49.60050903767718,-68.85858983471907
11.07107107107107,549.1307607174324,-51.499078396107905,49.60050903767718,-69.05879003491927
11.091091091091092,550.1237639013699,-52.881636755165346,49.60050903767718,-69.25899023511947
11.11111111111111,551.1167670853074,-54.26820312623881,49.60050903767718,-69.45919043531967
11.13113113113113,552.1097702692449,-55.65877750932829,49.60050903767718,-69.65939063551987
11.15115115115115,553.1027734531824,-57.05335990443379,49.60050903767718,-69.85959083572007
11.17117117117117,554.0957766371199,-58.451950311555315,49.60050903767718,-70.05979103592027
11.191191191191193,555.0887798210574,-59.854548730692855,49.60050903767718,-70.25999123612047
11.21121121121121,556.0817830049949,-61.26115516184642,49.60050903767718,-70.46019143632067
11.23123123123123,557.0747861889324,-62.671769605016,49.60050903767718,-70.66039163652087
11.25125125125125,558.0677893728699,-64.0863920602016,49.60050903767718,-70.86059183672107
11.27127127127127,559.0607925568074,-65.50502252740323,49.60050903767718,-71.06079203692127
11.291291291291293,560.0537957407449,-66.92766100662087,49.60050903767718,-71.26099223712147
11.31131131131131,561.0467989246824,-68.35430749785453,49.60050903767718,-71.46119243732167
11.33133133133133,562.0398021086199,-69.78496200110422,49.60050903767718,-71.66139263752187
11.35135135135135,563.0328052925574,-71.21962451636992,49.60050903767718,-71.86159283772207
11.37137137137137,564.025808476495,-72.65829504365165,49.60050903767718,-72.06179303792227
11.391391391391393,565.0188116604324,-74.1009735829494,49.60050903767718,-72.26199323812247
11.411411411411411,566.01181484437,-75.54766013426315,49.60050903767718,-72.46219343832267
11.431431431431431,567.0048180283075,-76.99835469759293,49.60050903767718,-72.66239363852287
11.451451451451451,567.997821212245,-78.45305727293874,49.60050903767718,-72.86259383872307
11.471471471471471,568.9908243961825,-79.91176786030056,49.60050903767718,-73.06279403892327
11.491491491491493,569.98382758012,-81.3744864596784,49.60050903767718,-73.26299423912347
11.511511511511511,570.9768307640575,-82.84121307107226,49.60050903767718,-73.46319443932367
11.531531531531531,571.969833947995,-84.31194769448214,49.60050903767718,-73.66339463952387
11.551551551551551,572.9628371319325,-85.78669032990804,49.60050903767718,-73.86359483972407
11.571571571571571,573.95584031587,-87.26544097734997,49.60050903767718,-74.06379503992427
11.591591591591593,574.9488434998075,-88.74819963680791,49.60050903767718,-74.26399524012447
11.611611611611611,575.941846683745,-90.23496630828187,49.60050903767718,-74.46419544032467
11.631631631631631,576.9348498676825,-91.72574099177186,49.60050903767718,-74.66439564052487
11.651651651651651,577.92785305162,-93.22052368727786,49.60050903767718,-74.86459584072507
11.671671671671671,578.9208562355575,-94.71931439479988,49.60050903767718,-75.06479604092527
11.691691691691693,579.913859419495,-96.22211311433793,49.60050903767718,-75.26499624112547
11.711711711711711,580.9068626034325,-97.728919845892,49.60050903767718,-75.46519644132567
11.731731731731731,581.89986578737,-99.23973458946207,49.60050903767718,-75.66539664152587
11.751751751751751,582.8928689713075,-100.75455734504818,49.60050903767718,-75.86559684172607
11.771771771771771,583.885872155245,-102.27338811265031,49.60050903767718,-76.06579704192627
11.791791791791793,584.8788753391825,-103.79622689226845,49.60050903767718,-76.26599724212647
11.811811811811811,585.87187852312,-105.32307368390262,49.60050903767718,-76.46619744232667
11.831831831831831,586.8648817070575,-106.8539284875528,49.60050903767718,-76.66639764252687
11.851851851851851,587.857884890995,-108.38879130321901,49.60050903767718,-76.86659784272707
11.871871871871871,588.8508880749325,-109.92766213090123,49.60050903767718,-77.06679804292727
11.891891891891893,589.84389125887,-111.47054097059947,49.60050903767718,-77.26699824312747
11.911911911911911,590.8368944428075,-113.01742782231373,49.60050903767718,-77.46719844332767
11.931931931931931,591.829897626745,-114.56832268604401,49.60050903767718,-77.66739864352787
11.951951951951951,592.8229008106825,-116.12322556179032,49.60050903767718,-77.86759884372808
11.971971971971973,593.81590399462,-117.68213644955264,49.60050903767718,-78.06779904392828
11.991991991991993,594.8089071785575,-119.24505534933098,49.60050903767718,-78.26799924412848
12.012012012012011,595.801910362495,-120.81198226112535,49.60050903767718,-78.46819944432868
12.032032032032031,596.7949135464326,-122.38291718493574,49.60050903767718,-78.66839964452888
12.052052052052051,597.7879167303701,-123.95786012076213,49.60050903767718,-78.86859984472908
12.072072072072073,598.7809199143076,-125.53681106860456,49.60050903767718,-79.06880004492928
12.092092092092093,599.7739230982451,-127.11977002846301,49.60050903767718,-79.26900024512948
12.112112112112111,600.7669262821826,-128.70673700033748,49.60050903767718,-79.46920044532968
12.132132132132131,601.7599294661201,-130.29771198422796,49.60050903767718,-79.66940064552988
12.152152152152151,602.7529326500576,-131.89269498013445,49.60050903767718,-79.86960084573008
12.172172172172173,603.7459358339951,-133.491685988057,49.60050903767718,-80.06980104593028
12.192192192192193,604.7389390179326,-135.09468500799554,49.60050903767718,-80.27000124613048
12.212212212212211,605.7319422018701,-136.7016920399501,49.60050903767718,-80.47020144633068
12.232232232232231,606.7249453858076,-138.31270708392069,49.60050903767718,-80.67040164653088
12.252252252252251,607.7179485697451,-139.92773013990728,49.60050903767718,-80.87060184673108
12.272272272272273,608.7109517536826,-141.5467612079099,49.60050903767718,-81.07080204693128
12.292292292292293,609.7039549376201,-143.16980028792855,49.60050903767718,-81.27100224713148
12.312312312312311,610.6969581215576,-144.79684737996322,49.60050903767718,-81.47120244733168
12.332332332332332,611.6899613054951,-146.4279024840139,49.60050903767718,-81.67140264753188
12.352352352352352,612.6829644894326,-148.06296560008062,49.60050903767718,-81.87160284773208
12.372372372372373,613.6759676733701,-149.70203672816334,49.60050903767718,-82.07180304793228
12.392392392392393,614.6689708573076,-151.34511586826207,49.60050903767718,-82.27200324813248
12.412412412412412,615.6619740412451,-152.99220302037685,49.60050903767718,-82.47220344833268
12.432432432432432,616.6549772251826,-154.64329818450764,49.60050903767718,-82.67240364853288
12.452452452452452,617.6479804091201,-156.29840136065445,49.60050903767718,-82.87260384873308
12.472472472472473,618.6409835930576,-157.95751254881728,49.60050903767718,-83.07280404893328
12.492492492492493,619.6339867769951,-159.62063174899612,49.60050903767718,-83.27300424913348
12.512512512512512,620.6269899609326,-161.28775896119097,49.60050903767718,-83.47320444933368
12.532532532532532,621.6199931448701,-162.95889418540185,49.60050903767718,-83.67340464953388
12.552552552552552,622.6129963288076,-164.63403742162876,49.60050903767718,-83.87360484973408
12.572572572572573,623.6059995127451,-166.3131886698717,49.60050903767718,-84.07380504993428
12.592592592592593,624.5990026966826,-167.99634793013064,49.60050903767718,-84.27400525013448
12.612612612612612,625.5920058806201,-169.6835152024056,49.60050903767718,-84.47420545033468
12.632632632632632,626.5850090645577,-171.37469048669658,49.60050903767718,-84.67440565053488
12.652652652652652,627.5780122484952,-173.06987378300357,49.60050903767718,-84.87460585073508
12.672672672672673,628.5710154324327,-174.7690650913266,49.60050903767718,-85.07480605093528
12.692692692692694,629.5640186163702,-176.47226441166566,49.60050903767718,-85.27500625113548
12.712712712712712,630.5570218003077,-178.17947174402073,49.60050903767718,-85.47520645133568
12.732732732732732,631.5500249842452,-179.89068708839181,49.60050903767718,-85.67540665153588
12.752752752752752,632.5430281681827,-181.6059104447789,49.60050903767718,-85.87560685173608
12.772772772772774,633.5360313521202,-183.32514181318203,49.60050903767718,-86.07580705193628
12.792792792792794,634.5290345360577,-185.0483811936012,49.60050903767718,-86.27600725213648
12.812812812812812,635.5220377199952,-186.77562858603636,49.60050903767718,-86.47620745233668
12.832832832832832,636.5150409039327,-188.50688399048755,49.60050903767718,-86.67640765253688
12.852852852852852,637.5080440878702,-190.24214740695476,49.60050903767718,-86.87660785273708
12.872872872872874,638.5010472718077,-191.98141883543798,49.60050903767718,-87.07680805293728
12.892892892892894,639.4940504557452,-193.72469827593721,49.60050903767718,-87.27700825313748
12.912912912912912,640.4870536396827,-195.47198572845247,49.60050903767718,-87.47720845333768
12.932932932932932,641.4800568236202,-197.22328119298376,49.60050903767718,-87.67740865353788
12.952952952952952,642.4730600075577,-198.97858466953107,49.60050903767718,-87.87760885373808
12.972972972972974,643.4660631914952,-200.7378961580944,49.60050903767718,-88.07780905393828
12.992992992992994,644.4590663754327,-202.50121565867374,49.60050903767718,-88.27800925413848
13.013013013013012,645.4520695593702,-204.2685431712691,49.60050903767718,-88.47820945433868
13.033033033033032,646.4450727433077,-206.03987869588047,49.60050903767718,-88.67840965453888
13.053053053053052,647.4380759272452,-207.8152222325079,49.60050903767718,-88.87860985473908
13.073073073073074,648.4310791111827,-209.59457378115133,49.60050903767718,-89.07881005493928
13.093093093093094,649.4240822951202,-211.37793334181077,49.60050903767718,-89.27901025513948
13.113113113113112,650.4170854790577,-213.16530091448624,49.60050903767718,-89.47921045533968
13.133133133133132,651.4100886629952,-214.95667649917772,49.60050903767718,-89.67941065553988
13.153153153153154,652.4030918469327,-216.7520600958852,49.60050903767718,-89.87961085574008
13.173173173173174,653.3960950308702,-218.55145170460875,49.60050903767718,-90.07981105594028
13.193193193193194,654.3890982148077,-220.3548513253483,49.60050903767718,-90.28001125614048
13.213213213213212,655.3821013987452,-222.16225895810388,49.60050903767718,-90.48021145634068
13.233233233233232,656.3751045826828,-223.97367460287546,49.60050903767718,-90.68041165654088
13.253253253253254,657.3681077666203,-225.78909825966306,49.60050903767718,-90.88061185674108
13.273273273273274,658.3611109505578,-227.60852992846668,49.60050903767718,-91.08081205694128
13.293293293293294,659.3541141344953,-229.4319696092863,49.60050903767718,-91.28101225714148
13.313313313313312,660.3471173184328,-231.259417302122,49.60050903767718,-91.48121245734168
13.333333333333332,661.3401205023703,-233.09087300697368,49.60050903767718,-91.68141265754188
13.353353353353354,662.3331236863078,-234.9263367238414,49.60050903767718,-91.88161285774208
13.373373373373374,663.3261268702453,-236.7658084527251,49.60050903767718,-92.08181305794228
13.393393393393394,664.3191300541828,-238.60928819362485,49.60050903767718,-92.28201325814248
13.413413413413412,665.3121332381203,-240.4567759465406,49.60050903767718,-92.48221345834268
13.433433433433432,666.3051364220578,-242.3082717114724,49.60050903767718,-92.68241365854288
13.453453453453454,667.2981396059953,-244.1637754884202,49.60050903767718,-92.88261385874308
13.473473473473474,668.2911427899328,-246.02328727738404,49.60050903767718,-93.08281405894328
13.493493493493494,669.2841459738703,-247.8868070783639,49.60050903767718,-93.28301425914348
13.513513513513512,670.2771491578078,-249.75433489135975,49.60050903767718,-93.48321445934369
13.533533533533532,671.2701523417453,-251.62587071637162,49.60050903767718,-93.68341465954389
13.553553553553554,672.2631555256828,-253.50141455339954,49.60050903767718,-93.88361485974409
13.573573573573574,673.2561587096203,-255.38096640244348,49.60050903767718,-94.08381505994429
13.593593593593594,674.2491618935578,-257.2645262635034,49.60050903767718,-94.28401526014449
13.613613613613612,675.2421650774953,-259.15209413657936,49.60050903767718,-94.48421546034469
13.633633633633632,676.2351682614328,-261.04367002167135,49.60050903767718,-94.68441566054489
13.653653653653654,677.2281714453703,-262.93925391877934,49.60050903767718,-94.88461586074509
13.673673673673674,678.2211746293078,-264.83884582790336,49.60050903767718,-95.08481606094529
13.693693693693694,679.2141778132453,-266.7424457490434,49.60050903767718,-95.28501626114549
13.713713713713712,680.2071809971828,-268.6500536821994,49.60050903767718,-95.48521646134569
13.733733733733732,681.2001841811203,-270.5616696273715,49.60050903767718,-95.68541666154589
13.753753753753754,682.1931873650578,-272.4772935845596,49.60050903767718,-95.88561686174609
13.773773773773774,683.1861905489953,-274.39692555376377,49.60050903767718,-96.08581706194629
13.793793793793794,684.1791937329328,-276.3205655349839,49.60050903767718,-96.28601726214649
13.813813813813812,685.1721969168703,-278.2482135282201,49.60050903767718,-96.48621746234669
13.833833833833832,686.1652001008079,-280.1798695334723,49.60050903767718,-96.68641766254689
13.853853853853854,687.1582032847454,-282.1155335507405,49.60050903767718,-96.88661786274709
13.873873873873874,688.1512064686829,-284.05520558002473,49.60050903767718,-97.08681806294729
13.893893893893894,689.1442096526204,-285.998885621325,49.60050903767718,-97.28701826314749
13.913913913913913,690.1372128365579,-287.94657367464123,49.60050903767718,-97.48721846334769
13.933933933933933,691.1302160204954,-289.8982697399735,49.60050903767718,-97.68741866354789
13.953953953953954,692.1232192044329,-291.8539738173218,49.60050903767718,-97.88761886374809
13.973973973973974,693.1162223883704,-293.8136859066861,49.60050903767718,-98.08781906394829
13.993993993993994,694.1092255723079,-295.7774060080664,49.60050903767718,-98.28801926414849
14.014014014014013,695.1022287562454,-297.7451341214628,49.60050903767718,-98.48821946434869
14.034034034034033,696.0952319401829,-299.7168702468752,49.60050903767718,-98.68841966454889
14.054054054054054,697.0882351241204,-301.6926143843036,49.60050903767718,-98.88861986474909
14.074074074074074,698.0812383080579,-303.67236653374806,49.60050903767718,-99.08882006494929
14.094094094094094,699.0742414919954,-305.6561266952085,49.60050903767718,-99.28902026514949
14.114114114114113,700.0672446759329,-307.643894868685,49.60050903767718,-99.48922046534969
14.134134134134133,701.0602478598704,-309.63567105417746,49.60050903767718,-99.68942066554989
14.154154154154154,702.0532510438079,-311.63145525168596,49.60050903767718,-99.88962086575009
14.174174174174174,703.0462542277454,-313.6312474612105,49.60050903767718,-100.08982106595029
14.194194194194194,704.0392574116829,-315.635047682751,49.60050903767718,-100.29002126615049
14.214214214214213,705.0322605956204,-317.64285591630755,49.60050903767718,-100.49022146635069
14.234234234234233,706.0252637795579,-319.6546721618801,49.60050903767718,-100.69042166655089
14.254254254254255,707.0182669634954,-321.67049641946875,49.60050903767718,-100.89062186675109
14.274274274274275,708.0112701474329,-323.6903286890734,49.60050903767718,-101.09082206695129
14.294294294294295,709.0042733313704,-325.71416897069406,49.60050903767718,-101.29102226715149
14.314314314314313,709.9972765153079,-327.74201726433074,49.60050903767718,-101.49122246735169
14.334334334334333,710.9902796992454,-329.77387356998344,49.60050903767718,-101.69142266755189
14.354354354354355,711.9832828831829,-331.80973788765215,49.60050903767718,-101.89162286775209
14.374374374374375,712.9762860671204,-333.8496102173369,49.60050903767718,-102.09182306795229
14.394394394394395,713.969289251058,-335.8934905590376,49.60050903767718,-102.29202326815249
14.414414414414413,714.9622924349954,-337.9413789127544,49.60050903767718,-102.49222346835269
14.434434434434436,715.955295618933,-339.99327527848715,49.60050903767718,-102.69242366855289
14.454454454454455,716.9482988028705,-342.04917965623594,49.60050903767718,-102.89262386875309
14.474474474474475,717.941301986808,-344.10909204600074,49.60050903767718,-103.09282406895329
14.494494494494495,718.9343051707455,-346.17301244778156,49.60050903767718,-103.29302426915349
14.514514514514513,719.927308354683,-348.24094086157845,49.60050903767718,-103.49322446935369
14.534534534534536,720.9203115386205,-350.31287728739136,49.60050903767718,-103.69342466955389
14.554554554554555,721.913314722558,-352.3888217252203,49.60050903767718,-103.89362486975409
14.574574574574575,722.9063179064955,-354.4687741750652,49.60050903767718,-104.09382506995429
14.594594594594595,723.899321090433,-356.5527346369262,49.60050903767718,-104.29402527015449
14.614614614614613,724.8923242743705,-358.64070311080314,49.60050903767718,-104.49422547035469
14.634634634634637,725.885327458308,-360.73267959669613,49.60050903767718,-104.69442567055489
14.654654654654655,726.8783306422455,-362.82866409460513,49.60050903767718,-104.89462587075509
14.674674674674675,727.871333826183,-364.92865660453015,49.60050903767718,-105.09482607095529
14.694694694694695,728.8643370101205,-367.0326571264712,49.60050903767718,-105.29502627115549
14.714714714714713,729.857340194058,-369.1406656604282,49.60050903767718,-105.49522647135569
14.734734734734737,730.8503433779955,-371.2526822064013,49.60050903767718,-105.6954266715559
14.754754754754755,731.843346561933,-373.36870676439037,49.60050903767718,-105.8956268717561
14.774774774774775,732.8363497458705,-375.4887393343955,49.60050903767718,-106.0958270719563
14.794794794794795,733.829352929808,-377.6127799164167,49.60050903767718,-106.2960272721565
14.814814814814813,734.8223561137455,-379.74082851045387,49.60050903767718,-106.4962274723567
14.834834834834837,735.815359297683,-381.87288511650706,49.60050903767718,-106.6964276725569
14.854854854854855,736.8083624816205,-384.0089497345763,49.60050903767718,-106.8966278727571
14.874874874874875,737.801365665558,-386.1490223646615,49.60050903767718,-107.0968280729573
14.894894894894895,738.7943688494955,-388.29310300676275,49.60050903767718,-107.2970282731575
14.914914914914913,739.787372033433,-390.44119166088,49.60050903767718,-107.4972284733577
14.934934934934937,740.7803752173705,-392.5932883270133,49.60050903767718,-107.6974286735579
14.954954954954955,741.773378401308,-394.7493930051626,49.60050903767718,-107.8976288737581
14.974974974974975,742.7663815852455,-396.9095056953279,49.60050903767718,-108.0978290739583
14.994994994994995,743.759384769183,-399.0736263975092,49.60050903767718,-108.2980292741585
15.015015015015013,744.7523879531205,-401.2417551117066,49.60050903767718,-108.4982294743587
15.035035035035037,745.745391137058,-403.41389183792,49.60050903767718,-108.6984296745589
15.055055055055055,746.7383943209956,-405.59003657614943,49.60050903767718,-108.8986298747591
15.075075075075075,747.731397504933,-407.77018932639487,49.60050903767718,-109.0988300749593
15.095095095095095,748.7244006888706,-409.9543500886563,49.60050903767718,-109.2990302751595
15.115115115115113,749.7174038728081,-412.1425188629338,49.60050903767718,-109.4992304753597
15.135135135135137,750.7104070567456,-414.3346956492273,49.60050903767718,-109.6994306755599
15.155155155155155,751.7034102406831,-416.5308804475368,49.60050903767718,-109.8996308757601
15.175175175175175,752.6964134246206,-418.7310732578623,49.60050903767718,-110.0998310759603
15.195195195195195,753.6894166085581,-420.93527408020384,49.60050903767718,-110.3000312761605
15.215215215215213,754.6824197924956,-423.1434829145614,49.60050903767718,-110.5002314763607
15.235235235235237,755.6754229764331,-425.35569976093495,49.60050903767718,-110.7004316765609
15.255255255255255,756.6684261603706,-427.57192461932453,49.60050903767718,-110.9006318767611
15.275275275275275,757.6614293443081,-429.7921574897302,49.60050903767718,-111.1008320769613
15.295295295295295,758.6544325282456,-432.01639837215185,49.60050903767718,-111.3010322771615
15.315315315315313,759.6474357121831,-434.24464726658954,49.60050903767718,-111.5012324773617
15.335335335335337,760.6404388961206,-436.47690417304324,49.60050903767718,-111.7014326775619
15.355355355355355,761.6334420800581,-438.71316909151295,49.60050903767718,-111.9016328777621
15.375375375375375,762.6264452639956,-440.9534420219987,49.60050903767718,-112.1018330779623
15.395395395395395,763.6194484479331,-443.19772296450043,49.60050903767718,-112.3020332781625
15.415415415415413,764.6124516318706,-445.4460119190182,49.60050903767718,-112.5022334783627
15.435435435435437,765.6054548158081,-447.69830888555197,49.60050903767718,-112.7024336785629
15.455455455455455,766.5984579997456,-449.95461386410176,49.60050903767718,-112.9026338787631
15.475475475475475,767.5914611836831,-452.21492685466757,49.60050903767718,-113.1028340789633
15.495495495495495,768.5844643676206,-454.4792478572494,49.60050903767718,-113.3030342791635
15.515515515515514,769.5774675515581,-456.7475768718473,49.60050903767718,-113.5032344793637
15.535535535535537,770.5704707354956,-459.0199138984612,49.60050903767718,-113.7034346795639
15.555555555555555,771.5634739194331,-461.2962589370911,49.60050903767718,-113.9036348797641
15.575575575575575,772.5564771033706,-463.57661198773707,49.60050903767718,-114.1038350799643
15.595595595595595,773.5494802873081,-465.860973050399,49.60050903767718,-114.3040352801645
15.615615615615614,774.5424834712456,-468.149342125077,49.60050903767718,-114.5042354803647
15.635635635635637,775.5354866551831,-470.441719211771,49.60050903767718,-114.7044356805649
15.655655655655655,776.5284898391207,-472.738104310481,49.60050903767718,-114.9046358807651
15.675675675675675,777.5214930230582,-475.038497421207,49.60050903767718,-115.1048360809653
15.695695695695695,778.5144962069957,-477.34289854394905,49.60050903767718,-115.3050362811655
15.715715715715717,779.5074993909332,-479.6513076787071,49.60050903767718,-115.5052364813657
15.735735735735737,780.5005025748707,-481.96372482548117,49.60050903767718,-115.7054366815659
15.755755755755755,781.4935057588082,-484.28014998427125,49.60050903767718,-115.9056368817661
15.775775775775776,782.4865089427457,-486.6005831550774,49.60050903767718,-116.1058370819663
15.795795795795796,783.4795121266832,-488.9250243378996,49.60050903767718,-116.3060372821665
15.815815815815817,784.4725153106207,-491.25347353273776,49.60050903767718,-116.5062374823667
15.835835835835837,785.4655184945582,-493.58593073959196,49.60050903767718,-116.7064376825669
15.855855855855856,786.4585216784957,-495.9223959584622,49.60050903767718,-116.9066378827671
15.875875875875876,787.4515248624332,-498.2628691893484,49.60050903767718,-117.1068380829673
15.895895895895896,788.4445280463707,-500.60735043225066,49.60050903767718,-117.3070382831675
15.915915915915917,789.4375312303082,-502.9558396871689,49.60050903767718,-117.5072384833677
15.935935935935937,790.4305344142457,-505.3083369541032,49.60050903767718,-117.7074386835679
15.955955955955956,791.4235375981832,-507.6648422330535,49.60050903767718,-117.9076388837681
15.975975975975976,792.4165407821207,-510.0253555240198,49.60050903767718,-118.1078390839683
15.995995995995996,793.4095439660582,-512.3898768270021,49.60050903767718,-118.3080392841685
16.016016016016017,794.4025471499957,-514.7584061420005,49.60050903767718,-118.5082394843687
16.036036036036037,795.3955503339332,-517.1309434690148,49.60050903767718,-118.7084396845689
16.056056056056057,796.3885535178707,-519.5074888080452,49.60050903767718,-118.9086398847691
16.076076076076077,797.3815567018082,-521.8880421590916,49.60050903767718,-119.1088400849693
16.096096096096094,798.3745598857457,-524.272603522154,49.60050903767718,-119.3090402851695
16.116116116116117,799.3675630696832,-526.6611728972324,49.60050903767718,-119.5092404853697
16.136136136136138,800.3605662536207,-529.0537502843268,49.60050903767718,-119.7094406855699
16.156156156156158,801.3535694375582,-531.4503356834374,49.60050903767718,-119.9096408857701
16.176176176176178,802.3465726214957,-533.850929094564,49.60050903767718,-120.1098410859703
16.196196196196194,803.3395758054332,-536.2555305177066,49.60050903767718,-120.3100412861705
16.216216216216218,804.3325789893707,-538.6641399528652,49.60050903767718,-120.5102414863707
16.236236236236238,805.3255821733082,-541.0767574000398,49.60050903767718,-120.7104416865709
16.256256256256258,806.3185853572458,-543.4933828592305,49.60050903767718,-120.9106418867711
16.276276276276278,807.3115885411833,-545.9140163304371,49.60050903767718,-121.1108420869713
16.296296296296294,808.3045917251208,-548.3386578136598,49.60050903767718,-121.3110422871715
16.316316316316318,809.2975949090583,-550.7673073088985,49.60050903767718,-121.5112424873717
16.336336336336338,810.2905980929958,-553.1999648161532,49.60050903767718,-121.7114426875719
16.356356356356358,811.2836012769333,-555.6366303354239,49.60050903767718,-121.9116428877721
16.376376376376378,812.2766044608708,-558.0773038667106,49.60050903767718,-122.1118430879723
16.396396396396394,813.2696076448083,-560.5219854100134,49.60050903767718,-122.3120432881725
16.416416416416418,814.2626108287458,-562.9706749653321,49.60050903767718,-122.5122434883727
16.436436436436438,815.2556140126833,-565.4233725326669,49.60050903767718,-122.7124436885729
16.456456456456458,816.2486171966208,-567.8800781120177,49.60050903767718,-122.9126438887731
16.476476476476478,817.2416203805583,-570.3407917033845,49.60050903767718,-123.1128440889733
16.496496496496494,818.2346235644958,-572.8055133067674,49.60050903767718,-123.3130442891735
16.516516516516518,819.2276267484333,-575.2742429221662,49.60050903767718,-123.5132444893737
16.536536536536538,820.2206299323708,-577.746980549581,49.60050903767718,-123.7134446895739
16.556556556556558,821.2136331163083,-580.2237261890119,49.60050903767718,-123.9136448897741
16.576576576576578,822.2066363002458,-582.7044798404588,49.60050903767718,-124.1138450899743
16.596596596596594,823.1996394841833,-585.1892415039217,49.60050903767718,-124.3140452901745
16.616616616616618,824.1926426681208,-587.6780111794006,49.60050903767718,-124.5142454903747
16.636636636636638,825.1856458520583,-590.1707888668956,49.60050903767718,-124.7144456905749
16.656656656656658,826.1786490359958,-592.6675745664066,49.60050903767718,-124.9146458907751
16.676676676676678,827.1716522199333,-595.1683682779337,49.60050903767718,-125.1148460909753
16.696696696696694,828.1646554038708,-597.6731700014768,49.60050903767718,-125.3150462911755
16.716716716716718,829.1576585878083,-600.1819797370359,49.60050903767718,-125.5152464913757
16.736736736736738,830.1506617717458,-602.6947974846111,49.60050903767718,-125.7154466915759
16.756756756756758,831.1436649556833,-605.2116232442022,49.60050903767718,-125.9156468917761
16.776776776776778,832.1366681396208,-607.7324570158094,49.60050903767718,-126.1158470919763
16.796796796796794,833.1296713235583,-610.2572987994325,49.60050903767718,-126.3160472921765
16.816816816816818,834.1226745074958,-612.7861485950717,49.60050903767718,-126.5162474923767
16.836836836836838,835.1156776914333,-615.3190064027269,49.60050903767718,-126.7164476925769
16.856856856856858,836.1086808753709,-617.8558722223981,49.60050903767718,-126.9166478927771
16.876876876876878,837.1016840593084,-620.3967460540854,49.60050903767718,-127.1168480929773
16.896896896896898,838.0946872432459,-622.9416278977886,49.60050903767718,-127.3170482931775
16.916916916916918,839.0876904271834,-625.4905177535079,49.60050903767718,-127.5172484933777
16.936936936936938,840.0806936111209,-628.0434156212432,49.60050903767718,-127.71744869357791
16.956956956956958,841.0736967950584,-630.6003215009945,49.60050903767718,-127.91764889377811
16.976976976976978,842.0666999789959,-633.1612353927618,49.60050903767718,-128.11784909397832
16.996996996996998,843.0597031629334,-635.7261572965451,49.60050903767718,-128.31804929417854
17.017017017017018,844.0527063468709,-638.2950872123445,49.60050903767718,-128.51824949437875
17.037037037037038,845.0457095308084,-640.8680251401598,49.60050903767718,-128.71844969457896
17.057057057057058,846.0387127147459,-643.4449710799912,49.60050903767718,-128.91864989477918
17.077077077077078,847.0317158986834,-646.0259250318386,49.60050903767718,-129.1188500949794
17.097097097097098,848.0247190826209,-648.610886995702,49.60050903767718,-129.3190502951796
17.117117117117118,849.0177222665584,-651.1998569715814,49.60050903767718,-129.51925049537982
17.137137137137138,850.0107254504959,-653.7928349594769,49.60050903767718,-129.71945069558004
17.157157157157158,851.0037286344334,-656.3898209593884,49.60050903767718,-129.91965089578025
17.177177177177178,851.9967318183709,-658.990814971316,49.60050903767718,-130.11985109598047
17.197197197197198,852.9897350023084,-661.5958169952596,49.60050903767718,-130.32005129618068
17.217217217217218,853.9827381862459,-664.2048270312192,49.60050903767718,-130.5202514963809
17.237237237237238,854.9757413701834,-666.8178450791949,49.60050903767718,-130.7204516965811
17.25725725725726,855.9687445541209,-669.4348711391865,49.60050903767718,-130.92065189678132
17.27727727727728,856.9617477380584,-672.0559052111942,49.60050903767718,-131.12085209698154
17.2972972972973,857.9547509219959,-674.6809472952178,49.60050903767718,-131.32105229718175
17.31731731731732,858.9477541059334,-677.3099973912575,49.60050903767718,-131.52125249738197
17.33733733733734,859.9407572898709,-679.9430554993132,49.60050903767718,-131.72145269758218
17.35735735735736,860.9337604738084,-682.580121619385,49.60050903767718,-131.9216528977824
17.37737737737738,861.9267636577459,-685.2211957514727,49.60050903767718,-132.1218530979826
17.3973973973974,862.9197668416834,-687.8662778955764,49.60050903767718,-132.32205329818282
17.41741741741742,863.912770025621,-690.5153680516962,49.60050903767718,-132.52225349838304
17.43743743743744,864.9057732095584,-693.168466219832,49.60050903767718,-132.72245369858325
17.45745745745746,865.898776393496,-695.8255723999838,49.60050903767718,-132.92265389878347
17.47747747747748,866.8917795774335,-698.4866865921516,49.60050903767718,-133.12285409898368
17.4974974974975,867.884782761371,-701.1518087963354,49.60050903767718,-133.3230542991839
17.51751751751752,868.8777859453085,-703.8209390125353,49.60050903767718,-133.5232544993841
17.53753753753754,869.870789129246,-706.4940772407512,49.60050903767718,-133.72345469958432
17.55755755755756,870.8637923131835,-709.171223480983,49.60050903767718,-133.92365489978454
17.57757757757758,871.856795497121,-711.8523777332309,49.60050903767718,-134.12385509998475
17.5975975975976,872.8497986810585,-714.5375399974948,49.60050903767718,-134.32405530018497
17.61761761761762,873.842801864996,-717.2267102737748,49.60050903767718,-134.52425550038518
17.63763763763764,874.8358050489335,-719.9198885620708,49.60050903767718,-134.7244557005854
17.65765765765766,875.828808232871,-722.6170748623829,49.60050903767718,-134.9246559007856
17.67767767767768,876.8218114168085,-725.318269174711,49.60050903767718,-135.12485610098582
17.6976976976977,877.814814600746,-728.0234714990551,49.60050903767718,-135.32505630118604
17.71771771771772,878.8078177846835,-730.7326818354152,49.60050903767718,-135.52525650138625
17.73773773773774,879.800820968621,-733.4459001837913,49.60050903767718,-135.72545670158647
17.75775775775776,880.7938241525585,-736.1631265441835,49.60050903767718,-135.92565690178668
17.77777777777778,881.786827336496,-738.8843609165916,49.60050903767718,-136.1258571019869
17.7977977977978,882.7798305204335,-741.6096033010158,49.60050903767718,-136.3260573021871
17.81781781781782,883.772833704371,-744.338853697456,49.60050903767718,-136.52625750238732
17.83783783783784,884.7658368883085,-747.0721121059122,49.60050903767718,-136.72645770258754
17.85785785785786,885.758840072246,-749.8093785263844,49.60050903767718,-136.92665790278775
17.87787787787788,886.7518432561835,-752.5506529588727,49.60050903767718,-137.12685810298797
17.8978978978979,887.744846440121,-755.2959354033769,49.60050903767718,-137.32705830318818
17.91791791791792,888.7378496240585,-758.0452258598972,49.60050903767718,-137.5272585033884
17.93793793793794,889.730852807996,-760.7985243284335,49.60050903767718,-137.7274587035886
17.95795795795796,890.7238559919335,-763.5558308089858,49.60050903767718,-137.92765890378882
17.97797797797798,891.716859175871,-766.3171453015541,49.60050903767718,-138.12785910398904
17.997997997998,892.7098623598085,-769.0824678061384,49.60050903767718,-138.32805930418925
18.01801801801802,893.702865543746,-771.8517983227388,49.60050903767718,-138.52825950438947
18.03803803803804,894.6958687276835,-774.6251368513551,49.60050903767718,-138.72845970458968
18.05805805805806,895.688871911621,-777.4024833919875,49.60050903767718,-138.9286599047899
18.07807807807808,896.6818750955586,-780.1838379446359,49.60050903767718,-139.1288601049901
18.0980980980981,897.674878279496,-782.9692005093003,49.60050903767718,-139.32906030519032
18.11811811811812,898.6678814634336,-785.7585710859809,49.60050903767718,-139.52926050539054
18.13813813813814,899.6608846473711,-788.5519496746774,49.60050903767718,-139.72946070559075
18.15815815815816,900.6538878313086,-791.34933627539,49.60050903767718,-139.92966090579097
18.17817817817818,901.6468910152461,-794.1507308881186,49.60050903767718,-140.12986110599118
18.1981981981982,902.6398941991836,-796.9561335128632,49.60050903767718,-140.3300613061914
18.21821821821822,903.6328973831211,-799.7655441496238,49.60050903767718,-140.5302615063916
18.23823823823824,904.6259005670586,-802.5789627984004,49.60050903767718,-140.73046170659183
18.25825825825826,905.6189037509961,-805.3963894591931,49.60050903767718,-140.93066190679204
18.27827827827828,906.6119069349336,-808.2178241320017,49.60050903767718,-141.13086210699225
18.2982982982983,907.6049101188711,-811.0432668168264,49.60050903767718,-141.33106230719247
18.31831831831832,908.5979133028086,-813.8727175136671,49.60050903767718,-141.53126250739268
18.33833833833834,909.5909164867461,-816.7061762225238,49.60050903767718,-141.7314627075929
18.35835835835836,910.5839196706836,-819.5436429433965,49.60050903767718,-141.9316629077931
18.37837837837838,911.5769228546211,-822.3851176762853,49.60050903767718,-142.13186310799333
18.3983983983984,912.5699260385586,-825.23060042119,49.60050903767718,-142.33206330819354
18.41841841841842,913.5629292224961,-828.0800911781108,49.60050903767718,-142.53226350839375
18.43843843843844,914.5559324064336,-830.9335899470476,49.60050903767718,-142.73246370859397
18.45845845845846,915.5489355903711,-833.7910967280004,49.60050903767718,-142.93266390879418
18.47847847847848,916.5419387743086,-836.6526115209692,49.60050903767718,-143.1328641089944
18.4984984984985,917.5349419582461,-839.5181343259541,49.60050903767718,-143.3330643091946
18.51851851851852,918.5279451421836,-842.3876651429549,49.60050903767718,-143.53326450939483
18.53853853853854,919.5209483261211,-845.2612039719718,49.60050903767718,-143.73346470959504
18.55855855855856,920.5139515100586,-848.1387508130047,49.60050903767718,-143.93366490979525
18.57857857857858,921.5069546939961,-851.0203056660537,49.60050903767718,-144.13386510999547
18.5985985985986,922.4999578779336,-853.9058685311187,49.60050903767718,-144.33406531019568
18.61861861861862,923.4929610618711,-856.7954394081997,49.60050903767718,-144.5342655103959
18.63863863863864,924.4859642458086,-859.6890182972968,49.60050903767718,-144.7344657105961
18.65865865865866,925.4789674297461,-862.5866051984099,49.60050903767718,-144.93466591079633
18.67867867867868,926.4719706136837,-865.488200111539,49.60050903767718,-145.13486611099654
18.6986986986987,927.4649737976212,-868.3938030366841,49.60050903767718,-145.33506631119675
18.71871871871872,928.4579769815587,-871.3034139738452,49.60050903767718,-145.53526651139697
18.73873873873874,929.4509801654962,-874.2170329230223,49.60050903767718,-145.73546671159718
18.75875875875876,930.4439833494337,-877.1346598842155,49.60050903767718,-145.9356669117974
18.77877877877878,931.4369865333712,-880.0562948574246,49.60050903767718,-146.1358671119976
18.7987987987988,932.4299897173087,-882.9819378426498,49.60050903767718,-146.33606731219783
18.81881881881882,933.4229929012462,-885.911588839891,49.60050903767718,-146.53626751239804
18.83883883883884,934.4159960851837,-888.8452478491482,49.60050903767718,-146.73646771259826
18.85885885885886,935.4089992691212,-891.7829148704215,49.60050903767718,-146.93666791279847
18.87887887887888,936.4020024530587,-894.7245899037107,49.60050903767718,-147.13686811299868
18.8988988988989,937.3950056369962,-897.670272949016,49.60050903767718,-147.3370683131989
18.91891891891892,938.3880088209337,-900.6199640063372,49.60050903767718,-147.5372685133991
18.93893893893894,939.3810120048712,-903.5736630756745,49.60050903767718,-147.73746871359933
18.95895895895896,940.3740151888087,-906.5313701570278,49.60050903767718,-147.93766891379954
18.97897897897898,941.3670183727462,-909.4930852503971,49.60050903767718,-148.13786911399976
18.998998998999,942.3600215566837,-912.4588083557825,49.60050903767718,-148.33806931419997
19.01901901901902,943.3530247406212,-915.4285394731838,49.60050903767718,-148.53826951440018
19.03903903903904,944.3460279245587,-918.4022786026012,49.60050903767718,-148.7384697146004
19.05905905905906,945.3390311084962,-921.3800257440347,49.60050903767718,-148.9386699148006
19.07907907907908,946.3320342924337,-924.3617808974842,49.60050903767718,-149.13887011500083
19.0990990990991,947.3250374763712,-927.3475440629497,49.60050903767718,-149.33907031520104
19.11911911911912,948.3180406603087,-930.3373152404313,49.60050903767718,-149.53927051540126
19.13913913913914,949.3110438442462,-933.3310944299288,49.60050903767718,-149.73947071560147
19.15915915915916,950.3040470281837,-936.3288816314424,49.60050903767718,-149.93967091580168
19.17917917917918,951.2970502121212,-939.330676844972,49.60050903767718,-150.1398711160019
19.1991991991992,952.2900533960587,-942.3364800705176,49.60050903767718,-150.3400713162021
19.21921921921922,953.2830565799962,-945.3462913080792,49.60050903767718,-150.54027151640233
19.23923923923924,954.2760597639337,-948.3601105576569,49.60050903767718,-150.74047171660254
19.25925925925926,955.2690629478712,-951.3779378192505,49.60050903767718,-150.94067191680276
19.27927927927928,956.2620661318088,-954.3997730928602,49.60050903767718,-151.14087211700297
19.2992992992993,957.2550693157463,-957.4256163784859,49.60050903767718,-151.34107231720319
19.31931931931932,958.2480724996838,-960.4554676761276,49.60050903767718,-151.5412725174034
19.33933933933934,959.2410756836213,-963.4893269857853,49.60050903767718,-151.7414727176036
19.35935935935936,960.2340788675588,-966.527194307459,49.60050903767718,-151.94167291780383
19.37937937937938,961.2270820514963,-969.5690696411488,49.60050903767718,-152.14187311800404
19.3993993993994,962.2200852354338,-972.6149529868545,49.60050903767718,-152.34207331820426
19.41941941941942,963.2130884193713,-975.6648443445763,49.60050903767718,-152.54227351840447
19.43943943943944,964.2060916033088,-978.7187437143141,49.60050903767718,-152.74247371860469
19.45945945945946,965.1990947872463,-981.7766510960679,49.60050903767718,-152.9426739188049
19.47947947947948,966.1920979711838,-984.8385664898377,49.60050903767718,-153.1428741190051
19.4994994994995,967.1851011551213,-987.9044898956236,49.60050903767718,-153.34307431920533
19.51951951951952,968.1781043390588,-990.9744213134254,49.60050903767718,-153.54327451940554
19.53953953953954,969.1711075229963,-994.0483607432434,49.60050903767718,-153.74347471960576
19.55955955955956,970.1641107069338,-997.1263081850774,49.60050903767718,-153.94367491980597
19.57957957957958,971.1571138908713,-1000.2082636389274,49.60050903767718,-154.1438751200062
19.5995995995996,972.1501170748088,-1003.2942271047934,49.60050903767718,-154.3440753202064
19.61961961961962,973.1431202587463,-1006.3841985826755,49.60050903767718,-154.54427552040661
19.63963963963964,974.1361234426838,-1009.4781780725735,49.60050903767718,-154.74447572060683
19.65965965965966,975.1291266266213,-1012.5761655744876,49.60050903767718,-154.94467592080704
19.67967967967968,976.1221298105588,-1015.6781610884177,49.60050903767718,-155.14487612100726
19.6996996996997,977.1151329944963,-1018.7841646143638,49.60050903767718,-155.34507632120747
19.71971971971972,978.1081361784338,-1021.8941761523259,49.60050903767718,-155.5452765214077
19.73973973973974,979.1011393623713,-1025.008195702304,49.60050903767718,-155.7454767216079
19.75975975975976,980.0941425463088,-1028.126223264298,49.60050903767718,-155.94567692180811
19.77977977977978,981.0871457302463,-1031.2482588383082,49.60050903767718,-156.14587712200833
19.7997997997998,982.0801489141838,-1034.3743024243345,49.60050903767718,-156.34607732220854
19.81981981981982,983.0731520981213,-1037.5043540223767,49.60050903767718,-156.54627752240876
19.83983983983984,984.0661552820588,-1040.638413632435,49.60050903767718,-156.74647772260897
19.85985985985986,985.0591584659963,-1043.7764812545092,49.60050903767718,-156.9466779228092
19.87987987987988,986.0521616499339,-1046.9185568885996,49.60050903767718,-157.1468781230094
19.8998998998999,987.0451648338714,-1050.0646405347059,49.60050903767718,-157.34707832320962
19.91991991991992,988.0381680178089,-1053.2147321928283,49.60050903767718,-157.54727852340983
19.93993993993994,989.0311712017464,-1056.3688318629665,49.60050903767718,-157.74747872361004
19.95995995995996,990.0241743856839,-1059.526939545121,49.60050903767718,-157.94767892381026
19.97997997997998,991.0171775696214,-1062.6890552392913,49.60050903767718,-158.14787912401047
20.0,992.0101807535589,-1065.8551789454777,49.60050903767718,-158.3480793242107
